  -112.4871       31.64410      1.9286162E+07
  -107.2752       30.04550       2917228.    
  -77.20580       21.38140       96368.00    
  -88.53550       18.51510       1778041.    
  -88.56610       18.41660       529638.9    
  -94.52780       17.97760       5956402.    
  -92.50030       15.13390       876020.4    
  -82.36360       22.86160       95397.58    
  -99.38710       37.30610       1606280.    
  -69.17910       18.57940       3498394.    
  -88.72670       18.41880       477638.0    
  -88.47800       18.11950       414081.3    
  -109.6423       30.50830      1.2683108E+07
  -88.88910       18.02640       1322179.    
  -88.90920       18.02670       1067415.    
  -88.64040       16.38060       1983953.    
  -78.51900       21.97530       514518.4    
  -76.89520       20.29270       1046249.    
  -88.48630       15.21880       1386460.    
  -92.57330       16.20030       1953664.    
  -92.47220       15.05640       569120.4    
  -78.59740       21.95520       147799.1    
  -87.83280       15.38510       2549308.    
  -87.81320       15.38490       5730847.    
  -106.1671       29.92500       3281046.    
  -98.61980       18.51780       1974938.    
  -110.8616       33.42080       4325096.    
  -110.9444       29.35480       1678900.    
  -93.11510       17.83420       146455.5    
  -81.91280       22.71350       1580018.    
  -98.49470       18.55480       115999.9    
  -88.00040       15.27130       352627.7    
  -88.01350       15.44480       3639266.    
  -87.99390       15.44460       155413.0    
  -87.98080       15.27110       2567304.    
  -82.76470       22.84460       87783.70    
  -87.88430       15.28940       2216802.    
  -92.35350       16.23590       177956.1    
  -87.87050       15.36620       985441.9    
  -78.51960       21.99570       130275.9    
  -71.29330       18.15610       585957.1    
  -92.49610       16.23800       425637.1    
  -87.86470       15.28920       1578122.    
  -92.45960       16.27640       795602.7    
  -87.91910       15.23200       1436587.    
  -92.32460       16.15770       982835.1    
  -78.49990       21.99560       142349.9    
  -70.34600       18.92870       5076142.    
  -83.16390       42.30190       374929.0    
  -87.93580       15.19370       1090093.    
  -84.05620       14.98640       1030262.    
  -70.36530       18.92860       848762.1    
  -78.31200       21.62840       116223.8    
  -71.36760       18.25410       1249037.    
  -101.8407       31.47060       3632963.    
  -98.59420       18.49730       2998148.    
  -98.53790       18.67550       1447747.    
  -97.96470       31.10830       886952.4    
  -101.9660       20.45550       743378.4    
  -93.18470       17.89460       169969.0    
  -98.11340       27.91820       779155.9    
  -93.72340       16.06240       1649459.    
  -81.93290       22.71360       414733.2    
  -78.35510       21.04120       177358.9    
  -77.28250       20.19350       842130.1    
  -99.94530       31.34640       2634711.    
  -71.63380       19.18090       964934.2    
  -99.09820       18.84820       144216.1    
  -98.95390       18.78490       1301439.    
  -92.52260       15.15350       351134.8    
  -79.03150       21.93680       282908.4    
  -82.36090       22.82030       245883.9    
  -97.48340       28.65420       800478.6    
  -79.05130       21.93690       403984.2    
  -92.51070       15.03760       286192.8    
  -99.99500       30.28410       969145.1    
  -97.26890       28.55770       463999.5    
  -111.6198       28.84270       1283178.    
  -97.27480       28.58030       3533234.    
  -82.41590       22.73840       3888380.    
  -82.39580       22.73820       522746.0    
  -77.95760       20.79770       159443.8    
  -77.01060       20.21280       147127.3    
  -69.33310       18.59820       9068634.    
  -107.4924       29.09660       4678178.    
  -82.39710       22.75880       1478453.    
  -72.27590       18.94130       188406.5    
  -82.41720       22.75900       1623772.    
  -78.19730       21.00020       1005718.    
  -76.23830       20.73330       5114358.    
  -71.92370       19.17990       201096.3    
  -100.1879       32.13070       982425.6    
  -77.86030       20.81760       152277.8    
  -77.88860       21.20120       153397.5    
  -76.25780       20.73340       264067.7    
  -71.55600       19.20100       4329214.    
  -99.38060       31.60460       1659483.    
  -95.48720       30.95340       639472.9    
  -96.36620       29.79000       310614.5    
  -95.73840       28.80000       8740891.    
  -81.16960       22.66640       2096036.    
  -99.72380       30.59570       5997293.    
  -96.81130       29.05840       172283.0    
  -97.36710       26.07940       596794.8    
  -97.36190       26.05770       3143470.    
  -78.75420       21.91510       142424.6    
  -99.74890       30.59670       787528.1    
  -81.19960       22.85190       3235882.    
  -72.34510       19.35720       120030.8    
  -72.19920       18.92170       168849.2    
  -71.24930       18.37250       1553807.    
  -98.47900       17.95790       1306014.    
  -100.8078       34.91420       4383157.    
  -93.70290       15.88720       6188115.    
  -96.03590       31.73980       124509.5    
  -96.39010       29.79070       618068.9    
  -81.20070       22.87250       678596.1    
  -78.18910       21.44520       681585.9    
  -78.18860       21.42500       1006633.    
  -78.16890       21.42490       1028244.    
  -97.14800       36.26090       163026.9    
  -96.04470       28.72000       303859.2    
  -81.18060       22.87240       582910.6    
  -99.35890       38.29890       1650009.    
  -101.2180       32.50560       3750227.    
  -81.20180       22.89320       7787394.    
  -78.63140       21.77200       118985.7    
  -78.16940       21.44520       5825796.    
  -98.61480       32.16280       4467448.    
  -95.76190       28.80080       3307881.    
  -97.88210       26.20320       1543555.    
  -81.22960       22.66690       5942772.    
  -76.97420       20.37300      1.3323612E+07
  -78.17190       18.27220       168849.2    
  -101.1918       32.50450      2.4243992E+07
  -96.03910       28.69740       322598.7    
  -78.23590       21.72970       2530516.    
  -78.48810       21.58850       4357124.    
  -78.36830       21.52710       1601456.    
  -78.18810       21.40470       1543603.    
  -91.99500       29.84250       946850.1    
  -95.75630       28.77820       768026.2    
  -95.73290       28.77750      1.8873298E+07
  -78.23650       21.75010       334115.5    
  -92.23600       29.57710       2166942.    
  -80.93500       22.37730       123613.8    
  -78.36880       21.54740       3243990.    
  -78.20820       21.42500       236478.5    
  -78.19580       20.93970       1686514.    
  -71.53820       19.14160       918291.0    
  -78.13390       18.29180       741326.5    
  -98.49420       27.40090       766700.1    
  -97.38510       26.05840       4672665.    
  -80.99290       22.72680       384196.2    
  -80.97290       22.72670       441113.1    
  -78.65170       21.79250       1324234.    
  -86.19450       15.63870       1212539.    
  -96.18870       29.10590       636322.7    
  -97.43570       28.11780       352478.4    
  -78.65110       21.77210       325605.8    
  -77.64820       20.95800       1085091.    
  -77.64780       20.93790       3743765.    
  -98.04650       30.64870       968397.1    
  -96.12190       29.57780       248795.1    
  -97.39030       26.08010       2607655.    
  -77.06240       21.01700       1068910.    
  -93.83910       31.64500       1055857.    
  -99.55010       28.52370       2081460.    
  -78.43820       21.91380       127196.8    
  -78.10490       21.22210       120030.8    
  -96.16360       29.46600       378455.2    
  -97.37400       29.30230       126748.9    
  -77.06270       21.03720       214084.7    
  -96.12780       29.60070       140185.2    
  -80.71410       22.74540       106594.5    
  -78.35760       21.85230       7862684.    
  -96.18590       30.53830       1066838.    
  -96.70470       28.83040       1911648.    
  -96.68100       28.82960       352030.5    
  -72.24960       19.29790       1005747.    
  -71.63480       19.14120       1593891.    
  -92.07550       36.20310       1695323.    
  -100.2798       27.30750       4286222.    
  -97.74770       26.50260       419211.9    
  -97.72430       26.50190       2526390.    
  -97.74220       26.48070       2629519.    
  -97.71880       26.48000      1.0772452E+07
  -81.20960       22.66670       3817467.    
  -78.35810       21.87270       345140.2    
  -78.77010       21.79300       161334.9    
  -72.01810       19.27880       236926.4    
  -77.37940       20.17370       863776.6    
  -71.65410       19.14110       1855239.    
  -71.65460       19.12130       1504248.    
  -85.19640       15.12960       377488.1    
  -96.80590       28.67690       3397968.    
  -77.01810       20.69450       1743785.    
  -93.90450       16.20150       2260837.    
  -96.78220       28.67610       386069.1    
  -78.20250       21.20230       196057.8    
  -76.91370       20.23270       226849.2    
  -77.45560       20.09390       171984.4    
  -94.55170       29.75580       683924.4    
  -80.58860       22.21110       367258.3    
  -111.0721       43.82520       272308.6    
  -94.54630       29.73290       201544.2    
  -96.24280       28.95030       292910.9    
  -80.56870       22.21100       1273059.    
  -76.88070       20.63390       104653.7    
  -102.8904       39.54850       5635100.    
  -99.35050       32.71380       4401966.    
  -92.60340       30.33750       100324.2    
  -81.08420       22.56300       1395306.    
  -78.59560       21.89410       284849.1    
  -78.57590       21.89400       342028.0    
  -77.78250       20.83750       133870.2    
  -87.90240       15.27030       1984153.    
  -87.90100       15.25100       363675.3    
  -99.34230       32.68960       3836416.    
  -91.81360       30.17900       155860.8    
  -94.65940       29.62300       177060.3    
  -100.3924       32.70890       1997890.    
  -96.58050       28.80400       8699104.    
  -80.38700       22.14850       105698.7    
  -77.64570       20.83710       364959.2    
  -71.44050       19.18150       311273.8    
  -99.73810       19.40520       1707287.    
  -96.77570       32.11810       1856988.    
  -101.7801       31.65550       6105514.    
  -93.49520       30.79920       1328666.    
  -96.81730       29.08110       279698.6    
  -80.33290       22.27080       101891.8    
  -78.63570       21.91460       106146.6    
  -77.67820       21.44350       231551.9    
  -77.66780       20.95810       487289.1    
  -77.62860       20.95800       764623.6    
  -77.66520       20.83710       374573.7    
  -76.91760       20.49330       247138.0    
  -71.94210       19.21950       1085916.    
  -117.7883       36.71770       2629101.    
  -96.16220       28.72360       880981.6    
  -71.20930       18.43170       5200784.    
  -98.74100       34.47940       1883067.    
  -96.87730       28.58980       184524.9    
  -77.70300       20.77680       174671.6    
  -77.01850       20.71460       133339.1    
  -76.89810       20.49330       6238093.    
  -96.06260       28.69820       1347198.    
  -78.59620       21.91440       150550.3    
  -78.26350       21.28340       480123.1    
  -78.24380       21.28340       732911.5    
  -77.82160       20.83760       1576833.    
  -92.05060       36.20230       2126276.    
  -97.32710       33.04120       3293968.    
  -78.41970       21.95450       148247.0    
  -77.64610       20.85720       352478.4    
  -88.76390       18.18240       884015.5    
  -110.2533       45.59370       5218225.    
  -78.04260       21.08040       102563.6    
  -78.02300       21.08040       936777.4    
  -97.39810       32.06990       1134017.    
  -96.44360       30.86960       504018.0    
  -93.26180       30.49350       498823.5    
  -110.6815       47.31590      1.6380562E+07
  -110.6413       47.31270       8856730.    
  -97.08780       29.99610       1894886.    
  -80.65210       22.70380       141528.8    
  -77.85500       21.44410       2417091.    
  -78.24440       21.30360      1.0240831E+07
  -77.80210       20.83750       9032287.    
  -94.54810       16.71960       471860.2    
  -96.83400       36.40060       2115567.    
  -99.36790       32.69070       4130124.    
  -97.09420       30.01920       498038.1    
  -79.42850       21.97950       105698.7    
  -78.75230       21.85400       161981.8    
  -78.53460       21.83270       214868.5    
  -77.77640       21.44380       145111.8    
  -88.60240       18.37760       167729.6    
  -100.0875       33.85180       1559637.    
  -91.84880       29.90680       5947315.    
  -96.61000       28.82740       407980.6    
  -77.87420       21.42390       1559268.    
  -94.62280       37.10830       4652446.    
  -108.2334       30.57670       5747752.    
  -106.9207       28.16950       5418256.    
  -80.65310       22.72440       116447.8    
  -78.40040       21.26370       3394831.    
  -78.33610       21.06130       127196.8    
  -76.97450       20.39310       6179029.    
  -101.3312       32.46290       4187666.    
  -92.23200       29.66750       2362466.    
  -78.51480       21.83260       153845.4    
  -94.36340       34.63280       792588.9    
  -108.2444       30.60050       6474680.    
  -108.2048       30.57530       6921437.    
  -96.58630       28.82660       2139977.    
  -78.71160       21.81310       127644.7    
  -89.08330       34.30380       156695.5    
  -107.0570       28.24280       2967392.    
  -77.32120       17.85790       1526826.    
  -92.99770       30.55480       6533413.    
  -92.77460       30.06830       199528.8    
  -95.78280       29.99870       151382.1    
  -97.01390       29.11000       134810.7    
  -96.93020       28.79280       209740.3    
  -78.22420       21.28330       457281.4    
  -93.72110       16.04290       115462.4    
  -100.7648       32.39140       1273946.    
  -107.3901       30.12000      2.6711972E+07
  -107.3797       30.09650       4754707.    
  -106.8854       28.34730       1573242.    
  -90.48960       29.78190       1668164.    
  -96.60420       28.80480      1.0876907E+07
  -84.56590       15.20130       695293.8    
  -110.6011       47.30950      1.1831086E+07
  -99.81660       34.45110       1620658.    
  -78.69180       21.81300       546019.6    
  -84.41310       14.85490       1326897.    
  -110.5610       47.30630      1.1312471E+07
  -101.9414       32.15720       2688898.    
  -76.99370       20.37310       393683.0    
  -95.85560       31.52320       194826.1    
  -88.01770       14.71440       560454.3    
  -80.33480       22.31180       102563.6    
  -77.94240       21.81010       2589740.    
  -110.6325       47.34460       7333463.    
  -92.77960       30.09120       264694.7    
  -90.81400       29.47320       1727564.    
  -107.1767       28.40520       4089063.    
  -99.05740       18.86730       2109475.    
  -99.80790       16.99820       970764.9    
  -95.71380       35.07630       1017408.    
  -96.77110       28.54170       2255076.    
  -105.7875       26.92330       1514160.    
  -77.73260       21.24110       772530.6    
  -84.56490       15.18210       623854.8    
  -78.40090       21.28400       2762390.    
  -78.38130       21.28390       122942.0    
  -92.75780       15.27270       1257945.    
  -114.3577       41.74030       6195424.    
  -99.21600       33.50020       1455858.    
  -100.4184       32.71000       1160253.    
  -101.2269       32.52980      3.2715530E+07
  -108.2224       30.55300      1.8055236E+07
  -72.34550       19.33730       122718.0    
  -88.89910       30.56540       2100626.    
  -72.36480       19.33730       113312.6    
  -110.6278       43.97180       3505546.    
  -114.4412       42.00360       1378894.    
  -101.7799       31.37450       1441876.    
  -97.61410       36.33090       2343828.    
  -101.2007       32.52870       5440364.    
  -77.24140       21.17910       577211.5    
  -88.65060       18.04300       948943.4    
  -97.98840       31.66880       1115068.    
  -96.28690       39.01350       1833667.    
  -94.12820       37.24490       2577045.    
  -99.41370       31.62940       1361403.    
  -77.92270       21.81000       125853.2    
  -110.5923       47.34140      1.5030820E+07
  -110.5521       47.33830       8365680.    
  -98.57660       35.89070       1722889.    
  -97.09410       35.95520       1250625.    
  -97.08530       35.92960       1209812.    
  -72.18030       18.90200       107042.4    
  -93.66180       15.88660       1940033.    
  -99.52280       35.13040       508339.3    
  -79.55030       22.57370       2532909.    
  -92.53890       15.11510       638422.8    
  -92.55710       15.09610       453616.3    
  -91.64160       35.46080       4811464.    
  -91.18410       15.25120       786668.9    
  -92.56310       15.15410       2618794.    
  -97.47020       32.54580       787106.6    
  -92.52060       15.13420       413714.8    
  -84.44740       14.77850       1089850.    
  -96.73700       32.06960       1031984.    
  -107.2040       28.40640       4451525.    
  -77.87460       21.44410       88231.58    
  -92.51270       15.05690       849480.4    
  -114.0389       41.91590       3641392.    
  -107.5442       28.96310       3646927.    
