  -123.1388       51.55980       339.6007    
  -81.03010       40.26970       5.308114    
  -94.31180       33.29440       434.1327    
  -72.03950       19.17950       27.31734    
  -72.02020       19.17960       3.940056    
  -105.2276       21.82830       8.719488    
  -110.8616       33.42080       83.65682    
  -71.63480       19.14120       17.12431    
  -83.16390       42.30190       24.56186    
  -109.6423       30.50830       452.6362    
  -107.9458       30.67860       31.47610    
  -92.30640       16.17690       4.860864    
  -81.59660       38.62920       105.9230    
  -70.34600       18.92870       57.14086    
  -92.16520       18.64900       13.64222    
  -94.92040       29.83510       18.72659    
  -71.19060       18.41210       31.80228    
  -70.36530       18.92860       8.660873    
  -101.7973       31.35190       161.8016    
  -72.97620       19.79330       25.11565    
  -76.83770       20.35270       7.278769    
  -103.7364       19.20800       29.51905    
  -104.3456       19.77150       123.3194    
  -101.9414       32.15720       436.4512    
  -104.2735       19.76940       234.5655    
  -92.39980       14.93970       7.306956    
  -99.11320       18.68870       338.2551    
  -105.2301       21.66270       4.134240    
  -104.5222       19.61440       63.50186    
  -104.2975       19.77010       125.9007    
  -76.89780       20.47320       4.234464    
  -91.94980       29.95490       3.081888    
  -102.8660       19.91170       40.22965    
  -104.5333       19.75670       133.9894    
  -71.21190       18.33330       64.20099    
  -92.23100       30.09900       4.635360    
  -94.70530       30.10180       122.2778    
  -100.1257       30.91170       28.97153    
  -92.20800       30.09840       10.66133    
  -94.26580       29.72460       55.84020    
  -104.6440       21.39600       34.79885    
  -101.8153       31.75100       50.71098    
  -104.5283       19.73620       37.31547    
  -76.75960       20.33250       3.019248    
  -72.53870       19.33680       50.39439    
  -76.89750       20.45310       2.330208    
  -96.27640       29.44700       10.00987    
  -92.51530       14.88350       7.040736    
  -93.96750       34.17850       58.80317    
  -101.8065       31.72710       44.22031    
  -94.24240       29.72390       45.98676    
  -103.3616       19.62180       61.56596    
  -84.06770       43.66850       4.823280    
  -104.8270       21.44310       80.07290    
  -94.61670       40.57930       8.919935    
  -72.21130       19.27820       16.63504    
  -99.65640       17.01470       49.93410    
  -98.64540       16.71810       19.16291    
  -103.7270       31.03900       159.7628    
  -82.50180       42.57980       29.46959    
  -95.71500       28.79930       11.81942    
  -93.97420       34.20320       103.6649    
  -92.25890       30.12250       3.282336    
  -93.48830       30.06570       32.55890    
  -94.19700       16.40120       56.71087    
  -94.59550       16.60310       25.85761    
  -96.34610       38.21860       24.62639    
  -93.05020       30.78630       9.082800    
  -104.4882       19.57290       160.6394    
  -101.1850       20.57650       6.587640    
  -94.24200       33.12420       4.159297    
  -93.98610       29.71640       84.55917    
  -76.83850       20.41290       5.073840    
  -94.55630       33.30260       16.89160    
  -92.92530       30.64460       28.00476    
  -99.04860       22.78090       159.9364    
  -100.9779       18.27390       193.2069    
  -76.81910       20.41280       2.392848    
  -102.0313       19.08140       107.8921    
  -87.69450       41.60440       14.09755    
  -69.29440       18.59840       2.392848    
  -101.4631       26.88850       34.74922    
  -105.4780       22.52300       40.93525    
  -99.18720       18.73040       111.8882    
  -111.9237       30.62780       296.3582    
  -98.08870       26.10140       81.85626    
  -98.08330       26.07960       6.151248    
  -91.27050       37.12230       45.12983    
  -103.9259       20.67570       164.0385    
  -102.6591       19.82490       69.90775    
  -95.12040       41.07390       4.660416    
  -92.47810       15.11430       4.698000    
  -101.9330       19.15920       125.4746    
  -101.9099       19.15860       134.6654    
  -98.62330       18.53780       156.4007    
  -69.35320       18.57840       93.62644    
  -101.6962       20.18370       56.23081    
  -103.9814       20.80020       32.05399    
  -98.99940       22.96690       63.72543    
  -99.05400       22.90600       72.49362    
  -101.9142       19.17890       255.7443    
  -99.07690       22.90660       25.31839    
  -103.7602       19.20860       123.0770    
  -103.3949       19.66320       32.02188    
  -93.69740       37.93160       57.06755    
  -102.5003       19.63830       96.70334    
  -99.19830       18.67070       54.03584    
