  -109.8922       23.61320       441.2959    
  -98.14170       23.19330       55.47586    
  -80.23100       22.65990       198.6127    
  -80.91300       22.33620       479.6500    
  -80.45410       22.31260       535.2842    
  -80.90890       22.25420       119.8375    
  -79.49100       22.06150       48.27164    
  -99.22980       22.06070       227.2781    
  -79.51760       21.71520       54.77868    
  -78.32400       21.34440       78.51611    
  -76.73130       21.11730       42.32898    
  -76.71170       21.11720       42.21832    
  -89.17620       20.76300       403.9798    
  -76.29560       20.61270       774.5951    
  -89.49880       20.36450       182.0905    
  -89.35330       19.42030       1137.726    
  -89.85090       19.32800       833.8858    
  -96.39850       19.38840       304.3346    
  -71.48220       19.06250       642.6452    
  -88.63260       18.89270       269.2806    
  -91.33700       18.41740       1139.903    
  -95.74320       18.35740       118.7279    
  -92.11390       18.23220       62.91468    
  -89.26610       18.18920       122.3148    
  -91.04630       18.19540       36.27012    
  -95.33100       18.15100       112.3762    
  -96.05180       18.00660       193.0307    
  -94.52780       17.97760       714.3829    
  -93.11510       17.83420       744.7300    
  -99.27310       17.85630       484.9946    
  -90.95420       16.97590       139.1330    
  -88.59750       16.34130       176.4031    
  -94.12770       16.34150       874.6341    
  -92.07700       15.34040       1379.975    
  -112.1355       44.99560       756.3235    
  -93.35150       30.17580       335.7984    
  -98.14630       23.21430       236.4785    
  -80.23200       22.68050       94.63155    
  -83.13440       22.66290       242.3148    
  -98.18770       21.92970       176.8703    
  -78.32450       21.36470       44.32093    
  -77.70430       20.83720       42.16298    
  -77.68480       20.83720       38.67706    
  -89.11710       20.78230       271.0373    
  -89.61180       19.18500       822.2257    
  -96.37910       18.46950       189.9173    
  -96.37600       18.44960       49.05182    
  -93.52450       18.11770       42.32898    
  -89.21650       16.83530       117.1164    
  -94.98400       16.70760       117.0527    
  -90.49800       14.72280       658.3507    
  -81.97920       22.81700       44.65292    
  -81.45430       22.75090       2127.542    
  -82.93320       22.66090       39.42405    
  -98.90650       22.75620       42.07999    
  -98.42270       21.87410       101.7555    
  -92.96580       18.28610       191.5585    
  -93.18470       17.89460       1054.117    
  -80.11740       21.88150       284.7896    
  -79.51830       21.73550       42.07999    
  -76.19930       20.73330       450.5528    
  -76.08070       20.55220       42.13532    
  -104.0034       20.69850       105.2415    
  -69.38800       18.67680       43.15896    
  -96.34550       18.52850       286.8035    
  -93.40740       18.17500       45.31691    
  -88.50680       16.43730       110.0833    
  -92.50880       15.01830       1267.912    
  -81.45310       22.73030       734.8481    
  -76.19910       20.71310       67.39437    
  -98.60130       18.53730       624.0337    
  -96.19810       18.40620       475.1415    
  -88.72200       18.16210       34.36117    
  -96.09100       18.26510       69.05433    
  -95.67080       18.15760       84.49197    
  -91.91830       17.79490       325.0363    
  -90.37720       17.04600       87.21904    
  -99.58780       16.73770       1194.901    
  -79.91730       22.78140       94.65922    
  -98.71950       22.83410       322.7824    
  -104.8591       21.38230       259.9309    
  -75.33990       20.23070       108.8270    
  -89.61400       19.20490       745.9725    
  -88.74290       18.37950       60.75453    
  -91.61870       18.20440       85.21778    
  -90.67980       18.18980       68.90656    
  -95.71930       18.19820       114.3305    
  -87.62860       15.26750       65.07043    
  -115.6917       49.44990       994.6641    
  -78.42720       26.62770       1828.384    
  -76.27610       20.61270       993.4122    
  -103.7421       20.60880       96.60966    
  -95.78570       18.49730       94.29826    
  -88.72280       18.37920       37.34910    
  -96.17670       18.40580       345.9555    
  -95.79190       18.39810       144.5825    
  -95.74060       18.19860       37.18310    
  -118.5682       41.55850       808.1857    
  -79.29000       21.97880       2666.794    
  -98.42100       22.08020       581.4245    
  -98.09890       21.82450       395.2204    
  -75.74890       20.43140       232.0968    
  -96.69410       18.69500       355.8087    
  -95.70690       18.25740       264.6388    
  -96.22570       18.02990       41.33300    
  -99.29520       17.85680       492.6907    
  -88.67030       17.39510       243.6102    
  -79.29080       21.99920       971.3809    
  -98.39840       22.07960       596.0822    
  -99.36690       21.96130       1255.731    
  -96.66390       18.77420       390.8422    
  -96.27460       18.34820       203.2543    
  -95.95980       18.24260       240.8551    
  -98.92940       22.75680       65.07043    
  -89.11940       20.80250       170.1026    
  -76.29540       20.59260       1933.947    
  -96.02080       18.22400       41.00101    
  -90.35710       17.04570       123.5010    
  -96.62290       18.65370       286.8366    
  -88.70470       18.39870       48.63682    
  -95.33970       18.21060       106.4034    
  -96.24080       18.12920       178.8247    
  -96.09150       17.98760       898.5745    
  -99.23110       21.64880       388.1052    
  -95.74000       18.47650       233.5049    
  -96.36320       18.23090       99.67277    
  -95.99950       18.22360       253.3528    
  -99.31540       22.85090       389.7474    
  -79.07040       21.91660       146.3753    
  -98.09460       21.80380       711.5649    
  -76.88130       20.67410       31.04125    
  -88.62440       18.39760       55.11067    
  -117.0882       40.98980       605.2739    
  -78.25350       21.64850       178.0307    
  -87.82060       21.43190       1872.051    
  -76.82100       20.55340       35.85513    
  -96.13380       18.26590       50.79477    
  -122.1807       44.17230       1471.518    
  -78.44780       26.62780       2517.744    
  -78.25400       21.66880       215.9193    
  -103.8830       20.69480       515.1126    
  -103.6360       20.56480       512.7195    
  -103.9429       20.55350       188.1079    
  -103.3949       19.35990       509.9782    
  -70.19190       18.33760       66.89639    
  -92.61400       15.05830       156.4482    
  -98.99940       22.96690       154.1508    
  -96.55180       19.01130       946.9985    
  -96.53020       19.01090       959.0413    
  -96.12160       18.32520       69.80132    
  -95.20010       18.26740       232.7265    
  -79.06970       21.89620       158.1942    
  -98.45490       21.81320       42.99296    
  -76.82300       20.69410       97.82475    
  -103.4758       19.20070       531.0946    
  -88.70280       18.37890       271.7362    
  -88.71520       18.30010       67.14537    
  -93.31930       17.97580       81.50404    
  -88.74830       17.37650       256.8078    
  -81.15220       22.33790       259.3109    
  -104.8837       21.38310       449.8509    
  -71.08090       18.90570       70.90385    
  -95.73690       18.45660       326.1449    
  -95.97490       18.34210       197.7008    
  -88.78820       17.37700       204.0566    
  -97.90960       31.57230       285.5245    
  -99.05330       22.80190       183.2220    
  -78.24650       21.38460       39.50705    
  -103.9311       20.69630       74.53220    
  -96.69000       18.93440       350.3347    
  -98.95620       22.57060       686.0934    
  -103.7953       20.63090       71.37828    
  -102.9385       20.32020       451.9244    
  -90.53410       19.41850       324.5717    
  -69.38880       18.65710       192.5052    
  -96.98470       15.94270       332.7823    
  -98.14380       21.82560       41.66499    
  -96.79640       19.05660       326.1449    
  -99.20960       18.61100       1162.426    
  -71.26960       18.33310       405.1733    
  -96.27180       18.46730       255.2986    
  -96.29290       18.32870       286.4326    
  -76.69160       21.07680       35.19115    
  -104.6384       21.37530       327.0166    
  -104.0214       20.86280       265.0424    
  -90.61930       19.61970       280.2678    
  -71.28880       18.33300       71.54427    
  -96.30220       18.38850       181.3554    
  -95.86820       18.34000       45.31691    
  -93.47250       18.03780       42.99296    
  -87.88070       15.50130       106.5141    
  -87.81840       21.41150       639.9300    
  -104.0161       20.84220       509.3503    
  -103.9188       20.55280       388.9664    
  -96.18270       18.30660       183.2220    
  -96.02710       18.12500       314.4532    
  -96.05780       18.04630       215.9920    
  -86.87850       14.83740       204.7269    
  -75.33980       20.21070       33.61419    
  -104.1394       19.80610       278.7417    
  -87.83140       15.36580       71.37828    
  -99.05870       22.92690       2200.272    
  -78.28960       21.52680       39.04463    
  -77.90450       21.03960       330.2635    
  -98.93460       22.88180       37.18310    
  -98.87010       22.79670       118.4381    
  -99.25380       22.57890       387.5578    
  -77.47250       20.97770       64.18512    
  -96.67830       18.99410       270.4146    
  -96.47450       18.53120       215.9577    
  -96.16440       18.18720       194.5874    
  -99.03510       22.82220       543.2520    
  -77.09620       20.69470       311.6229    
  -103.2152       19.79990       399.6006    
  -96.09710       18.30490       76.85615    
  -95.77680       18.29850       393.0318    
  -96.23160       18.20840       155.6699    
  -90.95400       17.54410       429.1600    
  -76.84430       20.81490       38.37828    
  -103.6193       20.40110       635.5924    
  -96.15820       18.28630       36.35312    
  -82.55010       22.94580       42.74397    
  -78.21200       21.56710       60.45944    
  -103.3758       19.48060       306.1170    
  -95.91410       18.22190       39.83904    
  -99.18460       22.47320       334.9433    
  -104.5031       19.63410       306.5116    
  -92.48470       17.90260       254.1791    
  -98.76050       22.81450       47.14286    
  -90.14600       20.29430       252.8979    
  -95.19720       18.24750       70.71429    
  -103.4089       19.52190       567.9762    
  -96.07270       18.28450       224.9430    
  -76.27590       20.59260       1030.029    
  -96.29280       18.18980       513.7106    
  -99.01120       22.61360       41.00101    
  -103.3143       19.62040       229.8837    
  -72.15950       18.98110       397.1039    
  -97.32050       25.88390       957.5026    
  -76.80350       20.69400       212.7792    
  -96.27140       18.18930       270.0873    
  -104.3075       19.81100       247.2276    
  -87.87850       21.20920       79.51208    
  -90.55880       19.27920       92.54118    
  -88.61580       18.51610       39.50705    
  -98.47850       21.71100       349.4789    
  -88.65400       18.49690       81.17204    
  -88.64050       18.97230       121.8561    
  -96.54860       18.59240       342.6711    
  -99.32680       22.49790       1059.763    
  -96.45620       18.55070       227.7176    
  -89.46130       14.86430       314.2065    
  -92.40820       16.17840       426.9705    
  -99.23910       22.30900       399.6006    
  -104.3166       19.75040       340.8518    
  -87.86760       15.32770       185.6126    
  -99.26220       22.41320       473.4993    
  -87.80020       21.43160       347.8616    
  -87.84800       15.32750       644.8349    
  -94.74900       16.66440       148.9717    
  -99.01220       22.82150       49.79880    
  -92.36750       16.17780       428.0652    
  -99.21610       22.20490       173.4502    
  -99.29410       22.35190       47.97284    
  -70.05430       18.41700       34.25051    
  -92.48230       17.88280       224.5303    
  -92.32460       16.15770       235.8399    
  -92.38990       16.19760       1086.038    
  -102.2042       17.92530       97.76057    
  -70.03500       18.41710       90.07938    
  -93.51940       17.92010       218.0472    
  -90.45460       19.43720       180.5347    
  -109.6423       30.50830       2350.105    
  -92.34920       16.19700       48.80282    
  -87.86620       15.30840       51.45876    
  -78.23250       18.41010       116.3519    
  -101.9423       32.22830       528.3460    
  -99.84770       32.82950       771.8257    
  -101.8494       31.49440       1607.594    
  -101.8407       31.47060       1306.329    
  -80.59450       38.53720       392.8873    
  -93.51690       17.90030       146.8281    
  -78.02810       25.02400       434.5770    
  -92.23910       16.11760       54.61269    
  -104.1204       19.82580       257.8304    
  -98.96490       18.84510       79.95419    
  -98.57140       18.61640       144.1346    
  -83.79250       30.63250       162.5620    
  -78.02870       25.04520       346.2272    
  -96.59170       18.59330       299.9741    
  -80.59770       26.64160       78.80659    
  -81.43310       22.73020       306.9198    
  -80.53340       26.96570       1230.830    
  -81.08290       26.77530       248.6620    
  -81.06210       26.77520       258.2898    
  -81.08150       26.75370       1457.070    
  -81.06080       26.75350       2273.292    
  -80.60650       22.17030       448.3918    
  -88.60500       17.98330       99.19881    
  -56.19020       48.87810       266.2758    
  -104.2595       19.80960       503.4916    
  -80.66490       26.72860       62.74649    
  -81.20350       26.71150       1216.560    
  -81.18270       26.71130       1012.049    
  -81.67230       22.71150       492.9610    
  -96.52390       18.57200       125.5681    
  -99.22060       22.12240       324.0596    
  -104.2014       19.76730       342.5718    
  -92.78110       16.41760       266.8742    
  -85.19630       32.18600       105.8248    
  -81.31370       27.12440       345.5038    
  -80.57940       26.68470       113.7903    
  -80.52810       26.51160       388.0157    
  -80.52690       26.49000       196.6199    
  -96.92250       19.41990       215.4114    
  -80.47210       26.61900       392.7858    
  -92.43280       16.21770       224.2637    
  -81.17020       26.84100       56.68764    
  -81.00110       26.79630       321.7379    
  -81.02060       26.77480       176.7857    
  -80.99980       26.77460       275.7194    
  -80.70520       26.70730       536.9974    
  -80.86990       26.68700       255.8413    
  -90.68570       19.66080       72.23539    
  -90.83990       18.35030       116.8106    
  -83.81450       30.63280       177.4637    
  -80.87120       26.70860       1013.545    
  -80.47090       26.59740       217.4201    
  -98.77780       18.54130       294.9662    
  -85.22160       31.69490       458.7196    
  -80.61470       26.57700       1533.501    
  -98.92590       22.94400       373.8729    
  -76.33420       20.57260       445.3655    
  -104.2254       19.76800       276.8339    
  -92.34710       16.17750       44.48692    
  -81.54980       22.66940       396.4953    
  -77.05510       17.97490       125.5068    
  -80.62340       26.72820       74.03421    
  -80.75200       26.44870       858.5865    
  -76.56410       20.25200       86.63605    
  -96.34530       19.32710       336.1024    
  -92.38450       16.33370       100.2616    
  -80.62220       26.70660       131.9668    
  -80.84910       26.68680       548.6888    
  -80.84520       26.62200       201.1871    
  -80.82450       26.62180       253.3099    
  -80.82320       26.60020       134.7887    
  -80.73140       26.44850       467.2234    
  -92.99070       16.28450       1538.592    
  -85.24700       31.71860       434.6340    
  -80.89870       27.81980       498.1453    
  -76.90260       18.01380       592.0933    
  -81.16880       26.81940       236.1528    
  -90.47800       19.63740       398.9908    
  -92.57240       16.37550       471.0360    
  -85.21880       32.18640       245.2343    
  -97.34360       25.88450       1377.805    
  -77.03600       17.97490       120.6791    
  -56.81970       49.02130       502.7022    
  -80.96260       32.97880       235.1297    
  -81.15220       26.88420       933.2411    
  -81.13140       26.88400       1123.937    
  -80.56740       26.83600       238.4532    
  -80.63540       26.57710       189.5674    
  -76.31470       20.57260       592.4239    
  -90.49850       19.63770       284.9469    
  -96.46190       18.45140       242.5048    
  -85.22460       31.71820       549.0402    
  -80.93240       28.01800       1402.051    
  -80.93100       27.99600       1384.217    
  -80.91000       27.99580       2123.131    
  -80.91140       28.01780       1684.723    
  -80.95210       27.99610       1178.000    
  -76.91290       20.17260       100.3169    
  -87.48930       14.95850       221.2100    
  -56.72160       48.95680       403.1774    
  -84.53150       33.14630       547.1797    
  -97.32570       25.90560       1744.226    
  -83.20330       22.49910       34.36117    
  -89.83470       19.90760       68.90656    
  -96.24990       19.00500       256.7474    
  -96.90590       16.58590       642.8005    
  -80.70130       26.64240       138.9386    
  -80.68060       26.64230       149.8944    
  -80.70010       26.62080       228.7425    
  -80.67930       26.62070       250.4879    
  -77.05490       17.95530       725.8499    
  -89.91030       17.19600       322.8091    
  -82.85290       29.93640       686.0934    
  -97.34880       25.90620       1170.141    
  -78.17260       25.10920       737.5275    
  -76.33390       20.55250       154.9573    
  -76.31450       20.55250       155.6046    
  -96.65880       18.47530       305.4481    
  -80.96070       32.95500       220.1665    
  -82.50420       27.63830       785.3547    
  -82.48310       27.63810       1016.524    
  -76.31490       20.59270       1881.055    
  -92.99300       16.30400       1322.973    
  -84.94630       30.55840       338.8373    
  -80.40260       26.85630       991.4143    
  -76.33440       20.59270       457.4737    
  -89.44200       19.30200       389.7137    
  -92.52900       15.01860       106.2374    
  -82.11620       27.24100       508.5327    
  -82.50980       22.94540       110.4035    
  -82.12360       22.88000       392.0757    
  -82.10360       22.87990       245.1231    
  -80.92760       22.62350       615.4650    
  -80.90760       22.62340       248.4175    
  -96.60690       18.55380       839.7085    
  -100.2225       18.43520       319.7056    
  -92.41140       16.39250       204.2315    
  -99.13900       18.70930       114.3305    
  -80.36480       33.66740       222.3485    
  -80.76100       26.59970       363.7503    
  -80.75970       26.57810       299.5097    
  -98.89420       23.00570       106.6524    
  -98.84260       22.77520       106.0245    
  -83.05430       30.00700       718.2311    
  -81.01790       26.73150       159.6881    
  -80.92870       22.64410       223.7924    
  -80.92660       22.60300       385.1110    
  -80.13590       22.31060       163.7550    
  -104.5272       19.63480       641.7946    
  -95.95890       16.62710       200.2078    
  -80.37930       32.61700       680.8586    
  -80.92960       27.97390       623.4579    
  -80.90150       27.86380       212.1467    
  -99.16330       22.78410       865.4502    
  -99.25760       22.39230       352.5244    
  -88.50870       18.65320       250.3375    
  -85.20250       32.23320       337.1972    
  -84.50180       31.26490       585.6780    
  -76.35360       20.57260       102.5855    
  -72.14340       18.82300       83.20305    
  -92.52060       15.13420       533.1694    
  -77.39940       26.73140       455.1723    
  -82.47630       23.04830       54.77868    
  -81.56980       22.66950       2555.822    
  -77.57030       19.99420       74.20020    
  -90.64220       19.64010       99.19881    
  -104.4931       19.59330       664.4091    
  -71.33300       47.40970       281.2864    
  -80.85550       32.45630       503.1830    
  -81.38790       29.96520       400.6953    
  -80.92030       26.49320       187.6861    
  -80.15580       22.31070       90.08049    
  -80.45320       22.29210       348.3170    
  -91.35750       18.41780       560.7323    
  -84.47970       31.26460       628.9842    
  -83.68300       30.63100       369.3842    
  -82.26290       27.24260       364.6404    
  -80.42330       26.85650       758.4845    
  -79.89630       21.79870       115.8375    
  -89.90830       17.17650       142.4735    
  -55.91940       49.13240       384.2734    
  -83.82910       32.94430       308.3176    
  -84.47690       31.24140       879.1212    
  -85.63380       30.93720       364.6567    
  -88.77090       30.47100       400.4935    
  -80.92160       26.51480       223.7626    
  -80.90090       26.51460       157.8622    
  -80.89960       26.49300       189.0694    
  -99.40340       25.49610       251.7477    
  -82.57160       22.96660       55.16600    
  -80.47310       22.29220       228.0030    
  -89.63500       21.17550       80.22454    
  -89.41920       20.38340       324.6789    
  -96.82290       19.59840       497.0374    
  -103.3901       19.64280       408.3589    
  -96.46570       18.61060       342.6711    
  -98.79630       18.52180       441.7687    
  -79.76910       33.49360       224.1646    
  -84.86190       33.41530       180.9822    
  -80.81670       26.49230       332.7597    
  -80.83610       26.47090       851.5143    
  -80.81540       26.47080       679.6660    
  -80.79470       26.47060       143.7525    
  -80.81410       26.44920       294.4769    
  -81.52970       23.01950       1380.269    
  -81.50960       23.01930       582.4209    
  -81.52850       22.99890       200.5600    
  -81.50840       22.99870       136.0503    
  -80.09760       21.88130       320.3423    
  -82.79820       21.84060       213.7590    
  -77.18360       20.09320       60.75453    
  -102.8064       20.35710       269.7028    
  -95.75250       18.27820       283.5522    
  -90.52490       16.71610       410.7737    
  -67.51060       50.25450       645.8003    
  -64.12440       45.89020       389.7257    
  -107.7646       32.60120       298.2076    
  -83.68540       30.65390       325.2794    
  -84.29990       30.27430       195.7036    
  -80.61620       22.78590       148.7324    
  -81.21180       22.70790       355.4721    
  -81.22960       22.66690       607.2012    
  -80.47400       22.31270       133.8402    
  -101.7889       20.28780       466.9898    
  -96.53030       18.61190       335.0076    
  -91.04300       16.86000       263.5883    
  -90.54510       16.71640       184.7495    
  -84.23610       31.26080       422.5912    
  -83.94160       30.79520       257.4726    
  -81.23070       22.68750       82.29252    
  -99.19320       22.10100       470.7623    
  -77.24190       20.09330       36.51912    
  -96.76540       18.73640       541.5563    
  -91.70070       18.20570       157.3783    
  -94.52310       16.52370       618.1844    
  -81.57100       22.69010       243.9173    
  -81.54860       22.64880       2804.923    
  -80.90870       22.64400       143.1660    
  -98.95750       22.88240       274.4374    
  -77.95860       21.66770       6230.060    
  -104.8894       21.40390       78.84810    
  -89.33960       20.40230       264.8169    
  -89.35780       20.38240       310.2559    
  -89.33740       20.38210       976.2068    
  -96.24500       18.70560       94.02059    
  -89.96660       17.15770       50.79477    
  -63.52540       45.68540       243.4335    
  -85.60800       32.07590       295.0475    
  -94.25340       30.06530       108.3954    
  -98.51810       27.31380       555.3576    
  -81.55090       22.68990       708.6873    
  -81.56860       22.64890       928.6938    
  -80.38980       22.20980       84.10464    
  -80.36990       22.20970       94.61772    
  -88.34860       21.03370       767.1282    
  -88.32820       21.03340       146.1352    
  -88.34640       21.01340       169.7698    
  -104.7364       21.37840       416.7617    
  -89.29430       20.18030       347.4296    
  -69.59410       18.85350       144.1346    
  -56.38420       48.93790       180.7791    
  -64.11730       45.92200       315.2236    
  -80.85370       32.43270       283.8970    
  -84.61540       31.10490       261.5254    
  -84.65180       30.66830       352.1594    
  -80.45030       22.23070       83.57898    
  -77.01690       20.61410       63.57647    
  -90.76110       18.19100       163.4431    
  -96.23600       17.67410       229.2239    
  -86.22110       14.85060       67.72636    
  -81.46420       32.03940       791.6821    
  -81.92160       29.90290       493.5910    
  -80.50270       26.79220       336.6399    
  -80.48190       26.79200       105.0755    
  -80.50140       26.77050       356.6424    
  -80.48070       26.77040       266.3406    
  -80.54760       26.49020       155.0403    
  -80.50620       26.48990       177.1177    
  -100.3866       25.12030       1289.152    
  -80.81610       22.78730       68.55635    
  -80.81500       22.76670       81.33804    
  -81.58980       22.66970       2831.962    
  -76.29520       20.57250       215.2417    
  -88.93550       20.43640       131.1870    
  -77.10880       20.27310       36.51912    
  -88.76130       19.17270       378.9719    
  -71.00310       18.92580       807.9595    
  -69.19530       18.65820       662.0924    
  -96.24820       18.72560       48.80282    
  -91.69830       18.18590       86.88219    
  -84.78940       31.80430       326.2492    
  -79.85020       22.12480       642.1384    
  -80.18570       22.08590       195.7346    
  -89.46230       19.30230       374.0538    
  -90.66670       18.07120       254.0678    
  -94.26790       17.12620       88.21371    
  -100.2904       17.22590       250.6477    
  -87.49070       14.97770       282.1394    
  -60.60480       45.80650       223.8544    
  -81.39780       32.84080       641.5505    
  -84.97150       30.76510       571.0997    
  -81.86620       22.93970       128.8129    
  -80.94760       22.62370       441.5776    
  -80.47210       22.27170       130.8048    
  -89.05560       20.59950       319.5036    
  -89.94530       20.33130       294.4605    
  -104.4202       19.49000       466.3831    
  -71.04170       18.92570       959.0413    
  -71.02240       18.92580       1039.724    
  -71.02290       18.90600       1379.443    
  -96.58620       18.69280       576.0616    
  -96.58300       18.67280       318.5620    
  -92.60760       15.19330       323.7934    
  -90.46330       14.78000       237.4557    
  -79.26100       33.22600       254.7205    
  -84.07310       31.76960       278.2599    
  -84.72600       30.92220       118.6848    
  -80.94650       22.60310       358.5859    
  -76.23630       20.53230       113.3338    
  -90.11820       20.23350       121.6751    
  -90.09770       20.23310       116.0312    
  -89.15150       20.17810       238.1060    
  -90.89880       18.33150       342.1117    
  -90.98190       17.80010       162.0670    
  -96.01690       16.58900       510.9730    
  -83.50980       31.69140       86.76057    
  -84.72320       30.89910       676.4858    
  -81.91970       29.88020       792.4955    
  -80.53470       26.98750       115.2012    
  -80.51260       26.96560       778.3271    
  -80.38180       26.85620       1865.039    
  -78.00780       25.02400       215.7075    
  -100.3628       25.11950       1122.194    
  -100.3808       25.09870       1220.703    
  -82.07880       23.12740       139.8104    
  -80.45220       22.27160       110.8853    
  -77.91640       21.54570       4209.285    
  -88.92380       20.69850       405.7589    
  -77.01310       20.37310       79.84406    
  -89.44410       19.32190       148.7982    
  -90.60390       17.67650       359.6037    
  -90.06130       17.10030       168.4382    
  -90.83300       16.97420       120.8361    
  -90.33830       15.81990       115.5100    
  -87.50880       14.95870       290.7122    
  -84.11370       32.49810       304.9573    
  -83.54720       31.83190       274.5628    
  -83.51240       31.71470       695.2885    
  -86.62890       30.90920       509.3144    
  -82.81590       30.00400       1371.322    
  -81.94310       29.90310       954.3885    
  -98.35760       27.33050       52.95272    
  -80.41720       26.74820       630.4631    
  -80.41600       26.72660       744.1021    
  -79.89710       21.81900       140.9859    
  -78.03630       20.81820       61.66751    
  -89.18520       20.29930       365.7364    
  -89.40550       20.26240       538.7026    
  -89.38500       20.26210       210.9930    
  -90.13090       18.73570       351.0433    
  -93.11760       17.85400       86.15192    
  -89.93810       17.27470       568.7637    
  -96.01960       16.60860       87.09257    
  -91.92720       15.45420       808.1858    
  -84.86510       33.43940       145.1157    
  -84.56060       32.48170       461.6950    
  -85.01340       32.15940       215.1434    
  -81.48640       32.03970       750.7679    
  -83.52500       31.83160       264.0161    
  -89.20570       20.29960       115.8429    
  -72.14380       18.80330       64.40644    
  -71.41250       18.76620       528.3998    
  -71.39320       18.76620       708.3329    
  -69.21460       18.65810       377.6816    
  -69.19610       18.63840       82.08503    
  -77.84180       18.07480       133.4856    
  -89.93620       17.25510       392.3246    
  -90.34880       16.55780       484.6722    
  -77.95880       34.10900       2389.635    
  -81.26470       32.57860       758.7126    
  -81.48440       32.01620       835.3741    
  -81.46230       32.01600       544.9123    
  -84.08790       30.72850       49.96479    
  -84.16810       30.66090       443.3924    
  -82.98110       29.68920       263.6010    
  -81.60260       27.67280       815.8659    
  -81.39080       22.68870       408.9975    
  -80.94860       22.64420       148.4004    
  -80.17390       22.26990       116.8197    
  -76.23650       20.55240       76.93913    
  -90.64700       19.68020       489.3738    
  -91.75230       17.77260       159.8960    
  -91.00210       17.42700       269.4585    
  -65.29440       48.82610       298.9077    
  -80.16510       34.02810       290.3244    
  -84.25740       30.86890       339.3868    
  -81.96290       29.88070       1189.940    
  -81.94130       29.88040       2021.212    
  -81.62360       27.67300       390.0593    
  -81.70360       27.32410       425.5197    
  -81.01320       27.31770       91.07646    
  -80.99230       27.31750       619.9553    
  -99.40980       25.97020       267.6001    
  -97.53400       25.91180       356.5525    
  -82.16130       22.83920       90.30183    
  -82.21890       22.79840       84.89082    
  -81.37080       22.68850       209.2878    
  -80.15400       22.26970       113.0986    
  -78.94910       21.83450       486.7349    
  -78.92940       21.83440       505.2961    
  -89.27390       20.18000       270.8196    
  -72.89840       19.81340       404.0929    
  -89.33520       19.44000       830.4357    
  -88.78150       19.17300       182.7522    
  -103.7934       19.24990       553.2235    
  -103.7696       19.24920       267.4283    
  -96.60360       18.93250       377.7046    
  -98.41840       17.85740       1987.730    
  -91.00420       17.44670       689.3349    
  -95.95620       16.60740       415.4751    
  -86.87340       14.76070       359.7939    
  -122.2951       39.71800       947.7832    
  -80.66280       32.54880       1525.051    
  -84.58310       32.48200       1091.894    
  -85.01030       32.13590       274.7938    
  -80.40130       26.83470       480.9933    
  -80.74590       22.58120       213.2657    
  -80.93300       22.33630       576.1596    
  -83.82600       22.21840       135.4942    
  -83.80590       22.21810       1031.841    
  -89.11690       20.60050       348.0632    
  -89.31940       20.04010       437.2316    
  -90.36280       19.87590       691.9111    
  -90.64460       19.66010       370.0410    
  -90.50250       19.49780       286.8629    
  -90.48200       19.49750       213.7590    
  -91.62090       15.41140       868.7815    
  -86.63240       15.21910       619.9830    
  -85.43410       32.28430       251.4359    
  -84.11950       32.16840       961.0585    
  -83.49020       31.71440       2418.109    
  -84.06500       31.69950       204.7201    
  -88.68840       31.04390       437.7784    
  -81.93940       29.85780       784.9688    
  -82.06870       27.72130       358.9164    
  -80.40380       26.87800       584.5405    
  -82.04450       22.90000       127.8169    
  -82.14120       22.83900       66.06640    
  -81.65230       22.71130       130.1363    
  -80.94340       22.54150       258.8945    
  -80.45130       22.25110       112.6283    
  -77.95910       21.68810       3607.607    
  -89.29900       20.03980       348.9640    
  -88.92950       18.44130       791.5376    
  -88.90940       18.44100       593.9268    
  -86.63370       15.23840       600.2597    
  -86.65180       15.21930       329.0267    
  -92.49510       14.88320       109.8893    
  -64.66730       48.70470       290.8853    
  -119.4417       46.93380       1197.152    
  -80.04810       33.64040       477.0276    
  -79.43680       33.17950       2000.152    
  -85.14200       32.11460       431.1672    
  -84.71790       30.66930       1501.578    
  -84.16290       30.61500       445.5814    
  -102.2846       30.99980       797.5532    
  -80.99090       27.29570       445.2159    
  -82.73140       22.94750       89.80383    
  -82.06460       22.90020       142.3534    
  -81.39190       22.70930       150.5583    
  -81.38960       22.66810       726.7656    
  -80.94440       22.56200       450.9074    
  -98.71480       22.81320       427.2832    
  -80.13680       22.33100       57.76661    
  -79.82040       21.87970       69.22032    
  -78.92280       21.63100       634.2020    
  -77.83860       21.58610       1544.976    
  -76.83970       20.49310       76.02617    
  -90.36520       19.89600       289.6940    
  -89.60170       19.46390       385.5361    
  -71.30570       19.16220       858.3202    
  -91.28610       18.85290       202.9394    
  -91.33470       18.39760       92.12778    
  -91.92880       18.22910       32.95020    
  -92.58570       18.22020       394.6689    
  -91.69920       17.12380       286.2930    
  -89.88970       16.35730       125.1636    
  -84.69890       31.43030       47.47485    
  -84.81230       31.26990       204.7059    
  -81.21070       28.08660       804.7282    
  -77.37880       26.73130       250.6601    
  -81.48950       23.01920       94.08653    
  -81.20850       23.01700       131.9030    
  -77.97830       21.66780       1250.215    
  -89.18080       20.80350       379.2422    
  -76.85910       20.49320       96.69267    
  -76.56430       20.27200       103.4155    
  -89.27160       20.15990       244.2960    
  -89.33730       19.46000       443.7579    
  -72.26850       19.31770       404.0929    
  -92.58810       18.24000       110.4941    
  -90.81780       18.15240       139.2487    
  -98.39650       17.85700       918.6630    
  -90.78550       17.48270       258.5428    
  -90.08140       17.10060       90.54388    
  -89.38330       16.91550       388.9609    
  -70.90630       47.74570       189.9173    
  -79.90360       33.49480       907.5312    
  -80.44090       32.54670       403.3541    
  -84.40170       31.54170       462.4378    
  -83.08480       30.99040       69.99498    
  -84.17830       30.75280       198.9653    
  -84.08280       30.68260       184.6878    
  -98.35170       27.30830       415.6021    
  -78.44850       26.64940       1010.223    
  -78.42790       26.64930       881.3109    
  -80.47330       26.64060       69.88431    
  -81.08270       22.91290       355.4721    
  -82.08220       22.85910       952.4725    
  -82.06210       22.85890       116.1972    
  -82.06080       22.83830       119.1851    
  -81.59100       22.69030       1913.499    
  -78.92340       21.65130       104.5775    
  -77.89670       21.54570       1300.876    
  -88.72580       21.12050       380.1679    
  -76.21690       20.53230       125.8250    
  -89.31490       19.43970       379.4815    
  -89.33300       19.42000       187.0797    
  -71.04280       18.88610       860.5096    
  -90.76520       17.48240       122.5005    
  -79.87250       33.01610       281.2862    
  -84.04280       31.69920       380.7859    
  -102.2585       30.99870       474.3229    
  -82.39170       22.98560       167.0985    
  -81.47320       22.73050       1212.549    
  -81.45200       22.70970       583.0857    
  -81.41080       22.68880       367.3538    
  -81.40960       22.66830       912.2958    
  -80.76580       22.58130       290.1059    
  -80.96440       22.56220       520.3975    
  -80.92450       22.56190       217.3718    
  -80.96330       22.54160       2544.306    
  -80.92340       22.54130       1264.489    
  -77.91680       21.56600       3073.062    
  -77.89720       21.56600       1199.733    
  -77.93600       21.54580       7006.766    
  -77.93550       21.52550       817.6121    
  -77.91590       21.52540       559.8940    
  -104.7175       21.39840       374.4202    
  -88.96010       20.65860       597.0634    
  -89.35550       19.44030       419.2775    
  -90.69750       19.24150       70.23809    
  -90.69000       17.34400       174.9101    
  -91.69710       17.10420       188.4112    
  -90.97770       14.74790       284.3605    
  -90.95770       14.74770       684.2476    
  -64.77110       48.77060       420.2981    
  -85.07460       32.79820       282.1619    
  -84.22730       31.37650       513.5810    
  -84.62930       31.03590       279.4275    
  -84.71510       30.64630       562.3575    
  -94.47840       29.93540       96.44367    
  -94.47290       29.91250       90.13583    
  -78.88920       21.81390       432.0292    
  -77.97880       21.68810       401.8122    
  -90.24930       20.63880       75.30685    
  -90.22860       20.63840       76.02617    
  -89.31720       20.02000       916.2292    
  -88.96720       18.81800       270.5524    
  -91.02410       17.99770       85.23895    
  -64.62690       48.87760       239.5177    
  -82.83750       30.00430       588.7241    
  -80.76680       22.60190       1277.272    
  -80.74690       22.60170       139.9346    
  -80.78580       22.58140       143.9185    
  -80.76480       22.56080       240.5282    
  -80.74480       22.56060       144.7485    
  -80.81550       22.37650       65.78974    
  -80.79550       22.37630       418.0905    
  -77.97780       21.64750       6696.244    
  -77.95810       21.64740       192.1656    
  -78.54840       21.62930       555.3992    
  -77.83820       21.56580       1476.172    
  -77.03380       20.45340       597.9670    
  -76.99210       20.27290       290.1209    
  -90.24840       19.77390       319.2546    
  -90.11370       19.49170       279.6208    
  -90.09330       19.49140       416.3411    
  -98.39310       17.83710       2936.200    
  -90.07940       17.08100       109.8510    
  -96.92440       16.56660       949.8384    
  -91.99810       16.32800       42.07999    
  -83.82750       22.23890       114.7862    
  -83.80740       22.23860       867.0784    
  -80.12790       22.12640       115.2012    
  -78.88860       21.79350       467.0097    
  -78.54890       21.64970       1841.903    
  -78.52920       21.64960       185.1270    
  -78.52870       21.62920       154.1550    
  -77.85830       21.58610       1863.137    
  -77.85780       21.56580       5713.772    
  -78.35840       21.16240       61.00352    
  -77.58740       20.85700       40.50302    
  -77.45020       20.83650       431.1044    
  -89.03740       20.61940       635.0067    
  -96.40510       18.76870       428.5834    
  -95.53380       18.23420       293.9243    
  -87.45040       14.95810       99.32094    
  -64.88920       48.90520       492.2125    
  -83.76100       33.13400       464.8314    
  -84.72630       32.01380       269.3187    
  -82.81380       29.98130       1053.194    
  -82.13720       27.24130       147.5548    
  -79.70210       22.38990       52.03975    
  -104.0591       20.82300       702.8589    
  -89.29210       20.16020       199.8341    
  -90.68170       17.26550       253.1915    
  -89.49620       17.05360       130.0164    
  -94.88460       16.74500       54.11469    
  -89.99550       16.63100       366.0269    
  -91.62280       15.43070       1450.167    
  -84.72920       32.03730       349.2399    
  -84.19370       31.46880       439.5606    
  -84.20510       31.37620       540.9529    
  -85.75930       31.37860       538.2888    
  -83.94600       30.63470       747.7457    
  -82.79420       30.00370       483.9388    
  -80.62020       22.86830       1246.365    
  -80.60020       22.86820       1062.743    
  -80.22540       22.08610       363.9883    
  -79.40880       21.97940       49.46680    
  -80.17770       21.90220       279.4746    
  -78.80900       21.77280       63.90846    
  -78.56860       21.64970       280.6909    
  -78.56810       21.62940       778.5027    
  -77.93650       21.56610       1215.369    
  -77.91540       21.50510       645.7493    
  -77.01440       20.45340       522.2725    
  -71.10070       18.88590       264.3283    
  -96.38360       18.76830       529.3000    
  -73.13280       18.22970       505.7958    
  -98.42170       17.87730       735.1726    
  -90.01850       17.27580       657.9854    
  -89.99740       16.65050       230.6872    
  -91.60270       15.43050       1432.814    
  -91.60080       15.41110       487.0853    
  -116.6433       47.91730       892.2722    
  -61.92640       45.76350       278.6760    
  -122.2982       41.38650       924.1597    
  -99.18650       39.19740       398.0584    
  -99.15830       39.19600       495.8300    
  -84.20250       31.35290       568.9734    
  -85.98040       30.71340       472.9519    
  -82.19180       23.00440       395.4492    
  -80.63620       22.37520       87.81188    
  -98.83940       21.82340       596.9940    
  -77.93500       21.50520       497.2564    
  -88.39170       21.05460       417.2645    
  -77.56630       20.77640       118.4152    
  -103.3876       20.12960       452.7746    
  -96.46890       18.63060       414.9277    
  -88.75030       17.82780       206.3042    
  -89.51800       17.07350       208.0512    
  -89.49800       17.07320       430.1403    
  -89.51620       17.05390       180.4220    
  -89.94250       16.06670       255.1792    
  -90.40020       16.05330       121.6751    
  -64.64070       48.94620       226.4650    
  -68.71840       47.60780       652.3825    
  -79.83480       33.47020       173.9388    
  -80.58960       32.76120       131.9198    
  -83.82930       30.77070       201.5925    
  -82.26460       27.26440       1285.470    
  -80.61920       22.84770       175.4072    
  -80.59920       22.84760       127.2193    
  -80.82980       22.66400       49.30081    
  -81.06640       22.60400       202.7941    
  -80.34270       22.04600       466.2314    
  -77.99800       21.66790       2037.531    
  -102.1226       21.31910       935.7509    
  -76.27570       20.57250       100.4172    
  -89.05330       20.57930       358.0245    
  -89.03290       20.57900       261.9316    
  -76.60450       20.37230       69.05433    
  -90.07470       20.21260       287.4785    
  -90.05420       20.21230       238.0973    
  -103.7165       20.50600       365.1276    
  -90.05110       20.01130       304.9201    
  -90.03060       20.01100       256.5552    
  -90.04870       19.99120       321.3820    
  -90.02820       19.99090       548.4928    
  -90.12320       19.75180       111.5154    
  -96.90310       16.56620       752.5421    
  -90.39840       16.03380       428.4814    
  -92.55120       15.03820       99.43159    
  -80.03710       33.80910       377.8887    
  -83.88320       30.86340       277.6762    
  -82.70650       29.75360       719.9733    
  -81.21080       27.14520       804.4241    
  -81.18990       27.14510       946.7324    
  -81.20930       27.12350       726.9784    
  -81.18850       27.12330       808.5322    
  -81.18620       22.97550       706.4172    
  -99.05400       22.90600       505.6927    
  -78.94250       21.63100       926.1975    
  -77.95570       21.54590       647.4661    
  -88.92150       20.67820       295.9890    
  -89.05790       20.61970       915.6875    
  -90.09870       20.41440       320.3535    
  -90.09630       20.39420       368.3713    
  -89.29680       20.01970       1111.024    
  -91.12140       18.67160       113.1799    
  -91.90820       18.22880       127.2073    
  -90.68910       17.71710       196.4003    
  -90.66890       17.71680       337.6171    
  -90.68700       17.69740       344.4574    
  -90.66680       17.69710       804.6751    
  -95.99100       17.15720       1217.092    
  -91.81180       16.48100       280.7124    
  -70.67130       48.11710       284.5497    
  -78.02840       34.15800       388.1052    
  -80.70900       32.57290       294.3535    
  -82.70860       29.77620       572.0869    
  -81.18960       22.66660       52.28874    
  -79.94410       22.47340       156.3129    
  -80.22450       22.06570       337.8752    
  -82.97790       21.84220       683.7001    
  -78.31480       21.73000       124.1197    
  -78.29510       21.73000       123.4595    
  -77.99750       21.64760       9415.149    
  -77.95520       21.52560       6293.256    
  -75.94630       20.81350       66.53672    
  -101.9953       20.78270       543.3885    
  -101.9718       20.78200       77.68613    
  -76.62390       20.37240       109.8893    
  -90.11930       20.41470       73.86823    
  -89.35290       18.84330       171.4342    
  -100.1031       17.91490       564.2413    
  -93.86040       16.68850       2948.391    
  -93.83970       16.68810       3008.080    
  -93.85800       16.66890       480.8469    
  -93.83730       16.66860       2599.977    
  -90.06630       16.53460       229.1497    
  -88.38220       15.64180       488.6475    
  -65.24260       48.65570       571.9318    
  -64.89360       48.49380       314.5710    
  -82.78340       32.83410       457.6695    
  -86.83640       30.50000       120.3702    
  -82.28390       27.24280       2007.014    
  -81.20630       22.97570       99.53644    
  -80.24910       22.61890       124.9950    
  -80.22920       22.61880       209.4849    
  -80.22830       22.59830       100.9256    
  -80.82470       22.56120       128.6054    
  -77.93940       21.68800       239.0092    
  -77.93890       21.66770       518.6146    
  -97.62610       21.23840       51.79075    
  -76.47240       20.73370       121.0664    
  -89.07600       20.59980       233.9225    
  -102.2184       20.34040       825.2025    
  -99.33930       18.59410       553.1967    
  -99.33560       18.57400       586.8107    
  -92.98200       18.08860       57.18562    
  -90.03860       17.27610       260.6466    
  -90.01660       17.25620       188.7440    
  -90.71790       17.03120       207.0001    
  -90.69770       17.03090       257.4880    
  -88.36250       15.64160       354.2680    
  -82.78100       32.81030       310.5615    
  -86.62560       30.88610       1670.450    
  -83.94350       30.61180       816.7178    
  -81.30960       22.66750       152.8159    
  -82.99790       21.84240       654.7601    
  -79.32010       21.71420       61.41852    
  -77.99850       21.68820       565.0942    
  -78.34420       21.36470       103.0835    
  -76.49170       20.71360       352.5225    
  -76.47220       20.71360       726.5126    
  -88.98560       20.33650       332.0846    
  -88.98340       20.31630       374.6909    
  -88.96300       20.31600       170.4356    
  -90.10870       20.15290       184.9835    
  -89.33760       20.02030       347.6797    
  -89.56750       19.52330       287.4143    
  -90.71990       17.05080       196.7739    
  -93.39490       16.75910       69.38633    
  -94.81730       16.54830       306.7393    
  -91.80510       15.83970       88.77465    
  -84.35220       31.30890       319.1233    
  -83.98900       31.02610       48.30483    
  -83.76870       31.02290       74.86419    
  -82.24360       27.26410       660.2999    
  -82.24200       27.24230       618.9763    
  -98.40370       23.95570       457.0355    
  -77.81900       21.58600       821.1512    
  -77.97540       21.54590       1061.531    
  -77.97490       21.52560       939.8735    
  -89.48820       21.15280       593.5839    
  -89.46760       21.15240       294.2499    
  -89.48580       21.13240       1701.119    
  -89.46520       21.13210       1298.259    
  -77.99950       20.91880       151.0278    
  -102.1176       21.29840       295.6525    
  -89.88690       20.87550       421.4965    
  -76.49190       20.73370       157.1913    
  -76.62440       20.41250       68.97134    
  -88.95590       20.43670       304.9198    
  -88.95370       20.41660       182.0864    
  -103.1788       20.63300       875.9621    
  -103.1738       20.61250       1154.654    
  -77.45420       20.01390       158.6258    
  -90.61110       17.93240       423.1750    
  -65.11560       48.69310       272.1457    
  -85.17250       32.51560       341.4038    
  -87.29060       31.73370       364.1713    
  -87.26800       31.73330       275.1824    
  -83.77120       31.04600       64.90443    
  -77.61980       24.09780       257.9027    
  -78.58780       21.62950       310.7603    
  -78.56750       21.60910       468.9477    
  -78.54780       21.60900       266.7371    
  -77.87800       21.58620       1515.214    
  -77.87750       21.56590       1907.037    
  -87.98400       21.43430       1129.803    
  -88.46400       21.33980       62.38129    
  -77.07670       20.69460       493.7530    
  -103.2026       20.63370       783.1088    
  -103.9618       20.53370       378.1618    
  -89.31470       20.18060       188.7837    
  -71.42020       19.22130       241.2659    
  -96.80990       18.87700       382.4488    
  -95.38960       18.68830       264.7132    
  -90.67800       17.42230       230.9303    
  -90.05130       16.16510       170.6291    
  -92.05680       15.34010       539.6556    
  -91.26420       15.04020       136.6561    
  -91.24420       15.03990       1646.479    
  -87.43090       14.95790       77.02216    
  -78.00590       34.15780       197.9053    
  -83.84880       30.74800       466.7480    
  -84.60780       30.66760       840.2283    
  -84.31660       30.61730       485.5618    
  -83.76820       30.60930       146.2856    
  -81.20740       22.99630       124.4048    
  -81.31070       22.68810       142.0926    
  -81.32960       22.66760       148.8984    
  -88.48440       21.34010       50.46278    
  -88.93970       20.65830       307.0100    
  -88.95790       20.63840       251.1363    
  -100.8664       20.58810       170.5186    
  -77.51170       19.97410       133.9588    
  -89.56040       19.64310       302.1174    
  -98.76950       18.74070       405.6772    
  -90.59080       17.93210       466.7073    
  -90.89360       16.97510       360.6246    
  -93.38510       16.32960       277.3574    
  -92.58410       16.29770       303.4761    
  -81.07930       32.48220       301.9951    
  -84.29580       31.77310       169.6802    
  -83.59780       30.65270       90.54388    
  -82.68000       22.78200       117.0272    
  -80.17480       22.29030       86.64991    
  -80.17300       22.24940       133.1288    
  -80.15310       22.24930       89.80383    
  -78.95110       21.89560       80.67406    
  -87.98620       21.45460       149.6454    
  -102.0990       21.31840       379.5074    
  -102.0940       21.29770       618.0244    
  -77.44980       20.81640       53.61671    
  -89.07830       20.62010       395.2710    
  -77.43470       20.01390       114.2882    
  -90.01710       20.07100       326.7791    
  -89.99660       20.07070       351.9919    
  -90.11500       20.03240       641.2543    
  -90.01620       19.71010       454.2881    
  -89.41350       19.60090       476.4838    
  -98.00260       19.36390       413.3330    
  -91.64900       17.22100       208.5466    
  -90.61300       16.99060       362.4376    
  -90.34060       16.26600       551.6395    
  -90.32050       16.26570       519.0223    
  -90.33870       16.24650       765.2572    
  -90.31870       16.24630       947.3279    
  -64.86880       48.73370       344.2071    
  -84.52850       33.12240       197.2499    
  -83.66350       30.65360       257.8283    
  -84.07770       30.63660       503.4953    
  -84.09200       30.56810       376.7204    
  -84.73520       30.25820       160.5487    
  -81.22860       23.01710       109.2254    
  -80.76860       22.23280       442.2976    
  -78.95180       21.91600       117.5252    
  -78.93200       21.91590       80.50806    
  -77.87700       21.54560       871.5537    
  -88.93740       20.63810       156.7874    
  -90.19710       20.03370       294.2499    
  -89.98730       19.99020       331.0788    
  -89.96680       19.98990       329.9539    
  -71.41810       19.30060       175.0959    
  -89.34050       19.30050       51.98995    
  -98.87980       19.10340       256.0222    
  -103.5110       18.41810       281.7547    
  -90.61320       17.95210       644.2875    
  -90.09000       16.57390       170.7684    
  -96.00120       16.62780       926.7449    
  -106.9522       33.71700       441.3207    
  -84.33780       31.56400       379.0562    
  -84.46330       31.12560       85.55434    
  -89.70980       31.18310       443.6254    
  -84.16550       30.63790       767.8912    
  -82.26130       27.22080       1534.903    
  -82.36890       22.94410       64.90443    
  -77.85740       21.54550       712.7122    
  -77.95470       21.50530       727.1511    
  -88.00440       21.43460       100.0956    
  -87.96360       21.43400       113.8732    
  -76.49140       20.69350       142.5906    
  -76.47190       20.69340       96.11169    
  -103.9113       20.90050       813.4879    
  -98.70410       19.70220       395.4492    
  -89.76940       19.32680       194.4030    
  -88.38080       18.98860       185.5362    
  -95.73420       18.29760       125.4906    
  -91.98490       18.01280       180.7740    
  -90.63520       17.01050       547.9580    
  -90.61500       17.01020       712.0341    
  -89.80010       15.81310       132.8970    
  -83.82190       30.70170       406.6876    
  -103.1567       25.30050       538.2468    
  -80.64020       22.86850       741.7243    
  -80.67510       22.76570       117.2385    
  -79.85100       22.14520       122.1730    
  -79.83120       22.14510       104.0795    
  -82.69050       21.71740       400.1311    
  -88.00660       21.45490       64.24046    
  -102.1276       21.33970       560.3997    
  -76.99460       20.43330       715.9966    
  -89.62170       20.36640       381.6220    
  -90.13900       19.71210       310.8834    
  -89.41570       19.62090       248.9105    
  -71.55400       19.28030       539.7344    
  -92.69930       16.41630       307.7159    
  -92.85260       16.14620       208.1911    
  -79.84100       33.56630       376.6099    
  -84.44710       30.98690       465.7125    
  -84.18740       30.63830       554.2323    
  -84.08950       30.54520       165.3884    
  -82.72810       29.75390       859.6877    
  -82.29240       23.00530       117.8240    
  -79.91650       22.76080       52.46659    
  -80.07150       22.65890       141.0831    
  -81.06750       22.62460       437.6830    
  -80.38870       22.61980       69.66299    
  -80.84670       22.60240       59.17757    
  -80.27330       22.27050       84.57496    
  -79.33980       21.71430       91.51913    
  -78.01770       21.66800       1276.637    
  -88.38950       21.03430       494.5461    
  -76.31510       20.61280       72.20826    
  -75.74810       20.29110       156.4545    
  -98.12060       19.88990       351.2976    
  -90.27710       19.31460       2304.363    
  -99.16120       18.70980       236.4785    
  -93.52980       17.99920       69.55233    
  -90.98680       17.09370       849.6798    
  -90.96650       17.09340       524.3226    
  -90.98470       17.07410       871.7374    
  -90.96450       17.07380       680.2740    
  -92.76700       16.65140       135.8401    
  -93.36450       16.32930       420.7938    
  -91.24600       15.05920       439.1973    
  -85.19740       31.50820       393.4203    
  -83.79010       30.40380       264.8747    
  -82.27230       23.00520       121.6751    
  -82.29110       22.98470       991.8643    
  -82.27090       22.98450       110.8853    
  -82.62380       22.84330       66.23241    
  -80.07240       22.67950       113.4085    
  -98.91640       22.90210       196.4954    
  -79.84850       22.08390       447.9084    
  -78.58840       21.64980       170.8514    
  -78.01720       21.64760       751.0417    
  -78.58720       21.60920       311.4842    
  -76.37590       20.83420       167.8406    
  -76.35640       20.83420       547.7943    
  -76.72630       20.75430       457.6247    
  -88.27420       20.52740       492.8789    
  -88.27210       20.50720       107.8974    
  -90.07570       20.39380       127.1609    
  -90.17270       20.17400       279.4821    
  -90.15210       20.17370       122.1730    
  -89.58570       19.50360       978.7477    
  -89.56530       19.50330       447.6846    
  -90.29750       19.31500       3028.896    
  -90.29520       19.29500       2540.212    
  -90.27480       19.29470       2584.380    
  -90.08430       19.23190       574.8029    
  -93.18730       17.91430       123.8330    
  -91.36130       17.00140       201.7264    
  -96.57190       16.77550       430.0240    
  -96.55070       16.77510       378.1618    
  -81.51340       31.29480       541.2142    
  -99.90520       25.70580       383.3004    
  -80.67610       22.78630       193.7173    
  -80.69510       22.76590       216.4588    
  -80.65510       22.76560       95.94569    
  -80.69410       22.74530       86.64991    
  -80.67410       22.74510       169.4819    
  -81.06530       22.58340       638.5532    
  -98.91170       22.88110       69.13400    
  -80.29310       22.27060       80.50806    
  -77.95620       21.56620       943.9879    
  -89.35990       21.11010       446.7680    
  -77.84300       20.91830       99.01662    
  -77.72520       20.89780       94.11972    
  -76.37610       20.85430       144.6411    
  -76.72600       20.73410       557.5185    
  -76.97820       20.63410       55.44267    
  -90.07330       20.37360       329.5816    
  -103.3103       20.49400       663.4038    
  -90.23580       20.01430       679.8683    
  -98.98730       18.72570       780.5897    
  -99.68480       17.68710       492.9836    
  -114.2316       47.08680       981.0311    
  -79.92800       33.18360       320.7752    
  -81.18960       28.08640       247.5696    
  -81.81150       27.36880       366.0837    
  -81.76950       23.00080       75.27917    
  -80.63920       22.84790       104.4115    
  -77.99700       21.62720       1432.984    
  -76.35660       20.85430       69.71832    
  -77.60660       20.83690       132.2988    
  -77.60620       20.81680       113.7676    
  -77.58660       20.81670       160.5181    
  -77.60570       20.79670       797.0116    
  -89.61940       20.34630       320.7201    
  -90.01850       19.73020       348.2913    
  -89.58790       19.52360       165.1094    
  -91.80710       15.85910       580.2419    
  -84.63200       31.05900       294.2161    
  -80.54170       26.74920       179.1097    
  -80.54040       26.72760       146.4085    
  -98.88880       22.88050       451.9933    
  -88.82160       21.24370       218.2001    
  -92.21090       18.01640       67.72636    
  -91.77270       17.77290       321.6176    
  -90.66150       17.26530       203.8070    
  -92.74650       16.65110       958.9266    
  -98.82920       16.64330       426.6055    
  -81.65620       23.12380       55.60866    
  -81.97300       22.71400       96.44367    
  -83.13590       22.68350       191.3652    
  -98.37140       22.05820       73.86823    
  -78.01670       21.62730       2064.216    
  -90.29980       19.33490       895.5432    
  -90.27940       19.33460       1108.070    
  -90.06390       19.23160       721.9017    
  -90.21810       19.15430       435.7288    
  -90.67220       16.58170       249.7259    
  -89.44350       16.48770       281.3626    
  -86.71660       15.02780       271.5094    
  -86.43510       14.87170       107.4238    
  -80.50500       26.46830       137.1127    
  -80.48430       26.46810       174.6278    
  -80.50380       26.44670       871.9329    
  -80.48310       26.44660       477.8430    
  -83.23950       22.72570       67.22838    
  -81.47200       22.70990       471.8463    
  -78.75170       21.83360       69.88431    
  -88.82390       21.26400       145.1157    
  -89.38050       21.11040       465.9540    
  -88.95720       18.71870       169.5588    
  -88.89890       17.28060       116.1758    
  -90.53670       16.83330       103.8592    
  -92.64970       16.33770       513.5102    
  -83.63100       31.78640       98.93361    
  -83.99160       31.04920       309.8273    
  -80.75330       26.47030       551.8499    
  -80.75080       26.42720       876.2549    
  -99.91100       25.72750       950.8068    
  -99.88720       25.72670       85.73693    
  -77.99500       21.54600       403.6367    
  -77.99450       21.52570       1847.194    
  -77.97440       21.50530       597.5076    
  -89.35750       21.08980       155.3276    
  -99.58100       18.34040       314.9586    
  -88.92350       17.96780       289.9733    
  -89.95870       16.24160       96.20288    
  -84.25480       31.42330       210.8275    
  -84.97430       30.78820       1045.530    
  -84.95220       30.78780       574.3204    
  -84.94940       30.76480       349.3433    
  -83.95100       30.68060       339.3868    
  -79.93640       22.76100       53.81590    
  -98.89350       22.90150       211.5603    
  -79.23720       22.16230       54.11469    
  -79.63120       22.10310       320.3571    
  -78.84970       21.81370       107.6069    
  -78.00480       21.14090       55.38733    
  -89.70910       20.58960       231.4298    
  -76.07920       20.37150       150.2471    
  -89.62420       19.48420       655.5775    
  -90.25660       19.31430       409.4401    
  -89.90090       19.22910       353.1659    
  -89.88060       19.22880       187.4125    
  -88.61240       18.89250       198.4994    
  -98.96490       18.96520       717.9612    
  -98.92080       18.72420       602.9788    
  -88.77350       18.28120       120.8451    
  -90.53670       16.01630       173.0754    
  -86.87980       14.85660       291.3259    
  -86.00120       32.15350       301.7772    
  -83.56380       31.57570       282.5409    
  -82.72440       22.84430       409.1865    
  -79.23650       22.14190       35.02515    
  -78.03690       21.64770       539.3671    
  -78.26080       21.18230       53.20171    
  -76.07940       20.39160       158.0835    
  -76.05980       20.37150       392.3246    
  -75.68980       20.29100       370.4060    
  -103.4433       20.45710       505.6563    
  -89.64680       19.50450       576.9576    
  -89.62640       19.50420       559.7429    
  -89.64460       19.48450       691.7119    
  -89.64240       19.46450       437.8868    
  -89.62200       19.46420       434.0645    
  -96.83160       18.87750       434.6340    
  -88.75340       18.28090       131.4688    
  -90.79390       17.56140       417.2157    
  -90.79180       17.54170       411.8949    
  -90.74030       17.24680       66.56438    
  -113.7639       46.50200       1266.734    
  -85.10830       31.50670       243.6234    
  -81.60290       26.78000       663.9321    
  -81.30890       23.01780       345.2077    
  -81.78100       22.85650       290.7122    
  -78.80740       22.34440       296.6897    
  -88.74400       21.10040       231.4602    
  -75.74910       20.45150       236.6790    
  -103.2928       20.61600       212.8038    
  -103.2690       20.61530       260.8112    
  -71.13550       18.31390       620.1854    
  -96.41580       18.43050       334.6903    
  -98.22320       18.25020       614.7830    
  -92.30340       16.70290       339.0219    
  -79.45910       33.17970       365.5044    
  -83.08250       30.96730       302.7072    
  -84.72050       30.87610       474.7932    
  -84.01180       30.63570       379.0184    
  -85.62710       30.20430       539.7668    
  -81.52730       22.97820       375.1834    
  -80.68220       22.91000       484.8188    
  -80.46080       22.45610       63.65946    
  -80.72980       22.25300       104.0795    
  -78.94840       21.81410       68.34667    
  -78.92870       21.81400       118.5211    
  -98.27250       22.01440       145.0805    
  -78.03640       21.62740       1125.423    
  -76.79140       21.21850       50.29678    
  -76.39550       20.83420       101.8109    
  -89.66520       20.91230       595.5252    
  -77.27290       20.75550       44.40393    
  -89.72970       20.58990       1405.490    
  -89.94220       20.13010       453.4814    
  -71.59610       19.14130       279.1730    
  -96.31160       18.44830       64.24046    
  -96.29010       18.44780       65.07043    
  -96.16440       18.32610       71.02554    
  -90.49900       16.65730       54.86168    
  -84.03930       31.86250       354.5382    
  -81.80110       22.85670       393.8535    
  -82.66400       22.84370       62.75925    
  -80.43330       22.29200       86.48391    
  -76.45130       20.59290       51.85715    
  -89.94450       20.15020       83.66198    
  -90.33720       17.83000       179.4234    
  -92.55290       16.20000       195.4368    
  -92.80960       16.12610       648.7432    
  -84.18910       15.33290       121.1708    
  -91.49260       15.33240       953.7780    
  -91.47250       15.33210       871.5728    
  -86.45450       14.87180       113.8401    
  -86.40720       31.22830       686.5739    
  -85.77940       31.03200       320.4205    
  -99.15440       29.63630       511.7789    
  -82.13860       22.79770       511.0586    
  -78.03740       21.66800       499.9886    
  -88.74630       21.12080       359.5975    
  -88.62030       18.97200       176.7603    
  -92.18040       18.27280       36.93411    
  -91.94500       16.21050       505.2961    
  -92.23430       15.69070       581.8841    
  -86.45330       14.85270       99.76359    
  -86.43390       14.85250       112.3793    
  -83.95610       30.72660       394.4003    
  -84.21200       30.66150       654.6881    
  -81.47430       22.75110       811.4271    
  -80.34500       22.53740       174.3766    
  -79.94500       22.49390       101.4097    
  -80.54980       22.23130       124.6393    
  -80.52990       22.23120       1069.251    
  -77.03800       20.71470       170.5609    
  -77.01850       20.71460       142.0096    
  -77.03760       20.69450       203.0487    
  -77.01810       20.69450       325.7736    
  -75.55370       20.27090       103.1934    
  -95.67600       18.47520       475.1576    
  -98.99320       18.26730       408.3589    
  -85.77630       31.00890       252.4187    
  -95.75860       29.06990       135.8174    
  -98.94880       22.94470       524.9476    
  -76.39570       20.85440       92.45977    
  -89.64460       20.91200       70.71429    
  -89.45940       20.90900       239.1254    
  -90.23970       19.87390       279.8546    
  -90.76060       17.24710       133.1528    
  -92.95610       16.51780       963.3364    
  -90.33930       16.46040       405.1733    
  -91.96530       16.21080       88.47586    
  -84.42770       31.00960       194.9765    
  -80.71290       22.31430       97.34744    
  -78.05660       21.64780       567.2552    
  -98.16630       21.82620       94.28572    
  -98.16210       21.80560       87.31389    
  -78.28790       21.46590       139.1224    
  -78.06320       21.12090       67.26157    
  -75.53440       20.29090       136.3172    
  -90.31790       19.31530       490.8899    
  -90.18650       19.05430       372.9377    
  -69.58380       18.61650       141.0966    
  -92.21330       18.03620       80.89539    
  -80.00940       33.06490       173.6014    
  -79.86640       32.92080       170.3845    
  -106.9230       33.71550       1340.461    
  -84.34550       30.87020       299.6646    
  -81.71730       27.80550       132.6308    
  -80.80550       22.97270       45.48290    
  -81.98680       22.94070       63.90846    
  -80.66330       22.93050       400.8515    
  -80.17120       22.20850       58.43059    
  -105.1050       21.74140       379.0731    
  -89.29580       21.08880       65.67908    
  -88.36910       21.03400       173.9029    
  -77.84250       20.89810       82.44468    
  -89.03970       20.63970       311.7217    
  -89.86440       19.98830       447.4682    
  -91.05790       17.19260       98.86594    
  -79.91080       34.61090       735.2545    
  -84.58260       30.82790       344.8264    
  -84.18230       30.59240       626.2233    
  -81.16850       22.64590       363.1595    
  -81.16740       22.62530       408.5779    
  -81.08640       22.60410       162.1412    
  -78.91560       22.01780       70.60363    
  -76.00050       20.25120       127.3743    
  -89.86210       19.96820       368.2693    
  -89.19120       19.79760       335.4482    
  -89.54720       19.52300       268.3953    
  -99.78600       19.64810       539.7003    
  -90.27350       16.40120       64.36956    
  -92.83000       16.12640       659.9760    
  -84.46250       30.55080       294.4618    
  -80.88050       27.86360       381.7805    
  -80.09150       22.65910       224.2606    
  -78.16630       21.32360       113.1470    
  -89.31700       20.20070       130.8878    
  -89.29650       20.20040       602.8978    
  -97.73540       20.30530       347.5331    
  -89.98960       20.01040       337.6487    
  -98.47010       19.51540       2249.806    
  -98.41500       17.83750       1938.741    
  -96.75260       16.99480       438.0449    
  -92.80740       16.10660       896.2730    
  -92.25660       15.71040       181.1016    
  -92.23640       15.71010       1291.859    
  -86.64950       14.89280       311.6519    
  -104.5201       29.64560       1723.947    
  -80.34410       22.51690       204.0423    
  -81.11660       22.41960       705.0413    
  -90.43540       19.79690       883.7437    
  -98.44800       19.51490       1323.206    
  -90.31560       19.29530       374.8947    
  -90.25440       19.29430       1106.839    
  -98.81420       18.62190       505.4309    
  -90.60600       17.69620       448.6496    
  -90.65760       16.23140       435.2658    
  -80.48550       26.48970       164.1700    
  -80.46480       26.48950       1444.285    
  -80.46360       26.46800       1122.600    
  -82.89410       22.96970       103.0835    
  -82.00310       22.87900       78.66826    
  -81.97170       22.69340       164.6680    
  -81.95170       22.69320       260.9794    
  -78.74980       21.77250       40.91802    
  -78.16580       21.30330       108.7798    
  -75.98110       20.25120       134.1248    
  -102.9214       20.54390       660.6684    
  -92.23130       16.60420       702.8590    
  -90.65570       16.21190       376.1566    
  -92.06470       16.19280       74.03421    
  -92.82780       16.10690       602.1378    
  -86.22590       14.92730       462.9780    
  -84.48040       30.89530       279.1730    
  -99.35620       25.49460       429.5819    
  -80.96650       22.60330       121.5091    
  -79.22350       21.77470       139.1669    
  -78.08380       21.16140       126.2676    
  -76.89490       20.27270       234.2832    
  -92.97660       16.51810       555.4347    
  -81.95540       22.75500       68.55635    
  -80.36500       22.53750       170.2289    
  -80.36400       22.51700       158.9412    
  -83.68340       22.46290       317.1156    
  -79.30110       22.28540       40.83501    
  -78.10480       21.99410       42.66097    
  -79.63920       21.79720       58.26459    
  -78.31200       21.62840       46.81087    
  -76.85540       20.23250       52.78672    
  -85.94430       15.05920       305.4481    
  -116.1764       46.26110       153.2973    
  -116.3255       46.21070       387.9327    
  -86.95040       31.86700       356.3454    
  -80.59630       22.37500       93.88733    
  -77.71260       21.22080       47.22586    
  -76.89310       20.15260       131.4884    
  -90.45590       19.79720       406.2154    
  -96.75350       18.79600       482.2576    
  -80.61620       22.37510       89.18728    
  -80.11250       22.22850       41.66499    
  -78.28420       21.32400       118.3551    
  -89.27370       21.25080       43.65694    
  -89.73200       20.61010       168.8900    
  -75.72950       20.43140       147.7656    
  -102.9263       20.56440       504.8427    
  -102.9451       20.54460       455.2599    
  -90.00840       20.17140       240.3407    
  -89.59670       19.60370       230.5727    
  -72.30600       19.37710       68.94366    
  -89.39830       19.46090       199.7225    
  -91.83870       17.81330       43.82294    
  -90.19220       15.08450       429.1601    
  -85.88570       32.29250       187.1380    
  -87.77020       31.20900       183.2220    
  -83.55020       29.76440       350.5247    
  -111.8494       30.60060       657.4059    
  -104.4935       29.64450       851.0394    
  -80.51190       22.27200       175.2918    
  -100.9260       20.65090       682.3316    
  -89.94920       20.19050       394.4651    
  -89.92870       20.19020       472.4407    
  -75.68840       20.01090       195.1940    
  -90.03940       19.91080       315.1644    
  -90.03710       19.89070       295.6522    
  -95.62430       18.41460       70.38231    
  -86.69190       15.23890       331.4730    
  -85.68860       32.17130       226.2923    
  -83.70730       30.65420       268.3428    
  -81.84240       22.87760       415.9780    
  -83.21610       22.39660       49.13482    
  -79.22280       21.75440       485.2111    
  -78.28360       21.30380       110.0222    
  -90.24300       19.19450       761.6132    
  -92.17080       18.19350       58.40292    
  -90.30720       17.92790       359.3433    
  -90.07100       17.19820       744.0744    
  -96.75550       17.01450       417.3952    
  -117.0949       47.20560       1911.878    
  -116.3180       46.24160       453.3351    
  -97.86430       39.59520       56.10664    
  -84.20540       35.58230       529.5124    
  -75.63170       20.33100       104.8844    
  -89.42820       20.28290       259.3109    
  -90.06170       19.21170       698.7230    
  -90.04130       19.21130       598.3230    
  -89.15000       18.02990       180.2905    
  -99.28830       17.81700       403.1891    
  -87.64480       30.69920       325.7018    
  -81.48830       22.99850       261.6239    
  -98.84730       22.79610       420.2998    
  -80.29130       22.22970       47.30886    
  -78.25510       21.70950       51.79075    
  -89.98490       19.97010       257.2437    
  -91.28370       18.83300       89.96983    
  -92.60630       18.22060       316.1837    
  -86.47760       14.92960       274.4374    
  -80.94130       22.50040       41.25001    
  -79.52440       21.89850       61.99950    
  -79.20310       21.75430       231.9794    
  -75.63160       20.31100       80.50806    
  -88.48970       18.45510       137.7570    
  -93.47510       18.05760       58.43059    
  -91.70680       17.73250       42.49498    
  -91.02770       17.66310       155.1359    
  -90.09110       17.19850       735.4196    
  -85.94310       15.03990       155.1230    
  -80.77210       33.40700       209.7096    
  -90.45830       19.81730       528.3287    
  -90.43780       19.81700       420.2981    
  -95.36530       18.66790       173.9388    
  -89.15190       18.04960       145.1118    
  -89.59210       16.80110       126.4705    
  -90.16230       16.28310       117.7507    
  -92.94480       15.87560       88.42052    
  -84.17300       15.02560       207.9351    
  -90.35890       14.72120       154.2526    
  -82.26340       32.07220       218.7162    
  -81.46940       23.01900       559.0029    
  -78.80220       22.18070       37.34910    
  -98.12980       21.86640       79.51209    
  -100.9305       20.67140       245.5175    
  -75.14570       20.29080       45.81489    
  -69.06380       18.56030       590.9734    
  -70.66800       18.51270       388.6526    
  -88.48780       18.43530       128.4305    
  -92.17320       18.21340       111.8813    
  -90.98260       17.05450       262.3651    
  -116.2065       46.13730       305.7646    
  -86.77240       31.28150       421.2695    
  -84.19000       30.66120       285.7418    
  -80.82550       22.97290       44.65292    
  -98.08910       21.88600       106.7354    
  -78.38410       21.38520       184.7283    
  -69.06460       18.54060       334.4404    
  -70.68720       18.51260       385.9156    
  -92.95390       16.49820       619.8548    
  -89.67990       15.34810       204.7059    
  -80.30210       22.02540       178.2120    
  -89.13560       20.94440       56.27265    
  -89.13320       20.92410       235.6019    
  -69.08320       18.56020       273.4784    
  -69.04450       18.56040       272.3994    
  -69.08400       18.54050       487.6148    
  -91.92060       17.81460       175.2226    
  -90.48320       14.78030       511.2698    
  -104.8835       38.77090       438.8224    
  -85.37990       32.04840       264.3179    
  -80.52840       26.87900       239.3662    
  -81.81870       22.81560       45.59357    
  -78.07270       21.50570       109.3084    
  -78.07220       21.48540       928.7773    
  -77.85590       21.48460       235.3811    
  -89.54000       19.64280       186.2146    
  -92.19380       18.21370       120.6791    
  -90.08920       17.17890       249.6615    
  -90.06910       17.17860       608.5159    
  -95.94110       16.80300       344.9382    
  -96.77520       16.56380       675.7125    
  -99.58740       24.28640       272.6344    
  -81.83870       22.81580       48.47083    
  -80.29200       33.90820       395.2214    
  -83.08410       22.51850       280.2678    
  -78.09180       21.48550       206.0010    
  -77.09590       20.67460       453.2456    
  -90.32980       19.59500       337.5284    
  -96.66180       18.89380       249.6705    
  -88.78890       18.02510       164.4437    
  -89.57210       16.80090       1050.749    
  -84.26260       30.91500       218.7162    
  -83.22340       30.62470       191.4740    
  -80.24520       22.08630       296.5753    
  -78.52280       21.42630       109.4446    
  -76.88910       21.19850       98.47713    
  -89.29190       21.23080       119.8491    
  -89.37020       20.84690       240.9601    
  -89.87420       20.24970       67.90792    
  -90.64510       18.42650       300.3768    
  -91.17550       18.25670       81.17204    
  -116.1251       46.09880       1348.664    
  -106.0046       36.91940       284.1615    
  -90.72330       32.02460       211.0717    
  -85.61810       31.65510       398.9041    
  -77.99250       21.44450       68.22436    
  -89.27130       21.23050       107.3994    
  -76.90740       21.11760       61.58451    
  -89.83390       20.43020       117.7050    
  -102.1678       20.62430       306.8513    
  -89.75520       19.92640       199.5259    
  -90.35030       19.59540       208.6835    
  -88.81860       18.53860       136.5317    
  -76.76810       20.95580       115.2012    
  -91.83200       17.93140       206.0619    
  -91.94110       17.81490       947.0753    
  -117.2477       46.89650       172.8018    
  -77.99300       21.46480       55.17291    
  -76.76790       20.93570       49.21782    
  -77.48690       20.71580       102.6559    
  -103.0549       20.60900       456.4052    
  -89.47140       20.30370       118.8389    
  -93.63390       18.15920       58.43059    
  -95.24860       17.87240       239.8626    
  -92.19490       16.64270       353.1812    
  -90.15860       16.24420       99.86458    
  -122.2488       39.71430       805.6882    
  -80.16590       22.08580       67.47737    
  -78.23000       21.50620       32.53521    
  -89.58910       20.78970       319.0995    
  -90.43940       19.65680       742.5090    
  -93.54280       17.94020       127.9829    
  -80.93710       22.41830       48.47083    
  -78.04850       21.32310       375.5150    
  -78.18540       21.30340       155.3308    
  -101.8465       21.43430       275.9149    
  -89.60960       20.79000       416.7002    
  -90.32510       20.07600       344.3134    
  -88.65790       18.53650       319.3763    
  -91.93880       17.79520       281.9510    
  -90.47790       17.04740       110.7010    
  -92.22620       16.74070       140.3562    
  -84.60220       15.50930       59.91875    
  -84.28240       31.47020       335.0976    
  -108.7717       30.04880       386.9284    
  -81.84370       22.89830       644.9415    
  -88.65980       18.55630       152.2183    
  -89.73450       17.03730       40.03270    
  -90.79460       16.99320       423.2964    
  -90.36210       16.07220       41.00101    
  -117.0481       47.20140       1021.253    
  -69.17910       18.57940       189.9173    
  -69.15980       18.57950       37.51509    
  -99.91190       16.96110       192.9220    
  -117.4831       46.43820       268.4155    
  -116.1695       46.10260       243.5161    
  -122.8977       38.25630       1222.003    
  -105.8424       36.83310       300.3684    
  -110.5632       34.58050       532.1534    
  -80.61530       22.35460       38.67706    
  -80.65120       22.27290       173.4990    
  -76.88880       21.17820       36.02113    
  -103.7011       20.73030       445.3434    
  -89.75750       19.94650       162.1135    
  -90.23730       19.85380       877.8755    
  -88.52980       18.45570       51.62475    
  -91.62290       18.06620       33.86318    
  -92.10700       16.58280       136.5163    
  -79.94720       33.13600       166.9596    
  -78.96330       22.26330       89.85916    
  -103.1450       20.59120       490.5299    
  -88.64500       17.98380       58.76258    
  -90.30680       16.53780       141.2736    
  -117.9756       45.35350       549.6128    
  -81.95420       23.06430       87.39689    
  -98.41410       22.88810       378.0361    
  -90.19470       20.01360       201.9121    
  -96.41010       19.32850       264.9407    
  -95.40810       18.52950       167.3452    
  -93.47790       17.91940       43.32495    
  -106.4130       32.65180       491.5311    
  -98.43330       24.37900       1017.525    
  -98.87090       21.86540       61.58451    
  -96.75890       18.69640       134.8514    
  -92.55510       16.21950       262.7510    
  -88.50600       15.21900       393.4664    
  -108.6374       32.57530       530.5069    
  -108.2083       32.29020       479.3444    
  -82.93600       22.70210       360.8744    
  -80.23010       22.63940       186.2475    
  -80.65210       22.29340       244.0971    
  -80.63220       22.29330       160.6841    
  -78.27830       21.10150       42.82697    
  -96.49920       18.55160       223.3384    
  -100.5339       18.42270       406.1693    
  -95.63420       18.19650       495.8087    
  -88.65250       18.06270       71.87626    
  -113.5541       35.13640       645.8962    
  -98.45640       24.37970       197.1202    
  -69.36950       18.65720       38.59407    
  -95.94770       18.16300       137.9427    
  -110.2196       32.58890       601.2116    
  -80.21910       21.94320       87.21507    
  -71.08140       18.88600       314.2065    
  -95.45670       18.57030       60.25655    
  -93.58960       18.13870       37.01711    
  -80.33380       22.29130       57.04729    
  -98.82190       21.74060       77.74146    
  -76.00440       20.75320       169.4819    
  -95.19430       18.22760       104.5587    
  -115.1171       35.94450       922.1285    
  -99.03040       21.76680       38.51108    
  -103.8057       20.67210       282.1710    
  -104.0025       20.88270       64.07445    
  -88.94540       20.15490       460.2768    
  -88.22790       18.64950       61.91604    
  -88.68270       18.37870       224.7361    
  -95.61830       18.37480       31.70524    
  -95.78280       18.33830       290.1209    
