  -102.1469       48.93530       5.424780    
  -112.0870       35.09490       24986.26    
  -110.1530       34.18660       9509.045    
  -109.6813       33.71900       10833.35    
  -88.81940       18.34100       87.20100    
  -93.18470       17.89460       27.23362    
  -88.92970       17.39840       88.86932    
  -112.0542       35.09290       3582.000    
  -109.6423       30.50830       679.4387    
  -93.17080       18.42830       68.81479    
  -93.11510       17.83420       16.11814    
  -99.94190       25.57780       11.09886    
  -88.82130       18.36080       72.73359    
  -70.34600       18.92870       3362.261    
  -97.11950       36.84650       3.231553    
  -115.0727       32.63010       322.2677    
  -110.8616       33.42080       56.37268    
  -89.71060       35.93100       14.79588    
  -121.4680       45.63490       7691.265    
  -121.5537       37.91190       6.105521    
  -92.48470       17.90260       3.378450    
  -101.8065       31.72710       96.88370    
  -92.16520       18.64900       100.3735    
  -95.21630       29.23320       18.04807    
  -102.2042       17.92530       5.327096    
  -88.56710       33.44340       136.6305    
  -95.19290       29.23250       38.25043    
  -71.47870       19.20120       125.2447    
  -95.96450       33.68910       25.11528    
  -95.98950       33.69000       1522.192    
  -90.02070       19.57020       118.6968    
  -98.42230       33.85560       28.86773    
  -81.00470       22.95350       1.647307    
  -98.64710       19.03790       2360.637    
  -88.67320       18.27980       2.122556    
  -97.59720       35.32350       170.1040    
  -96.70670       30.69390       12.22761    
  -101.8153       31.75100       53.09185    
  -97.47150       34.57560       16.75124    
  -105.4327       33.22740       978.8373    
  -97.12630       28.82160       7.401230    
  -100.8723       37.35000       112.9971    
  -101.8407       31.47060       190.4901    
  -99.37700       37.74790       16.31964    
  -99.40460       37.74920       73.06829    
  -96.71320       30.71720       12.72822    
  -83.81540       34.90590       768.2693    
  -100.8838       37.37650       20.09875    
  -73.98020       49.40070       1122.919    
  -105.4214       33.20270       1447.531    
  -89.59790       15.77190       52.78557    
  -73.50820       49.36720       2677.849    
  -100.8443       37.34860       19.31442    
  -120.3364       51.12680       8761.433    
  -80.15800       34.24670       2.553833    
  -99.29960       43.46120       17.44845    
  -91.95010       17.36290       4.245113    
  -97.99290       33.93580       3.860347    
  -116.5188       48.47160       59041.53    
  -96.89760       39.28160       94.00510    
  -95.97600       32.04300       24.68260    
  -100.5661       32.19360       76.70885    
  -101.3123       37.47530       18.00190    
  -101.2840       37.47390       23.94345    
  -116.1784       31.22030       2041.218    
  -95.96930       32.01920       21.84183    
  -121.5405       39.98540       4784.390    
  -100.5402       32.19250       42.84770    
  -95.69570       30.75240       2.821901    
  -97.83650       38.49410       4.397328    
  -86.58600       15.68100       127.3273    
  -86.58470       15.66170       106.8194    
  -100.5746       32.21760       78.80973    
  -93.44110       33.84520       70.63084    
  -116.6327       32.05440       662.4092    
  -121.2331       45.76900       16319.23    
  -85.64310       15.49880       79.35667    
  -101.1871       42.19090       19.20980    
  -112.0705       35.06890       24459.91    
  -96.29970       34.13880       20.27396    
  -100.5735       42.91130       22.29218    
  -81.77560       35.97180       653.5389    
  -105.9226       36.70910       2018.454    
  -96.32500       34.13970       20.00398    
  -93.41670       33.84440       88.38051    
  -121.2782       45.80440       1867.331    
  -96.74360       37.63240       24.61772    
  -81.16310       27.69060       169.0822    
  -81.14210       27.69040       25.97191    
  -122.6241       53.29590       13468.61    
  -98.93680       32.98390       44.53620    
  -99.29980       41.80500       2.976653    
  -98.28690       26.15080       178.4948    
  -81.16160       27.66870       166.1967    
  -81.14060       27.66850       24.81210    
  -83.46650       35.27140       76.58885    
  -116.1943       31.24480       2439.805    
  -116.2568       49.09000       31068.05    
  -93.77840       33.92890       150.5783    
  -109.4250       33.90000       117.0045    
  -113.7943       33.69180       812.9084    
  -113.7609       33.68980       508.4198    
  -116.6497       32.07930       646.9119    
  -120.6166       51.51720       10749.15    
  -93.27930       30.26510       119.5494    
  -101.7892       31.74980       46.23563    
  -94.16340       17.91170       16.97096    
  -94.11610       35.24250       841.5221    
  -80.62910       26.46930       9.259758    
  -92.05980       30.80460       5.724983    
  -97.12030       28.79900       2.317054    
  -116.9745       47.94710       572.9626    
  -98.09470       32.40320       16.34760    
  -85.76950       15.96290       4.194374    
  -119.0643       50.28930       7560.393    
  -116.5497       31.88240       472.1136    
  -95.82800       30.80280       4670.508    
  -95.80400       30.80200       6327.173    
  -80.89960       26.49300       5.805319    
  -118.7309       42.95400       1385.711    
  -106.6506       35.88330       8418.122    
  -116.6676       32.05650       440.4842    
  -80.89820       26.47150       6.367670    
  -71.09880       19.63980       1.648998    
  -116.9318       47.91020       4810.115    
  -116.1602       31.24280       1912.271    
  -116.1443       31.21830       605.5740    
  -80.57520       22.76500       2.545376    
  -117.8526       45.46660       5473.987    
  -83.95610       32.87490       1316.500    
  -95.92330       30.71370       518.0574    
  -104.5613       24.40950       21.52159    
  -106.6207       35.88170       2895.969    
  -83.95330       32.85110       174.7732    
  -95.82180       30.77960       2534.393    
  -119.4012       44.65040       68.85806    
  -86.59360       37.43520       23.38202    
  -80.50500       26.46830       6.376126    
  -118.6274       43.92060       100.8652    
  -95.92950       30.73700       56.72186    
  -81.42850       27.27780       3.027391    
  -70.83060       19.52160       6.005921    
  -118.6727       43.92450       104.5347    
  -121.5729       40.01560       3519.803    
  -85.00490       30.85760       13.86821    
  -122.2539       44.69260       160.7663    
  -97.62830       36.07800       5.919480    
  -116.8263       31.99470       441.8510    
  -109.6954       27.13670       4.648201    
  -117.7306       45.76710       5426.168    
  -93.02830       34.02620       88.68182    
  -115.8126       46.45180       7634.218    
  -97.29330       28.20210       21.80681    
  -109.0149       26.22630       4.329677    
  -70.85000       19.52150       76.54914    
  -86.56920       37.43460       19.81527    
  -80.76100       26.59970       7.196397    
  -109.4606       45.10080       33.57588    
  -101.1798       39.21490       12.23430    
  -80.55550       22.35420       2.177523    
  -112.6467       46.37880       15.80290    
  -112.6145       46.34440       9437.907    
  -95.50670       37.29700       82.23336    
  -95.49810       37.27080       108.4336    
  -108.8072       25.97720       3.492493    
  -80.96970       22.66500       2.376248    
  -121.2212       45.83040       15423.52    
  -116.4987       48.63770       5414.236    
  -117.7337       45.20910       7008.717    
  -101.1669       39.18740       6.333844    
  -83.73460       31.11470       17.19685    
  -116.8434       32.01960       810.6201    
  -98.13830       27.30140       2.401618    
  -92.94300       17.10410       118.4131    
  -120.3895       51.09620       5292.170    
  -90.11670       16.22420       73.55267    
  -122.2981       44.72700       6811.401    
  -99.07130       30.64020       17.03563    
  -80.57420       22.74450       1.699736    
  -120.3999       49.24140       31763.18    
  -97.91080       26.22570       12.44782    
  -81.46360       22.91580       1.742018    
  -94.13400       35.21830       620.1034    
  -88.23510       31.56720       804.0721    
  -111.7762       25.08590       45.70943    
  -97.88750       26.22500       15.32300    
  -111.7480       25.01970       241.8658    
  -121.5424       41.43580       7819.062    
  -109.4388       33.92530       122.4615    
  -97.99020       26.35820       4.185918    
  -92.20800       30.09840       2.562289    
  -120.3355       40.35650       51.57474    
  -102.2634       39.21740       62.29701    
  -121.8392       39.48990       13.27655    
  -111.7386       24.99770       273.2872    
  -84.41280       31.63500       13.48539    
  -99.07860       30.66350       16.07239    
  -120.3458       49.20200       11192.10    
  -116.5655       47.25590       5184.557    
  -116.1063       47.21560       6555.695    
  -112.6822       46.25480       77.25204    
  -100.4388       39.25840       102.4340    
  -109.8180       33.75110       3614.413    
  -111.6316       25.20940       30.62653    
  -100.4512       39.28600       28.42024    
  -97.73060       36.43750       13.09896    
  -99.79140       35.21680       43.78624    
  -97.06400       34.95440       32.22734    
  -97.22390       27.93360       22.29218    
  -110.3163       27.40940       65.06013    
  -110.2876       27.40810       871.0197    
  -110.3061       27.38670       678.0692    
  -110.2775       27.38540       12.42245    
  -89.22630       15.36200       64.91198    
  -96.17680       38.63520       70.50934    
  -121.2723       45.83510       1195.071    
  -123.4223       44.28520       4963.080    
  -98.31030       26.15150       273.5513    
  -115.8164       46.83550       7913.546    
  -114.7216       45.69840       3397.647    
  -82.63160       33.76600       788.2892    
  -111.6912       24.95240       263.6495    
  -121.9166       39.52350       8.101232    
  -121.3087       40.76970       5066.269    
  -109.0066       26.13850       162.0953    
  -108.9135       26.24380       2.773699    
  -100.9780       37.27730       28.00086    
  -111.5292       44.67370       2441.272    
  -111.2036       40.30740       4.278939    
  -115.8052       46.48300       934.5661    
  -121.5275       40.01190       5771.804    
  -98.10270       36.45320       4.164778    
  -109.6674       33.69390       2367.207    
  -108.3697       25.61070       3.991421    
  -119.0738       50.53730       10147.30    
  -108.3613       25.58870       4.405785    
  -97.43020       36.91080       8.177340    
  -98.08370       36.40150       8.050492    
  -96.82130       32.92680       16.86172    
  -116.4703       47.02110       3824.402    
  -97.40360       36.90970       6.313549    
  -117.3472       33.40270       1389.281    
  -108.4834       44.51040       166.2281    
  -84.93060       30.97150       1.361480    
  -99.02970       36.18830       39.08012    
  -109.1080       26.12100       27.57625    
  -109.4083       33.92360       37.74534    
  -117.3834       33.40500       1419.250    
  -116.1396       47.28340       4636.664    
  -117.3284       33.37710       1103.182    
  -107.8538       30.72050       22.34722    
  -115.9590       30.87820       378.4905    
  -97.68860       38.24950       83.22414    
  -97.73940       37.18150       3.515748    
  -108.7202       26.30100       37.51183    
  -109.1170       26.14330       180.0791    
  -119.9664       49.33600       11838.91    
