  -96.17160       37.94860       114.9693    
  -90.97430       36.93320       14.02401    
  -95.87560       36.61740       18.16909    
  -91.47880       36.18430       20.78481    
  -105.6354       36.77030       21.38092    
  -93.15370       36.06150       19.32774    
  -94.85360       36.04550       129.0590    
  -91.26740       35.92560       2.694146    
  -91.13180       35.87120       79.39407    
  -95.08400       35.72670       72.91888    
  -96.98100       35.77440       47.19015    
  -91.80010       35.01840       97.48255    
  -91.54430       34.86240       33.70625    
  -93.60590       34.82890       32.72345    
  -93.45990       34.65160       38.62441    
  -101.1255       34.78010       53.45484    
  -96.29080       34.43200       33.48815    
  -99.14460       24.08280       16.51246    
  -80.42380       22.51740       14.39829    
  -78.60110       22.07770       27.52006    
  -76.78910       21.05680       4.693660    
  -77.66520       20.83710       22.11145    
  -77.64570       20.83710       45.59249    
  -76.43250       20.65310       13.18568    
  -76.41300       20.65310       7.911355    
  -76.43220       20.63300       13.09615    
  -76.43180       20.59280       22.55237    
  -102.1651       20.91020       40.07360    
  -76.67770       20.01220       14.00795    
  -90.54470       18.98030       21.80698    
  -88.63390       18.49660       2.717558    
  -88.78110       18.36020       14.62535    
  -88.77830       18.12340       2.939069    
  -100.2707       18.09770       12.79134    
  -100.4995       17.76520       36.53806    
  -88.62720       16.45820       16.34260    
  -90.05150       16.37880       33.62207    
  -98.36330       16.43780       30.48337    
  -97.51350       16.06950       64.98799    
  -97.49210       16.06910       51.75871    
  -87.00020       14.91530       17.05799    
  -88.08190       14.79170       20.06544    
  -123.5822       41.98100       202.9381    
  -96.19830       37.94970       32.86178    
  -96.32810       36.66080       13.50374    
  -96.30190       36.65970       26.54151    
  -91.50350       36.18510       21.60705    
  -95.99800       34.61750       24.75334    
  -81.04000       22.48060       14.94397    
  -78.46730       21.54780       50.15166    
  -77.60780       20.89740       2.346099    
  -76.41270       20.63300       8.740368    
  -91.44410       17.57110       5.001357    
  -94.36050       16.38440       117.1090    
  -91.27360       35.95090       21.76455    
  -95.85420       34.14680       20.92155    
  -100.6017       34.04450       127.0601    
  -94.71180       31.71920       1.865732    
  -80.40390       22.51730       9.382990    
  -94.33980       16.38400       54.86358    
  -120.4466       44.22820       195.1684    
  -122.1689       40.78550       342.7195    
  -92.74770       35.84650       19.09195    
  -119.2393       37.02980       167.9031    
  -96.38710       35.52530       15.61370    
  -100.5751       34.04330       135.2117    
  -102.1886       20.91090       64.54131    
  -101.8548       20.77870       30.57765    
  -90.15690       19.15340       43.06928    
  -71.60140       18.92360       1.447924    
  -91.44060       36.03160       10.74122    
  -92.72280       35.84570       14.17373    
  -93.83610       34.86130       37.82990    
  -98.86900       29.08310       2.287143    
  -76.41230       20.59280       49.32075    
  -100.2969       18.11820       23.18800    
  -94.84730       35.69300       22.37763    
  -96.14020       34.67210       28.83611    
  -76.78880       21.03660       3.176788    
  -103.9207       20.65510       2.881440    
  -95.12230       37.38570       37.69794    
  -97.18320       36.28770       26.04628    
  -94.90470       36.04740       44.12869    
  -91.51990       34.86170       14.32346    
  -95.35900       34.81590       21.22810    
  -80.51480       22.33350       3.466732    
  -95.29150       18.17010       2.794997    
  -91.06400       36.09590       73.81989    
  -76.71170       21.11720       1.397498    
  -88.48030       18.35620       10.35501    
  -90.22690       15.02720       15.73055    
  -89.60790       37.53820       26.81928    
  -98.55740       21.98070       2.420409    
  -104.0151       20.55570       16.17939    
  -88.63810       18.12160       16.58239    
  -84.69970       14.83790       13.94170    
  -95.10950       35.72770       46.31353    
  -80.34130       22.45530       3.548974    
  -104.0087       20.71910       30.63828    
  -91.19870       16.80360       5.842078    
  -97.29490       34.34770       62.74598    
  -102.2042       17.92530       5.835316    
  -96.60440       35.33400       24.47553    
  -98.97220       34.90830       23.95976    
  -99.49320       19.17820       16.38249    
  -88.49610       18.10000       14.03335    
  -93.10350       36.05980       30.65429    
  -91.07640       36.04580       2.698948    
  -98.66280       35.34260       21.97389    
  -95.92450       34.54110       23.62296    
  -111.1461       29.00050       44.21749    
  -88.53320       15.31560       5.204601    
  -99.94990       35.42340       28.63293    
  -81.57210       22.71070       3.960540    
  -88.72470       18.39900       1.383091    
  -91.68420       34.94070       25.90287    
  -94.07320       35.26590       23.52717    
  -77.70430       20.83720       4.640919    
  -101.1850       20.57650       4.530321    
  -93.88380       16.20120       71.83490    
  -88.50600       15.21900       11.65325    
  -98.67480       35.51810       18.61453    
  -88.50450       15.19980       17.66138    
  -94.78010       33.67170       21.72623    
  -98.59770       18.51730       10.73925    
  -95.19720       18.24750       3.227213    
  -95.05300       18.12590       11.18387    
  -80.37830       22.82550       3.298220    
  -90.06300       14.96750       36.59903    
  -99.21690       18.65110       26.37546    
  -96.64330       35.76100       75.01646    
  -94.64210       34.22580       42.72301    
  -88.70280       18.37890       14.25395    
  -88.84710       18.00620       32.13446    
  -123.6194       41.13280       184.9938    
  -90.08290       14.96770       38.82877    
  -88.68280       18.99270       6.645750    
  -88.62160       18.57550       15.84413    
  -98.56430       18.57630       3.097548    
  -96.85040       16.64360       50.12624    
  -104.6150       21.10690       8.755569    
  -88.47470       18.29690       4.163681    
  -90.80360       17.46340       5.934809    
  -98.46220       17.85840       15.14482    
  -97.92650       16.68400       16.70890    
  -87.88070       15.50130       24.58569    
  -101.1895       20.59700       23.02078    
  -101.8602       20.90150       4.185292    
  -98.65680       18.47870       20.53837    
  -93.90210       16.18200       94.98773    
  -109.6423       30.50830       101.3654    
  -92.42740       16.35380       4.214106    
  -92.59770       15.09670       7.025705    
  -104.2454       19.84970       163.5806    
  -87.58680       14.95940       18.00940    
  -103.3806       19.60200       30.47087    
  -93.02910       16.44090       14.50130    
  -98.64710       19.03790       103.9045    
  -87.93070       15.38610       28.61219    
  -87.86760       15.32770       34.26269    
  -88.00180       15.29060       3.647423    
  -80.42480       22.53790       8.421008    
  -92.33100       16.21610       1.887343    
  -107.2989       24.25590       2.427613    
  -104.3216       19.77080       12.82554    
  -94.02840       16.20350       9.049380    
  -87.89810       15.21250       6.831213    
  -75.78590       20.11090       1.332666    
  -78.74340       22.20090       7.753877    
  -75.78580       20.09090       66.89741    
  -92.32680       16.17720       5.316257    
  -88.14490       15.36920       13.62096    
  -87.88720       15.32790       5.424311    
  -92.26360       16.15680       28.81503    
  -94.46160       37.41250       23.74876    
  -97.79780       37.83390       17.63182    
  -70.34600       18.92870       123.8091    
  -92.30430       16.15740       1.491145    
  -92.43490       16.23710       1.570385    
  -92.43280       16.21770       7.695324    
  -92.28610       16.17660       2.031415    
  -93.01300       16.65530       31.25099    
  -92.36750       16.17780       15.94023    
  -92.36960       16.19730       9.180408    
  -92.38990       16.19760       16.70659    
  -98.93880       22.79870       10.70745    
  -98.89890       23.02660       2.038619    
  -100.1438       18.01520       23.22062    
  -93.32030       15.76490       26.18881    
  -98.45420       18.57390       2.427613    
  -92.65040       34.82240       33.75804    
  -99.32010       44.94140       18.91536    
  -85.49990       34.83710       23.30681    
  -94.36290       16.40390       33.84310    
  -98.58280       18.55680       1.664032    
  -54.94720       48.49390       13.91999    
  -103.4516       19.50290       44.39764    
  -98.80350       18.56180       31.11410    
  -98.62330       18.53780       11.69689    
  -88.64690       18.00350       1.988194    
  -98.55720       18.53630       7.832130    
  -99.06550       18.54780       27.31225    
  -98.96150       18.70510       2.593296    
  -79.51620       38.31480       8.983354    
  -98.59420       18.49730       18.95818    
  -78.65670       21.95550       9.015005    
  -79.64950       22.06240       2.604101    
  -98.31610       36.46230       4.397798    
  -75.78680       20.25100       2.089044    
  -96.04680       33.71630       24.38719    
  -71.59970       19.77740       22.26628    
  -78.65980       22.05750       1.721660    
  -79.55120       22.08220       2.780590    
  -78.90400       37.73310       10.97966    
  -98.57070       18.73610       24.82719    
  -98.12090       27.23500       1.908954    
  -75.86430       42.75030       9.052351    
  -98.12000       27.41070       5.029553    
  -76.11970       20.55220       3.930764    
  -71.60020       19.75740       3.479339    
  -101.9086       37.32310       106.3801    
  -78.65610       21.93510       25.89780    
  -93.25200       38.84080       6.059669    
  -97.53200       34.52880       75.25628    
  -75.14570       20.27070       7.079698    
  -55.01080       48.83200       55.46645    
  -91.39940       39.69160       14.65941    
  -97.25140       36.03730       22.99387    
  -99.88110       30.00490       23.49088    
  -77.39770       21.15930       3.680046    
  -95.88170       39.88900       10.59649    
  -90.58290       35.50430       5.278438    
  -93.88150       16.18170       39.05183    
  -101.8802       37.32160       186.3194    
  -77.41730       21.15930       3.460129    
  -88.38640       16.64980       3.389294    
  -95.35830       38.09970       14.41806    
  -90.90410       35.93990       4.858730    
  -97.65230       26.95730       65.30626    
  -92.44370       41.33350       4.714036    
  -91.49890       40.40710       22.67591    
  -101.9206       37.34960       115.2413    
  -101.8922       37.34820       276.9398    
  -98.30590       32.67260       33.28938    
  -100.2659       30.73210       10.21255    
  -97.64680       26.93530       70.57495    
  -93.42080       41.51190       2.798599    
  -94.06350       40.69590       2.539269    
  -97.26550       40.63810       5.546772    
  -97.50910       39.38960       3.138369    
  -95.88560       38.41100       2.528464    
  -94.56610       36.92610       37.18217    
  -96.68360       28.38280       159.5573    
  -104.1824       19.78700       15.83527    
  -93.96880       41.98920       2.996697    
  -88.56710       33.44340       61.21484    
  -94.96080       29.90460       21.89548    
  -103.9898       20.73900       25.36448    
  -91.73620       40.14000       3.220009    
  -96.45160       38.14400       56.62506    
  -90.96430       34.64840       2.766182    
  -100.1454       33.58740       17.86432    
  -80.08250       22.45370       5.525586    
  -98.38500       16.43820       42.14965    
  -56.17480       48.91330       85.83710    
  -90.60730       35.50500       4.613185    
  -95.83680       35.62940       38.83693    
  -94.47060       29.70800       40.21766    
  -94.46520       29.68520       116.1798    
  -80.06260       22.45360       4.619565    
  -77.62530       20.79670       170.0863    
  -71.06050       18.94540       115.6211    
  -95.31160       40.55250       8.313853    
  -89.97000       40.35700       5.678839    
  -98.36510       37.36390       25.66023    
  -90.95860       34.62370       4.437418    
  -96.67220       28.33800       108.2096    
  -92.98690       41.01670       19.57402    
  -93.17520       40.35700       4.437418    
  -97.21560       39.89250       3.311255    
  -97.44350       38.23880       5.123818    
  -102.5791       38.22070       120.7287    
  -97.39270       36.80660       9.770483    
  -80.89120       35.71030       8.680800    
  -99.87370       29.98180       32.04794    
  -99.24230       29.11890       14.21376    
  -80.08340       22.47420       3.652225    
  -80.08160       22.43320       5.969384    
  -80.06170       22.43300       52.41883    
  -93.20750       39.45710       2.852625    
  -82.31090       28.11970       38.80960    
  -96.77220       38.66030       48.09144    
  -97.06830       38.59320       17.40853    
  -95.00610       38.37580       2.171885    
  -102.5500       38.21910       130.6146    
  -101.1525       34.78140       26.51515    
  -97.98080       34.27690       24.47553    
  -89.59560       31.18040       93.25953    
  -97.22390       27.93360       130.2945    
  -97.20030       27.93290       218.7442    
  -81.32960       22.66760       3.755477    
  -66.06270       46.00250       31.61258    
  -93.31630       36.72770       16.91981    
  -95.50260       36.65410       28.61339    
  -96.16560       34.67300       17.02034    
  -85.03960       30.05820       77.72778    
  -97.21810       27.91130       72.39951    
  -97.19450       27.91060       18.63852    
  -98.14510       27.14800       39.82069    
  -77.99620       20.77770       43.63127    
  -87.90390       15.28960       19.31904    
  -87.90240       15.27030       27.26303    
  -95.67780       40.51260       7.244420    
  -97.84710       40.49870       4.336567    
  -94.15870       39.62860       35.06098    
  -93.65120       34.90450       28.87890    
  -93.68590       33.39420       2.528464    
  -89.57710       31.20310       63.91534    
  -97.53400       26.38750       11.78832    
  -82.28020       23.12920       3.120960    
  -79.95790       22.33000       21.30473    
  -76.23670       20.57250       2.891045    
  -94.43680       40.68300       4.242920    
  -97.15300       40.08130       3.239219    
  -93.48130       39.57560       90.74200    
  -96.76220       38.63330       72.67638    
  -94.77210       37.58000       17.62988    
  -97.81400       36.16160       3.196598    
  -89.59990       31.20360       38.06957    
  -77.99670       20.79790       7.247508    
  -91.50370       38.86020       18.13848    
  -96.46120       38.17070       50.15451    
  -102.5661       38.19360       15.26443    
  -105.9691       37.61770       102.9543    
  -95.29090       34.83810       22.68418    
  -93.71020       33.39500       2.946273    
  -101.8065       31.72710       31.11018    
  -110.2059       31.56640       43.08006    
  -85.06150       30.05860       181.6736    
  -96.70720       28.38360       40.99385    
  -97.62890       26.95660       13.80570    
  -97.62330       26.93450       105.2885    
  -78.21640       20.98010       146.4985    
  -78.21590       20.95990       54.56463    
  -77.46900       20.79630       5.623713    
  -104.4641       19.57220       40.61693    
  -95.05100       41.18330       2.942671    
  -92.48790       39.32310       20.00468    
  -91.11330       35.99650       9.748270    
  -97.81180       36.00980       39.97267    
  -97.80270       35.98420       26.58427    
  -97.77630       35.98310       16.61390    
  -96.78190       35.71620       30.84803    
  -96.19630       35.16890       2.686943    
  -89.48310       33.94900       2.485242    
  -116.3288       33.26440       399.4503    
  -97.17670       27.93210       76.72633    
  -77.05170       20.35320       2.542871    
  -93.90450       16.20150       28.71165    
  -105.9995       37.61950       119.8457    
  -97.93460       35.98970       3.018309    
  -115.5005       35.58980       150.3537    
  -115.4809       35.56330       204.6658    
  -115.4614       35.53670       207.2961    
  -95.36290       34.49600       36.07951    
  -96.96290       34.33490       15.33237    
  -96.87410       34.13600       44.75526    
  -78.63690       21.95540       23.84254    
  -78.77010       21.79300       3.073056    
  -78.31860       21.14200       4.650439    
  -77.14060       21.01720       2.921859    
  -93.92280       16.18230       41.75252    
  -93.89980       16.16250       39.41939    
  -56.10520       48.64240       60.49296    
  -94.69830       40.19620       13.00826    
  -94.67110       40.19510       7.504950    
  -95.84100       39.77820       5.888443    
  -93.28890       39.29810       10.82161    
  -92.21190       38.91080       18.09876    
  -97.05820       38.56620       20.77138    
  -93.92410       37.16010       28.84197    
  -90.75610       36.03630       6.187892    
  -117.7883       36.71770       50.38095    
  -98.61010       35.34040       16.63742    
  -93.07260       31.08710       232.4304    
  -96.63080       28.35890       83.82091    
  -96.98590       28.19220       49.87801    
  -77.78250       20.83750       3.310854    
  -77.76300       20.83740       4.227073    
  -77.62570       20.81690       13.22411    
  -94.68860       40.16830       11.19800    
  -92.49600       39.35040       28.76148    
  -93.31540       39.29910       17.32197    
  -94.40450       37.22920       51.10791    
  -97.80290       37.21000       8.050023    
  -97.79310       37.18380       10.80540    
  -99.13150       34.98940       4.322160    
  -92.93150       30.04990       6.717357    
  -82.61930       29.01110       100.6674    
  -96.98020       28.16980       109.5129    
  -97.53800       26.77910       72.34816    
  -97.51460       26.77840       64.68837    
  -90.19560       20.19450       8.747662    
  -76.92170       18.01390       2.761380    
  -96.55780       38.73100       15.47303    
  -95.39300       37.96970       14.95727    
  -90.76220       36.06170       3.244021    
  -93.81870       35.68170       207.0961    
  -91.16930       35.52150       6.036114    
  -99.60570       33.01100       43.76993    
  -98.31370       32.69670       31.57392    
  -99.89870       29.98280       44.25713    
  -97.17100       27.90980       78.27168    
  -92.32360       40.51910       2.297948    
  -93.49000       39.60300       10.13547    
  -93.50790       39.57660       70.02062    
  -93.45460       39.57460       13.93897    
  -96.54460       39.56370       19.01670    
  -94.70610       38.33770       2.596898    
  -98.07440       36.73290       29.77387    
  -96.32370       35.79870       14.83203    
  -96.29780       35.79770       37.01505    
  -91.85730       35.54240       67.76202    
  -98.26980       35.47600       57.90666    
  -95.53330       34.64970       26.74572    
  -97.92680       34.71690       12.77424    
  -90.14330       34.28270       2.933666    
  -95.88780       33.92890       13.10519    
  -102.2846       30.99980       51.23755    
  -99.71230       29.22620       34.86903    
  -82.31270       28.14180       16.14308    
  -96.66010       28.38210       26.56621    
  -97.88170       26.94260       44.58578    
  -86.43760       14.91000       26.66923    
  -97.05340       39.96720       9.497947    
  -77.87560       37.05380       41.70885    
  -95.20980       37.33720       29.52380    
  -96.79010       36.34800       20.97074    
  -98.19510       35.77380       7.394495    
  -96.30480       34.87560       18.70831    
  -98.28260       31.02720       19.21235    
  -98.25780       31.02620       17.94247    
  -96.65440       28.35970       26.90654    
  -97.59990       26.93380       64.51788    
  -99.37450       24.17420       18.56764    
  -94.42760       41.58070       2.787793    
  -93.43050       41.54060       2.593296    
  -95.57530       40.89740       7.704254    
  -94.67380       40.66480       5.964581    
  -96.44190       39.72220       3.705052    
  -96.41440       39.72100       4.483727    
  -97.40060       39.73720       6.558158    
  -97.37270       39.73600       25.68774    
  -94.62200       37.75680       16.90312    
  -95.53550       36.83450       25.02157    
  -97.88570       35.56020       31.15707    
  -97.87670       35.53480       4.480639    
  -96.06790       34.84200       66.87165    
  -82.43490       28.85280       5.501492    
  -80.28580       22.10700       4.253005    
  -78.44930       21.60860       2.708553    
  -95.04060       41.15470       5.662030    
  -93.49970       40.53520       2.467233    
  -97.42170       40.06600       5.788093    
  -97.04250       39.93940       3.760279    
  -93.30510       39.43370       2.528464    
  -93.16400       39.40150       4.495349    
  -93.56570       38.00550       18.89189    
  -96.79180       36.65380       36.04434    
  -97.02810       36.58680       2.832816    
  -91.10720       35.97110       7.423310    
  -91.10720       35.87040       32.31181    
  -82.34300       29.03030       21.33403    
  -79.09710       22.12080       2.665332    
  -95.88770       42.07100       4.783191    
  -92.42550       41.36100       2.899449    
  -94.84860       37.81760       21.53836    
  -94.84010       37.79120       44.30915    
  -94.98190       37.51000       7.066732    
  -82.41350       28.85250       42.59232    
  -97.85820       26.94190       25.78344    
  -77.95130       21.36330       2.633636    
  -78.19680       20.98000       50.16876    
  -95.16420       38.06570       18.09876    
  -90.59930       35.67990       3.776487    
  -93.99850       35.08950       28.81503    
  -85.34710       30.77130       2.226393    
  -78.21690       21.00030       43.55708    
  -77.97710       20.79780       5.553976    
  -94.24030       41.51630       2.434817    
  -95.30450       40.60770       3.083141    
  -93.84300       40.52080       2.685502    
  -95.74450       39.88320       3.241620    
  -97.08940       38.43500       5.085742    
  -94.62480       37.52240       19.75980    
  -96.40800       36.97160       147.2115    
  -96.99270       36.55990       18.80208    
  -87.67000       35.95410       27.64877    
  -98.63900       35.49150       93.68220    
  -98.62980       35.46610       51.29546    
  -94.09670       33.57630       23.83371    
  -77.47890       21.30110       3.147973    
  -77.92310       20.99930       19.73423    
  -77.60570       20.79670       134.6914    
  -93.76690       16.08260       3.027914    
  -103.0237       43.76090       21.31356    
  -97.41060       40.03800       7.756882    
  -94.87430       38.60920       18.05187    
  -96.29600       38.37500       50.47492    
  -95.35730       37.62860       17.82465    
  -95.33100       37.62760       15.09793    
  -95.51020       36.75660       53.49919    
  -92.08100       36.50780       23.66487    
  -97.01910       36.56090       23.77221    
  -96.46450       35.52830       58.70375    
  -96.03020       35.36180       39.39076    
  -96.24740       35.17090       20.39627    
  -96.09330       34.84300       74.38779    
  -97.86280       34.07670       42.02726    
  -85.34420       30.74830       9.660345    
  -94.33410       30.59420       22.41745    
  -81.97600       27.32680       67.08437    
  -97.88730       26.96470       53.18437    
  -78.71220       21.83340       4.221309    
  -78.46780       21.56810       11.32226    
  -78.44760       21.54770       24.55619    
  -90.05820       20.07170       51.79469    
  -94.34220       16.40360       114.3864    
  -95.41140       40.00600       8.165680    
  -97.27140       39.89500       4.708273    
  -93.18200       39.37510       5.762880    
  -96.30430       38.69370       36.65598    
  -97.44370       38.66270       40.01890    
  -97.91410       36.72610       159.5598    
  -97.88740       36.72490       101.0621    
  -97.90460       36.70010       11.24122    
  -96.76540       36.65280       22.83445    
  -82.57380       33.64460       30.98538    
  -97.43860       33.93840       22.22490    
  -93.09610       31.08780       170.6439    
  -99.85130       31.06340       20.63071    
  -81.95500       27.32660       26.28381    
  -97.86380       26.96390       41.24971    
  -77.44940       20.79620       3.889944    
  -90.03760       20.07140       45.31956    
  -88.92970       17.39840       45.96122    
  -88.93200       40.13320       2.985172    
  -97.63820       39.23350       2.816607    
  -96.61670       39.10800       20.30250    
  -94.48680       38.22380       3.727143    
  -91.94940       37.79250       75.79401    
  -88.68270       37.48680       19.78424    
  -94.90420       37.42920       19.59918    
  -95.06630       35.75120       74.97176    
  -94.75590       35.63960       38.81599    
  -95.89270       35.40650       20.36111    
  -95.19370       30.46020       81.13005    
  -84.17560       30.13590       41.90108    
  -95.92560       29.91220       27.21587    
  -77.60430       21.66660       3.382090    
  -78.48750       21.56810       6.526462    
  -78.44810       21.56800       44.76704    
  -78.48690       21.54780       7.354876    
  -78.33820       21.14210       26.81393    
  -78.19730       21.00020       19.52902    
  -77.88400       20.99910       20.36229    
  -98.86570       18.66300       54.57968    
  -91.08420       41.25690       7.725861    
  -98.14010       41.32250       5.030514    
  -94.74630       40.64000       3.536968    
  -93.55230       40.28870       10.94389    
  -93.02930       38.01260       32.57018    
  -97.64240       37.77490       5.856527    
  -95.86550       36.97570       23.05326    
  -89.68230       36.13190       15.71401    
  -93.84380       35.68250       166.0592    
  -93.23860       34.27670       151.3160    
  -97.83810       34.00270       21.54503    
  -77.60620       20.81680       12.19319    
  -77.69500       18.42820       30.10953    
  -64.05110       50.70110       78.06736    
  -93.56150       40.31660       6.007802    
  -93.32390       39.32640       9.818506    
  -93.34500       39.05830       7.967182    
  -94.76890       37.97170       30.34058    
  -89.51410       37.01890       5.938168    
  -95.12120       36.74180       17.79399    
  -96.17980       36.68040       31.54189    
  -90.72510       36.11110       6.821809    
  -90.71900       36.08570       9.778887    
  -97.83820       36.01090       63.13467    
  -97.78540       36.00870       23.09925    
  -84.82060       34.79990       11.72200    
  -76.25620       20.57250       2.831015    
  -98.71940       18.46020       11.56009    
  -95.11040       16.39700       32.72345    
  -56.12470       48.81260       85.74461    
  -65.93480       46.38800       68.07770    
  -91.05760       41.62340       2.442021    
  -93.96440       41.19490       2.931865    
  -98.15250       41.35130       5.532365    
  -98.10770       38.08360       3.709854    
  -89.50830       36.99310       40.48941    
  -95.12940       36.76770       19.08341    
  -96.38620       35.60040       51.81548    
  -98.63650       35.34150       6.634516    
  -97.34760       34.96560       5.896147    
  -84.48550       34.54840       6.495994    
  -96.77340       34.45020       94.15647    
  -96.74800       34.44920       16.83279    
  -98.55870       34.47190       42.46879    
  -97.80950       31.24210       155.8716    
  -98.13940       27.12590       49.71689    
  -77.89430       21.44420       44.44872    
  -77.69460       18.40850       21.43379    
  -94.37920       41.52200       4.914056    
  -97.67160       38.27520       14.25593    
  -94.69290       37.65510       43.93404    
  -91.24330       37.40560       91.87762    
  -94.73880       36.90690       27.28232    
  -98.97910       36.74680       38.11993    
  -97.04180       35.95300       17.67677    
  -95.89600       35.25710       23.41659    
  -95.88810       35.23190       49.71689    
  -95.86260       35.23090       98.24699    
  -98.62730       35.31620       90.50678    
  -98.73960       35.19640       33.59525    
  -97.67520       35.10270       15.84814    
  -97.30300       34.37260       22.49390    
  -94.88350       29.97050       124.4564    
  -82.39610       28.38580       15.62273    
  -81.97440       27.30500       26.54906    
  -98.12150       27.14730       23.39087    
  -81.03590       26.68840       37.79695    
  -94.26650       40.81530       6.644518    
  -93.99550       40.41620       5.179389    
  -89.98120       40.00030       2.600499    
  -90.51270       37.98230       19.00212    
  -91.26850       37.40640       68.89487    
  -91.15480       36.86180       18.36597    
  -98.32060       36.89740       27.11688    
  -90.97160       36.01740       2.816607    
  -91.15640       35.87190       11.83263    
  -91.12570       35.84590       8.543470    
  -91.24280       35.52370       3.493746    
  -98.27630       35.27660       18.61453    
  -96.46640       34.51220       74.82064    
  -97.81660       31.26560       47.10233    
  -99.87660       31.06440       22.19036    
  -94.90700       29.97120       8.521859    
  -94.90140       29.94830       11.76348    
  -94.87790       29.94750       15.02311    
  -95.93150       29.93510       3.116757    
  -81.93740       27.08690       14.53395    
  -81.31350       23.10040       1.815307    
  -78.93470       21.99750       4.523860    
  -78.91490       21.99740       3.399299    
  -77.89380       21.42390       48.31882    
  -77.99720       20.81800       5.078538    
  -93.12130       40.43780       3.143171    
  -94.34930       40.43020       4.012405    
  -96.89100       39.33520       16.76245    
  -93.82380       36.56670       63.46100    
  -90.74360       36.08640       7.965741    
  -91.11950       35.92110       12.54547    
  -91.09490       35.92040       16.24834    
  -97.03310       35.92750       14.01763    
  -91.16300       35.59630       2.686943    
  -95.23490       35.23260       22.83744    
  -78.22330       21.99450       2.009804    
  -78.01620       20.79790       5.950174    
  -84.46880       15.18140       55.59386    
  -96.60660       39.08080       49.08733    
  -76.83150       38.35030       9.613154    
  -91.12580       38.21160       23.66868    
  -94.58000       37.62480       6.490444    
  -97.73940       37.18150       11.96878    
  -96.18850       36.70640       40.41744    
  -98.98920       36.77280       24.99130    
  -90.73760       36.06100       10.81981    
  -93.17880       36.06240       28.20350    
  -97.98070       36.11800       29.29159    
  -81.84140       34.75440       21.54277    
  -103.7145       35.32650       42.45707    
  -93.58110       34.82800       36.31354    
  -91.76430       34.57360       4.749574    
  -81.74740       28.77850       46.40293    
  -80.84780       26.66520       6.497647    
  -80.82710       26.66510       8.990093    
  -81.31300       22.72920       7.275637    
  -81.29300       22.72910       6.361807    
  -81.29180       22.70850       8.529062    
  -76.86800       21.09740       9.994784    
  -76.86770       21.07720       20.11494    
  -95.15320       36.92250       11.56009    
  -90.57560       36.51230       5.957377    
  -98.35660       35.93170       4.715957    
  -90.61830       35.13220       8.327362    
  -91.55070       34.78860       26.69443    
  -77.90300       21.80990       18.32865    
  -77.43180       20.89690       2.204302    
  -77.41230       20.89690       2.831015    
  -77.43030       20.81630       3.652225    
  -76.77930       20.35260       3.398899    
  -76.75980       20.35260       3.430286    
  -76.95350       20.29280       25.28979    
  -95.19170       37.44020       18.23943    
  -97.74920       37.20770       12.42621    
  -98.61050       36.47500       51.44393    
  -90.86070       36.06460       4.786792    
  -91.08870       35.89500       14.35177    
  -95.26030       35.23350       22.99072    
  -95.88020       34.88440       77.24506    
  -95.93310       34.81230       29.61971    
  -95.89920       34.54010       72.81677    
  -81.99700       27.32700       27.12328    
  -79.89480       22.71960       37.58738    
  -79.87480       22.71940       4.224911    
  -79.89390       22.69900       17.84764    
  -79.87400       22.69890       11.07193    
  -78.49510       21.83250       4.333565    
  -77.88440       21.01930       11.90053    
  -77.88350       20.97890       3.565782    
  -99.90820       39.82860       3.360479    
  -96.38170       36.97050       109.8606    
  -98.63730       36.47620       41.99601    
  -91.78550       35.84090       13.77154    
  -81.64860       34.65380       14.67281    
  -91.55670       34.81340       41.30328    
  -100.9189       34.99370       39.56564    
  -91.67590       34.20400       67.40112    
  -79.89040       22.61670       2.989494    
  -80.38980       22.20980       5.425911    
  -78.41730       21.87290       5.852025    
  -78.20030       21.87210       3.068733    
  -71.32770       19.06310       26.35105    
  -71.30830       19.06320       66.27911    
  -71.32820       19.04330       53.56837    
  -84.38320       15.37290       19.89974    
  -93.99670       41.99040       7.531037    
  -95.54730       38.42380       16.27013    
  -93.51640       38.26680       25.00367    
  -89.63040       38.06100       13.69112    
  -90.58790       36.56360       3.205602    
  -97.75910       36.00760       83.88260    
  -97.75000       35.98200       73.56725    
  -96.42860       35.65220       17.40482    
  -100.5392       34.01740       29.78638    
  -84.12670       30.68320       12.44932    
  -84.10470       30.68290       24.56175    
  -80.30570       22.10710       4.618709    
  -78.10090       21.06040       2.860630    
  -103.5512       19.32390       76.65219    
  -84.46780       15.16220       18.33089    
  -96.95080       40.26450       3.133566    
  -94.03300       39.16450       3.119159    
  -98.44090       35.73390       43.34533    
  -94.88530       35.56910       25.94885    
  -92.93650       30.07280       96.25446    
  -97.61780       26.91250       57.88791    
  -78.05870       20.93920       19.27096    
  -93.93800       41.90220       2.629314    
  -92.64310       41.11590       18.44248    
  -93.94120       40.96980       4.217708    
  -93.18100       39.45610       4.588693    
  -96.62720       39.56720       19.92739    
  -91.00410       39.19210       7.237217    
  -95.84030       39.18280       61.16538    
  -95.81310       39.18160       65.45563    
  -94.31690       38.90740       2.406003    
  -94.59590       37.75580       16.34820    
  -95.09620       37.38470       13.50374    
  -81.50900       34.62760       11.27910    
  -89.45950       33.94830       21.95931    
  -97.50370       26.73440       144.1512    
  -97.49820       26.71250       82.34702    
  -80.27880       22.39340       3.025512    
  -94.41000       41.60830       3.133566    
  -94.10050       40.72510       3.639619    
  -94.07310       40.72400       3.162381    
  -95.71700       40.76410       5.020909    
  -92.76230       40.47970       3.691845    
  -92.73540       40.47880       4.840819    
  -90.13450       40.38970       2.470835    
  -91.52540       40.40800       8.691143    
  -95.66060       40.53960       6.981489    
  -93.48900       40.09390       4.580690    
  -94.08120       40.03450       2.578889    
  -94.51290       39.96940       3.006989    
  -78.43900       38.80960       15.12198    
  -95.48570       38.47430       55.17152    
  -96.37870       38.45780       21.77165    
  -96.39060       36.99660       73.35625    
  -96.35530       36.96950       81.96019    
  -96.37270       36.94450       105.9200    
  -90.58180       36.53790       2.650925    
  -91.51640       36.23610       19.53219    
  -98.55630       35.26340       5.672835    
  -95.84090       35.08110       24.56209    
  -97.21010       34.32000       26.18694    
  -95.20000       34.02590       25.82624    
  -97.52700       26.73520       96.97373    
  -97.52160       26.71320       144.7850    
  -82.95530       21.80120       18.66142    
  -75.63170       20.33100       9.656205    
  -95.86130       39.83360       4.448944    
  -96.92840       39.71620       2.622111    
  -90.98110       39.48800       4.250124    
  -90.54600       39.20430       23.06999    
  -95.57390       38.95720       25.38984    
  -95.64960       38.03240       36.39289    
  -96.41690       36.99770       75.11455    
  -96.39910       36.94550       68.08134    
  -90.93450       36.16780       6.430721    
  -96.08140       35.36370       13.69129    
  -98.54720       35.23810       33.00914    
  -94.82470       34.94490       71.05409    
  -96.87120       34.67520       31.65721    
  -96.31610       34.43290       33.80624    
  -117.3723       33.62430       376.1010    
  -82.54780       28.67600       2.679739    
  -80.92420       26.55790       37.88549    
  -83.15450       22.66310       6.043820    
  -76.62590       20.53290       22.69312    
  -86.61550       15.25750       10.91139    
  -95.37760       41.02880       2.665332    
  -93.30160       39.92260       62.59187    
  -96.21160       39.68510       10.09785    
  -96.33970       39.23070       25.96031    
  -78.36500       38.78250       19.61875    
  -94.99720       38.34900       11.68699    
  -97.52890       38.11080       17.65333    
  -90.94060       36.19330       9.239223    
  -91.15040       35.74620       4.185292    
  -96.19690       34.77280       16.05914    
  -95.71750       34.68100       15.97708    
  -120.9266       35.68930       50.04314    
  -98.07740       34.03650       23.87536    
  -85.04230       30.08100       295.2411    
  -80.86070       26.53580       9.087342    
  -76.84840       21.09730       4.437418    
  -76.88730       21.07720       33.17214    
  -76.84810       21.07710       6.821090    
  -76.80300       20.65380       2.408164    
  -76.93410       20.29280       4.290345    
  -77.24090       20.03340       11.22050    
  -96.23900       39.68630       16.38243    
  -95.87490       38.30480       16.66868    
  -92.93620       37.95690       23.72532    
  -94.26220       37.43100       15.33237    
  -88.09290       37.00680       90.44223    
  -90.98080       36.95900       34.35192    
  -93.93330       36.59610       70.23663    
  -95.40610       36.19250       20.31422    
  -90.35930       35.05050       2.650925    
  -97.81600       34.46640       18.07532    
  -97.79020       34.46530       18.38009    
  -80.86200       26.55740       4.257328    
  -80.84000       26.53560       5.143370    
  -78.43710       21.87300       4.545471    
  -78.43650       21.85270       5.042520    
  -78.41680       21.85260       8.572284    
  -78.04200       21.85120       2.067433    
  -77.20290       21.21940       14.25395    
  -92.49510       14.88320       4.646322    
  -89.82950       41.21560       4.502250    
  -92.22070       39.82880       15.21673    
  -94.58840       37.65120       13.00431    
  -90.95940       35.96670       2.879039    
  -90.94110       35.89060       5.429615    
  -90.89510       35.38870       3.443321    
  -92.16970       35.32760       17.43427    
  -95.85490       34.88350       24.34529    
  -89.36190       34.62920       19.20844    
  -96.59900       34.29660       14.48839    
  -99.00560       32.06000       32.00105    
  -98.99780       32.03610       18.40038    
  -92.90330       30.02630       19.86762    
  -82.32160       29.03000       15.75436    
  -76.88760       21.09740       4.712955    
  -76.86740       21.05700       7.098428    
  -76.43160       20.57270       4.264531    
  -76.41210       20.57270       50.00481    
  -88.16120       41.25010       19.37136    
  -91.32190       40.70570       2.402400    
  -93.47250       39.54820       7.754282    
  -92.75460       35.87180       17.06271    
  -96.36870       35.62480       42.55199    
  -94.14560       34.82240       273.7200    
  -97.36870       34.03300       27.99213    
  -83.84830       30.33610       36.82347    
  -92.95460       30.05050       39.31045    
  -99.03930       28.17130       29.57459    
  -80.71440       26.51310       6.801399    
  -80.71320       26.49150       8.381388    
  -79.14180       21.69300       2.802201    
  -78.40090       21.28400       36.70852    
  -78.43970       21.26390       6.015006    
  -77.60660       20.83690       7.292205    
  -76.80320       20.67390       2.838218    
  -76.62620       20.55300       57.40016    
  -92.88590       41.94640       2.211505    
  -99.30990       40.12750       26.65039    
  -97.08730       39.91410       3.623411    
  -94.94230       37.14610       18.96619    
  -95.83930       36.97470       28.17968    
  -90.50750       36.53580       4.549074    
  -95.49220       35.41640       17.62988    
  -103.7262       35.35200       48.51343    
  -80.42000       22.43530       6.151875    
  -78.17520       20.89930       47.00324    
  -88.63170       43.57760       4.903251    
  -99.33860       40.12890       6.331964    
  -94.23170       38.31960       2.463631    
  -94.76030       37.94510       6.853026    
  -90.91660       35.88990       4.094046    
  -98.00580       36.04320       36.93210    
  -95.00700       35.47350       25.68829    
  -91.97280       35.32150       14.39763    
  -89.38570       34.62980       30.31111    
  -92.34800       34.10240       21.00686    
  -98.68800       32.61610       14.81660    
  -89.13580       31.14650       17.83448    
  -94.66490       29.64580       14.40849    
  -80.73520       26.51320       4.768783    
  -78.47710       21.89360       3.810704    
  -78.53520       21.85310       39.77394    
  -77.62610       20.83700       5.170744    
  -77.64530       20.81690       5.960979    
  -95.81550       40.87980       9.324659    
  -91.31380       40.67770       3.162381    
  -93.98610       40.38820       6.563921    
  -98.13880       40.26390       2.697748    
  -90.98850       39.51530       14.28785    
  -91.52950       38.86110       23.69345    
  -96.88090       38.66490       72.82876    
  -96.85370       38.66380       71.45728    
  -91.10020       38.21080       25.57025    
  -93.00870       38.11690       22.52164    
  -92.98280       38.11600       19.50540    
  -91.02700       36.04430       8.928758    
  -90.63650       35.63090       4.241891    
  -95.36180       34.74200       29.84536    
  -97.96120       34.81700       43.16508    
  -85.02040       30.08060       107.5488    
  -94.68290       30.00990       21.77519    
  -99.40120       29.96410       40.74466    
  -79.21740       22.16220       2.211505    
  -95.54740       40.89620       4.963281    
  -94.13580       40.67090       6.494846    
  -96.90390       39.01310       29.68009    
  -97.43850       37.58350       4.491445    
  -90.53230       36.53650       3.497348    
  -99.00610       36.74800       17.77055    
  -96.96640       36.55880       19.50540    
  -95.31440       36.06260       59.52744    
  -92.77950       35.87270       18.57341    
  -91.09520       35.71950       2.695947    
  -90.61200       35.63010       3.270435    
  -95.81550       35.08010       68.42293    
  -96.25850       35.04720       24.42864    
  -94.50630       34.44130       17.61425    
  -95.72510       34.46010       45.98144    
  -91.65180       34.20330       68.58897    
  -98.05170       34.03550       17.46293    
  -95.72360       30.31670       70.81141    
  -76.88690       21.05700       9.609602    
  -84.58830       15.25910       13.08986    
  -91.75460       40.11320       4.336567    
  -94.44810       39.85760       2.859829    
  -97.84750       39.75750       3.025512    
  -90.96550       35.99210       2.515497    
  -99.37240       36.25420       84.73351    
  -99.34550       36.25300       125.2805    
  -97.99660       36.01750       6.648924    
  -88.29770       35.36870       23.75679    
  -94.07720       35.01790       46.04361    
  -94.68860       34.98960       14.38171    
  -94.17050       34.82330       97.23176    
  -92.00140       34.55620       3.709854    
  -92.14780       34.16940       15.37645    
  -91.45980       30.90370       10.91026    
  -99.23000       30.83090       14.93382    
  -84.19740       30.13620       32.42652    
  -78.26390       22.03550       2.117858    
  -69.27670       18.55910       12.48076    
  -111.1661       45.47650       91.75689    
  -94.32710       40.20880       12.49765    
  -93.61630       39.25640       5.460329    
  -95.32490       38.38840       2.434817    
  -94.18850       38.26520       20.32594    
  -95.97120       38.20320       21.84980    
  -94.65670       37.78420       14.86207    
  -94.38680       37.25440       15.14482    
  -97.20370       36.56850       2.939069    
  -91.03940       36.09520       9.318492    
  -94.10210       35.01870       11.12236    
  -95.50310       35.04370       20.95408    
  -93.06720       34.73720       24.91803    
  -96.85660       34.15970       46.90107    
  -78.35570       21.06140       5.244221    
  -76.21670       20.51220       2.600499    
  -77.55200       20.05410       9.629551    
  -77.55160       20.03420       9.724860    
  -90.92060       41.70390       5.136167    
  -90.84260       38.38730       20.74963    
  -94.43190       37.64530       4.975286    
  -94.92040       37.55970       4.278939    
  -98.85910       36.15550       31.36806    
  -90.72240       35.58330       2.863431    
  -95.99020       35.23570       55.96962    
  -96.03680       35.06360       25.44306    
  -81.40430       34.47940       15.25051    
  -94.36920       30.16000       20.41565    
  -82.59790       29.25710       71.37524    
  -98.22830       24.96780       30.19587    
  -98.66920       19.03840       107.4814    
  -88.42400       43.51180       76.06678    
  -88.39660       43.51100       31.48057    
  -111.5075       44.73300       88.14952    
  -88.25070       41.84760       8.985770    
  -95.47650       38.44740       37.83860    
  -95.25200       37.93800       26.13278    
  -93.89830       37.15910       31.18051    
  -89.57900       36.10380       5.672835    
  -99.38250       36.28000       101.2141    
  -99.35550       36.27880       112.4563    
  -91.24260       35.72390       2.708553    
  -98.62030       35.86730       39.37028    
  -88.29290       35.34370       15.42142    
  -95.99820       35.26090       59.16277    
  -96.22210       33.72270       17.20789    
  -92.38300       32.66100       45.13844    
  -90.76950       31.11680       25.13678    
  -94.20110       29.74540       18.54585    
  -95.25770       29.21200       4.711154    
  -78.33170       21.62850       9.592624    
  -76.00060       20.27130       4.433815    
  -77.35990       20.17360       3.688243    
  -93.92510       16.20180       42.76184    
  -94.11560       41.00470       2.557278    
  -94.39870       38.27320       2.391595    
  -94.09950       36.72970       14.01951    
  -97.48960       36.78500       2.377188    
  -95.76250       36.66410       28.35522    
  -97.65390       36.58720       5.071335    
  -97.04470       36.48550       59.75405    
  -90.79330       35.98700       4.445822    
  -96.32450       35.72340       33.24358    
  -91.75240       34.52420       6.024611    
  -93.21410       34.27590       62.10240    
  -95.19960       30.48330       47.76321    
  -80.20460       22.06560       55.59643    
  -78.35140       21.62850       6.063631    
  -78.31200       21.62840       5.791694    
  -78.33110       21.60810       10.13341    
  -98.10060       16.41300       9.148573    
  -94.52540       41.47140       6.901049    
  -95.16070       40.43560       4.057228    
  -95.14840       38.48730       3.290244    
  -94.81250       38.02580       2.542871    
  -103.2010       38.09510       65.83073    
  -94.91530       37.22250       2.953476    
  -97.01840       36.48440       10.83421    
  -90.95920       36.16860       5.816907    
  -97.25310       36.26520       18.33320    
  -97.31100       35.68720       31.24822    
  -94.84250       34.92090       158.9097    
  -96.88190       34.16070       24.47234    
  -95.99780       31.34150       13.40964    
  -80.22450       22.06570       26.45936    
  -80.20380       22.04520       24.69746    
  -78.31150       21.60810       4.214106    
  -77.56120       21.48370       2.869915    
  -95.16320       39.91370       2.665332    
  -94.00640       39.16350       3.940369    
  -94.77380       37.42420       13.57797    
  -92.19350       37.02320       36.98148    
  -96.56760       37.13260       33.52491    
  -97.24410       36.23950       21.75212    
  -98.84940       36.12980       12.37578    
  -96.37180       34.92760       19.48196    
  -94.29420       31.10070       256.8784    
  -85.06420       30.08130       123.0553    
  -83.83810       15.21510       14.78014    
  -93.95900       40.38710       2.533266    
  -93.29480       38.89580       53.86521    
  -96.81660       38.63560       31.43058    
  -94.64460       38.30900       2.575287    
  -90.98930       38.07580       16.61920    
  -94.30360       38.13780       10.89905    
  -94.27740       38.13690       63.46289    
  -91.13630       36.88680       310.9308    
  -97.33630       37.08700       21.54503    
  -97.93580       36.06550       5.438718    
  -97.20160       33.90490       75.22234    
  -112.9409       30.77650       62.77177    
  -78.47660       21.87320       3.681040    
  -77.56070       21.46340       2.620310    
  -77.98090       20.95910       1.360451    
  -76.91460       20.29270       5.031714    
  -85.44480       14.76720       16.04289    
  -96.22190       39.71270       15.40130    
  -93.07620       39.37120       3.659429    
  -92.68380       39.19540       20.30024    
  -91.71830       38.89400       54.91994    
  -95.13930       38.46050       3.353276    
  -94.87660       37.58400       2.496047    
  -90.68080       36.54090       3.947573    
  -97.62880       36.66280       3.469734    
  -90.81140       36.06310       6.268933    
  -94.31790       31.10140       153.1573    
  -94.19580       29.72250       10.16701    
  -84.27690       15.17990       13.69561    
  -98.12360       41.34990       8.711554    
  -93.02290       40.96210       17.29405    
  -88.35020       40.28150       2.996697    
  -93.38730       39.19410       3.861130    
  -95.94860       38.44010       34.27512    
  -95.48890       37.63380       31.03984    
  -97.53680       37.27630       10.32516    
  -91.35900       34.48800       24.70422    
  -93.73510       31.31560       137.1035    
  -97.59430       26.91180       80.81144    
  -97.54340       26.80110       91.94735    
  -97.52000       26.80030       21.18579    
  -78.71980       22.07820       5.278078    
  -78.77590       21.97640       1.908954    
  -78.10240       21.12100       1.545172    
  -77.12110       21.01720       1.707253    
  -77.70300       20.77680       8.115132    
  -81.02320       46.49280       6.590934    
  -95.39280       42.02060       2.542871    
  -104.7401       41.14430       49.84193    
  -94.82880       40.64340       5.409904    
  -94.75280       40.19840       5.024511    
  -90.90700       39.40450       2.823812    
  -94.75130       37.99720       9.980588    
  -91.16130       36.88760       401.3567    
  -90.68840       36.05950       4.905652    
  -91.16260       35.89730       3.731465    
  -93.67510       35.87760       12.07205    
  -94.84740       35.44280       16.73901    
  -98.65370       35.31730       21.72789    
  -95.98270       34.56780       28.35522    
  -101.1695       34.75740       45.07598    
  -91.40840       34.39150       5.932165    
  -94.40090       31.15030       22.53090    
  -94.31280       30.02150       55.48426    
  -78.16430       21.24260       5.486523    
  -77.86070       20.83770       2.125062    
  -77.68350       20.77670       137.1689    
  -75.51520       20.37110       22.99072    
  -85.18310       14.89920       13.16558    
  -88.22410       41.84690       12.14527    
  -88.24380       41.81890       15.56698    
  -95.28400       40.55140       2.823812    
  -92.09880       39.77000       64.50678    
  -93.86390       39.61720       11.55188    
  -96.22320       38.69040       19.03652    
  -96.32290       38.37610       3.464931    
  -98.40990       37.75630       58.85213    
  -96.57670       37.15870       28.09905    
  -95.89430       36.43970       39.33902    
  -90.75280       35.60920       2.629314    
  -91.17570       35.44680       2.281740    
  -95.66470       35.32310       31.03747    
  -91.50800       34.81200       5.076322    
  -93.15760       34.15210       19.89199    
  -100.0096       33.92140       27.39304    
  -94.30000       31.12400       348.8365    
  -94.33580       29.72670       2.053026    
  -96.80630       28.58750       6.843420    
  -80.74970       22.25310       10.58585    
  -76.77900       20.33260       5.856527    
  -76.75960       20.33250       6.933465    
  -84.14990       14.94870       5.842078    
  -89.37800       41.91000       55.42877    
  -93.79380       41.72540       3.266832    
  -94.21370       39.79390       4.096147    
  -93.77480       39.74970       19.65002    
  -93.87280       39.64470       24.72508    
  -93.36750       39.38200       35.98318    
  -96.21350       38.66330       20.72449    
  -94.97930       38.05850       39.53730    
  -95.40190       37.99630       19.51712    
  -95.00620       37.82370       24.73341    
  -92.35460       37.70170       16.59910    
  -95.54180       37.24660       28.61105    
  -94.74550       37.00990       10.94446    
  -90.67500       36.31200       3.805902    
  -90.93510       35.86530       9.062129    
  -95.50220       35.69200       12.61287    
  -112.9724       30.77830       56.30265    
  -80.34450       22.08690       2.384392    
  -78.18390       21.24270       5.741269    
  -78.16370       21.22240       6.764181    
  -77.55240       20.07410       31.15775    
  -77.57150       20.05420       283.5954    
  -77.53260       20.05410       4.437418    
  -77.57110       20.03420       6.159079    
  -91.32260       41.43430       2.849024    
  -93.61410       39.82530       13.67986    
  -94.80390       38.71280       14.34772    
  -95.20860       37.57080       41.46493    
  -96.44140       36.46120       27.27318    
  -96.37420       35.25030       23.79565    
  -101.1424       34.75620       72.31554    
  -94.64690       29.66790       6.007802    
  -78.50310       21.42620       3.205602    
  -77.82210       20.85770       1.901750    
  -86.87340       14.76070       16.63937    
  -92.77590       39.41440       15.40251    
  -94.01520       39.19080       3.791152    
  -96.14900       39.22260       17.58299    
  -77.40270       38.24730       12.22734    
  -89.59900       38.03390       25.26552    
  -98.38260       37.75510       76.94498    
  -94.12460       37.40010       2.982291    
  -90.11610       36.85640       7.073936    
  -90.57300       35.87980       3.248824    
  -102.4230       36.06740       8.838817    
  -98.44250       31.77960       15.39801    
  -91.81360       30.17900       1.858529    
  -94.21380       29.70040       567.6348    
  -94.19040       29.69970       20.13406    
  -94.20840       29.67760       388.7644    
  -94.18510       29.67690       367.8292    
  -80.19200       22.22900       33.81604    
  -80.32460       22.08680       2.643721    
  -77.47050       20.87690       3.910114    
  -89.89930       41.86940       5.813305    
  -96.63390       39.08190       124.6283    
  -94.54670       37.51950       7.789309    
  -97.74480       37.62270       27.42947    
  -94.44390       37.43780       16.45768    
  -90.66900       36.28650       4.768783    
  -91.17540       35.54660       1.973786    
  -91.83260       35.54160       38.26185    
  -97.21860       34.96050       105.3741    
  -97.21020       34.93540       226.8226    
  -94.58060       29.77940       5.110954    
  -94.64150       29.64510       23.56548    
  -84.22450       15.27550       7.359993    
  -111.2051       45.47950       118.9510    
  -94.01370       40.94470       3.796298    
  -92.67960       40.89340       16.44961    
  -95.18820       40.43670       3.731465    
  -96.45540       39.61410       3.769284    
  -97.25340       36.92910       38.16682    
  -90.52620       36.51090       3.166703    
  -96.12830       36.44880       43.56741    
  -91.10720       36.07200       5.568383    
  -91.08870       35.99570       5.878139    
  -90.81180       35.96230       12.63872    
  -93.86900       35.68340       389.0757    
  -97.23600       34.93640       175.8768    
  -97.20180       34.91030       96.54236    
  -116.4495       32.85980       167.0493    
  -92.87520       30.00280       39.82503    
  -78.59620       21.91440       2.240320    
  -77.68390       20.79690       38.10094    
  -77.26130       20.09340       2.921387    
  -84.23970       14.83450       26.58024    
  -92.70660       40.89440       5.431514    
  -94.83010       38.63410       2.222310    
  -100.6937       37.88890       92.00360    
  -95.13850       37.59410       13.69129    
  -91.18630       36.88840       180.7447    
  -90.68400       35.20850       2.903051    
  -116.4671       32.88510       25.68528    
  -101.2134       20.39400       4.320360    
  -113.4917       44.15960       35.58798    
  -92.37090       41.44370       2.312355    
  -122.1219       40.78150       508.3628    
  -95.69040       37.38190       22.74536    
  -94.77140       37.01090       5.373886    
  -97.60230       36.66170       8.256767    
  -93.89410       35.68430       198.7506    
  -93.86180       35.65810       184.3600    
  -98.02380       35.36590       14.58216    
  -93.13040       35.15960       15.21515    
  -94.01280       34.52260       20.56190    
  -92.99770       30.34850       3.470535    
  -98.83230       18.72210       30.97313    
  -84.50930       15.22010       24.28501    
  -92.57340       15.05780       9.761678    
  -84.68050       14.83780       5.625705    
  -93.94630       40.02930       3.853926    
  -95.44360       38.65840       16.45768    
  -87.31010       38.36750       52.44569    
  -92.19400       37.67020       15.17638    
  -89.63890       37.56510       17.72366    
  -100.7054       37.91570       20.96428    
  -100.6772       37.91430       17.98659    
  -100.6656       37.88750       134.2559    
  -94.65550       37.21270       2.924661    
  -90.89800       35.91450       11.70585    
  -90.64820       35.68130       7.459328    
  -98.38150       35.85720       16.50457    
  -91.18170       35.47190       3.861130    
  -96.73500       35.18970       20.23998    
  -91.48430       34.71270       2.528464    
  -98.43500       31.75580       15.09793    
  -76.85770       20.39290       1.584792    
  -96.43550       35.82820       15.61370    
  -93.87620       35.70870       187.1926    
  -93.85100       35.70790       221.5771    
  -96.17870       35.19310       34.31091    
  -95.89780       35.18250       17.95810    
  -91.77580       34.82000       2.081841    
  -95.33380       34.81500       25.62188    
  -93.51680       30.08930       2.254727    
  -96.91510       28.19000       12.17571    
  -80.65360       26.53410       11.54017    
  -80.63290       26.53400       60.95438    
  -80.65230       26.51260       9.868932    
  -80.63160       26.51240       37.93206    
  -79.59480       22.18470       1.952176    
  -76.73270       21.21840       9.644420    
  -77.88580       21.07990       15.28804    
  -77.70350       20.79690       5.330664    
  -77.68310       20.75660       8.464231    
  -99.24880       16.80920       19.69538    
  -84.61820       15.45160       8.248247    
  -83.88780       15.06190       12.22734    
  -89.17750       41.02720       2.784192    
  -93.98630       40.94360       4.335127    
  -87.49790       40.36860       2.377188    
  -92.99690       39.36830       3.183991    
  -95.93770       38.33380       24.75686    
  -94.59990       37.44360       38.93095    
  -96.11980       36.42300       15.61370    
  -91.07190       35.41880       5.821710    
  -95.87230       35.18160       10.97866    
  -98.55220       34.89070       12.22743    
  -96.33380       34.72860       43.94349    
  -96.21710       29.39990       7.117157    
  -76.95930       20.67430       3.119159    
  -88.53980       43.01340       24.62375    
  -93.49850       42.69180       2.885042    
  -94.79380       40.69750       3.205602    
  -94.35730       40.37530       7.990758    
  -97.31420       38.81700       17.52048    
  -92.20130       37.69650       14.02401    
  -91.10110       35.84510       4.924175    
  -91.54600       34.56710       2.254727    
  -92.55470       34.25500       22.07109    
  -93.24070       30.90710       20.99819    
  -78.52400       21.46680       2.442021    
  -76.93980       20.67420       20.46490    
  -88.51270       43.01260       19.26158    
  -94.29400       40.81640       2.330365    
  -95.46000       40.58650       8.572284    
  -94.48580       39.96840       2.413206    
  -93.89980       39.24020       4.761580    
  -94.61820       38.30790       2.240319    
  -91.97490       37.79340       111.6708    
  -120.5958       38.87680       290.2141    
  -89.65780       36.13120       12.04729    
  -91.05170       36.04510       2.287143    
  -93.90140       35.70960       93.92596    
  -97.20760       34.46690       29.48862    
  -94.37040       33.15240       15.60648    
  -117.3360       33.62190       176.5856    
  -93.38360       31.11940       46.43343    
  -84.91670       29.94280       47.35841    
  -81.20410       22.56390       7.073935    
  -77.26170       20.11340       9.930565    
  -94.76630       40.69640       3.753076    
  -92.83300       39.68740       11.38300    
  -93.66780       39.66400       4.812005    
  -97.30380       38.78980       12.27832    
  -94.08880       38.60560       22.46102    
  -95.93920       38.41320       17.86432    
  -94.62690       38.33470       17.72189    
  -95.10250       37.95830       2.240320    
  -94.64740       37.83610       56.85168    
  -95.53390       37.06570       16.26278    
  -90.18500       36.73040       2.871835    
  -88.59970       36.28010       8.545690    
  -91.05790       36.07050       3.911555    
  -93.82590       35.70700       124.1834    
  -101.1154       34.75490       116.6811    
  -94.86210       34.30680       21.38137    
  -91.86920       34.20980       2.211505    
  -82.31630       33.32890       1.692846    
  -80.37170       22.25060       2.751775    
  -98.56460       16.75570       56.69766    
  -110.9979       45.61930       3.724261    
  -89.19210       41.70470       2.852625    
  -96.32200       39.90780       2.823812    
  -103.1850       38.12060       66.41033    
  -96.60320       37.15980       21.68569    
  -91.06460       35.69350       1.757678    
  -93.84420       35.33270       20.03002    
  -96.99800       34.75410       17.46243    
  -86.06330       32.27230       2.374787    
  -99.54290       29.31050       29.64884    
  -77.86620       21.07980       10.77500    
  -97.61970       16.50160       26.20942    
  -84.50830       15.20090       20.19417    
  -111.5246       44.79540       17.02034    
  -96.22530       39.79450       3.781890    
  -93.33340       39.27280       3.565782    
  -93.30690       39.27180       4.307753    
  -91.95660       37.81890       142.6268    
  -97.77470       37.70220       22.63088    
  -91.16780       36.91350       131.3208    
  -96.71550       36.95830       102.0126    
  -96.19730       36.65560       25.61022    
  -91.80580       36.49900       11.20667    
  -97.99220       36.65260       3.936768    
  -90.74970       36.11180       3.654626    
  -91.14410       35.92190       5.872375    
  -98.59730       33.47520       43.04317    
  -98.56770       16.77540       56.42132    
  -98.54280       16.75530       63.45306    
  -111.4024       45.37060       33.43113    
  -93.14060       39.99860       3.241620    
  -97.06550       39.85850       2.449224    
  -107.7576       31.76930       34.47826    
  -80.03980       22.84390       12.07564    
  -80.03880       22.82330       9.175423    
  -80.01890       22.82320       75.86936    
  -76.71310       21.21830       11.72026    
  -76.73240       21.19810       13.88854    
  -76.93440       20.31280       3.670234    
  -88.65040       17.39490       51.98086    
  -93.98250       40.05810       3.642621    
  -99.50770       35.22930       208.5833    
  -97.80650       33.83120       16.12947    
  -92.73160       29.97600       2.384392    
  -98.78040       23.10680       21.15359    
  -80.74870       22.23270       8.917242    
  -76.75230       21.21840       6.591294    
  -76.87980       20.57360       3.450525    
  -86.87210       14.74150       27.50713    
  -91.81130       41.28230       7.335666    
  -91.09910       41.03290       11.41677    
  -91.98210       37.81970       96.50770    
  -94.43080       37.72350       19.98366    
  -90.94720       35.91600       7.412504    
  -97.23410       36.06180       24.47553    
  -95.82730       35.67920       11.79950    
  -95.99830       33.88430       35.32907    
  -99.36490       48.89890       2.442021    
  -92.58930       41.53670       3.472135    
  -94.04180       39.19180       15.60518    
  -95.91100       38.33270       28.95333    
  -95.39240       37.57790       29.39877    
  -96.62430       36.31590       16.45768    
  -90.79930       36.01230       4.941669    
  -97.96340       34.30060       15.56681    
  -80.42120       22.88760       2.206703    
  -69.38800       18.67680       1.700050    
  -68.98390       18.62000       13.96640    
  -95.98420       18.54100       41.37060    
  -88.67030       17.39510       40.24542    
  -99.84540       16.95970       26.87359    
  -90.45140       41.74500       3.846723    
  -89.75620       38.06470       11.82210    
  -91.06400       35.99500       5.388293    
  -98.48060       35.48490       21.94358    
  -91.75130       35.11600       2.787793    
  -100.5329       19.99040       10.04799    
  -69.38880       18.65710       27.97678    
  -84.65130       15.35570       12.62609    
  -94.83830       38.26370       21.90841    
  -96.22350       36.65660       58.14780    
  -90.99030       35.89210       3.666632    
  -91.83070       35.04410       27.58886    
  -93.12840       35.06030       16.87694    
  -99.53430       35.23040       182.5584    
  -99.52480       35.20510       122.4156    
  -99.49820       35.20400       106.0137    
  -98.47190       34.37020       38.63570    
  -110.8616       33.42080       33.45816    
  -93.24610       30.93030       9.613154    
  -95.49170       38.87360       23.11578    
  -94.91020       37.76780       26.17110    
  -94.63970       37.73130       12.19365    
  -95.70790       37.35660       14.48839    
  -90.89740       36.21730       6.780989    
  -95.32240       36.08820       18.38009    
  -95.01480       35.24940       39.69730    
  -96.35420       34.95170       34.16430    
  -98.48060       34.39510       30.27401    
  -98.74740       19.46170       20.76828    
  -98.85440       18.72270       7.763727    
  -84.20540       14.91080       12.80592    
  -93.93060       41.95910       11.10939    
  -88.62350       39.47070       3.140769    
  -90.83690       38.07100       32.14045    
  -96.24660       38.16180       14.48839    
  -94.87810       37.42820       2.168283    
  -91.04550       36.01970       7.412504    
  -91.42070       35.55400       2.107053    
  -95.63290       40.53840       8.445499    
  -91.10150       35.64450       2.276338    
  -87.82130       41.01620       4.880439    
  -93.38630       39.27480       4.689544    
  -96.87390       38.71790       101.1061    
  -95.59650       38.03030       5.856527    
  -95.64890       37.95370       2.312355    
  -95.21680       37.83190       3.083141    
  -94.90160       37.74130       59.00951    
  -93.67710       37.69570       50.40458    
  -96.70600       37.52670       19.20063    
  -92.82740       36.68540       44.85729    
  -92.35120       34.98590       8.511913    
  -91.47720       34.88510       27.60901    
  -96.00310       30.02860       2.470835    
  -76.14040       20.69300       4.520774    
  -94.68380       40.69300       3.097548    
  -95.57230       38.87690       17.25478    
  -95.54540       38.87580       17.77055    
  -95.65200       38.26940       35.40043    
  -94.02110       37.39630       34.83545    
  -98.53980       36.49750       3.263231    
  -91.67080       36.16500       32.41059    
  -95.92160       35.25800       11.32068    
  -92.75470       29.97670       29.61845    
  -77.65290       21.18020       2.492446    
  -77.00070       18.19060       11.15868    
  -111.2619       46.71510       203.8689    
  -111.2309       46.68060       322.6758    
  -95.60520       40.53720       17.04372    
  -93.36080       39.19310       2.794997    
  -96.86380       38.69080       139.7731    
  -91.05790       35.96960       3.490144    
  -94.95490       35.04860       32.53186    
  -77.63330       21.18020       2.751775    
  -92.46180       41.39060       5.448324    
  -95.11190       37.67120       22.13113    
  -97.16250       37.26050       3.133566    
  -92.82020       36.65960       101.2073    
  -97.77730       36.05890       33.45457    
  -95.51990       35.66760       54.90583    
  -97.28680       34.32290       53.26183    
  -98.23760       33.53330       19.20063    
  -88.82630       17.35790       11.59142    
  -92.55120       15.03820       1.934167    
  -92.60140       39.78780       4.603100    
  -93.63360       39.31090       2.614907    
  -90.92870       35.94060       3.068733    
  -96.38450       35.75080       20.86515    
  -91.47130       34.86020       6.200498    
  -94.93060       29.97190       26.70271    
  -77.45220       20.93730       1.952176    
  -69.41130       18.57800       47.29957    
  -93.86780       16.23990       93.54736    
  -90.50930       39.55410       2.787793    
  -92.28350       37.07760       31.03747    
  -91.13800       35.99720       3.756677    
  -97.76820       36.03330       8.421008    
  -99.48600       32.88640       13.55063    
  -74.99020       20.21060       10.80765    
  -92.56310       15.15410       11.68699    
  -95.61710       38.32080       38.37116    
  -97.01350       37.35780       23.05951    
  -96.14590       37.19300       27.71080    
  -97.55390       36.89030       11.35287    
  -121.3935       37.06060       61.30858    
  -98.30800       22.07720       3.817908    
  -112.9547       44.17780       36.52574    
  -92.50240       42.18990       11.68064    
  -97.00410       37.33150       16.17636    
  -91.98410       36.32680       11.38300    
  -97.79350       35.95860       17.91121    
  -69.17830       18.59910       5.143370    
  -91.61990       37.31400       36.03323    
  -97.81290       36.08570       16.31702    
  -98.49560       35.31070       8.521859    
  -92.13370       40.67860       4.610304    
  -96.23220       39.74040       2.823812    
  -95.55190       36.96350       23.35021    
  -98.37000       37.02820       29.77387    
  -92.84550       36.66050       75.25627    
  -96.21480       36.63070       141.1328    
  -95.85910       35.38020       14.48839    
  -101.0026       33.79430       64.54900    
  -98.85260       21.88550       2.614907    
  -92.71160       40.14730       27.79883    
  -94.52540       40.16180       2.427613    
  -93.36390       39.95230       3.075937    
  -94.38000       38.45750       3.061530    
  -98.45730       31.19620       20.27906    
  -76.94750       21.17840       2.575287    
  -94.62370       40.82970       2.629314    
  -95.49710       38.66060       2.694147    
  -94.76940       37.89310       18.28631    
  -95.51600       37.86980       18.47387    
  -95.34860       37.83700       3.364081    
  -95.68190       37.12300       18.98963    
  -94.96090       36.55700       17.11411    
  -95.85010       36.53980       56.55717    
  -96.45880       36.43640       16.55146    
  -95.50990       32.71330       4.581490    
  -93.88850       16.24020       55.13630    
  -92.57540       15.07710       11.14655    
  -92.55520       15.07680       2.197098    
