  -122.9390       50.85540       223.8933    
  -92.48470       17.90260       7.105725    
  -124.6254       50.14990       306.3367    
  -103.2717       19.63950       26.58151    
  -93.11510       17.83420       12.70298    
  -70.34600       18.92870       104.9644    
  -77.42060       26.75310       260.9820    
  -84.26380       14.93040       16.42512    
  -93.18470       17.89460       10.18741    
  -98.92590       22.94400       48.23124    
  -104.1675       19.72570       58.13512    
  -93.44660       17.99780      0.8326944    
  -104.1625       19.70530       1.631146    
  -81.17450       32.83830       17.53481    
  -77.40000       26.75300       184.6384    
  -90.35830       29.80140       57.33275    
  -82.89650       34.32780       152.8226    
  -98.92110       22.92310       6.238141    
  -102.2042       17.92530       4.338029    
  -93.36190       17.66100      0.6915456    
  -100.4359       40.84830       1.815307    
  -77.42000       26.73150       151.3585    
  -92.32680       16.17720      0.7366465    
  -94.52780       17.97760       130.0555    
  -104.2064       19.78770       27.09018    
  -98.64710       19.03790       28.53802    
  -80.49280       26.61920       5.333167    
  -80.67680       26.57750       5.039805    
  -80.65610       26.57730       4.695704    
  -81.06610       27.16570       6.097561    
  -80.53060       26.55470       2.803766    
  -80.50020       26.74890       2.238127    
  -80.46850       26.55420       6.016726    
  -80.54880       26.51170       11.11771    
  -80.43440       27.05180       31.66040    
  -80.69250       26.49130       1.533427    
  -80.41970       26.79150       8.728425    
  -81.24080       26.64700       13.15562    
  -92.21660       30.03030       1.897992    
  -80.54420       26.79250       9.669323    
  -80.99980       26.77460       5.123535    
  -80.54760       26.49020       4.739343    
  -94.65400       16.40880       9.502244    
  -80.56820       27.20500       12.24799    
  -80.57000       26.87930       1.875442    
  -80.56490       26.79270       9.347351    
  -81.24220       26.66860       8.694548    
  -80.67930       26.62070       4.010213    
  -84.30700       32.24190       4.391654    
  -81.10100       26.73220       8.591953    
  -80.88670       26.62240       5.589263    
  -80.65860       26.62050       4.562697    
  -80.67810       26.59910       3.938803    
  -80.65730       26.59890       4.231959    
  -77.01130       20.25290       1.552166    
  -92.26260       30.99470       2.274772    
  -80.67180       26.49120       1.958126    
  -93.11760       17.85400       1.587924    
  -84.39190       14.81640       17.41342    
  -80.66110       26.66370       65.57281    
  -80.85810       26.49270       4.732139    
  -91.72600       30.08560       1.014768    
  -91.78950       29.95070       1.322957    
  -80.97900       26.77440       6.928612    
  -80.54170       26.74920       3.331195    
  -80.46970       26.57580       1.727611    
  -99.19470       18.65060       21.84739    
  -92.23420       30.97080       1.578528    
  -80.45520       27.05190       154.6290    
  -76.83820       20.39280      0.9583921    
  -80.52090       26.74900       2.999203    
  -99.11350       18.56890       18.62268    
  -84.37280       14.81630       9.510913    
  -80.85040       26.70850       82.46895    
  -82.70050       32.00740       6.369163    
  -80.61590       26.59860       23.15043    
  -91.73590       30.79580       2.131013    
  -81.14250       26.73260       16.95307    
  -84.13120       31.88730      0.9659089    
  -92.53490       15.07650       43.89938    
  -105.3891       39.41840       59.48643    
  -91.76390       30.81960       4.600281    
  -91.74070       30.81900       4.904712    
  -92.48230       17.88280      0.9179892    
  -91.14530       30.25300       5.051290    
  -80.87750       26.47130       2.459873    
  -80.70330       22.93080       44.43777    
  -105.8111       40.15270       50.89479    
  -117.4120       35.41590       73.39452    
  -91.78700       30.82020       8.464300    
  -80.56240       26.74940       4.152092    
  -80.56120       26.72770       4.694242    
  -80.58780       26.46890       9.745214    
  -83.24890       32.36730       1.540944    
  -80.90660       22.60280      0.8437608    
  -84.53330       32.62310       40.46627    
  -92.00540       15.82310       19.44424    
  -80.41600       26.72660       13.78119    
  -80.39530       26.72640       20.60130    
  -91.90940       30.09040       1.147252    
  -80.88930       26.66560       3.149540    
  -99.68510       25.22620       8.498337    
  -92.27280       31.04120       107.1860    
  -92.26770       31.01800       8.183290    
  -82.40770       32.19130       4.466632    
  -82.57790       31.65550       211.8872    
  -80.39650       26.74810       23.19691    
  -91.92650       15.84140       117.4169    
  -106.3113       39.96330       83.99822    
  -91.01360       30.04450       1.439467    
  -81.13950       22.85150       1.182643    
  -122.2500       41.86550       128.5922    
  -92.03170       30.78080       2.094682    
  -91.95860       29.88700       109.3734    
  -91.95390       29.86410       153.7814    
  -80.41720       26.74820       16.07218    
  -82.66510       32.54820       44.79905    
  -84.11370       32.49810       10.21841    
  -91.93570       29.88640       199.0619    
  -79.31220       38.84320       22.89978    
  -82.77640       32.10220       63.85036    
  -82.78300       33.04830       113.5331    
  -82.42990       32.19160       4.982128    
  -82.80550       33.04860       12.62769    
  -90.98700       29.90750       2.702290    
  -90.89980       30.04170       5.339771    
  -81.44000       26.51930       18.04692    
  -82.55200       32.75980       92.88407    
  -91.21380       30.25480       1.033560    
  -77.52800       20.81660       1.217722    
  -79.75590       33.63780       6.658233    
  -81.80000       32.84540       51.39922    
  -86.27310       31.22580       1.146312    
  -91.08610       30.18300       1.086178    
  -80.92160       26.51480       1.484568    
  -81.05720       22.80960      0.9170496    
  -91.74560       30.84210       3.893703    
  -102.2136       20.21830       46.84109    
  -91.60600       30.72330       2.796250    
  -71.48320       19.02290       42.81200    
  -80.52220       26.77070       1.439467    
  -81.43850       26.49770       15.95763    
  -81.82240       32.84570       37.11706    
  -92.23720       30.87860       98.99851    
  -92.21400       30.87800       8.420694    
  -92.20900       30.85480       4.882162    
  -78.90700       21.75290       1.679065    
  -81.78950       32.72660       4.916819    
  -76.90110       20.69420      0.8212104    
  -80.51480       26.64090       4.825785    
  -80.49410       26.64080       4.393570    
  -80.51360       26.61930       4.196254    
  -84.13670       32.87770       49.44600    
  -93.67810       18.02160       50.03765    
  -92.05970       29.93510       2.049831    
  -123.8541       53.27620       309.5849    
  -80.90090       26.51460       3.561710    
  -80.89960       26.49300       3.348735    
  -83.04280       32.52960       99.07903    
  -91.43920       30.58100       1.270339    
  -80.49160       26.59760       99.96592    
  -82.23640       22.75740       43.17328    
  -102.0212       19.14140       59.16004    
  -82.50980       32.09870       9.701131    
  -78.84710       21.73230       1.486447    
  -80.20780       33.35350       47.26781    
  -80.57700       26.64140       3.420144    
  -124.0100       43.17900       182.0604    
  -91.37500       30.60230       5.571202    
  -80.52810       26.51160       3.908736    
  -80.60970       26.49070       3.078130    
  -80.23020       33.35370       22.90947    
  -84.13380       32.85390       21.22989    
  -91.43450       30.55800       4.337193    
  -91.00910       30.02170       3.002962    
  -81.01920       26.75310       15.64923    
  -80.99840       26.75300       60.99323    
  -80.97770       26.75280       18.82137    
  -80.99710       26.73130       8.225259    
  -80.97630       26.73120       3.950078    
  -80.48310       26.44660       47.64505    
  -86.01140       31.10540       1.163851    
  -91.03240       29.90860       3.006720    
  -90.36250       29.82410       67.98087    
  -114.6586       50.40430       28.94008    
  -81.67210       30.56020       85.10572    
  -91.46700       30.60470       2.449538    
  -90.80450       30.01660       5.921330    
  -80.71700       26.55620       2.937566    
  -80.63040       26.49080       3.157056    
  -82.66960       33.47750       76.19160    
  -82.00140       32.84780       5.075426    
  -86.28190       30.97190       4.925631    
  -92.21100       30.97020       2.227792    
  -91.49000       30.60530       4.713033    
  -91.22300       30.18650       2.347389    
  -98.00120       26.40190       3.085647    
  -85.99390       30.48450       39.90956    
  -91.46220       30.58160       4.476254    
  -91.58820       29.85460       1.492085    
  -80.90740       26.62250       3.973881    
  -102.7846       19.14160       91.40451    
  -81.53180       32.58160       5.533624    
  -90.75470       29.99260       3.904978    
  -80.99570       26.70970       28.07345    
  -82.00080       23.16810       23.73899    
  -91.25980       30.48470       1.116245    
  -80.61090       26.51220       3.570480    
  -102.4572       20.16410       38.48688    
  -91.26430       30.39320       1.887970    
  -91.05520       29.90920       18.92918    
  -80.77270       26.44890       13.99267    
  -84.66340       31.68560       1.302494    
  -81.81380       22.73320      0.8907408    
  -80.48430       26.46810       2.146986    
  -91.71890       30.93370       5.833215    
  -92.23220       30.85540       7.949017    
  -76.85860       20.45300      0.8888616    
  -83.30530       22.52070       1.311682    
  -102.2558       20.30080       13.73605    
  -82.66170       32.73750       5.087866    
  -91.82240       30.11090       1.073023    
  -90.39630       30.00660       234.2778    
  -98.89300       22.79740       76.07622    
  -85.65820       30.61600       23.28473    
  -77.80430       20.93830       6.898650    
  -85.63610       30.61560       20.45440    
  -91.04580       29.97710       1.307923    
  -92.75470       29.97670       23.56340    
  -92.23600       29.57710       38.24638    
  -78.88340       22.24240       1.347386    
  -96.24410       18.42700       3.436487    
  -93.92850       18.02610      0.7479216    
  -82.71200       32.12480       6.978711    
  -80.85680       26.47110       7.401663    
  -82.37830       33.04290       8.000846    
  -81.97900       32.84750       4.529113    
  -91.27780       30.23360       9.418369    
  -82.15870       22.79790      0.8982576    
  -101.0481       20.26760       1.514635    
  -90.95550       29.86130       4.352227    
  -90.38500       29.82470       136.5046    
  -91.32450       15.25300       47.32803    
  -124.0808       43.12670       191.6836    
  -91.49470       30.62840       51.12150    
  -91.47990       30.44460       13.15440    
  -91.47520       30.42150       16.66099    
  -103.4043       19.60270       34.28291    
  -90.12930       31.58830       5.375017    
  -83.02800       22.57960       32.20676    
  -97.80620       22.24980       48.23124    
  -91.34730       30.57860       21.12183    
  -80.73140       26.44850       3.458480    
  -91.55630       29.80840       1.022285    
  -77.46210       21.44290      0.8606736    
  -77.95760       20.79770       1.093694    
  -96.71250       17.72300       37.17484    
  -101.5425       20.32170       115.2492    
  -92.04150       29.95730       1.018526    
  -91.51530       29.83000       1.747656    
  -101.6308       20.30380       37.64846    
  -78.47770       21.91390      0.7855056    
  -91.81990       30.86720       8.692550    
  -92.19890       30.80840       1.604837    
  -98.88830       22.77640       4.376657    
  -88.98130       18.95710       13.55946    
  -93.49100       17.86040       1.120003    
  -91.64730       30.70140       1.306670    
  -80.85940       26.51420       2.972894    
  -101.8214       20.32940       36.58282    
  -99.53190       24.62410       6.629553    
  -102.2418       20.34110       66.06139    
  -90.39210       29.98380       4.889347    
  -78.24030       21.89260      0.6990624    
  -102.4012       20.32520       30.73549    
  -77.00560       21.13810      0.9245664    
  -76.98610       21.13800       16.94584    
  -101.8074       20.36970       65.66312    
  -102.4338       20.16350       47.58459    
  -124.2414       42.96540       268.6382    
  -101.5611       20.30190       37.70866    
