  -106.3006       39.63520       34.15216    
  -107.1568       39.57850       69.11316    
  -115.0836       39.02700       51.62979    
  -99.46190       37.49120       9.183651    
  -112.3553       37.61790       87.91882    
  -112.2888       36.52550       166.5655    
  -98.28110       35.65180       2.942827    
  -112.3157       36.37350       459.6398    
  -112.0567       35.39390       79.80525    
  -112.9437       34.74880       506.0402    
  -112.9104       34.74680       449.8146    
  -112.9269       34.72290       805.5342    
  -112.8936       34.72090       744.2277    
  -100.9631       33.62270       113.7732    
  -100.9365       33.62150       76.94930    
  -94.20360       32.97950       26.96346    
  -112.9134       27.31160       178.4412    
  -112.8832       27.31010       87.28800    
  -112.9022       27.28880       153.3665    
  -112.8720       27.28730       51.53748    
  -98.18510       25.45830       33.68596    
  -99.20130       24.12680       11.62590    
  -98.18850       22.36320       221.9682    
  -97.91340       22.33530       232.5117    
  -94.46020       18.09500       2.549605    
  -109.7394       42.87270       101.7000    
  -101.0753       33.50660       51.88141    
  -114.7505       32.68270       178.7914    
  -108.1826       25.25670       3.340278    
  -96.17120       18.64430       2.333967    
  -95.51440       18.67090       14.02880    
  -100.9210       30.29720       62.99724    
  -99.22860       24.80630       35.96988    
  -111.6332       44.49920       68.42616    
  -105.8360       39.93470       26.75061    
  -101.0045       33.86730       27.53691    
  -93.02550       33.15730       192.5574    
  -109.9031       27.16840       10.14486    
  -99.81260       34.23030       1271.643    
  -99.78630       34.22920       1351.351    
  -99.80350       34.20540       1469.901    
  -99.77710       34.20430       927.4135    
  -99.79430       34.18060       279.3636    
  -99.76800       34.17950       384.4167    
  -99.75080       34.20320       447.4225    
  -99.74170       34.17830       319.8576    
  -89.96320       31.67740       19.02649    
  -77.76500       21.80950       31.03933    
  -105.4227       39.63740       19.07884    
  -100.3243       33.08880       40.67635    
  -98.18410       22.34240       3.936924    
  -109.6909       42.89850       82.01820    
  -93.27930       30.26510       79.56366    
  -110.3623       44.25280       26.31027    
  -93.11510       17.83420       35.08653    
  -110.7764       33.00450       37.72298    
  -100.4161       34.03640       111.0756    
  -100.3896       34.03530       92.50539    
  -93.18470       17.89460       12.59155    
  -70.34600       18.92870       116.8819    
  -89.71060       35.93100       15.37573    
  -92.16520       18.64900       37.52861    
  -100.9464       30.29820       49.29683    
  -101.4631       26.88850       24.90555    
  -92.48230       17.88280       12.17768    
  -70.36530       18.92860       19.38046    
  -93.11760       17.85400       26.29271    
  -93.88020       29.75870       14.99391    
  -98.64710       19.03790       56.42891    
  -118.9405       37.87130       239.4393    
  -100.1556       26.45010       10.83018    
  -94.52780       17.97760       49.74458    
  -93.31540       30.22040       18.46019    
  -92.48470       17.90260       7.252655    
  -101.4139       26.88680       6.883425    
  -109.6423       30.50830       46.62189    
  -99.59240       26.30090       2.886451    
  -99.41720       21.98330       31.22414    
  -98.61460       21.28380       1.970341    
  -88.29320       19.32550       18.46977    
  -98.03100       35.96850       4.862430    
  -97.94230       21.04200       2.536920    
  -82.58890       46.64770       56.89202    
  -92.72040       18.14340       16.89906    
  -76.13340       43.27930       12.68857    
  -100.3989       34.06010       398.0092    
  -100.3631       34.03410       238.5350    
  -94.01530       18.20560       18.40106    
  -74.60460       42.11300       22.61195    
  -91.83110       33.74710       128.2272    
  -100.3724       34.05890       175.6220    
  -88.56710       33.44340       26.08717    
  -90.85250       34.47350       9.773484    
  -91.23510       32.25000       62.66771    
  -99.24670       24.78550       20.97116    
  -85.55120       15.57500       31.99295    
  -92.90240       17.94900       7.313966    
  -94.07030       30.95490       28.92256    
  -98.37180       37.52000       8.492226    
  -73.46130       41.94350       19.39867    
  -91.86090       33.77220       114.5966    
  -91.83680       33.77150       44.15224    
  -91.85510       33.74790       113.6190    
  -91.84060       32.24320       29.25385    
  -110.0377       27.28540       3.338587    
  -76.64540       20.53290       23.89938    
  -119.4476       36.50210       34.70377    
  -91.21160       32.24930       6.316930    
  -91.86420       32.24380       8.710093    
  -88.07940       31.44750       44.76078    
  -90.84690       34.44880       8.659354    
  -88.11070       37.81000       3.588897    
  -99.74410       28.68740       18.24656    
  -100.3818       34.08370       188.2032    
  -100.3460       34.05780       122.1844    
  -98.42370       20.89090       36.53991    
  -96.35370       19.50780       25.99785    
  -93.84530       18.18280       2.830780    
  -95.22530       34.19740       43.20916    
  -104.8636       32.31390       50.15343    
  -101.7799       31.37450       18.24478    
  -99.75890       34.15460       51.46089    
  -97.02500       35.52530       16.07239    
  -100.3553       34.08260       1383.692    
  -88.21090       18.03730       20.85981    
  -88.40520       17.98070       12.75175    
  -91.07300       32.36350       4.380415    
  -91.18820       32.24870       12.45628    
  -91.16480       32.24810       52.99856    
  -102.6370       20.43370       26.80061    
  -93.81640       18.12290       24.54486    
  -91.04950       32.36290       5.264110    
  -95.55070       38.66270       17.11819    
  -77.95640       44.64080       67.35493    
  -102.3560       35.03570       9.209020    
  -91.57740       31.46290       200.5541    
  -95.23250       34.22210       197.5787    
  -85.26700       33.54270       33.22159    
  -78.95540       41.90100       20.64252    
  -107.4716       40.33750       110.0602    
  -99.41120       29.03490       12.48039    
  -80.36400       22.51700       2.325510    
  -111.7364       29.07590       45.40569    
  -90.50980       34.75850       2.545376    
  -100.3288       34.08140       195.6850    
  -100.3195       34.05660       52.40038    
  -104.0546       23.71290       37.44686    
  -96.95370       31.14190       2.638397    
  -99.18160       23.85200       24.05644    
  -104.0794       23.71380       32.55759    
  -100.3647       34.10740       207.9714    
  -111.4799       28.67700       32.62994    
  -111.5166       28.63360       40.94538    
  -98.13750       27.47730       3.306452    
  -109.0677       25.74880       7.686868    
  -109.0402       25.74760       6.477602    
  -96.76030       39.06050       22.12705    
  -101.1218       31.53420       17.77498    
  -98.14340       27.49950       4.346590    
  -110.6909       28.41220       63.07861    
  -88.52140       17.72660       56.83686    
  -91.62970       34.00790       2.536920    
  -99.78520       34.15570       55.28963    
  -90.89740       33.50330       2.849807    
  -109.0132       26.42330       40.48530    
  -88.80000       18.75620       82.56551    
  -88.79800       18.73640       56.57932    
  -88.77790       18.73610       64.18904    
  -89.36870       18.21030       20.61284    
  -98.46820       33.54250       4.016790    
  -91.59310       32.70950       4.898370    
  -88.94970       17.18340       11.05643    
  -89.78710       16.95980       30.79835    
  -112.2978       36.34680       208.7281    
  -88.83820       19.91260       12.71490    
  -100.3382       34.10630       188.9193    
  -88.52320       17.74630       116.4488    
  -98.40920       37.54770       94.99632    
  -109.8084       27.14190       6.646731    
  -109.7801       27.14060       5.175317    
  -109.7986       27.11930       6.824315    
  -71.45580       19.34020       3.720816    
  -93.35290       18.39190       23.49535    
  -103.5459       28.54170       25.29253    
  -98.13620       22.11390       27.17284    
  -92.23390       18.03660       7.712476    
  -92.21330       18.03620       5.179545    
  -94.04320       17.94910       33.53068    
  -95.25020       34.19830       134.8426    
  -93.27100       16.23040       19.94053    
  -98.39900       37.52120       79.87756    
  -94.67740       29.60090       25.98635    
  -88.01650       15.48340       13.09985    
  -98.38200       37.54650       13.84524    
  -111.1762       28.70710       41.86647    
  -89.18760       18.20780       20.60183    
  -107.4535       40.30880       22.26653    
  -109.9055       27.30150       4.612967    
  -92.92310       17.94930       2.587659    
  -93.00770       17.63540       2.071818    
  -85.66620       15.86540       12.19893    
  -98.41950       37.57420       6.646731    
  -98.43640       37.54890       28.15276    
  -111.4660       28.76690       56.10970    
  -98.47220       21.89600       2.350879    
  -92.24830       18.15530       22.84082    
  -98.42970       37.60070       108.6537    
  -97.84730       37.47110       48.12542    
  -99.79510       30.96840       4.405785    
  -100.9386       30.27490       50.58398    
  -100.9132       30.27390       31.38106    
  -97.54080       21.70740       48.62370    
  -90.75150       19.00340       18.89108    
  -98.26320       37.51520       66.91323    
  -99.82980       34.20660       104.4445    
  -100.3912       34.10860       333.7922    
  -99.21110       27.93300       21.49433    
  -91.94090       17.63780       15.81552    
  -98.45700       37.60190       6.325388    
  -98.40250       37.59940       45.68521    
  -112.2821       36.37140       192.1110    
  -95.25750       34.22300       71.68134    
  -92.26890       18.15560       32.17069    
  -88.68310       17.31700       33.33587    
  -98.27340       37.54170       58.12479    
  -98.23610       37.51400       17.98676    
  -100.4083       34.08490       143.3592    
  -99.56670       28.90550       2.942827    
  -109.8771       27.30020       4.262025    
  -100.9188       25.07350       35.91021    
  -111.8233       25.32630       60.57689    
  -111.8137       25.30420       48.98808    
  -90.10720       18.51730       65.89220    
  -92.91660       17.73230       2.446014    
  -99.76990       30.96740       27.63129    
  -99.80290       30.99190       32.33192    
  -90.12960       18.53750       51.55436    
  -90.10930       18.53720       51.69171    
  -90.12750       18.51760       73.32140    
  -92.25070       18.17510       28.07142    
  -88.63930       17.70850       71.38881    
  -105.5969       39.78390       18.22399    
  -100.2216       34.00360       23.83337    
  -88.45480       17.43160       2.985109    
  -114.4732       45.36710       499.8351    
  -100.5834       32.74070       38.25448    
  -99.77760       30.99090       25.86994    
  -99.82180       34.25520       128.3741    
  -100.4177       34.10970       103.8173    
  -99.01780       24.22700       54.12428    
  -97.42060       20.62220       2.656155    
  -88.79360       19.09360       10.90902    
  -96.75000       19.29580       24.47416    
  -91.00010       17.78070       35.31538    
  -105.5946       40.72040       25.29598    
  -107.4389       40.33550       166.7753    
  -97.85720       37.49750       6.304247    
  -100.9112       33.21000       19.59510    
  -103.2448       25.02460       40.74427    
  -95.82850       18.63740       43.02419    
  -114.6492       35.10630       82.65722    
  -99.79550       34.25400       127.0669    
  -99.83900       34.23140       81.75116    
  -99.76000       34.22800       89.12809    
  -99.47760       27.52200       5.958521    
  -97.72920       36.36110       5.069612    
  -99.43140       31.30300       12.21942    
  -92.80820       18.18440       2.879404    
  -92.20470       18.13480       5.740839    
  -92.99590       17.87160       5.746123    
  -100.4254       34.06120       54.54704    
  -91.78440       32.62000       16.95113    
  -83.40540       32.36950       16.35483    
  -95.91400       18.63910       68.33873    
  -108.8911       45.71080       151.8437    
  -109.9921       27.37210       13.83044    
  -108.1803       25.32140       4.651020    
  -108.8538       45.70800       119.3595    
  -110.0021       27.39480       24.21913    
  -109.9637       27.37080       6.426865    
  -114.6677       35.13260       319.0196    
  -111.9394       35.06090       163.5373    
  -108.2072       25.32250       3.737729    
  -117.4990       45.21970       929.6078    
  -97.39850       20.62170       2.621484    
  -92.98700       18.12820       1.682824    
  -98.50120       37.57780       53.66636    
  -98.49090       37.55130       116.9859    
  -98.46360       37.55010       164.3016    
  -114.6145       35.10410       44.05748    
  -104.3362       25.97030       67.82800    
  -98.47390       37.57660       60.90443    
  -117.5442       45.22360       777.1975    
  -91.54810       32.61330       4.940229    
  -92.59890       18.16110       29.45330    
  -91.00660       17.83980       1.894234    
  -90.63950       16.25060       16.69050    
  -111.1692       46.61170       46.73102    
  -118.9540       38.58920       52.82412    
  -114.6329       35.13030       35.45586    
  -107.8978       24.98640       4.202831    
  -93.00480       18.26690       3.534775    
  -92.47620       18.00110       5.040014    
  -89.06950       16.97000       21.30606    
  -116.7148       32.41870       92.80913    
  -99.42220       24.55700       13.65052    
  -92.45560       18.00070       8.286427    
  -105.6804       38.92360       39.01782    
  -97.91120       37.49980       78.10519    
  -97.88420       37.49860       70.06467    
  -97.90130       37.47340       12.17510    
  -97.87430       37.47220       24.86182    
  -116.7500       32.42080       115.4133    
  -109.7501       27.00650       7.729150    
  -109.7219       27.00520       5.547399    
  -98.52530       22.04170       29.46317    
  -93.84260       18.16290       32.54277    
  -93.82170       18.16260       6.697469    
  -93.81910       18.14270       32.83167    
  -99.66180       32.44090       28.90121    
  -91.54290       32.58940       38.81908    
  -111.1735       28.82030       49.11757    
  -92.45310       17.98090       8.063178    
  -98.52090       22.02090       32.00166    
  -115.9224       30.92300       31.88874    
  -88.49800       18.11980       25.70374    
  -90.58110       16.26920       20.23328    
  -118.1189       51.55920       103.3282    
  -94.68190       32.42430       6.008272    
  -98.97950       26.38950       3.920951    
  -97.57130       21.74930       44.58280    
  -117.9628       51.61710       116.1902    
  -115.0354       35.78670       178.7741    
  -115.0000       35.78440       310.2848    
  -114.9646       35.78200       127.5848    
  -114.9806       35.75780       74.07072    
  -102.9396       32.10650       67.04389    
  -88.72510       17.98490       4.308536    
  -112.9101       34.69700       123.0960    
  -102.9491       32.13060       91.93358    
  -102.9223       32.12940       84.98460    
  -102.9129       32.10540       41.31851    
  -115.6522       32.66550       25.79625    
  -115.6354       32.64040       158.8768    
  -111.6311       29.50430       52.65679    
  -98.03350       37.40130       87.79266    
  -98.00640       37.40010       108.3510    
  -115.7372       32.74310       88.12793    
  -115.7028       32.74090       35.21245    
  -115.6866       32.66760       29.82573    
  -115.6697       32.64250       170.5735    
  -88.67440       18.08270       9.840228    
  -93.11100       17.63710       19.09078    
  -94.68820       32.44820       5.785100    
  -111.7226       29.28030       58.95834    
  -111.7289       29.23500       54.55589    
  -89.20370       16.91320       15.23474    
  -119.4166       50.82000       206.1029    
  -111.7107       29.25690       34.42904    
  -100.2393       25.71670       13.86369    
  -88.42880       18.02040       6.781280    
  -92.74910       17.70980       22.46277    
  -105.8064       50.73940       19.98449    
  -101.1326       43.85940       14.03673    
  -123.4703       40.33850       167.7334    
  -97.78860       37.02880       7.171028    
  -102.2042       17.92530       6.918999    
  -113.4948       32.96900       5.242969    
  -109.9240       27.28020       11.19346    
  -120.7343       49.65150       237.3771    
  -109.9339       27.30280       12.33789    
  -109.8956       27.27890       9.961640    
  -92.86450       17.81030       23.08048    
  -85.95170       15.48230       45.26410    
  -69.45220       18.51870       2.672223    
  -118.0601       50.01730       133.9669    
