  -123.8697       53.31620       2880.137    
  -122.7801       52.59230       2312.594    
  -117.7184       49.43040       1726.662    
  -121.5982       45.77150       2142.184    
  -121.5280       45.11520       2401.090    
  -96.81160       39.19710       72.23645    
  -94.75570       32.87830       1028.670    
  -85.05980       30.76660       54.23282    
  -94.87810       30.70310       1087.789    
  -94.52780       17.97760       1781.708    
  -93.18470       17.89460       741.8065    
  -106.6081       37.00490       730.4563    
  -95.45690       31.55660       679.7047    
  -79.16500       21.79480       42.33211    
  -93.11510       17.83420       852.3597    
  -121.2792       51.29460       2862.910    
  -119.7771       34.50170       77437.55    
  -94.87230       30.67990       1339.154    
  -91.53060       30.46880       126.2196    
  -121.2144       51.25180       2435.830    
  -124.4470       42.83790       1924.968    
  -102.2042       17.92530       115.5867    
  -119.5324       45.67700       2724.951    
  -91.53530       30.49180       49.90529    
  -98.89890       23.02660       95.34434    
  -99.00280       22.77960       198.4938    
  -96.27220       18.60660       60.06759    
  -119.7992       34.52810       39123.81    
  -99.08410       22.53260       252.1135    
  -98.95350       22.96560       438.1693    
  -95.14380       16.65170       460.4114    
  -101.0641       20.02460       52.72095    
  -119.2912       50.55860       2239.531    
  -110.8616       33.42080       2107.922    
  -101.0598       20.00430       362.3398    
  -99.00340       22.88370       1108.446    
  -98.80620       22.81580       612.6122    
  -97.26000       36.80100       90.29557    
  -98.88950       22.98470       635.8576    
  -97.28650       36.80210       146.4147    
  -119.8164       34.50440       45436.88    
  -119.7379       34.49900       84097.54    
  -119.7600       34.52540       14904.36    
  -119.8386       34.53080       32370.35    
  -119.7551       34.47530       54220.20    
  -92.45960       16.27640       183.8083    
  -119.7943       34.47800       39992.75    
  -119.7159       34.47260       11023.75    
  -97.71040       27.00280       1104.604    
  -92.41240       16.21730       2789.102    
  -92.47780       16.25720       82.13983    
  -92.30640       16.17690       84.47004    
  -92.28400       16.15710       84.47004    
  -70.34600       18.92870       946.4753    
  -92.48470       17.90260       44.17686    
  -92.48230       17.88280       42.39684    
  -92.16520       18.64900       275.8998    
  -93.51940       17.92010       43.76907    
  -119.4661       35.83820       5550.716    
  -109.6423       30.50830       4896.115    
  -94.70710       17.60590       179.3729    
  -77.01500       20.49350       1012.021    
  -92.46170       16.29590       1747.294    
  -93.11760       17.85400       415.7965    
  -85.34680       32.47140       698.9178    
  -104.3456       19.77150       449.1137    
  -98.64710       19.03790       1439.857    
  -81.87900       32.23190       556.4200    
  -88.97580       32.40480       420.5049    
  -96.85380       19.39830       932.7662    
  -104.3557       19.81240       1353.582    
  -104.3506       19.79190       141.7543    
  -91.82970       30.91360       70.68298    
  -104.6103       36.56100       369.0696    
  -92.74150       15.31110       851.1702    
  -92.73950       15.29170       2165.069    
  -84.68500       30.57710       560.6978    
  -90.09680       15.35310       335.0551    
  -80.12680       22.55660       45.43906    
  -84.48280       30.34550       1553.947    
  -86.12020       31.40840       4285.797    
  -86.11700       31.38510       735.1329    
  -85.20010       30.65410       604.9843    
  -83.73430       31.71790       416.7156    
  -70.12070       18.73220       43.88559    
  -95.69270       18.01940       242.6541    
  -99.01220       22.82150       112.0442    
  -78.51190       21.73080       38.44843    
  -87.29330       32.46180       59.03194    
  -87.80520       31.97840       152.0644    
  -83.77360       31.67190       123.9406    
  -115.1380       32.13070       1489.217    
  -99.16730       22.70110       78.83871    
  -88.99890       15.47510       269.7477    
  -85.40200       32.21310       615.9153    
  -90.95320       18.62930       408.8807    
  -97.11280       18.08750       694.6430    
  -70.41740       18.51380       2059.968    
  -87.57790       32.11440       533.2109    
  -87.05370       31.65890       723.1161    
  -82.77020       33.57510       747.2752    
  -90.97360       18.62960       433.6884    
  -95.64360       18.11740       82.31461    
  -91.47200       14.90810       274.7500    
  -87.07620       31.65940       466.6353    
  -82.01810       31.55560       281.6548    
  -95.64070       18.09760       1802.472    
  -78.02200       21.04000       639.0106    
  -91.46950       17.43400       173.8714    
  -95.54330       17.42430       61.94470    
  -84.50470       30.34580       2040.036    
  -93.51690       17.90030       61.07622    
  -110.4990       42.83910       554.3790    
  -101.4214       35.89270       1931.295    
  -101.3938       35.89140       3502.221    
  -85.05370       31.25070       268.6029    
  -84.11090       32.47450       1006.993    
  -84.41980       32.43220       724.6674    
  -82.64740       33.26140       566.3754    
  -95.48830       18.21350       123.3068    
  -94.06910       17.83110       236.2805    
  -92.51470       15.07620       108.8240    
  -84.00970       31.21110       482.2732    
  -101.4047       35.91720       2739.154    
  -84.11370       32.49810       350.5510    
  -85.35440       31.00160       345.9984    
  -76.58480       20.35220       92.43158    
  -89.29790       16.19450       508.1027    
  -88.84160       16.18890       184.6900    
  -78.92670       21.75300       40.97282    
  -117.4276       49.23180       1208.076    
  -80.70290       33.38230       215.4902    
  -84.77640       31.33880       239.3156    
  -90.20340       19.91340       1213.825    
  -90.20100       19.89330       1192.569    
  -87.22860       32.48410       384.8474    
  -78.16510       22.03510       42.52629    
  -88.66680       17.35590       358.9581    
  -88.90070       17.30020       687.6792    
  -77.35680       36.99980       696.2902    
  -85.60890       33.69360       430.4523    
  -82.74760       33.57470       947.9285    
  -83.09750       32.41230       525.6657    
  -81.71000       22.67060       223.3281    
  -78.90630       21.73250       121.2679    
  -82.84310       32.10310       733.9512    
  -88.51070       18.67300       613.6760    
  -88.92060       17.30040       568.7525    
  -89.56320       16.91780       680.9946    
  -84.13380       32.85390       306.9252    
  -85.77530       31.33250       68.85765    
  -101.3663       35.89010       1608.834    
  -81.33620       32.36700       54.69054    
  -84.77780       31.71080       278.0661    
  -83.77620       31.69520       458.4479    
  -85.03150       31.25030       229.4516    
  -84.61830       30.94350       51.75004    
  -84.76740       30.71600       659.4622    
  -99.28960       21.81490       748.8405    
  -92.23670       17.54410       55.34245    
  -101.3830       35.86570       2278.878    
  -85.40550       32.07230       975.9742    
  -98.08950       20.65870       51.65294    
  -98.06720       20.65820       48.93437    
  -98.56430       18.57630       70.68298    
  -81.09260       33.48230       468.9189    
  -81.07010       33.48210       432.4980    
  -84.77930       31.36200       698.0419    
  -90.57690       19.25950       158.4161    
  -84.08390       31.86320       257.6777    
  -91.70770       18.26510       37.08915    
  -100.5396       36.10430       3571.164    
  -81.73080       32.82080       764.8419    
  -78.82740       21.73220       47.86636    
  -91.72820       18.26540       479.1122    
  -82.53840       31.93510       668.8890    
  -82.85520       22.98990       350.9005    
  -81.08530       22.58360       54.75989    
  -85.27030       33.56680       664.7601    
  -81.98260       32.39790       401.2556    
  -84.97200       30.94920       635.8576    
  -90.73200       16.97280       322.9874    
  -99.33630       35.74730       472.7124    
  -86.75940       33.98250       170.3382    
  -114.8324       32.20800       3863.191    
  -90.49900       16.24870       257.6801    
  -89.54120       15.34640       453.6021    
  -99.22670       36.42570       2455.576    
  -100.5123       36.10300       6657.155    
  -84.78170       31.92110       300.6393    
  -100.4850       36.10170       5897.424    
  -100.5018       36.07720       3278.337    
  -84.77490       31.68740       271.0884    
  -100.5228       36.12880       2247.169    
  -100.4955       36.12760       3462.872    
  -100.4745       36.07600       3771.430    
  -98.58070       35.11510       1583.081    
  -82.07960       33.20620       236.7357    
  -81.35840       32.36720       157.9381    
  -89.52300       15.36550       258.8751    
  -121.0202       52.14640       1936.669    
  -103.6527       34.70200       1425.721    
  -91.12430       17.80220       55.14826    
  -89.53900       16.00350       641.1125    
  -120.4584       49.65890       2548.095    
  -96.44620       37.30850       558.6602    
  -99.19970       36.42450       2371.039    
  -85.21220       31.27650       299.3796    
  -100.4681       36.12630       2927.910    
  -100.4576       36.10050       4369.430    
  -98.55440       35.11400       1951.013    
  -101.3238       20.78420       504.9428    
  -90.38950       16.15010       333.0602    
  -91.46510       29.80610       79.03290    
  -90.07300       18.57620       325.1170    
  -99.82320       36.45250       5516.453    
  -99.81280       36.42650       9507.492    
  -99.78560       36.42530       14725.94    
  -99.79590       36.45130       6880.030    
  -100.4408       36.12500       5645.375    
  -101.5440       27.15470       1121.178    
  -100.4135       36.12380       7316.931    
  -100.4304       36.09920       3663.941    
  -100.4031       36.09800       4466.500    
  -100.4472       36.07470       4713.783    
  -99.75840       36.42410       7331.590    
  -83.22050       22.45820       52.72095    
  -120.1829       49.52860       1845.906    
  -99.76870       36.45000       3455.604    
  -99.77530       36.39940       2863.592    
  -100.3862       36.12250       2634.044    
  -100.3758       36.09670       3678.509    
  -100.3926       36.07220       4562.391    
  -99.73120       36.42290       3692.521    
  -101.0871       20.02520       758.6856    
  -89.47050       16.56580       218.6915    
  -99.74810       36.39820       4881.144    
  -78.80770       21.73210       36.31241    
  -99.72100       36.39690       12155.42    
  -100.4199       36.07340       3736.782    
  -101.5752       20.26160       744.9593    
  -88.69030       18.45780       347.7427    
  -100.4367       36.04890       3384.823    
  -99.70410       36.42160       3325.747    
  -99.69380       36.39570       7739.546    
  -100.4095       36.04770       3796.527    
  -100.3822       36.04640       5371.218    
  -100.5106       18.18290       277.5768    
  -100.3550       36.04520       6717.614    
  -100.3718       36.02060       4695.619    
  -100.3446       36.01940       4735.024    
  -120.3053       50.02550       2527.156    
  -112.9041       37.60200       744.4023    
  -99.67690       36.42040       3320.363    
  -99.66660       36.39450       4112.462    
  -99.68350       36.36980       4400.186    
  -101.7390       34.19310       202.1747    
  -99.81260       33.23560       679.9980    
  -85.40870       32.09580       792.4571    
  -105.8993       38.13870       471.4728    
  -99.71070       36.37100       3025.865    
  -121.8589       51.57180       2219.605    
  -100.3991       36.02190       3879.188    
  -101.2814       35.03510       1023.303    
  -92.31060       16.21580       557.0322    
  -92.36800       14.82370       36.50659    
  -99.63950       36.39320       2859.025    
  -99.65640       36.36860       3722.294    
  -90.92100       17.42580       557.9518    
  -92.34790       14.82350       48.06054    
  -100.3614       35.99490       5873.777    
  -100.3342       35.99360       7716.967    
  -96.14000       18.44480       224.8990    
  -92.37380       16.23620       317.2482    
  -98.61270       18.47770       59.80867    
  -114.8483       32.23280       1517.653    
  -97.39260       25.60630       265.4268    
  -95.30670       30.44080       1032.695    
