  -107.4999       50.47430       164.9000    
  -115.1444       47.91690       1064.015    
  -115.1653       47.55700       1356.484    
  -109.4776       44.36950       835.5013    
  -120.6423       45.18870       333.0474    
  -119.7715       44.89630       1565.841    
  -114.5228       44.42240       244.6737    
  -97.19020       42.88400       20.28596    
  -122.2216       44.02600       1170.881    
  -101.9130       42.49100       146.5963    
  -80.88490       25.55040       611.8096    
  -104.8516       21.44390       23.69358    
  -102.9762       20.77020       279.7751    
  -90.39790       20.33870       583.5797    
  -90.39540       20.31850       1049.439    
  -90.37480       20.31820       603.1719    
  -103.2113       20.57270       467.8757    
  -104.8040       20.06950       220.6755    
  -103.2914       19.92370       1288.759    
  -101.9075       19.78400       519.7047    
  -102.9743       19.67160       581.7381    
  -101.3869       19.28590       2272.168    
  -100.9312       17.91440       1057.878    
  -101.0744       17.83830       698.3693    
  -94.97030       17.68960       60.06803    
  -100.9462       17.75580       236.6374    
  -100.6981       17.75000       742.8310    
  -100.6169       17.43100       472.1855    
  -100.2963       17.38410       563.7469    
  -97.78990       16.34830       254.2937    
  -97.44930       16.06830       16.39915    
  -114.8957       48.59550       1069.242    
  -115.5296       45.79710       1764.453    
  -114.9313       44.72880       983.8655    
  -108.0548       43.69870       202.7396    
  -118.6368       43.89160       406.8654    
  -104.6689       22.53740       530.2136    
  -103.2063       20.55220       754.2215    
  -103.6925       20.50530       410.0219    
  -105.1829       19.75560       243.2614    
  -101.4099       19.28650       734.7839    
  -101.5803       18.78870       1272.023    
  -98.91630       18.20590       369.0326    
  -101.4248       18.24490       914.4861    
  -97.67500       16.15060       208.9232    
  -112.6983       48.74310       323.6902    
  -119.2889       44.88430       1217.555    
  -112.7342       43.80130       314.3329    
  -111.8022       34.18470       499.2270    
  -107.5379       29.64530       432.2224    
  -107.0330       28.57860       378.1946    
  -105.2073       19.75630       209.0652    
  -100.7974       18.38920       302.6564    
  -99.97180       18.28980       746.8897    
  -99.25610       18.13400       797.7230    
  -100.6127       17.52990       305.5887    
  -99.84960       17.49280       944.8024    
  -98.01950       16.58780       136.4638    
  -115.9728       48.62390       1567.564    
  -114.7495       48.34780       1557.690    
  -115.4106       47.02580       1910.813    
  -112.7418       46.80190       1431.117    
  -115.2176       45.64610       1676.173    
  -114.7523       45.02000       871.5671    
  -102.4581       42.98830       148.6757    
  -117.6954       43.69300       381.9128    
  -116.0048       42.29720       330.9680    
  -116.3475       41.69420       851.9025    
  -108.2980       28.36620       407.1075    
  -106.4398       26.29260       98.77056    
  -104.9179       19.56520       257.9339    
  -96.29840       18.90610       279.9539    
  -102.6588       18.23590       541.2750    
  -116.8474       48.16750       922.5817    
  -114.3572       47.74990       413.4501    
  -118.9973       48.00020       543.9312    
  -115.2677       46.85250       1433.981    
  -108.2812       44.19360       801.7338    
  -118.0829       43.75520       323.3436    
  -98.16910       40.93100       18.10296    
  -121.4561       37.69340       1633.376    
  -109.6423       30.50830       1582.217    
  -98.91280       18.18590       352.9241    
  -100.9236       17.75530       758.0977    
  -100.2740       17.38360       880.3098    
  -97.21420       16.06390       17.19781    
  -111.2328       50.85220       301.5101    
  -108.4439       47.66700       220.7609    
  -115.2041       47.59310       1815.950    
  -115.5055       47.45590       1517.035    
  -113.0017       46.95190       1629.248    
  -96.84160       44.99710       58.03596    
  -112.5720       45.52410       223.5334    
  -108.2690       44.22290       221.1074    
  -115.9558       44.11670       1036.137    
  -100.2386       41.34290       17.62376    
  -123.4572       41.77010       1310.272    
  -109.8687       37.98250       293.8858    
  -105.1465       20.36540       1284.805    
  -100.6943       17.96840       849.2202    
  -100.3796       17.84180       455.5446    
  -99.78230       17.23440       1084.578    
  -117.4565       47.62880       323.6902    
  -112.4761       46.84450       1325.373    
  -115.3406       46.73050       1517.035    
  -111.0548       46.31590       313.9864    
  -115.1521       45.26840       1969.473    
  -114.7199       44.98670       1237.667    
  -111.0635       44.54720       1516.260    
  -114.4726       44.56990       1225.476    
  -101.8813       43.60410       345.3920    
  -98.94190       43.08850       32.15937    
  -118.0288       43.78040       891.4587    
  -115.6614       41.92590       291.4598    
  -115.8021       41.79410       281.2939    
  -102.8464       20.62330       227.3402    
  -102.1020       19.93110       250.6535    
  -103.3625       19.92580       402.5018    
  -110.8868       50.75070       433.8973    
  -106.7657       49.74580       26.08956    
  -112.8423       47.42550       1700.566    
  -110.2722       46.89480       224.5731    
  -108.1523       45.75090       166.3504    
  -114.4639       45.11940       961.7955    
  -103.5177       44.27140       518.0685    
  -114.6911       44.67880       966.4417    
  -109.1349       44.19390       306.3621    
  -122.9361       45.21400       64.42525    
  -117.9134       44.73450       1297.632    
  -118.9771       44.79600       1064.155    
  -109.1060       43.38620       237.7425    
  -117.2563       42.16650       1007.232    
  -119.8757       41.46680       443.2545    
  -113.7420       38.82440       281.0629    
  -111.6927       34.05530       609.7422    
  -103.7079       20.56700       270.2905    
  -98.72940       18.63990       344.7129    
  -100.4965       18.46180       600.2424    
  -102.3454       18.16810       414.9824    
  -106.8442       50.85490       179.5050    
  -114.4349       48.05400       2394.034    
  -115.0957       47.68210       2270.906    
  -110.9129       47.07420       1211.537    
  -110.7096       46.13070       188.1839    
  -115.4675       45.38740       1298.656    
  -112.3765       44.76940       866.3743    
  -110.0463       44.47150       1098.863    
  -109.4751       43.56040       640.6154    
  -115.7346       43.29560       301.5101    
  -117.1668       43.29400       1141.337    
  -117.7135       43.01590       946.4512    
  -111.1836       36.20010       1056.436    
  -109.3390       35.80930       484.3825    
  -96.09710       18.30490       34.60860    
  -94.67610       18.13860       183.7132    
  -97.89960       16.50700       113.7198    
  -118.8847       47.66090       477.2177    
  -114.6457       46.83170       836.3439    
  -112.6547       46.06300       1496.126    
  -109.0493       44.97850       327.1558    
  -117.9599       45.60020       74.43511    
  -116.0929       44.09790       355.5740    
  -115.5284       43.27910       321.6108    
  -106.8159       38.74980       502.9679    
  -102.8639       36.19070       18.90162    
  -109.3076       35.80750       347.3215    
  -112.1465       33.42240       55.88295    
  -96.80890       18.33930       252.2711    
  -94.69900       17.54660       64.10002    
  -111.7716       49.79880       212.7899    
  -115.1294       48.28090       1580.922    
  -114.2568       48.03860       1571.629    
  -115.1286       47.75070       1889.905    
  -110.9354       47.14080       935.0106    
  -118.3400       47.28510       1124.936    
  -118.3987       47.22560       305.3223    
  -109.1965       46.39610       247.7928    
  -110.5923       46.12170       353.1481    
  -115.6831       45.40540       1838.408    
  -113.8270       45.25270       414.8363    
  -114.7104       45.01660       1165.675    
  -108.5799       44.27500       195.1152    
  -120.5365       45.20990       398.8701    
  -112.5931       44.39120       217.9884    
  -112.2022       44.36100       719.7189    
  -115.9349       41.77590       999.5142    
  -113.5903       41.51250       292.8460    
  -108.2049       39.26430       210.7105    
  -112.2511       35.05500       262.7426    
  -106.3938       24.39190       951.3817    
  -102.9327       18.86400       775.6506    
  -100.1615       17.12430       347.6388    
  -115.1468       47.65370       1677.334    
  -110.5242       46.08490       38.33568    
  -108.7792       45.39100       294.5789    
  -116.5258       45.60080       564.2051    
  -117.0125       45.48710       289.0338    
  -115.1096       45.26490       1148.811    
  -110.8551       44.89750       381.0464    
  -116.5119       45.32060       512.5672    
  -112.2302       44.39340       974.5729    
  -118.2483       44.70230       1198.742    
  -118.1467       44.57210       1058.207    
  -108.6013       43.20360       285.5682    
  -115.7759       43.29890       315.7192    
  -100.6062       19.68900       217.1580    
  -103.0883       19.35140       448.2642    
  -103.5235       19.10130       692.6774    
  -93.89250       18.22320       83.39881    
  -99.67040       18.22300       223.6376    
  -105.5596       50.93810       213.4587    
  -118.4352       47.00290       847.0787    
  -112.6731       46.00150       1057.401    
  -109.0144       45.68860       251.6050    
  -108.2133       45.28820       280.3698    
  -115.2950       45.52810       1169.720    
  -115.6573       45.49620       1193.435    
  -113.4141       44.72880       278.9835    
  -118.4209       43.84340       793.0508    
  -117.6164       43.03720       1038.105    
  -114.9949       42.13210       237.0494    
  -110.0586       32.89210       413.8915    
  -103.7421       20.60880       24.54548    
  -96.08800       18.38410       27.15444    
  -95.90240       16.97880       538.7491    
  -99.34750       17.00810       657.7481    
  -111.2115       49.71660       303.9360    
  -108.0196       47.63510       291.4598    
  -115.5171       48.18170       1981.670    
  -118.6530       48.39990       1787.857    
  -112.6628       47.63990       461.7957    
  -113.4537       47.60740       1398.553    
  -119.0681       47.41670       1698.981    
  -118.3869       46.99850       1246.498    
  -110.6279       45.65330       673.3727    
  -118.1515       45.99200       1302.141    
  -117.5621       45.69010       988.5119    
  -110.6770       44.63980       778.2644    
  -115.3285       44.97530       788.7188    
  -113.6267       44.83730       69.37693    
  -111.1177       44.61200       790.4427    
  -118.5655       44.57780       1244.061    
  -116.0717       42.64960       284.8750    
  -108.2721       29.74890       299.7170    
  -104.8346       21.38150       1622.106    
  -103.6698       19.32720       26.78173    
  -96.13990       18.30570       26.72849    
  -99.94950       18.28920       523.8775    
  -101.0862       18.01750       1442.991    
  -101.9636       17.97910       404.0844    
  -99.00360       17.17810       692.7974    
  -107.7451       50.49360       348.2747    
  -108.1831       47.61450       281.0629    
  -113.1396       47.45020       1149.973    
  -115.0960       47.22520       1584.407    
  -112.6671       46.76370       335.1268    
  -118.5336       46.72300       1168.351    
  -108.6788       44.76800       47.60014    
  -112.1913       44.39040       341.5382    
  -115.6534       44.63580       844.4750    
  -106.3773       43.61520       209.3243    
  -107.9364       42.92350       178.1336    
  -115.8173       43.30220       278.6370    
  -117.6270       43.00880       376.7144    
  -110.9331       37.13540       193.7289    
  -111.5649       35.01310       614.4804    
  -103.2180       18.25030       425.9030    
  -120.2956       48.95940       1007.460    
  -107.9046       47.62650       328.8886    
  -112.8197       47.52170       1652.941    
  -110.5640       46.59630       330.2749    
  -118.0510       46.01450       923.5700    
  -116.5421       45.54000       477.2795    
  -122.7951       45.97690       1613.786    
  -116.5751       45.41870       1103.509    
  -106.8137       43.82300       202.7396    
  -116.1156       44.15990       1878.289    
  -112.7291       43.71150       293.5392    
  -108.4640       43.10590       196.1548    
  -116.3821       43.64380       44.19252    
  -117.5622       42.94490       1731.784    
  -124.0226       42.65440       1672.410    
  -115.9063       40.59190       734.1991    
  -121.8607       38.01520       166.5289    
  -113.1174       37.25090       314.4225    
  -109.3093       35.70660       524.8415    
  -104.1824       19.78700       370.0303    
  -98.74810       16.54350       248.5734    
  -105.9917       51.00710       135.8147    
  -114.7294       48.78330       1917.783    
  -113.4920       47.84100       885.1305    
  -110.4211       46.93860       1796.978    
  -112.7670       46.70770       1600.669    
  -107.7462       45.62790       193.3823    
  -113.7859       45.24940       868.8683    
  -109.9922       44.71080       249.5256    
  -114.6686       45.01320       1173.205    
  -112.1264       44.56730       183.3320    
  -106.9393       43.62280       221.4540    
  -115.8373       43.36280       489.6941    
  -117.1239       43.29050       765.0722    
  -111.1763       37.02130       630.9675    
  -110.0982       35.95580       473.7079    
  -104.9008       21.44550       15.38752    
  -113.5422       49.74260       1095.833    
  -113.8580       49.08080       2053.042    
  -114.5543       47.89870       1868.981    
  -117.1971       47.44210       384.6853    
  -118.4245       47.06640       283.1422    
  -108.2856       46.01190       256.1104    
  -122.1107       46.54330       1142.681    
  -117.9438       46.06790       1188.305    
  -115.9149       45.86100       1226.638    
  -113.9861       45.01920       282.7957    
  -110.4432       44.74430       1302.141    
  -112.3400       44.64460       287.9941    
  -110.2132       44.24190       1007.097    
  -117.1134       43.31910       883.7404    
  -113.7098       38.28890       186.4511    
  -111.1431       37.01920       746.7413    
  -104.8951       21.42470       22.09626    
  -103.4585       20.51880       518.3653    
  -110.7002       50.48440       317.1055    
  -104.3726       48.60790       365.0019    
  -111.9464       47.25430       389.8838    
  -121.9996       46.56460       1316.997    
  -114.3963       44.92970       1080.277    
  -107.9749       43.07250       212.4433    
  -110.1875       42.70040       169.8161    
  -108.0657       41.49390       132.3872    
  -117.6164       38.14330       375.9606    
  -107.5735       37.29370       384.6531    
  -111.1276       37.04410       525.8062    
  -110.8727       30.99150       465.9897    
  -104.6798       21.43840       423.3029    
  -104.4334       21.06020       262.1447    
  -104.0591       20.82300       282.8953    
  -100.4571       19.62470       158.0329    
  -101.6041       17.77150       265.0623    
  -109.7193       50.61700       260.6157    
  -109.2882       48.73510       272.0523    
  -115.1353       48.88700       797.7230    
  -107.5255       47.46700       196.1549    
  -106.8375       47.22080       167.7367    
  -107.6617       45.65310       178.1336    
  -115.5711       45.33410       1822.533    
  -115.7399       44.91750       1649.456    
  -114.9547       44.27600       775.8819    
  -118.6988       44.13640       1232.445    
  -117.3596       43.25090       318.4917    
  -114.6549       42.16340       775.6848    
  -120.3674       41.84880       395.2556    
  -120.3787       41.82120       985.0425    
  -113.0800       40.80040       251.7783    
  -102.3199       18.26720       238.8116    
  -114.1072       50.14270       111.7725    
  -104.3468       48.57220       40.94464    
  -109.0061       47.51260       685.9600    
  -116.7525       47.53300       946.0123    
  -118.1362       47.33150       847.0787    
  -117.3642       47.03560       430.7783    
  -108.0298       46.08800       198.2342    
  -110.8825       44.93020       281.0629    
  -113.7422       45.12260       283.8354    
  -108.4960       44.66340       603.7133    
  -107.0137       44.01610       686.3226    
  -113.1095       44.31040       224.5731    
  -115.8673       44.38060       1102.460    
  -115.7248       44.15790       663.5558    
  -121.9699       44.57570       2055.431    
  -108.2814       43.26990       158.7260    
  -108.8517       43.13270       283.8354    
  -108.9707       43.11160       177.4404    
  -117.9844       43.77670       1235.587    
  -114.0981       41.35230       258.1897    
  -122.4989       41.74430       950.3103    
  -108.1531       26.42990       239.4799    
  -102.6193       18.59500       357.2593    
  -101.0226       18.15540       507.2007    
  -102.5725       18.15390       1207.824    
  -107.8212       50.32120       421.0745    
  -114.2433       47.87200       560.7395    
  -110.7435       47.09320       967.6035    
  -116.7471       47.56520       1243.777    
  -107.9927       46.08530       224.5731    
  -107.6158       45.77500       178.2567    
  -107.8468       45.76020       183.3320    
  -107.7097       45.62530       204.8190    
  -107.2961       45.34710       238.4356    
  -110.9100       44.96300       272.0523    
  -112.5136       44.84120       261.3088    
  -113.6474       44.90010       345.5237    
  -107.0357       44.04760       900.2312    
  -115.3766       44.55230       1285.879    
  -115.8966       44.29240       1057.046    
  -116.1453       44.07220       743.6401    
  -113.5706       43.83610       240.5150    
  -118.2803       43.44550       360.0793    
  -117.4226       42.96270       370.1297    
  -113.0272       41.38610       293.3229    
  -112.9559       40.07170       713.9387    
  -110.8616       33.42080       501.2300    
  -103.8920       21.10510       399.3817    
  -103.8656       20.53080       108.3521    
  -104.3198       20.34030       336.9782    
  -103.4480       18.55670       319.2973    
  -102.2042       17.92530       66.63930    
  -94.93700       16.66760       129.2681    
  -107.0258       50.01150       44.61848    
  -114.3935       49.60950       1470.571    
  -116.3827       47.76230       1316.080    
  -116.6536       47.55690       1075.631    
  -95.41250       45.67420       174.7115    
  -107.9557       46.08270       198.9274    
  -121.2256       46.74680       1489.157    
  -107.6732       45.62270       201.3533    
  -122.2759       46.52710       2125.707    
  -115.4246       45.69460       1454.309    
  -114.3019       45.50810       1705.212    
  -115.4155       45.56920       1420.623    
  -114.2549       45.38020       1579.761    
  -115.5369       45.30040       1019.294    
  -110.8770       44.83790       810.7889    
  -121.2130       45.61150       114.6777    
  -112.0056       44.67970       221.8006    
  -109.4658       44.39890       864.2220    
  -112.1415       44.41690       731.1596    
  -112.1185       44.26400       312.2536    
  -113.2820       44.17320       838.8780    
  -115.9658       44.08750       877.8074    
  -106.1643       43.24610       131.0009    
  -108.9254       43.04980       161.1520    
  -117.2097       43.29750       698.5022    
  -117.2841       43.21530       305.6689    
  -114.6678       42.71360       42.96790    
  -113.7043       41.69120       201.3533    
  -118.6777       38.70200       429.1433    
  -118.6972       36.06370       627.7461    
  -103.7114       20.48540       400.7617    
  -102.5960       18.59430       352.4884    
  -113.5681       49.19240       489.0009    
  -109.3366       48.70500       294.5789    
  -111.6439       48.35190       266.1607    
  -115.4732       47.16050       1355.574    
  -119.4688       47.45370       1199.224    
  -107.2720       45.22150       30.66854    
  -121.1622       45.60690       86.20203    
  -109.9949       44.40710       864.2220    
  -109.6248       44.38010       820.0815    
  -113.4811       44.18880       1060.296    
  -120.9999       44.76170       596.7079    
  -113.5637       44.07510       415.1830    
  -117.2059       43.68190       271.3591    
  -119.5601       41.66780       840.3251    
  -101.0667       20.24780       90.76004    
  -99.06430       16.88400       234.5055    
  -110.9999       49.94360       234.9700    
  -114.3546       49.53690       1118.610    
  -113.5280       49.15470       405.8257    
  -112.1885       47.83120       318.8383    
  -118.1519       46.94510       389.1907    
  -121.3915       47.11540       6933.523    
  -121.3051       46.94640       6962.563    
  -111.4006       45.49460       823.7244    
  -120.9539       46.15070       1086.085    
  -113.8760       45.50450       1987.479    
  -108.2335       45.04270       336.5130    
  -114.6897       45.50890       1516.792    
  -114.2874       45.41380       1342.216    
  -113.3288       43.93680       343.4443    
  -122.1076       44.64890       1339.312    
  -105.8143       43.25290       98.42399    
  -114.7704       43.84120       1171.462    
  -108.9263       42.72850       585.5516    
  -122.6000       43.28790       1936.368    
  -114.6098       41.98780       235.6631    
  -120.6540       42.44750       896.5284    
  -112.4801       36.94980       195.1152    
  -104.8270       21.44310       310.0605    
  -103.8867       21.08440       530.4286    
  -103.9670       20.55430       187.1442    
  -103.7528       20.36420       231.9084    
  -103.4295       20.00890       530.4286    
  -99.44900       17.08910       215.8621    
  -114.0574       49.30380       1813.219    
  -117.3571       47.98170       2101.314    
  -111.1144       47.09020       1187.144    
  -119.4143       47.48120       441.8683    
  -121.2566       46.90970       7015.995    
  -109.5645       45.88610       183.3320    
  -114.0565       45.61250       933.9173    
  -112.5404       45.24270       190.9564    
  -113.0326       45.25080       268.2401    
  -115.6361       44.42200       1248.708    
  -112.5007       43.99270       230.2914    
  -114.9446       43.82530       877.8074    
  -108.8843       43.22320       225.9593    
  -94.94470       16.72640       107.7812    
  -113.3519       48.83280       420.7279    
  -120.1823       49.39120       3060.786    
  -121.3092       46.91470       7204.173    
  -121.9784       46.72190       2216.311    
  -115.2434       45.55480       1533.297    
  -110.3637       44.64690       885.1305    
  -114.8256       44.65930       822.4048    
  -114.8631       44.41960       1254.516    
  -112.6954       44.00760       206.8983    
  -115.0083       43.65180       830.5358    
  -103.6738       20.81140       169.7755    
  -103.7717       20.34440       306.8231    
  -101.8566       19.76240       2735.446    
  -98.99810       17.27660       321.6832    
  -98.61130       16.77630       339.0583    
  -114.3258       49.81200       1314.918    
  -114.0618       49.26980       4973.452    
  -113.1596       48.64710       468.5536    
  -116.0461       47.53580       886.4594    
  -121.4339       47.21630       7841.884    
  -111.3499       45.64640       250.2188    
  -113.0828       45.22390       51.00776    
  -113.8056       41.47180       287.9941    
  -114.3544       41.48450       285.3949    
  -117.6366       38.83810       725.5161    
  -122.2613       38.04660       459.8256    
  -108.9046       26.22150       28.53878    
  -104.1127       20.84510       322.4968    
  -103.9123       20.71620       279.1768    
  -103.8245       20.65220       406.1312    
  -103.3901       19.64280       423.8229    
  -113.3799       48.66600       1550.721    
  -114.9006       48.56220       5769.611    
  -107.7693       47.81440       583.6932    
  -116.7190       46.94630       1444.638    
  -117.0553       46.91170       64.58498    
  -121.3578       46.95140       7322.655    
  -119.9973       45.59440       538.9060    
  -114.3580       45.04930       1238.253    
  -114.7840       44.65590       1512.388    
  -113.3167       44.41730       508.4402    
  -109.8887       44.00770       166.5237    
  -112.5395       43.99570       39.77327    
  -115.0466       44.01290       349.6825    
  -120.3345       42.04630       329.7550    
  -103.6839       20.56630       443.0639    
  -104.4049       19.32780       218.4539    
  -100.7560       17.33520       169.8388    
  -96.13520       16.37610       342.1785    
  -117.0656       47.10590       533.0145    
  -113.6321       45.60910       334.4337    
  -114.6082       44.67210       1103.509    
  -123.7666       39.53900       966.2122    
  -104.7836       21.46240       361.9395    
  -103.7115       20.77150       20.17948    
  -103.7850       20.58970       248.9506    
  -103.4280       19.40120       304.5984    
  -121.4304       47.24830       7306.393    
  -118.2113       42.53260       739.0230    
  -118.7168       38.78540       454.0982    
  -105.2125       21.60010       485.3596    
  -104.2064       19.78770       178.3663    
  -103.7269       19.47020       291.2157    
  -103.6793       19.36780       151.3169    
  -113.3436       44.93710       157.3398    
  -112.0837       44.68570       171.8954    
  -114.4817       44.41910       1079.116    
  -120.7218       42.39550       1340.473    
  -104.6384       21.37530       581.8610    
  -101.2790       19.74700       829.9648    
  -100.9317       17.43820       250.2635    
  -101.4090       47.84220       354.2430    
  -112.1817       48.46360       319.1848    
  -115.1126       44.43980       716.7002    
  -121.8256       42.31690       1006.774    
  -104.6150       21.10690       133.6788    
  -101.8610       19.78280       1041.418    
  -110.7461       50.16880       273.7850    
  -115.9237       46.36610       662.1055    
  -101.0265       18.17540       407.7021    
  -98.89560       36.18250       76.20850    
  -101.1854       18.17920       590.1959    
  -103.3128       48.23220       37.08977    
  -103.8830       20.69480       354.3885    
  -99.19140       17.12300       364.0197    
  -112.2311       48.43410       221.4540    
  -103.9240       20.57340       570.9908    
  -104.4343       19.44990       27.68688    
  -103.0465       18.42590       158.4689    
  -104.6308       21.43690       498.8775    
  -104.0192       20.76030       117.0019    
  -100.5128       18.66200       340.0984    
  -102.3495       18.18810       250.8024    
  -100.7582       17.71170       501.8271    
  -104.6742       21.41760       488.1331    
  -78.44570       33.91790       104.1802    
  -106.6031       25.30100       683.3939    
  -103.1072       21.20450       324.1239    
  -104.3252       20.07560       268.9643    
  -104.4294       19.42950       159.2077    
  -99.14180       17.73450       1327.549    
  -104.6442       22.53660       970.0831    
  -100.6315       17.51050       291.2157    
  -102.9799       20.68850       139.5023    
  -103.9018       20.67500       225.2674    
  -103.6737       20.52510       155.0303    
  -99.45230       17.10880       260.0141    
  -103.4090       19.42090       246.0600    
  -104.5031       19.63410       207.9015    
  -100.2802       18.73630       485.4462    
  -103.8641       20.71470       360.0058    
  -80.88370       25.52910       741.0593    
  -104.7156       21.48080       149.9245    
  -104.5082       19.65450       92.53242    
  -100.5907       18.48400       109.5423    
  -101.3542       17.88470       261.0541    
  -103.1679       49.90740       36.31240    
  -106.2532       24.42930       397.6701    
  -100.6133       18.48460       230.5829    
  -103.9259       20.67570       209.1974    
  -70.34600       18.92870       804.3601    
  -106.1779       23.57700       258.8124    
  -105.1411       20.34480       2216.779    
  -103.9910       20.55500       448.7562    
  -102.4272       18.23000       214.8923    
  -100.8678       17.45650       192.1727    
  -101.0871       20.02520       154.1793    
  -101.0827       20.00490       341.5071    
  -99.49650       17.10980       324.4976    
  -102.8215       18.78070       250.6535    
  -104.6481       20.02420       199.2112    
  -103.7610       20.58900       956.0137    
  -99.78180       17.61010       243.5217    
  -104.6382       22.51550       238.4480    
  -104.0319       21.27380       2676.927    
  -100.6691       17.47180       2001.078    
  -104.1598       20.56010       235.8447    
  -103.9500       20.67640       395.7941    
  -103.8313       20.48900       238.5795    
  -101.4209       18.22480       1678.630    
  -103.6771       20.72960       17.25106    
  -103.8211       20.44780       14.16290    
  -103.9429       20.55350       200.0540    
  -104.6120       21.45690       381.7007    
  -101.3827       19.26560       2202.480    
  -103.8467       20.55070       777.9621    
  -103.8227       20.55000       263.8679    
  -103.9057       19.92110       126.8422    
  -103.8451       20.44850       598.3417    
  -104.2494       19.76870       298.2244    
  -103.7187       20.32250       304.3545    
  -104.1724       19.74620       350.3370    
  -103.7869       20.40600       216.2324    
  -103.4942       19.48390       47.72792    
  -103.8691       20.44930       145.2101    
  -100.0431       18.55070       266.2544    
  -101.2278       18.28000       1497.801    
  -104.2735       19.76940       1292.596    
  -103.8502       20.46910       255.2769    
  -104.1534       19.76590       264.1743    
  -110.8929       33.42260       360.8285    
  -101.4057       19.26620       293.8159    
  -104.2014       19.76730       904.9177    
  -103.3853       19.62240       199.6850    
  -93.11510       17.83420       105.8498    
  -93.18470       17.89460       39.00864    
  -104.9071       20.74660       199.8429    
  -103.3522       19.68220       201.8168    
  -103.3286       19.68150       222.4249    
  -97.47870       47.08870       29.47055    
  -104.9017       20.72600       259.3773    
  -56.72550       49.09470       370.4763    
  -80.90540       25.55050       2964.150    
  -102.8326       20.66380       400.9417    
  -98.46030       31.12650       105.3553    
  -100.4311       19.16100       98.59251    
  -97.28580       15.96770       234.7927    
  -90.64540       19.32050       330.3643    
  -100.6850       18.50630       307.8566    
  -100.9273       17.77520       545.2963    
  -74.09280       45.27940       58.62164    
  -82.15860       31.65030       916.2895    
  -105.1062       20.85540       501.8271    
  -101.0414       18.13590       965.7052    
  -99.29080       17.32240       144.7720    
  -103.2583       19.27540       355.6992    
  -100.8662       18.51070       79.01644    
  -97.90830       31.08310       95.99806    
  -102.4903       18.53150       336.9782    
  -101.0623       20.22740       21.59044    
  -98.10770       47.81400       21.98977    
  -102.8409       18.44050       369.7400    
  -97.60750       47.58780       34.30688    
  -97.56000       47.12560       52.55182    
  -102.3029       18.40670       354.1391    
  -101.5845       18.80880       184.7366    
  -102.6968       18.19690       301.5895    
  -80.90420       25.52920       1106.385    
  -102.6801       18.11670       428.0574    
  -98.53800       31.05980       435.4369    
  -103.6508       19.34680       89.75991    
  -103.6461       19.32650       188.0925    
  -78.59930       22.01640       23.32087    
  -102.1763       20.35960       315.1370    
  -103.3995       19.58230       263.6410    
  -104.6448       19.23360       30.45557    
  -97.28480       47.01330       62.06009    
  -72.28360       44.15270       132.8884    
  -99.28510       35.82060       2187.162    
  -104.0615       20.45500       191.7952    
  -104.6497       19.25390       33.71677    
  -97.61770       47.42350       24.49224    
  -97.30150       47.04670       56.10143    
  -102.2294       18.38480       848.9459    
  -97.60040       47.38970       93.98158    
  -99.43280       29.82850       97.73087    
  -80.92600       25.55070       3018.100    
  -77.59450       21.20030       37.90973    
  -100.4740       19.26260       156.8869    
  -97.47510       47.51460       89.06657    
  -104.1339       21.11250       404.1786    
  -104.0214       20.86280       637.5893    
  -104.5007       20.85700       201.6851    
  -100.6750       19.02660       126.8422    
  -102.9071       19.06440       218.0016    
  -95.60880       18.59320       286.2755    
  -102.6736       18.19640       348.5860    
  -97.50760       47.51630       88.79324    
  -104.1097       21.11180       422.7828    
  -103.2536       19.25510       415.8939    
  -103.1885       18.32960       396.2614    
  -101.0179       17.89650       1123.261    
  -99.90010       17.27650       675.3558    
  -78.57950       22.01630       23.48060    
  -98.56000       18.67600       102.9293    
  -96.52520       47.56360       32.09644    
  -96.73250       47.47540       63.78632    
  -96.36360       47.42340       39.45380    
  -96.17400       45.83660       30.24259    
  -89.31940       20.04010       141.4155    
  -91.29210       17.66710       32.26586    
  -91.27180       17.66680       26.72849    
  -91.28990       17.64740       25.45063    
  -69.78910       18.81290       203.3031    
  -97.85760       47.33790       30.29584    
  -99.76660       17.64930       615.7133    
  -97.56380       47.25650       58.28444    
  -92.48470       17.90260       13.94993    
  -92.62540       17.70780       10.27609    
  -96.91160       47.58370       80.27261    
  -80.99230       27.64520       149.1215    
  -103.3090       21.25170       207.8215    
  -102.8288       20.74540       125.2827    
  -90.56960       19.71890       188.0746    
  -90.65360       18.86270       183.2182    
  -90.63320       18.86240       205.2927    
  -102.3710       18.06900       235.3826    
  -104.6560       21.16990       403.5418    
  -104.7499       20.88520       359.6750    
  -101.6158       18.84970       526.6151    
  -101.6640       49.91220       120.0925    
  -96.87930       47.58200       91.89916    
  -80.92470       25.52940       1472.980    
  -104.6505       21.14920       363.5962    
  -104.7255       20.88450       748.8043    
  -98.90040       18.36470       426.4231    
  -90.39240       17.96860       250.4286    
  -102.4147       18.16980       335.4564    
  -90.32020       16.05220       104.1802    
  -80.86560       25.57150       756.1962    
  -80.86440       25.55020       286.7595    
  -104.7444       20.86460       319.9142    
  -95.92630       16.99890       1092.600    
  -99.52270       16.87400       100.3301    
  -89.90990       16.57150       240.6682    
  -104.8257       20.80560       875.5251    
  -88.05360       19.34220       63.98466    
  -102.7348       18.15800       1065.550    
  -91.49810       17.68990       153.3543    
  -97.52300       46.92840       78.15628    
  -106.4149       25.05670       471.4922    
  -102.2738       18.26610       708.6461    
  -94.59360       17.99860       159.0726    
  -91.51850       17.69020       26.30254    
  -91.22670       17.62680       18.26269    
  -100.0775       49.63530       57.55676    
  -97.39510       47.54330       41.86753    
  -96.31450       46.93070       33.27750    
  -107.3571       25.37430       924.8294    
  -104.8264       22.23020       535.9760    
  -101.8680       20.33070       309.9367    
  -102.2779       18.28610       1604.294    
  -102.2507       18.26550       511.7006    
  -90.95820       17.58340       422.9906    
  -96.01360       17.31500       354.3638    
  -97.36270       47.54160       51.00775    
  -97.66300       47.32740       64.73140    
  -97.73440       47.03720       63.84716    
  -103.9007       19.90060       311.3232    
  -102.9305       19.06500       554.3500    
  -102.2803       18.18640       803.7553    
  -90.87710       17.58220       18.10296    
  -89.81350       16.39520       22.04302    
  -102.1599       48.59510       144.8769    
  -74.77930       43.07160       135.5373    
  -106.4069       31.30300       209.8670    
  -97.84820       28.68870       20.04637    
  -107.3651       25.39620       678.5032    
  -102.3034       18.18700       325.8420    
  -100.9242       18.11320       155.0303    
  -100.8445       50.82550       75.92595    
  -101.6277       48.18980       296.0959    
  -107.3306       25.37320       557.8598    
  -103.8649       20.14350       320.7069    
  -100.5110       18.88210       155.6070    
  -100.2615       18.75590       347.3788    
  -101.0014       18.39420       388.9810    
  -97.55510       46.93010       85.03067    
  -97.50630       46.89510       178.9531    
  -103.0307       32.99220       113.7198    
  -100.4102       17.64410       254.8251    
  -99.13260       16.76740       1365.273    
  -103.3819       50.34810       35.44276    
  -89.12970       21.24850       127.6384    
  -103.8029       19.29050       368.0394    
  -98.62260       18.65750       310.9768    
  -100.7102       18.28730       545.1019    
  -99.34650       16.87020       23.10790    
  -93.57960       31.45040       369.0606    
  -103.3037       21.23100       477.4168    
  -103.2798       21.23020       1141.982    
  -102.5767       18.17390       3058.465    
  -89.92840       17.17670       314.6475    
  -97.48220       47.21940       25.45063    
  -121.5582       37.67500       1005.554    
  -121.5298       37.64650       718.4259    
  -102.6731       19.88600       294.3475    
  -104.9997       22.23600       266.1971    
  -104.9102       21.30150       416.0225    
  -104.2181       20.31690       209.6708    
  -103.4953       19.08040       769.2949    
  -90.96040       17.60310       138.3600    
  -102.3184       48.16690       219.9498    
  -103.8076       19.31090       658.0107    
  -102.8847       18.96320       225.8218    
  -101.6979       18.13200       704.6381    
  -90.97850       17.58370       235.7042    
  -105.1013       21.28700       364.3368    
  -104.8926       20.13330       727.9330    
  -104.8683       20.13260       376.4357    
  -104.7969       19.56160       1861.388    
  -103.4999       19.10060       574.1110    
  -100.8942       18.99190       438.2104    
  -100.4066       17.62420       534.5889    
  -100.5873       17.39070       211.1939    
  -115.8281       32.43590       328.0962    
  -69.59730       19.26940       422.6199    
  -103.2044       18.51010       409.5481    
  -101.5976       17.97020       668.7562    
  -103.4571       51.22250       69.16395    
  -100.6607       47.36720       56.59837    
  -97.42980       47.05350       106.6832    
  -97.39770       47.05180       194.1631    
  -104.0187       23.92310       926.1907    
  -105.2187       22.05620       412.9023    
  -104.8211       19.56240       1218.426    
  -104.7918       19.54120       1478.960    
  -95.19650       17.95050       95.65150    
  -100.6193       17.80770       445.0536    
  -99.51850       33.41610       517.1232    
  -106.6565       24.48730       331.7538    
  -104.2480       20.62410       532.5088    
  -104.2095       20.37780       187.3667    
  -104.5986       19.53560       19.79346    
  -104.2375       19.42400       1469.982    
  -101.6601       18.17090       417.0499    
  -105.5524       47.55490       686.8886    
  -104.7440       21.31680       240.2530    
  -104.1393       21.13320       204.1397    
  -104.2722       20.62480       698.9177    
  -102.3119       20.13980       484.6662    
  -101.4471       19.56960       171.2759    
  -104.8160       19.54190       906.9611    
  -101.3719       19.10450       579.3113    
  -102.2525       18.38540       601.1525    
  -102.2064       18.38420       574.1110    
  -102.2253       18.36470       891.3281    
  -101.0452       18.15590       132.3872    
  -100.1562       17.71760       333.9754    
  -111.3808       33.11130       793.2117    
  -105.0193       19.87260       26.88822    
  -100.5659       18.70330       568.3907    
  -81.33160       28.90800       217.1204    
  -104.2035       19.28160       484.6662    
  -100.5885       18.70380       490.9065    
  -103.5837       18.64050       374.4202    
  -99.57620       17.19040       316.9433    
  -99.25300       16.96670       90.62632    
  -111.3494       33.10950       337.5527    
  -115.1486       30.71410       739.0230    
  -80.88740       25.59300       1618.878    
  -80.86690       25.59280       1335.085    
  -105.2334       19.85870       450.1214    
  -80.88620       25.57170       795.6430    
  -105.0995       21.36940       353.8901    
  -103.8193       20.63160       682.4176    
  -105.2282       19.83820       815.4041    
  -71.39640       17.86160       339.2856    
  -80.92970       25.61460       635.7914    
  -80.90920       25.61450       672.9163    
  -107.5594       25.42570       214.6094    
  -104.8789       22.66980       168.7764    
  -104.2638       20.68590       351.5390    
  -110.2489       31.02870       260.9622    
  -80.94650       25.55090       284.3986    
  -106.6203       25.12930       894.2696    
  -106.8276       24.68650       514.8278    
  -102.0636       48.96410       95.10780    
  -110.2313       31.05120       245.0203    
  -80.52340       27.86060       533.8088    
  -80.43860       27.48750       88.12972    
  -80.52870       27.59750       66.90869    
  -110.2612       31.05270       725.9985    
  -81.10370       28.99510       266.3917    
  -88.75010       17.39610       297.7584    
  -99.92690       49.55610       55.05429    
  -101.3187       47.80330       47.06769    
  -97.29690       46.78700       41.45046    
  -97.47170       46.76390       37.90973    
  -97.76570       44.79780       27.71350    
  -108.3800       34.30800       247.4463    
  -81.56900       28.37710       105.9424    
  -80.88860       25.61430       3875.808    
  -89.52180       15.80970       74.10190    
  -101.0376       49.59060       51.35383    
  -121.7076       42.91610       611.8577    
  -80.99380       27.66720       475.5729    
  -88.60670       15.74090       315.1370    
  -96.96330       46.80190       53.29725    
  -97.01040       44.97470       37.64351    
  -91.92030       38.60780       85.13381    
  -99.25840       35.81940       299.7773    
  -89.76020       17.09620       147.9303    
  -98.82460       49.28090       80.18546    
  -90.10780       16.34070       92.12428    
  -100.8306       50.75200       74.48836    
  -98.49350       46.14620       233.1818    
  -80.97280       27.66700       491.7734    
  -89.47080       15.90590       144.6491    
  -84.32460       32.57240       36.17929    
  -84.30210       32.57200       272.0523    
  -99.26430       16.77020       332.8180    
  -64.89760       47.68580       781.4734    
  -116.3326       38.34140       455.3771    
  -91.80310       31.00520       746.7604    
  -100.6916       17.47230       730.6481    
  -100.6850       17.31380       153.1233    
  -100.7676       17.27620       391.2691    
  -100.9872       19.11470       680.1968    
  -101.7227       19.03310       506.8541    
  -100.3091       18.53710       521.0682    
  -101.7193       18.35200       823.9326    
  -100.7169       17.73060       3048.852    
  -90.07450       16.82700       342.9473    
  -96.97940       46.83510       84.20538    
  -80.17030       22.63900       31.69083    
  -100.2699       20.57210       347.9005    
  -101.3135       19.04270       199.1257    
  -103.2397       18.35090       324.4976    
  -99.48760       17.82150       256.7207    
  -90.27850       17.06420       306.6933    
  -97.72660       16.21020       238.2766    
  -89.92270       36.01240       61.98493    
  -89.89830       36.01170       80.93089    
  -95.09480       32.43800       335.6991    
  -96.12950       18.92260       253.7737    
  -99.49110       17.84140       754.0111    
  -99.76010       17.23390       674.5315    
  -102.3857       48.47420       82.26199    
  -98.67920       48.21390       129.2498    
  -102.6703       46.64730       42.11600    
  -104.6414       20.84090       187.6004    
  -104.8736       20.15310       1134.875    
  -104.8492       20.15240       1447.932    
  -104.9046       19.99120       125.1729    
  -100.9023       19.47480       954.7716    
  -100.8981       19.45450       1108.180    
  -104.9018       19.40270       753.0007    
  -100.5106       17.82500       949.6579    
  -88.77180       17.41600       939.1708    
  -88.77000       17.39640       455.0020    
  -99.21790       16.88720       88.72022    
  -98.69850       48.24860       66.82122    
  -93.90640       43.88990       64.21227    
  -104.2442       20.13430       189.0031    
  -104.9376       19.93110       509.4790    
  -103.3143       19.51930       222.1400    
  -102.1645       19.16530       135.7142    
  -102.3560       19.08990       37.74059    
  -102.2882       18.44630       622.6965    
  -98.39710       16.51690       451.0399    
  -100.8235       50.31950       74.70133    
  -97.73260       47.46260       62.77467    
  -94.94450       32.86080       17.62376    
  -80.86810       25.61410       452.1882    
  -80.84760       25.61400       314.4485    
  -107.6177       25.29840       913.5408    
  -101.2134       20.39400       16.66537    
  -104.8788       20.17360       868.4469    
  -104.8545       20.17290       829.3844    
  -101.8650       18.05640       170.3476    
  -98.64580       48.21200       149.7754    
  -95.24040       32.70400       344.2586    
  -114.9617       32.35930       640.6154    
  -95.11610       30.89520       1302.786    
  -107.8782       26.13400       157.6863    
  -106.8584       24.92360       538.7491    
  -117.6761       40.64470       775.6848    
  -116.3218       38.50040       747.7061    
  -106.6005       24.54930       328.9768    
  -104.2767       20.35940       289.5537    
  -100.9790       19.07440       438.0717    
  -95.11340       17.81060       411.3707    
  -95.09230       17.81020       253.3378    
  -100.0877       51.43720       192.5303    
  -96.29380       44.02710       76.77785    
  -120.0506       36.03320       1107.570    
  -106.0657       23.38290       683.3169    
  -80.17120       22.65960       24.99806    
  -104.7797       20.06880       174.7572    
  -104.5413       19.59470       201.1013    
  -99.73800       17.23340       571.6829    
  -98.48210       47.14310       77.09731    
  -117.3375       40.72970       222.1471    
  -104.4790       22.38520       197.5941    
  -102.6630       18.25600       270.0436    
  -100.5945       17.43050       265.8141    
  -100.5721       17.43000       386.6473    
  -103.0350       20.52680       749.7070    
  -102.4201       19.17210       558.5102    
  -100.6515       18.56540       25.39739    
  -101.2365       17.74280       146.6753    
  -95.86560       17.01740       303.4359    
  -97.93590       16.17510       442.2534    
  -97.93300       16.15550       194.2488    
  -101.6618       48.76710       32.95804    
  -95.11010       30.87190       1180.120    
  -106.4245       23.71300       369.9133    
  -102.7180       18.83820       708.2782    
  -101.0635       18.01700       432.9370    
  -101.3195       17.58600       190.9893    
  -101.2969       17.58550       850.8254    
  -101.6972       48.76940       62.93441    
  -81.38830       22.27820       707.0203    
  -96.65270       47.50420       46.64174    
  -92.29090       31.01860       18.63540    
  -107.5941       25.44870       392.3532    
  -91.10300       18.15680       29.82995    
  -102.2828       18.08670       439.9437    
  -102.0915       48.38760       118.0686    
  -109.5252       36.53300       751.5653    
  -81.40820       22.27840       275.6262    
  -100.6554       18.58550       143.0440    
  -117.9570       40.41670       436.5070    
  -106.4528       24.03220       463.5667    
  -100.4777       21.10840       193.7878    
  -95.96010       17.53070       302.0146    
  -99.13580       16.78710       164.7909    
  -97.68360       16.20940       311.9171    
  -97.66210       16.20900       839.3815    
  -106.7579       24.25650       439.9438    
  -101.7081       19.07290       860.1265    
  -100.4008       18.77930       339.0583    
  -94.67330       18.11880       64.91142    
  -97.65920       16.18940       807.0836    
  -109.1647       31.51160       656.0518    
  -102.8574       19.46620       727.8082    
  -101.2215       17.78220       164.3135    
  -101.4444       17.64850       171.1599    
  -89.76840       16.12270       318.4989    
  -106.5437       28.62430       453.4475    
  -80.86930       25.63550       1458.679    
  -102.7391       18.17810       563.1904    
  -100.7920       17.77200       505.4673    
  -100.7524       17.31540       177.3100    
  -96.99000       45.18990       29.65691    
  -101.1676       24.14530       319.3429    
  -104.4279       21.03940       227.4582    
  -100.8598       50.32180       52.17912    
  -102.5468       50.32630       2019.771    
  -102.5096       50.32380       1727.925    
  -97.32250       46.02080       53.01328    
  -104.4450       28.75870       199.6205    
  -111.8041       25.28210       721.6570    
  -111.7946       25.26000       472.7432    
  -105.0238       22.32000       298.8746    
  -104.9678       20.23750       512.3589    
  -102.5016       19.43630       1193.721    
  -102.4971       19.41600       1352.073    
  -103.4015       18.97720       288.0017    
  -100.8898       17.93330       236.1426    
  -100.8307       17.37650       98.36577    
  -99.34570       16.73260       224.7484    
  -89.70110       16.25770       192.9079    
  -107.5183       29.34780       395.2214    
  -103.2633       20.00410       534.5889    
  -101.8610       18.03640       502.2172    
  -101.3838       17.56770       532.2831    
  -99.36890       17.26490       305.0950    
  -98.68590       16.56190       483.5608    
  -101.8851       48.95250       52.81805    
  -96.80950       48.01060       71.50670    
  -108.3323       26.67900       375.8666    
  -105.0450       22.05040       559.9707    
  -102.0891       21.85360       197.5411    
  -104.4322       20.40490       348.9893    
  -101.2788       17.96240       237.6512    
  -114.0079       36.12560       281.0500    
  -106.3988       23.71200       361.9395    
  -101.3172       18.50180       544.2961    
  -89.69940       16.23830       145.7428    
  -102.1713       48.66370       61.52345    
  -99.63550       47.66870       57.29055    
  -97.49740       47.18750       48.61178    
  -97.64970       46.87030       59.11859    
  -100.5330       17.82550       1032.924    
  -100.8271       17.35660       537.7091    
  -100.7274       48.67410       33.78332    
  -89.90400       36.03710       34.55536    
  -100.5143       17.84500       776.9220    
  -93.57400       31.42700       445.4700    
  -108.9039       26.28710       439.4582    
  -104.0267       20.88350       398.4008    
  -99.05950       50.64070       68.49841    
  -98.02030       49.97050       45.89633    
  -100.0584       48.22740       40.28441    
  -99.49870       47.82660       49.78314    
  -96.49410       47.62810       39.77327    
  -97.78010       47.43220       132.4711    
  -106.6017       35.17730       78.50491    
  -105.9872       32.99010       731.4664    
  -102.6272       18.19520       289.1356    
  -100.5066       18.04350       104.6621    
  -100.4841       18.04300       475.8257    
  -101.0671       17.44140       490.0096    
  -100.8481       50.35690       141.0700    
  -98.05490       49.97250       92.64457    
  -101.0133       48.86260       39.75552    
  -99.65510       47.70300       85.91807    
  -96.63060       46.68800       64.21227    
  -101.0688       45.75540       142.3058    
  -106.3878       23.52130       495.0668    
  -101.8830       19.98590       846.3516    
  -103.1575       18.50890       270.1425    
  -100.8844       50.35920       197.6418    
  -105.0148       21.59370       498.1870    
  -95.90170       18.55930       113.9071    
  -91.20060       18.11880       16.93159    
  -100.5685       17.41010       348.9389    
  -96.25100       47.12280       81.54319    
  -97.77810       46.87720       42.24912    
  -101.0502       45.72290       493.6795    
  -98.50000       47.17670       99.88576    
  -117.9946       40.69750       797.8748    
  -80.88990       25.63560       696.4537    
  -106.2106       24.98430       1758.763    
  -106.1846       24.98330       1484.368    
  -102.8303       18.82110       1128.461    
  -100.1849       17.99620       586.0717    
  -98.93840       16.64550       384.0407    
  -90.23720       16.43960       268.2625    
  -101.5914       49.90750       607.8127    
  -100.1217       49.32420       39.77327    
  -101.0359       48.89830       39.13434    
  -102.5893       48.93010       46.98783    
  -121.3878       47.14730       1262.326    
  -98.96750       41.64600       23.00141    
  -106.2031       24.96260       530.2419    
  -106.1772       24.96160       1234.014    
  -105.0806       21.38940       283.5385    
  -104.2958       19.56740       326.9456    
  -95.58080       17.09070       203.9487    
  -100.1169       17.12330       331.2579    
  -99.60210       16.95440       226.4962    
  -98.73880       16.62180       180.5592    
  -102.1437       51.46250       56.40314    
  -97.05550       45.00780       400.7032    
  -102.2245       18.02540       14.48237    
  -100.9715       18.81340       495.5868    
  -102.4444       18.09080       689.5573    
  -102.1216       18.08270       729.9116    
  -102.0397       48.92830       28.48554    
  -115.1067       48.74900       1413.944    
  -112.9426       33.34790       4943.383    
  -112.9100       33.34600       6060.600    
  -109.4070       27.81270       227.3456    
  -109.3788       27.81140       296.1866    
  -109.3688       27.78860       279.8227    
  -102.7610       23.16460       1227.203    
  -104.2336       21.03340       455.5092    
  -100.8692       18.41090       274.8933    
  -112.9270       33.32270       2908.577    
  -109.4170       27.83550       572.0982    
  -107.2393       26.61030       631.3141    
  -104.2540       24.37710       740.5200    
  -102.1446       18.08320       205.9689    
  -99.19120       45.99440       72.94428    
  -95.95860       45.82610       111.4397    
  -95.92780       45.82460       96.98395    
  -95.91350       45.79240       111.3332    
  -112.9582       33.37320       2530.141    
  -112.9256       33.37120       775.9554    
  -112.8945       33.32080       4447.324    
  -100.1321       23.67000       292.3290    
  -104.7849       20.08930       804.8549    
  -98.56150       16.59860       96.54578    
  -98.50600       16.38190       111.2963    
  -112.8775       33.34410       1129.760    
  -80.84880       25.63530       502.2040    
  -99.50970       17.82200       473.2909    
  -102.7137       18.27730       297.4561    
  -102.5999       18.17450       1034.240    
  -102.4213       48.88470       54.30888    
  -113.4987       47.80860       957.1490    
  -103.5796       19.34490       142.4375    
  -102.8771       18.50150       414.2890    
  -100.7206       17.75050       1175.784    
  -99.07920       16.70730       351.0692    
  -104.9731       49.78840       83.85931    
  -104.8477       36.52250       154.5673    
  -115.5556       31.82230       774.7200    
  -105.2268       20.02120       19.35419    
  -104.5922       19.31290       296.2087    
  -99.27330       16.69170       193.5557    
  -96.70950       46.59540       109.9844    
  -102.5402       38.13950       39.87976    
  -102.3344       18.44750       715.2120    
  -101.1158       17.81940       502.3471    
  -100.1282       49.49860       52.69027    
  -106.2542       48.70810       651.9852    
  -98.71360       36.04800       213.3098    
  -103.4494       18.87790       208.8731    
  -100.4848       17.68550       312.0168    
  -101.8224       48.33660       29.07122    
  -114.4912       48.52640       902.5543    
  -114.5940       38.59000       776.6496    
  -89.92840       36.03780       20.33921    
  -104.8053       36.49470       175.3611    
  -113.4948       32.96900       382.3651    
  -104.9158       21.32230       245.1648    
  -100.0037       20.70760       261.4560    
  -104.1795       19.28090       280.9046    
  -100.9543       17.43870       109.6004    
  -100.3938       17.30720       636.8488    
  -99.23100       16.96620       430.5833    
  -100.2875       49.75370       29.64360    
  -100.6951       25.73190       318.3781    
  -105.1900       20.34630       213.4830    
  -105.4248       49.02330       149.5459    
  -101.8327       48.40480       34.85707    
  -115.3573       43.73920       1091.893    
  -114.5825       43.55860       1125.579    
  -104.7890       36.51940       152.1413    
  -113.5104       32.99410       5710.126    
  -98.60810       16.75660       51.92913    
  -98.53760       48.54370       37.29743    
  -119.0691       49.14740       2552.010    
  -98.53260       47.17860       79.38681    
  -111.6190       41.31290       33.86319    
  -113.5432       32.99610       5016.545    
  -113.4776       32.99210       10929.05    
  -113.5276       32.97100       2943.456    
  -113.4620       32.96710       10747.67    
  -113.4791       32.94390       9417.237    
  -116.3282       32.58690       776.6496    
  -102.5088       21.74240       198.2637    
  -102.0562       48.38540       73.23712    
  -100.6568       47.96220       23.74682    
  -103.1514       44.18860       180.2130    
  -115.3581       33.78900       834.5588    
  -113.5589       33.02120       1733.713    
  -113.5261       33.01920       5355.505    
  -113.4932       33.01730       3200.182    
  -113.4604       33.01530       620.3549    
  -113.4448       32.99020       1497.342    
  -113.4292       32.96510       2383.012    
  -113.5119       32.94590       7451.977    
  -113.4464       32.94200       7393.125    
  -100.2645       49.71710       32.58533    
  -102.9685       49.57800       27.63364    
  -113.5829       49.09100       459.8896    
  -115.4273       31.31740       750.6005    
  -105.1882       23.94330       229.6181    
  -100.0222       20.68770       270.4146    
  -101.2238       18.25990       776.5752    
  -118.3328       50.71390       1705.692    
  -105.7186       49.07880       151.0439    
  -112.6348       49.11200       272.7454    
  -100.7649       47.86890       39.66678    
  -114.2691       48.77680       1434.631    
  -107.9173       37.52220       602.3629    
  -104.5176       20.55050       251.7774    
  -110.1934       50.08750       322.6505    
  -117.1062       48.89580       1784.200    
  -98.00920       40.95130       22.09626    
  -111.4842       41.35980       581.7636    
  -110.3321       27.63280       19.43406    
  -104.8402       19.54270       646.5393    
  -102.8692       49.53640       35.40726    
  -101.8971       48.91900       47.28068    
  -109.6453       49.17310       322.3039    
  -98.53930       47.30980       42.32898    
  -111.3842       44.11810       36.79160    
  -120.3716       44.67520       773.0278    
  -114.2538       43.77040       1424.108    
  -105.0009       19.60820       128.1088    
  -102.8326       49.53390       22.57546    
  -99.48670       48.59890       65.88946    
  -101.7773       48.26650       28.32581    
  -113.1917       48.98900       534.4007    
  -112.9270       44.47770       374.9815    
  -121.1356       35.95920       740.9526    
  -115.4923       32.17600       393.9609    
  -104.7331       19.88440       327.6177    
  -101.5543       48.86270       29.39069    
  -98.57120       48.54560       22.20275    
  -104.3835       48.57480       31.46721    
  -99.38420       47.85320       54.09591    
  -101.6805       47.69340       31.30747    
  -100.9362       25.22400       408.1028    
  -102.3916       18.16920       145.2828    
  -101.3385       17.68570       155.2881    
  -100.7857       17.37550       142.4978    
  -98.67340       16.62050       812.3524    
  -98.65160       16.62000       1074.378    
  -98.67030       16.60080       1022.162    
  -98.64850       16.60040       358.6931    
