  -119.4775       47.81430       463.3552    
  -123.3491       42.91470       1064.556    
  -101.3867       36.57670       150.7551    
  -98.76040       34.75110       160.5121    
  -118.2855       34.72300       3539.371    
  -113.3168       31.90460       195.5486    
  -101.6357       30.90300       411.9619    
  -97.39040       20.45920       11.12800    
  -88.33450       18.29510       606.4505    
  -116.2693       43.01540       1004.338    
  -115.6355       39.09390       723.5866    
  -114.4244       32.97660       211.0943    
  -114.3909       32.97450       252.0040    
  -114.3747       32.94940       240.9584    
  -122.6990       44.82460       1671.358    
  -120.1694       43.54730       1103.111    
  -120.0299       39.34560       750.9205    
  -113.6668       44.71840       1393.906    
  -111.1558       41.73340       40.67842    
  -114.0203       38.20430       203.7793    
  -108.8528       31.92020       128.2284    
  -122.0424       43.26800       1180.174    
  -109.7987       40.18500       732.2696    
  -114.6601       40.27730       443.6011    
  -103.8987       51.69810       32.79830    
  -115.2652       43.64260       336.5130    
  -120.4754       41.26200       360.0793    
  -109.7646       40.18270       592.3762    
  -114.3416       40.36450       266.5073    
  -120.3558       36.74940       886.8556    
  -107.3140       24.44860       16.66537    
  -111.0576       41.78340       250.9119    
  -116.6760       39.17040       753.4948    
  -110.4742       43.69180       1159.266    
  -118.0288       43.78040       1103.711    
  -121.9329       43.61290       1307.949    
  -106.7851       41.24190       193.0358    
  -109.0599       26.33770       575.6533    
  -108.1849       25.19200       455.3771    
  -120.1311       45.66860       577.7211    
  -112.7908       44.98540       361.1190    
  -115.3987       43.74250       429.3503    
  -119.3876       44.04570       393.6960    
  -113.4424       42.18630       802.6987    
  -120.2589       39.33650       817.4842    
  -97.69680       36.92200       86.38839    
  -116.9786       32.55530       103.1907    
  -120.4381       45.20110       1085.380    
  -115.3466       43.88750       257.1500    
  -115.3573       43.73920       1507.742    
  -113.8441       43.23500       1129.958    
  -113.8046       43.23190       1801.566    
  -113.8160       43.20340       990.8245    
  -121.0235       42.36350       58.24894    
  -114.4927       40.37550       279.6766    
  -119.7733       39.84340       948.3807    
  -93.81610       30.97040       149.1508    
  -121.3493       49.64330       1338.150    
  -121.7270       48.82850       604.4065    
  -121.8957       48.81140       1597.189    
  -112.1874       46.82110       340.3252    
  -120.1543       45.79540       1478.046    
  -113.8327       43.26350       1732.013    
  -116.0885       41.24940       885.6699    
  -112.5663       40.09910       727.4457    
  -120.1726       39.32970       1830.664    
  -118.4807       38.15430       392.4268    
  -107.3026       24.34140       17.83674    
  -120.1479       45.82610       1508.919    
  -83.16390       42.30190       148.4287    
  -119.6933       39.56390       118.0373    
  -119.9639       39.55790       858.1736    
  -120.3232       39.55910       939.6978    
  -120.0102       38.72380       810.7889    
  -121.8402       48.67140       1261.485    
  -113.8722       43.26660       5036.888    
  -122.5722       42.61320       1122.095    
  -113.8399       51.74030       224.4437    
  -121.7269       48.86220       2010.123    
  -115.1394       46.26760       852.6061    
  -116.5748       45.76090       333.3939    
  -108.6453       43.76950       256.4569    
  -116.1242       42.62480       332.7008    
  -111.9817       40.58300       79.62481    
  -110.3395       40.30380       617.4605    
  -111.2761       38.79040       184.7183    
  -115.2764       38.96020       668.5941    
  -99.21640       21.89530       404.5819    
  -121.5722       49.56210       1072.838    
  -119.9960       38.91070       869.4871    
  -112.9310       35.75130       188.5305    
  -118.7959       50.22810       1138.583    
  -115.2098       45.83280       976.8960    
  -119.9620       45.99710       2891.356    
  -113.2996       41.71810       805.5931    
  -111.2806       39.35600       520.0175    
  -119.5895       49.60880       1500.773    
  -119.6432       49.51060       151.3543    
  -119.9497       46.05880       670.9467    
  -121.9527       48.91820       2014.195    
  -121.0563       42.80130       362.8518    
  -113.9152       40.36100       473.3258    
  -118.4696       40.42920       334.4337    
  -113.0862       35.30750       397.4902    
  -93.11510       17.83420       196.1043    
  -118.6379       50.28310       1334.085    
  -119.9190       45.96180       2993.719    
  -121.4199       45.13610       1946.930    
  -118.0483       44.14100       391.7253    
  -112.4909       41.54520       246.4065    
  -113.1970       40.64170       213.1398    
  -120.2934       39.88480       826.8182    
  -112.0914       36.61550       490.1093    
  -119.8208       46.20450       83.22038    
  -117.6075       44.67790       336.8596    
  -121.5283       44.68760       2248.836    
  -121.0912       42.97950       965.1722    
  -118.5288       41.75430       444.6408    
  -106.3655       39.01760       198.5808    
  -120.2233       39.93400       1342.713    
  -119.0990       39.02980       314.6795    
  -119.8090       46.26650       102.5480    
  -116.4985       43.09250       376.7144    
  -110.1101       42.46290       190.9564    
  -117.1955       42.10420       308.4414    
  -117.0156       41.71840       364.2381    
  -114.3948       40.81290       290.7667    
  -118.2871       40.72050       958.0286    
  -119.5887       39.25690       816.2056    
  -116.6293       51.23300       1281.232    
  -119.4848       49.91040       176.4960    
  -119.6440       49.75230       1649.456    
  -122.7851       46.03860       1171.532    
  -120.7921       44.40950       1003.199    
  -119.0646       44.01790       847.4083    
  -117.6837       41.77160       266.5073    
  -113.9163       39.40280       273.6862    
  -118.8095       39.57660       441.4162    
  -119.3506       38.80700       269.2797    
  -113.3879       41.69610       192.3427    
  -118.2452       40.71720       1179.928    
  -97.46310       36.78390       21.59044    
  -122.7312       46.03360       1420.483    
  -119.7332       45.44660       1952.719    
  -119.3408       44.52370       1837.633    
  -122.9496       41.38560       1012.905    
  -118.3959       39.62630       570.6910    
  -118.8231       39.55040       1314.998    
  -119.8694       39.06250       309.6544    
  -119.9251       38.87830       974.5729    
  -93.18470       17.89460       153.8057    
  -120.5110       39.54680       809.6273    
  -115.4730       51.70790       825.8533    
  -98.64710       19.03790       1118.500    
  -119.3357       50.35090       969.3323    
  -116.2373       47.25950       1005.703    
  -108.2605       47.48890       8484.994    
  -93.27410       30.24210       37.40462    
  -110.7764       33.00450       1539.728    
  -109.6423       30.50830       1226.439    
  -70.34600       18.92870       895.9635    
  -102.2042       17.92530       97.11852    
  -93.11760       17.85400       47.52250    
  -94.01530       18.20560       53.32055    
  -93.27930       30.26510       155.4589    
  -101.7799       31.37450       155.6492    
  -91.04940       30.22770       48.08566    
  -57.66940       48.77710       473.9282    
  -57.65180       48.74360       397.2634    
  -57.99070       49.45590       128.9216    
  -110.8616       33.42080       260.9224    
  -87.71850       21.43040       73.05225    
  -92.02000       34.92620       78.64268    
  -94.01760       31.69720       2014.804    
  -99.09810       21.87150       382.7407    
  -93.69440       33.61140       645.5986    
  -69.85040       49.50410       508.7758    
  -70.59030       18.53270       317.2171    
  -90.72840       30.67760       168.3833    
  -83.48500       31.04190       70.77840    
  -90.70560       30.67700       150.6088    
  -98.76740       26.29590       395.2214    
  -98.40750       21.03330       14.69534    
  -65.82270       18.13150       155.2604    
  -89.71060       35.93100       23.32087    
  -98.53830       26.22360       24.90488    
  -115.7712       32.79340       63.67983    
  -88.56710       33.44340       419.1426    
  -92.18350       35.47760       228.0390    
  -96.68260       19.91730       192.5788    
  -89.27630       17.05080       173.3156    
  -98.71560       26.18590       207.5915    
  -98.69200       26.18510       17.88998    
  -88.51230       17.84440       88.32071    
  -93.67000       33.61060       2581.599    
  -88.61050       18.87260       300.7152    
  -92.71970       18.30160       339.5982    
  -92.69900       18.30130       540.1359    
  -116.6249       51.05180       1026.528    
  -118.8771       45.55650       6540.901    
  -82.23410       32.47180       130.4220    
  -118.8298       45.55230       6908.804    
  -118.8372       45.52190       3145.190    
  -113.3051       31.83270       334.0642    
  -86.04430       48.93040       604.0261    
  -71.17210       44.46460       98.36577    
  -98.75120       28.67470       15.61380    
  -98.13750       27.47730       28.16608    
  -92.48470       17.90260       11.71368    
  -118.6003       47.93040       1033.263    
  -88.26960       37.03700       239.2659    
  -109.0868       26.47040       744.8117    
  -109.0591       26.46920       348.1420    
  -109.0776       26.44800       447.6589    
  -109.0500       26.44680       536.4188    
  -98.47120       21.56700       28.41455    
  -100.7279       33.27430       256.9536    
  -96.21350       28.92690       23.00141    
  -100.7542       33.27540       93.05227    
  -113.3227       31.81000       864.1001    
  -109.0595       26.40340       342.4977    
  -118.6463       47.96760       1432.144    
  -103.1374       18.30820       196.8049    
  -97.06740       28.41740       58.53290    
  -98.57420       26.18140       45.47038    
  -97.06160       28.39490       43.12764    
  -98.57980       26.20330       34.84820    
  -84.79530       47.74480       197.4610    
  -113.3197       31.85730       354.4388    
  -113.3695       31.83640       741.7245    
  -109.0409       26.42450       756.3892    
  -98.62030       21.20220       14.85508    
  -115.6602       49.27520       3732.328    
  -69.99280       49.82030       426.3031    
  -83.23760       34.30840       221.5320    
  -98.16120       27.47810       25.71685    
  -80.74330       43.13840       45.24391    
  -99.21110       27.93300       255.6673    
  -98.58110       26.11670       17.83674    
  -115.7077       49.27950       5530.324    
  -115.6636       49.24120       5059.880    
  -115.6161       49.23690       4055.977    
  -98.92260       28.43470       100.5034    
  -109.1910       26.12460       355.9148    
  -93.01950       33.13320       779.2512    
  -113.3549       31.81180       650.2632    
  -109.1517       26.42940       753.4948    
  -108.0531       25.12190       34.34238    
  -99.12430       31.19800       75.64676    
  -108.9791       26.13730       51.69992    
  -88.65830       34.78350       261.0541    
  -113.3841       31.86100       310.5050    
  -108.2893       47.52380       770.4103    
  -88.24540       17.97870       232.2178    
  -98.09830       31.62600       17.73025    
  -99.74410       28.68740       134.6976    
  -88.84800       17.37780       340.0587    
  -76.81460       42.60760       20.76516    
  -92.05280       32.24920       16.18618    
  -100.8811       30.91860       173.4550    
  -109.7977       27.05290       59.76639    
  -109.7695       27.05160       61.36371    
  -75.80980       20.83350       54.34809    
  -75.79030       20.83350       24.70522    
  -88.43330       18.90990       170.5526    
  -88.84620       17.35820       414.0019    
  -87.03330       15.39620       50.63505    
  -111.2728       35.49660       738.7015    
  -98.74380       26.29510       211.4037    
  -87.84870       19.29960       187.1306    
  -88.87220       17.84910       36.20592    
  -88.89030       17.82960       312.7217    
  -88.87030       17.82940       405.6591    
  -87.03200       15.37690       174.1805    
  -76.81360       42.57860       106.3549    
  -63.58780       44.69100       51.17937    
  -98.80260       29.10330       16.29266    
  -98.66840       26.18440       226.2564    
  -70.15190       18.94940       81.78896    
  -119.1914       36.38070       334.2603    
  -96.50190       19.49090       538.9048    
  -92.56840       17.74630       15.49401    
  -92.29160       50.68100       954.2451    
  -101.8766       50.78480       658.9461    
  -118.7319       46.99760       505.6359    
  -99.56670       28.90550       23.88881    
  -111.2567       28.57540       404.2437    
  -111.2750       28.55370       219.8899    
  -111.2455       28.55230       459.2362    
  -111.2638       28.53060       518.0880    
  -111.2415       28.48430       449.5884    
  -113.3876       28.48000       364.7997    
  -111.2863       28.57690       465.9897    
  -111.2822       28.50890       465.0250    
  -111.2303       28.46120       459.2362    
  -111.2487       28.43950       478.5319    
  -98.95210       20.29440       125.8025    
  -96.52690       34.46540       650.5552    
  -99.59660       33.13050       96.69117    
  -111.2975       28.60000       381.0889    
  -98.95680       23.67720       23.90656    
  -99.41720       21.98330       475.7619    
  -98.19590       22.81980       178.8267    
  -98.17320       22.81910       253.8968    
  -96.12790       18.08730       17.86336    
  -98.74940       26.31700       542.2075    
  -98.19140       22.79880       252.9685    
  -88.59950       17.92420       115.9380    
  -111.3378       35.50050       356.7331    
  -87.65530       32.44580       15.38752    
  -117.4748       33.43540       1052.899    
  -99.40620       31.30200       131.3475    
  -106.0429       30.84250       422.5745    
  -89.77860       37.20660       17.41079    
  -109.1608       26.45170       263.0497    
  -98.83820       22.02940       217.1797    
  -96.87760       20.28520       245.1649    
  -99.57350       28.92820       99.36439    
  -99.59120       28.90640       137.9322    
  -101.8416       18.61500       58.91577    
  -116.1619       46.13350       102.7343    
  -107.8558       31.56220       355.0398    
  -116.4565       31.54420       1543.388    
  -88.44890       19.06900       173.3156    
  -105.6524       26.76400       314.5189    
  -89.44880       16.97490       274.1653    
  -89.45060       16.99440       302.9256    
  -110.0562       27.26410       32.45222    
  -99.04530       22.96820       454.8947    
  -102.0643       22.22540       485.2854    
  -70.32530       18.96840       82.03162    
  -115.9306       47.16780       7826.622    
  -115.8853       47.16390       4623.239    
  -116.9397       43.80870       262.8656    
  -116.9497       43.77980       144.4510    
  -116.9066       43.77620       302.4260    
  -109.5641       27.15290       34.87482    
  -111.0524       47.97020       3782.911    
  -118.7439       46.64620       2869.262    
  -118.6956       46.64180       2082.351    
  -102.8080       19.14220       361.4759    
  -88.81370       17.22080       187.5074    
  -105.9484       37.90460       189.2236    
  -103.0822       25.85860       499.7571    
  -113.1711       32.18190       638.6857    
  -98.02970       30.50990       640.9719    
  -109.7590       26.96270       34.23590    
  -99.90740       25.44780       151.4482    
  -99.63780       21.43380       387.5819    
  -101.9724       26.55710       433.1871    
  -103.6499       25.38280       429.3280    
  -88.95160       18.46130       698.9177    
  -88.53360       18.49530       22.68194    
  -110.9611       38.23730       325.2325    
  -109.9537       27.34820       29.63695    
  -111.0858       48.00610       736.4471    
  -111.0936       47.97360       854.9718    
  -110.0640       27.59800       485.2854    
  -88.84980       17.39740       310.0178    
  -108.6917       50.85670       391.9631    
  -108.2990       47.49180       8881.487    
  -100.5612       38.59520       320.9177    
  -102.9325       25.20660       460.2010    
  -109.1943       25.86300       191.7362    
  -109.1667       25.86190       24.91819    
  -109.1855       25.84090       522.8775    
  -109.1579       25.83970       54.77920    
  -108.1744       25.23480       47.33392    
  -93.25470       50.29170       461.1507    
  -92.99550       33.13250       1998.988    
  -93.01360       33.10910       2558.690    
  -108.1153       31.57530       675.3475    
  -110.0591       27.39750       20.97814    
  -104.8929       26.86510       1022.187    
  -92.98950       33.10840       499.7444    
  -109.9438       27.32550       38.14046    
  -96.29280       18.18980       63.16380    
  -83.65870       30.60770       61.41619    
  -109.9154       27.32420       24.67859    
  -122.9911       42.59200       5548.079    
  -88.32710       18.84890       132.4567    
  -108.2319       47.45400       2204.485    
  -121.1581       38.59900       1147.126    
  -110.8486       37.78200       724.5513    
  -101.9253       18.79750       171.9770    
  -88.32950       17.58680       20.91898    
  -123.0313       42.62450       4655.442    
  -88.34720       18.84920       69.72688    
  -116.2385       31.86340       773.8018    
  -102.5245       19.01390       508.5875    
  -108.9584       26.35520       60.73366    
  -108.9494       26.33290       459.0566    
  -112.8764       32.26030       169.8161    
  -110.1987       27.27070       20.44570    
  -108.9308       26.35400       43.23413    
  -88.26540       17.97890       406.8312    
  -111.0057       41.58070       219.7212    
  -115.5406       42.40490       1122.042    
  -103.7702       34.28900       287.1278    
  -108.2703       47.45680       5064.368    
  -119.5042       38.76520       112.3259    
  -88.88930       32.30840       228.1284    
  -116.1494       38.59460       411.0241    
  -115.4648       35.58750       5548.462    
  -115.4291       35.58510       2047.533    
  -108.3278       47.52670       1709.481    
  -115.4486       35.61170       2459.230    
  -88.26720       17.99860       235.1573    
  -108.3375       47.49470       1360.558    
  -110.5940       46.63070       884.0478    
  -114.7729       33.60560       3381.561    
  -114.7389       33.60340       4238.287    
  -114.7559       33.58010       5209.823    
  -114.7219       33.57800       5999.980    
  -88.27260       18.05780       235.0527    
  -121.0937       42.83360       994.6903    
  -120.4129       41.73850       430.7783    
  -114.9840       35.80870       4810.886    
  -89.45250       17.01400       80.66443    
  -114.9646       35.78200       7075.390    
  -115.3807       35.65770       1038.699    
  -115.3612       35.63110       5829.535    
  -115.0194       35.81100       1952.719    
  -115.0000       35.78440       978.9703    
  -114.9292       35.77970       769.3707    
  -115.3451       35.65530       1111.429    
  -115.3968       35.63350       2061.739    
  -115.3256       35.62880       2693.672    
  -115.3417       35.60460       3396.998    
  -111.0609       43.20200       49.94288    
  -118.4414       34.78360       16472.45    
  -118.3233       34.72560       3750.108    
  -120.0749       35.37480       13401.67    
  -118.4626       34.81000       8600.067    
  -118.4246       34.80740       4132.162    
  -118.4794       34.78620       7992.576    
  -118.4034       34.78100       4174.677    
  -118.4202       34.75720       10490.08    
  -118.6019       39.56050       5972.644    
  -118.5741       39.53110       7990.808    
  -118.5387       34.81530       9026.983    
  -118.5006       34.81260       6043.396    
  -118.5174       34.78880       7965.723    
  -118.4582       34.75980       6188.112    
  -118.3822       34.75460       3147.119    
  -118.5605       39.55730       1802.130    
  -118.5328       39.52790       4623.236    
  -120.0348       35.37190       19221.84    
  -115.3928       33.79120       3213.734    
  -115.3581       33.78900       3504.602    
  -115.3003       47.56870       1255.348    
  -120.0915       36.16400       53.98942    
  -120.0984       35.40170       6530.554    
  -120.0583       35.39880       13205.46    
  -120.1151       35.37760       13103.99    
  -120.0916       35.35070       12413.53    
  -120.0515       35.34790       21111.68    
  -120.0115       35.34500       6220.914    
  -115.4630       33.84470       760.1032    
  -115.3235       33.78690       1052.403    
  -102.9202       48.40800       241.2081    
  -104.2835       43.03880       190.2633    
  -120.1100       36.39610       54.70821    
  -120.1220       35.42870       4094.053    
  -120.0818       35.42580       2586.581    
  -120.1386       35.40460       5884.688    
  -120.0182       35.39600       2191.020    
  -119.9948       35.36910       3569.694    
  -120.0682       35.32380       5026.515    
  -120.0281       35.32100       7698.497    
  -108.7449       25.88730       721.0139    
  -108.3088       47.45970       1904.721    
  -98.45670       26.17770       131.7294    
  -99.50000       51.39990       24.97144    
  -110.6803       43.38070       1059.817    
  -115.3785       47.64110       1705.212    
  -112.5254       44.35570       320.2245    
  -107.9280       27.21260       144.0023    
  -98.49810       26.15740       16.07969    
