  -113.3788       46.82210       1561.433    
  -92.78230       40.20480       1264.647    
  -107.0420       40.20040       645.8107    
  -88.04390       37.36650       823.7710    
  -92.95020       35.95380       774.4208    
  -92.92690       35.77700       1243.430    
  -92.12600       35.25160       662.1326    
  -97.89670       34.10250       1130.571    
  -96.32220       33.96910       777.6609    
  -87.47110       32.98770       1924.272    
  -95.94610       31.50290       145.9825    
  -82.42100       28.43040       342.6985    
  -98.02230       25.92660       1986.796    
  -100.0198       25.51580       563.6751    
  -82.34080       22.82010       110.3151    
  -82.29930       22.79920       599.5352    
  -79.56220       22.36870       129.6333    
  -80.28220       22.02520       211.3649    
  -102.3645       21.05940       1207.199    
  -96.37560       18.31050       990.8998    
  -94.52780       17.97760       1476.156    
  -92.64530       16.29870       3500.911    
  -92.62270       16.27890       2105.596    
  -92.60230       16.27860       3212.701    
  -92.62060       16.25940       3378.255    
  -92.60020       16.25910       5756.116    
  -92.35130       16.21640       1395.536    
  -93.67310       15.98390       586.6533    
  -94.68590       41.30870       108.1260    
  -119.2796       37.03280       4152.781    
  -95.57380       34.94730       1558.771    
  -98.55870       30.96780       614.4059    
  -92.63940       29.97350       381.6880    
  -99.60990       27.48250       665.3949    
  -99.58570       27.48160       508.9182    
  -93.18470       17.89460       1134.507    
  -92.51270       15.05690       997.7560    
  -94.67560       41.28010       305.6231    
  -110.9215       38.60670       678.0206    
  -107.2454       37.77000       1497.610    
  -94.88440       34.72490       887.6886    
  -117.9295       34.17760       1923.591    
  -103.4570       19.82700       1489.799    
  -90.15690       19.15340       19656.86    
  -93.11510       17.83420       811.3101    
  -92.56950       15.01910       373.5784    
  -119.2393       37.02980       1482.239    
  -101.9414       32.15720       2373.285    
  -110.8465       40.22790       647.4212    
  -106.9735       39.78510       363.1996    
  -89.06340       31.12170       529.0354    
  -96.09100       18.40400       54.92903    
  -116.3920       41.13220       1030.720    
  -115.0414       40.30550       1476.829    
  -110.6245       38.45420       865.8665    
  -107.0066       36.00440       684.5890    
  -97.52160       34.72530       134.6008    
  -94.32520       32.98340       487.9795    
  -102.2042       17.92530       325.4984    
  -111.2175       38.89370       1040.746    
  -88.04920       37.39250       1095.211    
  -101.7973       31.35190       725.1099    
  -102.6185       30.22840       772.0288    
  -96.52800       28.69040       124.4563    
  -121.4998       37.25120       1919.725    
  -107.5861       24.63040       102.1383    
  -82.61600       23.02900       846.3391    
  -82.36090       22.82030       115.3014    
  -79.54240       22.36860       176.0863    
  -78.26610       21.38470       543.7264    
  -118.2939       44.70630       1456.618    
  -94.33160       40.45710       287.2639    
  -115.9499       36.95030       1145.247    
  -107.5596       24.62940       109.9818    
  -105.3528       21.74960       81.40382    
  -103.9000       20.57270       1399.655    
  -92.64320       16.27920       3333.654    
  -116.5133       39.94760       946.9081    
  -111.1694       39.10550       586.2222    
  -105.3469       21.72870       171.2202    
  -103.9858       20.53440       81.65125    
  -95.91410       18.22190       63.83643    
  -117.5185       38.24210       1131.155    
  -93.01990       16.53830       557.2331    
  -92.64100       16.25970       2866.000    
  -89.99660       20.07070       444.2537    
  -101.1101       20.02590       292.7997    
  -90.50900       19.37810       1430.216    
  -96.03600       18.32350       1227.212    
  -117.9572       38.19490       1066.517    
  -95.52060       34.77240       1376.978    
  -101.9423       32.22830       591.0536    
  -103.7049       20.36280       284.1597    
  -99.53920       19.98520       410.6776    
  -90.50670       19.35810       504.8687    
  -96.35370       19.24720       592.0269    
  -98.59770       18.51730       222.6514    
  -96.16440       18.18720       309.7685    
  -101.7866       21.08360       1098.956    
  -92.34920       16.19700       72.24898    
  -83.16390       42.30190       237.8336    
  -107.5938       24.65220       69.03242    
  -107.2689       24.46820       185.3236    
  -99.30590       18.89310       3702.757    
  -96.01780       18.20410       698.9178    
  -92.57540       15.07710       1796.007    
  -78.74920       21.75220       61.36215    
  -101.0915       20.04560       1025.386    
  -90.59880       19.61930       282.4741    
  -96.07890       18.18550       61.85700    
  -90.35220       19.43550       311.7677    
  -90.17730       19.15370       4480.782    
  -107.3890       24.36610       246.0672    
  -92.96320       15.29490       443.0415    
  -100.1969       25.90950       1465.148    
  -104.1874       19.80750       543.7147    
  -104.3256       19.68980       1035.798    
  -99.30220       18.87300       330.3175    
  -93.05870       16.51940       2426.265    
  -100.0089       17.51620       2598.366    
  -100.0053       17.49630       3089.952    
  -92.53250       16.19970       1675.386    
  -95.70680       31.68180       299.3268    
  -92.53040       16.18020       1072.412    
  -107.4265       24.32480       326.2817    
  -92.38240       16.31420       123.9614    
  -104.2254       19.76800       927.1462    
  -104.2014       19.76730       3841.897    
  -93.03820       16.51910       743.4737    
  -79.23750       35.14710       323.1105    
  -103.9377       20.53300       4874.353    
  -92.38450       16.33370       191.2619    
  -92.96520       15.31430       85.36267    
  -98.29390       26.08610       147.8003    
  -80.87610       22.78770       104.9507    
  -92.16520       18.64900       1135.538    
  -100.1475       18.03510       619.5999    
  -95.97500       34.54290       857.5537    
  -90.64070       19.28050       657.5345    
  -96.45640       34.95560       898.9369    
  -101.5743       19.08960       766.7404    
  -92.18580       18.64930       422.5056    
  -96.13090       35.04230       1082.863    
  -101.7077       27.05080       1187.545    
  -101.6830       27.04990       1182.569    
  -96.46450       34.98070       823.0676    
  -100.6501       18.32580       760.5123    
  -103.2670       19.61910       1107.749    
  -97.09040       34.33980       483.1501    
  -92.47570       16.23770       1143.788    
  -90.54530       19.33880       255.2729    
  -92.30430       16.15740       169.8593    
  -92.44460       16.14010       399.4041    
  -92.48230       17.88280       304.3708    
  -92.59800       16.23960       2932.767    
  -94.04100       18.08740       292.8965    
  -92.43490       16.23710       68.53756    
  -96.95260       39.28400       452.4850    
  -99.05330       22.80190       297.0395    
  -92.48470       17.90260       271.7000    
  -101.4170       32.27670       5909.646    
  -90.60270       19.47950       57.15587    
  -93.49100       17.86040       66.84091    
  -98.80350       18.56180       669.0298    
  -92.45320       16.21800       643.7401    
  -101.4679       19.12700       540.2819    
  -98.46470       18.63390       165.5293    
  -78.65670       21.95550       106.8889    
  -77.00070       18.19060       275.1507    
  -98.62690       18.55780       357.5311    
  -78.24650       21.38460       121.0748    
  -104.2975       19.77010       1334.982    
  -83.01790       22.72350       92.53808    
  -93.06100       16.53890       1060.814    
  -69.82420       45.09300       585.9273    
  -71.10110       44.34360       576.2498    
  -80.45520       27.05190       1625.444    
  -92.35350       16.23590       95.01237    
  -81.07200       26.60230       351.2449    
  -73.63570       43.13250       63.83643    
  -107.5510       38.44760       861.6012    
  -80.92160       26.51480       196.2104    
  -80.92290       26.53630       918.8636    
  -80.43800       22.39440       541.3898    
  -99.21690       18.65110       787.4321    
  -80.78690       26.68630       1600.932    
  -82.31940       22.79930       137.7762    
  -81.22370       27.34140       128.1059    
  -80.53060       26.55470       242.7269    
  -82.05570       22.75580       140.4927    
  -90.62250       19.30010       437.0265    
  -68.16140       49.42510       479.4577    
  -80.76100       26.59970       1367.524    
  -80.74020       26.59960       569.1772    
  -80.75970       26.57810       477.7835    
  -80.73900       26.57800       323.6358    
  -80.50990       26.55460       356.5438    
  -80.77300       22.72530       805.7900    
  -80.41810       22.39430       379.9080    
  -80.43710       22.37390       349.0219    
  -80.41720       22.37380       227.8812    
  -78.16510       22.03510       190.7979    
  -97.92260       37.03460       121.2397    
  -80.60270       26.72810       287.9444    
  -80.62340       26.72820       397.6168    
  -80.60140       26.70640       260.7891    
  -76.78350       20.65380       373.9874    
  -80.45790       22.39450       222.9327    
  -76.78370       20.67390       138.9308    
  -76.80300       20.65380       234.0669    
  -89.71860       20.67050       455.5138    
  -77.78790       34.35150       567.4968    
  -99.27610       18.73240       738.0019    
  -106.8749       39.26350       616.8217    
  -80.84780       26.66520       104.6620    
  -77.06930       20.23300       75.54802    
  -90.57750       19.43910       369.9299    
  -93.49350       17.88020       60.74357    
  -68.02860       47.61920       684.4617    
  -99.68580       18.90220       709.4936    
  -70.04410       45.33890       435.7503    
  -80.77400       22.74580       512.6296    
  -89.13790       20.96470       808.9858    
  -77.66480       20.81700       183.0326    
  -88.75010       17.39610       524.7303    
  -80.79300       22.72540       945.4608    
  -101.3891       27.12710       1910.302    
  -94.97290       48.25310       827.6658    
  -100.7369       36.77610       855.8659    
  -80.64920       26.81500       1336.934    
  -80.62850       26.81480       214.7675    
  -80.78170       26.59990       727.1666    
  -80.71440       26.51310       406.1804    
  -70.34410       45.33540       742.5265    
  -85.20210       31.02210       131.1230    
  -80.68950       26.79370       2535.103    
  -80.68820       26.77200       4353.501    
  -80.66750       26.77180       325.1204    
  -80.53430       26.61950       579.4764    
  -78.53640       21.89380       159.9210    
  -90.17820       19.87290       527.2931    
  -73.32640       42.20220       483.1048    
  -80.53550       26.64110       201.4064    
  -80.51360       26.61930       384.0083    
  -82.03570       22.75570       211.0561    
  -103.3332       19.60070       1330.235    
  -96.32640       18.94670       658.6840    
  -67.37980       46.13510       656.3090    
  -78.44360       21.40570       71.75413    
  -77.78520       20.95850       1558.353    
  -77.68430       20.81700       211.7365    
  -96.29090       19.12580       564.2120    
  -69.19850       18.57920       402.6251    
  -69.85130       45.09270       803.9526    
  -71.43870       42.90990       312.9432    
  -106.4986       35.92550       1165.132    
  -83.21910       29.91840       1607.768    
  -98.97250       18.76530       468.9017    
  -95.99040       18.16390       116.0084    
  -71.80180       42.47030       521.8407    
  -78.81540       21.97660       96.74435    
  -67.38480       46.10320       464.8885    
  -71.21670       44.22130       435.8078    
  -82.69840       29.66320       542.5781    
  -80.54790       26.85750       297.3260    
  -78.53580       21.87340       217.6233    
  -78.32130       21.24320       821.6237    
  -67.57730       46.48350       468.8620    
  -71.60540       42.73330       369.5268    
  -71.92980       41.55280       513.5100    
  -98.89810       36.25870       541.1281    
  -117.7883       36.71770       1787.034    
  -97.07290       34.36360       4076.194    
  -84.56650       32.52900       329.7927    
  -85.20010       30.65410       875.9463    
  -83.52730       30.60590       674.9355    
  -80.54670       26.83580       311.8418    
  -78.53880       21.97540       118.1606    
  -78.51660       21.89370       161.6942    
  -78.51600       21.87330       180.2513    
  -79.48110       21.79640       311.7732    
  -98.36270       22.01670       103.5796    
  -93.51690       17.90030       74.00846    
  -90.75230       16.77780       292.9361    
  -70.51360       44.96150       583.4640    
  -85.16470       34.60960       682.9482    
  -80.67410       22.74510       70.26956    
  -78.01770       20.85840       125.2869    
  -99.97840       35.70040       2086.135    
  -82.70650       29.75360       442.2869    
  -80.52720       26.85730       214.2726    
  -80.58780       26.46890       414.6894    
  -98.95700       22.77840       673.1891    
  -79.46130       21.79630       168.6222    
  -88.10000       21.37500       209.7674    
  -77.80480       20.95850       1767.841    
  -77.26370       20.23350       724.7991    
  -77.24430       20.23340       254.2941    
  -90.75120       18.82450       949.8448    
  -99.19100       18.63060       1605.502    
  -72.70810       42.93080       386.7449    
  -99.62700       35.88600       1157.461    
  -82.11070       34.00110       1263.340    
  -80.48630       33.78920       1530.463    
  -98.35320       22.07840       72.00155    
  -76.35340       20.55250       335.6981    
  -77.26340       20.21340       279.1813    
  -71.43560       43.35150       486.0800    
  -75.58640       40.86830       577.4683    
  -84.83830       32.36830       752.0897    
  -84.83520       32.34470       2571.512    
  -82.31240       30.43030       6423.151    
  -82.63120       30.11520       395.6218    
  -81.56510       22.58730       2406.823    
  -89.36920       20.30210       776.5095    
  -70.15540       44.75000       510.1317    
  -70.59630       44.31810       402.0242    
  -99.63700       35.91170       919.5957    
  -84.33560       32.47800       728.7514    
  -89.59990       31.20360       1445.728    
  -89.57710       31.20310       3804.138    
  -87.45870       30.64960       1092.059    
  -85.13270       29.74250       2278.636    
  -77.28320       20.23350       169.1170    
  -103.7713       20.63020       125.9409    
  -89.34870       20.30180       1416.844    
  -92.49510       14.88320       167.0139    
  -74.37510       39.79400       1134.552    
  -89.16690       30.93930       895.1169    
  -84.32190       30.66320       405.2875    
  -85.11090       29.74210       2700.535    
  -82.60360       22.84310       1750.973    
  -80.96560       22.19330       824.8730    
  -98.36710       22.03750       206.4787    
  -90.49850       19.63770       2296.256    
  -90.47800       19.63740       1798.526    
  -90.47560       19.61740       1313.660    
  -98.38520       19.17210       432.9902    
  -90.80900       18.07330       770.7578    
  -105.9691       37.61770       2107.340    
  -80.15800       34.56420       3288.834    
  -82.13340       34.00140       1403.090    
  -86.95180       30.98460       7010.222    
  -83.56690       30.35500       653.6260    
  -80.63160       26.51240       1724.610    
  -77.71880       21.50450       1186.321    
  -89.80580       19.28750       342.1075    
  -80.48810       33.81330       1812.328    
  -81.75590       32.08960       1094.184    
  -84.79860       31.33910       707.9698    
  -84.76740       30.71600       1773.704    
  -81.11890       27.01410       551.8838    
  -80.63290       26.53400       5018.319    
  -80.61220       26.53380       312.7490    
  -78.32080       21.22290       171.4127    
  -77.88030       20.83780       160.1684    
  -90.49550       19.43780       1022.101    
  -90.49320       19.41780       3325.769    
  -77.37580       38.16830       792.9178    
  -79.54340       34.55870       501.7785    
  -80.15620       34.53970       3102.022    
  -86.92950       30.98410       3075.998    
  -86.94840       30.96140       12157.38    
  -85.19150       30.58530       111.1949    
  -82.30060       22.81980       166.2716    
  -78.21430       20.89940       218.9031    
  -78.21380       20.87920       2490.312    
  -71.39740       17.82240       423.7558    
  -70.51820       43.98660       505.9471    
  -71.69200       43.85590       347.0109    
  -80.18070       34.56440       3684.646    
  -80.51070       33.81360       4485.410    
  -80.50880       33.78940       1926.047    
  -81.08000       33.60240       377.8622    
  -84.59120       30.71320       247.2764    
  -86.90430       30.66160       1945.781    
  -82.94800       30.02830       240.8299    
  -82.92640       30.02810       415.8275    
  -88.12050       21.37530       259.6276    
  -77.06240       21.01700       855.1757    
  -89.03070       20.92250       156.6322    
  -89.96450       20.83630       852.2061    
  -92.45200       15.05610       78.18726    
  -76.05550       40.59110       1239.899    
  -80.17900       34.53990       1471.110    
  -81.59570       33.32010       2979.123    
  -83.67340       33.15650       463.5641    
  -86.97420       30.98500       1374.799    
  -86.92600       30.96100       14878.14    
  -82.92850       30.05080       1027.921    
  -108.7025       26.25650       1008.850    
  -82.64390       22.84350       801.7474    
  -82.89570       22.70170       99.82687    
  -78.64250       22.13910       313.8451    
  -78.18490       22.03520       837.1192    
  -76.77820       20.27240       225.4069    
  -76.75880       20.27240       186.0659    
  -92.97660       16.69380       2383.306    
  -92.95600       16.69340       1374.906    
  -77.87820       34.91580       591.2122    
  -81.76790       31.97260       1370.214    
  -82.48430       22.86270       52.02174    
  -81.70070       22.85590       528.2441    
  -81.56630       22.60780       2188.779    
  -78.23390       20.89950       8417.942    
  -77.89940       20.81770       317.9141    
  -90.13080       19.99250       471.8363    
  -78.71630       38.99850       650.8876    
  -83.15870       34.82170       1806.462    
  -80.92370       33.33660       251.7594    
  -81.57320       33.31980       1393.341    
  -81.59360       33.29610       2879.197    
  -80.40650       32.68830       586.2372    
  -84.40830       31.03240       415.9250    
  -89.16280       30.91610       1276.127    
  -86.78960       30.63650       5237.251    
  -86.78630       30.61350       3901.437    
  -79.71200       22.63630       177.5125    
  -80.89520       22.37700       236.8076    
  -78.23340       20.87930       5168.951    
  -98.94670       19.22540       795.4882    
  -97.69030       17.92120       1394.770    
  -82.13100       33.97710       931.5569    
  -86.90710       30.98370       7590.002    
  -86.90370       30.96060       9053.922    
  -86.80850       30.61390       5312.579    
  -80.79190       22.70480       458.1203    
  -81.58510       22.58740       10366.84    
  -89.01020       20.92220       135.7143    
  -83.18180       34.82210       2794.262    
  -90.94720       34.57420       102.9300    
  -81.57110       33.29580       3440.496    
  -86.92260       30.93790       9254.258    
  -82.31440       30.45310       1274.272    
  -82.33410       30.43050       1641.488    
  -82.29060       30.43000       1005.522    
  -107.3176       24.38470       184.8287    
  -82.62380       22.84330       195.0661    
  -80.81300       22.72550       329.2277    
  -80.87520       22.37690       206.5034    
  -80.89410       22.35650       325.8056    
  -78.77520       21.95600       273.9465    
  -89.64150       30.81210       1361.817    
  -98.91640       22.90210       784.7178    
  -78.11650       20.89900       90.68237    
  -82.85550       33.09700       2487.595    
  -82.37130       32.97140       471.0337    
  -81.24750       32.36600       2682.714    
  -87.45640       32.06490       426.4789    
  -86.97080       30.96190       2409.399    
  -80.88200       27.55670       1169.223    
  -98.80150       22.79480       559.6489    
  -78.77590       21.97640       173.9419    
  -78.79500       21.95610       271.3667    
  -78.19330       21.60760       843.1586    
  -77.73850       21.50460       880.9438    
  -92.60450       16.29810       1458.821    
  -79.28040       35.09790       4645.541    
  -86.94500       30.93830       6445.652    
  -80.86070       26.53580       470.6081    
  -80.84000       26.53560       378.5648    
  -80.38880       22.18940       100.2375    
  -78.86820       21.77310       99.09492    
  -78.21300       21.60770       1185.667    
  -77.89980       20.83780       475.9278    
  -99.55570       20.28940       1139.863    
  -95.98760       18.70030       76.95011    
  -96.52390       18.57200       469.4147    
  -118.1815       49.33670       2309.497    
  -97.47570       36.96410       90.31123    
  -96.51600       35.53030       2334.319    
  -96.50770       35.50500       2230.342    
  -103.8708       34.26940       4028.625    
  -81.26970       32.36630       2285.277    
  -84.03380       30.63600       770.1890    
  -86.81190       30.63690       1988.282    
  -89.19650       30.59500       931.1239    
  -80.81190       22.70500       345.3823    
  -78.79570       21.97650       170.1315    
  -78.86750       21.75270       224.4172    
  -78.84780       21.75260       150.4362    
  -78.21360       21.62800       543.7060    
  -78.19390       21.62790       478.0446    
  -76.33390       20.55250       149.4465    
  -104.5413       19.59470       1056.488    
  -99.05060       18.58740       829.9648    
  -81.56700       31.94690       307.8130    
  -81.72620       31.48260       410.6776    
  -83.20780       31.33860       1829.588    
  -86.90030       30.93750       5301.659    
  -90.57240       30.81170       1161.031    
  -77.46350       26.81810       1922.730    
  -81.23090       23.05850       146.4671    
  -81.97300       23.04380       252.0401    
  -81.80970       23.00120       3501.338    
  -80.81340       22.33550       304.5743    
  -80.79350       22.33530       1637.189    
  -80.81240       22.31500       587.5278    
  -80.79250       22.31480       270.6553    
  -80.17570       22.31080       110.6003    
  -80.98550       22.19340       991.9075    
  -80.40870       22.18950       147.4671    
  -80.34360       22.06650       223.7367    
  -98.35840       21.99600       162.0654    
  -85.91500       49.13450       711.1438    
  -79.02220       44.55780       339.9331    
  -71.89740       43.05310       562.9970    
  -97.48510       36.99020       100.4558    
  -90.87760       34.79360       174.1893    
  -101.1287       34.85450       2166.071    
  -82.97110       33.33770       772.1653    
  -82.85800       33.12090       758.7587    
  -89.09030       31.14540       961.5894    
  -78.25300       20.87940       2089.280    
  -99.26770       19.85720       1100.867    
  -90.58060       19.63910       917.3880    
  -90.72740       19.32180       96.74435    
  -93.20720       16.73650       108.6209    
  -92.58410       16.29770       2272.909    
  -92.58190       16.27830       3816.122    
  -71.47620       43.52920       134.7897    
  -74.59650       39.65790       1078.103    
  -97.46950       36.65620       86.59981    
  -90.85340       34.79290       212.2933    
  -81.07820       33.02760       327.1712    
  -82.79630       30.02640       629.8127    
  -81.45860       27.71520       1431.172    
  -81.97430       23.06450       194.4784    
  -81.99310       23.04400       285.6144    
  -81.97180       23.02320       225.1595    
  -80.91510       22.37720       281.8205    
  -80.91410       22.35670       326.7287    
  -78.25350       20.89950       1839.439    
  -104.8535       21.36150       1472.008    
  -90.17960       19.17360       1421.179    
  -99.26870       18.81220       908.1332    
  -98.13780       16.37460       3450.766    
  -70.65330       44.59160       462.2397    
  -75.61130       40.86830       403.9630    
  -92.57360       40.55580       235.9474    
  -103.5088       34.25180       1399.035    
  -84.74530       32.34310       1698.247    
  -83.91020       30.90980       364.2970    
  -81.82980       23.00130       803.2985    
  -81.32430       22.93530       4519.046    
  -82.64530       22.86410       151.0548    
  -82.62510       22.86390       2503.689    
  -80.79400       22.74600       170.8078    
  -78.39980       21.24350       328.2133    
  -78.23290       20.85910       658.0601    
  -77.91940       20.83790       360.4201    
  -77.91890       20.81780       390.3589    
  -90.35970       19.67550       727.9462    
  -118.1032       44.72030       1285.179    
  -85.16120       34.58500       329.7927    
  -82.97370       33.36170       687.3994    
  -84.83970       32.20350       2329.726    
  -86.91920       30.91480       6625.702    
  -78.05400       21.54620       674.4521    
  -78.40040       21.26370       2594.398    
  -77.62490       20.77660       142.8649    
  -101.3751       20.90830       861.8190    
  -97.47880       36.68210       85.61008    
  -100.0053       35.70160       2388.832    
  -84.84270       32.22710       1285.632    
  -83.21020       31.36180       301.6471    
  -78.88920       21.81390       853.2016    
  -77.89430       21.44420       1250.695    
  -89.53550       21.03180       763.2906    
  -99.55980       20.30980       1650.691    
  -99.98840       35.72590       3011.636    
  -81.24750       22.99660       108.6209    
  -81.30430       22.93520       1277.771    
  -81.10380       22.93370       1001.621    
  -89.55610       21.03210       145.7351    
  -77.56670       20.79650       202.1795    
  -89.40100       20.40330       374.5058    
  -76.77850       20.29250       221.5718    
  -90.41730       17.24220       332.4380    
  -95.13650       16.43650       619.7205    
  -92.36960       16.19730       811.1216    
  -91.00390       15.24880       354.9576    
  -100.0154       35.72720       2213.633    
  -90.81580       33.66980       151.4259    
  -86.24360       30.85600       480.3151    
  -85.08910       29.74180       3257.727    
  -80.50440       27.18280       356.7229    
  -81.85110       23.02220       1277.127    
  -81.83100       23.02200       1031.516    
  -81.84990       23.00150       1516.286    
  -78.64190       22.11870       367.7399    
  -78.21250       21.58740       347.0332    
  -78.19280       21.58730       253.8081    
  -78.41950       21.24350       375.7983    
  -77.23530       20.83590       1209.312    
  -77.21570       20.83590       160.8282    
  -77.62450       20.75640       340.6396    
  -90.13780       20.73800       706.4064    
  -92.51210       16.19940       2432.418    
  -79.95910       35.30200       788.0450    
  -81.72810       31.50580       715.0171    
  -85.36510       30.56520       2079.316    
  -85.34310       30.56490       2692.220    
  -89.19240       30.57200       1128.844    
  -80.83340       22.33560       148.2094    
  -80.83230       22.31510       217.8758    
  -78.42390       21.40560       341.0933    
  -77.06270       21.03720       74.35211    
  -90.30930       19.59470       904.4712    
  -90.57030       18.48470       392.0418    
  -98.62700       36.93650       212.5654    
  -83.20490       34.82240       3852.436    
  -82.53660       28.03410       231.5885    
  -81.75730       22.79450       98.29078    
  -81.97420       22.73460       241.8609    
  -78.66230       22.13920       3024.429    
  -78.66170       22.11880       336.6875    
  -78.42000       21.26380       285.7032    
  -78.34090       21.24320       1656.318    
  -78.34040       21.22300       508.4044    
  -77.64400       20.75650       345.0588    
  -90.57820       19.61900       1114.870    
  -70.02650       44.96690       621.9979    
  -88.03340       31.16830       1652.266    
  -81.99430       22.73470       360.5410    
  -78.05350       21.52590       141.0649    
  -78.42340       21.38530       82.35818    
  -97.48940       19.55300       2618.690    
  -98.83990       18.64250       825.3667    
  -95.15740       16.43690       1294.842    
  -79.46640       37.60780       958.9651    
  -123.5217       39.05740       1876.095    
  -88.01090       31.16780       1708.565    
  -86.76400       30.61310       1310.257    
  -80.50560       27.20450       297.5941    
  -81.99550       22.75530       386.9949    
  -81.97550       22.75520       405.7165    
  -81.28740       22.62620       4923.233    
  -88.77820       21.22270       64.33128    
  -89.44760       20.80770       648.3382    
  -90.00960       19.83020       991.0292    
  -89.98920       19.82990       1427.723    
  -97.46740       19.55260       1685.880    
  -69.49650       18.87380       667.9541    
  -92.99940       16.71370       165.3024    
  -84.53360       48.85630       486.0800    
  -78.74050       38.99870       975.0012    
  -96.27090       39.33550       510.9695    
  -107.3083       39.37090       171.2202    
  -83.72700       33.22910       1331.163    
  -81.11660       22.41960       1562.988    
  -79.52370       21.87810       196.2104    
  -79.52290       21.85770       176.4471    
  -78.23270       21.60780       209.4890    
  -77.21540       20.81570       696.6186    
  -90.19770       19.15400       1848.453    
  -90.13650       19.15310       3382.837    
  -72.25720       43.64270       374.8247    
  -74.71950       39.49530       1511.966    
  -80.96650       32.45740       1170.072    
  -83.68170       32.04450       1079.253    
  -85.09180       29.76440       2442.014    
  -81.33240       23.07990       487.9816    
  -81.26740       22.62600       3525.243    
  -81.28620       22.60560       2252.507    
  -78.98730       21.79400       187.0556    
  -79.00630       21.77370       151.5744    
  -78.98660       21.77360       168.0743    
  -89.55370       21.01180       693.2334    
  -90.15470       19.13340       3250.453    
  -90.41850       14.72190       900.6017    
  -94.49160       40.68520       288.2536    
  -95.50960       39.30380       1256.190    
  -80.30560       34.71270       454.4817    
  -114.8483       32.23280       10257.09    
  -85.55410       31.00500       469.8735    
  -81.28850       22.64680       208.3344    
  -81.30740       22.62640       5271.771    
  -81.30620       22.60580       208.0869    
  -81.26630       22.60550       248.1703    
  -89.70390       20.89270       653.7118    
  -90.00730       19.81010       1108.084    
  -89.98680       19.80980       1046.577    
  -90.56770       19.17970       1418.909    
  -90.54720       19.17940       1184.299    
  -89.99690       14.88980       474.0320    
  -77.09700       36.94730       691.7930    
  -95.97220       34.37110       1262.954    
  -91.44170       34.12400       107.3838    
  -89.66430       30.81260       437.3117    
  -80.27140       22.22950       65.32099    
  -90.33230       20.13640       218.3828    
  -90.20000       19.17390       1268.874    
  -90.15920       19.17330       2154.769    
  -92.57980       16.25880       3171.035    
  -119.1559       35.56240       5687.073    
  -85.51490       33.83670       1632.854    
  -83.70400       32.04480       1608.929    
  -84.79930       31.52480       77.25939    
  -80.15580       22.31070       96.62064    
  -99.53310       20.28880       1661.116    
  -90.21760       20.03410       691.4126    
  -89.83910       19.76740       410.1607    
  -89.87100       19.50790       334.2164    
  -69.45930       18.83440       227.0255    
  -119.1787       35.58930       1239.764    
  -85.53790       33.83720       1378.772    
  -81.43710       29.76200       756.9120    
  -103.2913       23.85580       620.0427    
  -103.2668       23.85500       822.1467    
  -103.2852       23.83450       687.6836    
  -81.01930       22.85060       436.8103    
  -80.68600       22.58070       621.6174    
  -90.17510       19.13370       1948.293    
  -92.14300       18.13380       51.83617    
  -97.19170       17.49570       8251.460    
  -92.56150       16.27790       2075.703    
  -76.69670       40.42710       1158.776    
  -79.46820       37.63380       1063.310    
  -79.57310       35.37310       500.3128    
  -82.89080       33.43250       1278.307    
  -89.54150       32.11210       969.7587    
  -83.15650       30.16730       704.2302    
  -100.1323       29.78630       2376.628    
  -80.52520       27.18290       1085.598    
  -80.50310       27.16100       268.7068    
  -103.2607       23.83360       1062.073    
  -81.03940       22.85070       542.7391    
  -81.13660       22.41980       1254.553    
  -80.43140       22.25100       124.0604    
  -79.54270       21.85780       178.5193    
  -78.90900       21.81400       172.2594    
  -89.70640       20.91300       113.0746    
  -102.3831       21.03940       586.4933    
  -96.25760       19.18510       606.5144    
  -96.75030       18.77600       1285.181    
  -96.74700       18.75600       1023.087    
  -97.21320       17.49610       2177.482    
  -96.90660       17.31260       714.4465    
  -92.56370       16.29740       1488.612    
  -92.38990       16.19760       2285.277    
  -117.5630       46.50880       674.7715    
  -70.38800       44.25960       487.5438    
  -97.89580       37.03340       323.3265    
  -79.32770       35.12310       903.2877    
  -120.1181       36.78350       209.5715    
  -88.63710       33.44510       4970.593    
  -84.46570       31.70570       627.3681    
  -82.17290       23.02490       72.49640    
  -82.15280       23.02470       431.6140    
  -81.04040       22.87130       352.4922    
  -81.02040       22.87120       319.4295    
  -82.89430       22.68110       78.55839    
  -81.20410       22.56390       69.03242    
  -80.36340       22.06660       1178.886    
  -79.66130       21.85850       519.5902    
  -78.43910       21.24360       2684.168    
  -90.21520       20.01400       655.4008    
  -90.89660       18.31170       303.7088    
  -93.26660       16.71790       987.1027    
  -98.14080       16.39430       754.5046    
  -98.11620       16.37420       1191.126    
  -92.57760       16.23930       10677.66    
  -89.13580       39.59360       296.1713    
  -96.49020       35.52930       1702.621    
  -114.8642       32.25770       4994.017    
  -84.60580       29.89270       526.4874    
  -81.01650       26.70990       134.7245    
  -99.89860       22.59720       1062.073    
  -80.20020       21.96350       663.1207    
  -78.43970       21.26390       168.0036    
  -95.68220       18.37600       70.26956    
  -91.63920       18.20470       1289.081    
  -93.51940       17.92010       56.41359    
  -105.4802       39.15380       1091.930    
  -99.65400       35.88720       1416.581    
  -99.61710       35.86040       1935.821    
  -83.50060       33.22570       608.8013    
  -83.69320       33.13300       2713.799    
  -83.67060       33.13260       2684.180    
  -86.98070       32.78700       3650.266    
  -84.72680       31.47720       475.2877    
  -84.55730       31.17330       108.3735    
  -81.58630       22.60800       1232.424    
  -81.60510       22.58760       4150.143    
  -80.67900       22.43700       116.1812    
  -89.98760       20.85690       696.6186    
  -97.19470       17.51550       2776.635    
  -117.6227       46.45050       2977.927    
  -76.37290       20.55260       230.0256    
  -90.13430       19.13310       1944.686    
  -90.41090       19.05780       476.5970    
  -98.91720       18.70410       328.3197    
  -98.60000       36.93530       212.5901    
  -101.1388       34.87970       2727.233    
  -83.07600       30.00730       671.7450    
  -99.03920       21.80820       126.4357    
  -89.40550       20.26240       1765.412    
  -96.58480       17.01130       742.1713    
  -91.93270       15.70580       214.0288    
  -79.26200       35.17200       835.2795    
  -79.14430       33.53670       1203.796    
  -81.58400       22.56690       1994.147    
  -80.46270       22.49710       132.8997    
  -100.5401       20.13240       493.0137    
  -98.92060       18.84410       1507.961    
  -99.48300       17.54400       1378.028    
  -86.95780       32.78650       2721.265    
  -86.97690       32.76310       3115.796    
  -82.70140       32.24210       610.5837    
  -88.83340       31.48750       2750.510    
  -80.45130       22.25110       161.0756    
  -77.56070       21.46340       143.0959    
  -89.76220       20.69140       506.6627    
  -89.56970       19.54330       782.2902    
  -90.48850       19.37780       250.3545    
  -98.54370       19.31620       440.6855    
  -93.37630       18.09540       113.8994    
  -91.91250       15.70550       1618.217    
  -96.50040       35.40480       764.2556    
  -100.4474       33.84290       7901.607    
  -100.4210       33.84180       9063.162    
  -81.56390       22.56670       2255.389    
  -77.56030       21.44320       984.8210    
  -75.92560       20.65250       404.0500    
  -75.90610       20.65250       335.2650    
  -117.5373       46.63400       247.4280    
  -106.6860       37.99980       697.3467    
  -99.95260       35.49860       904.6986    
  -81.60730       27.73860       120.0026    
  -78.51960       21.99570       191.6403    
  -89.59010       19.54360       732.5948    
  -98.11920       16.39380       822.9656    
  -91.19150       15.32840       1198.545    
  -77.20830       36.76870       790.9689    
  -83.22800       34.82280       3957.209    
  -88.92300       33.23600       484.7556    
  -85.46640       32.19080       803.8669    
  -86.78300       30.59050       2245.038    
  -81.85660       27.69720       272.6426    
  -78.27650       21.77060       141.4581    
  -77.64440       20.77660       188.2927    
  -97.87550       16.05680       594.2747    
  -122.1917       42.40630       2552.914    
  -83.20200       34.79780       1533.440    
  -89.31210       34.84940       347.2809    
  -100.4567       33.86770       10888.38    
  -100.4302       33.86650       2425.414    
  -87.00360       32.78740       3409.111    
  -88.82930       31.46410       8104.513    
  -88.80650       31.46360       6950.618    
  -85.06720       29.74140       2811.055    
  -81.01520       26.68820       921.9276    
  -79.55120       22.08220       206.6024    
  -99.53720       20.30920       4014.342    
  -98.89840       18.84360       1498.108    
  -90.67100       17.73650       1726.997    
  -90.65070       17.73620       781.8449    
  -103.8597       34.24430       6487.900    
  -88.81060       31.48700       3320.434    
  -82.52590       22.88370       67.05299    
  -80.31760       22.37320       45.52675    
  -79.53140       22.08210       131.4668    
  -78.12460       21.99410       100.9919    
  -77.64360       20.73640       289.4908    
  -89.97210       20.21100       535.4693    
  -93.43610       18.07660       110.1055    
  -90.41930       17.26180       464.7976    
  -89.50170       34.73120       669.0298    
  -103.8876       34.24570       3003.583    
  -84.51330       30.98790       560.3676    
  -80.50390       26.81380       257.5726    
  -80.48320       26.81370       3438.418    
  -80.50270       26.79220       1125.569    
  -80.48190       26.79200       577.7444    
  -96.07870       17.17850       1731.942    
  -92.59590       16.22010       218.9738    
  -92.57550       16.21980       6606.375    
  -84.38960       30.87090       404.9033    
  -82.01560       22.75550       265.4903    
  -82.01440       22.73490       185.3236    
  -98.49320       18.79430       1239.820    
  -91.59820       18.20400       595.4595    
  -93.28450       39.78560       319.6770    
  -73.91960       40.59120       324.2239    
  -74.59640       39.68500       2382.258    
  -96.24930       39.71390       539.4844    
  -106.7331       38.34580       661.9156    
  -95.88470       35.38120       490.7567    
  -89.22660       33.24340       804.0485    
  -88.80240       31.44030       5024.193    
  -98.53680       27.02920       1341.547    
  -98.53090       27.00720       2017.420    
  -100.8263       22.70750       637.6702    
  -77.74210       21.66700       818.4694    
  -98.12560       21.84570       106.8889    
  -90.13880       19.17300       776.2806    
  -98.82140       18.66200       677.4838    
  -103.1746       38.04110       1293.113    
  -85.90750       33.38640       2189.174    
  -88.82520       31.44080       8966.861    
  -78.18430       22.01480       70.76441    
  -78.44300       21.38540       1103.554    
  -77.69250       21.20060       126.0681    
  -90.25260       20.49750       319.0499    
  -97.48110       19.13160       396.0526    
  -81.75980       31.87890       805.7377    
  -90.19700       30.87150       378.0969    
  -78.71280       21.85380       104.4146    
  -89.86630       20.87510       682.8243    
  -97.48580       19.53290       1844.765    
  -123.5780       38.95400       2051.236    
  -85.95430       31.01200       641.8875    
  -81.55910       22.83410       131.9616    
  -77.69430       21.28150       54.68159    
  -98.91690       18.82400       120.9304    
  -88.72390       18.18190       146.9722    
  -93.27830       16.81580       1986.398    
  -93.25770       16.81550       241.7372    
  -96.16110       39.03500       908.3222    
  -89.37880       31.73330       258.5629    
  -83.27540       30.92380       581.8310    
  -82.01810       22.79670       269.6965    
  -81.60400       22.56700       3450.906    
  -79.97950       22.37110       428.8860    
  -77.62410       20.73630       1248.355    
  -89.33060       18.82310       739.6548    
  -89.40170       31.73380       590.8614    
  -82.34210       22.84080       79.17696    
  -95.49000       18.65050       90.06380    
  -96.73510       40.06270       185.6001    
  -82.43060       22.96530       116.1056    
  -82.89720       22.72230       73.73354    
  -98.93930       22.90270       989.5905    
  -98.93460       22.88180       145.0988    
  -98.91170       22.88110       199.1796    
  -79.32590       21.87710       50.31036    
  -98.10740       21.86590       97.73407    
  -97.34910       19.24880       774.6506    
  -97.84760       16.44730       887.4415    
  -74.37590       39.71240       2125.119    
  -98.53480       21.98010       205.8601    
  -96.23300       18.76520       195.9630    
  -91.93070       15.68640       1869.254    
  -91.91050       15.68610       1950.188    
  -80.30370       34.68810       619.2374    
  -81.86380       22.89840       158.1890    
  -100.5008       22.80200       714.4465    
  -80.52890       22.21070       330.1526    
  -78.92340       21.65130       163.5499    
  -90.72400       16.89450       808.5220    
  -92.55290       16.20000       765.4283    
  -94.64120       40.80260       152.4156    
  -93.97070       40.58120       151.6734    
  -77.35190       38.16820       932.4261    
  -77.32800       38.16810       982.7559    
  -98.69120       36.19890       1123.056    
  -103.9153       36.11710       666.7472    
  -90.97400       31.44680       693.8458    
  -81.93530       23.08480       54.92902    
  -81.55800       22.81350       112.3323    
  -80.28490       22.08650       621.3143    
  -89.34650       21.17080       555.6227    
  -89.43650       20.88840       408.7365    
  -90.33470       20.15650       1212.117    
  -95.60050       18.25530       318.0734    
  -93.41790       18.09610       244.8109    
  -98.09320       36.42730       92.53809    
  -98.68150       36.17320       875.5754    
  -86.00510       31.05910       164.5396    
  -117.5827       46.41520       468.9998    
  -88.86580       30.63350       252.1343    
  -81.86000       22.83660       1204.005    
  -81.84000       22.83640       284.7896    
  -80.27000       22.63960       113.3715    
  -101.5242       20.95330       473.4871    
  -99.07230       18.94770       1793.984    
  -92.55720       16.23900       1903.248    
  -92.55510       16.21950       1485.200    
  -87.95250       15.15540       57.03215    
  -90.96810       40.94450       201.6538    
  -87.97110       34.64400       461.1455    
  -87.27910       34.31000       1071.058    
  -85.50860       31.16580       295.8463    
  -80.54930       22.64150       57.65072    
  -81.62400       22.56720       985.0014    
  -78.92410       21.67160       65.07356    
  -101.8803       21.08630       726.3357    
  -93.41270       18.05650       558.3668    
  -91.21150       15.32870       1601.303    
  -91.20050       15.00080       1072.900    
  -95.94760       39.70110       771.7280    
  -97.90110       36.90500       98.14645    
  -97.89140       36.87890       121.3811    
  -80.09730       34.02750       78.06355    
  -86.69550       32.11980       402.9697    
  -79.97780       22.33010       338.2051    
  -100.9626       22.21320       251.8850    
  -88.54430       20.00860       2535.385    
  -90.64440       17.67710       443.2506    
  -91.21700       16.20020       189.3623    
  -97.15190       39.59020       232.5823    
  -95.44200       39.49010       162.4365    
  -77.70780       20.99860       65.19728    
  -104.0087       20.71910       1671.648    
  -90.08670       20.31340       413.8987    
  -99.93230       20.25850       1317.389    
  -99.90960       20.25790       997.7049    
  -88.71330       18.28040       95.50721    
  -95.57630       18.23500       48.74332    
  -74.32490       39.90310       752.2040    
  -96.01660       39.59530       150.4362    
  -97.95920       37.06190       104.4146    
  -96.69870       39.32690       389.8964    
  -97.92020       37.73470       554.5667    
  -78.23650       21.75010       74.22840    
  -96.14310       18.46470       537.1640    
  -94.88250       16.56890       475.0976    
  -92.45430       16.41260       183.8390    
  -95.04060       41.15470       278.8513    
  -97.19500       39.70080       534.2636    
  -101.1558       34.85570       3935.691    
  -82.58620       22.88420       92.12570    
  -81.86130       22.85720       258.3148    
  -78.55790       21.95510       153.5909    
  -78.24700       21.40490       564.4220    
  -78.16430       21.24260       49.23817    
  -78.35570       21.06140       52.94959    
  -90.07450       20.55510       729.5167    
  -90.05390       20.55480       1860.212    
  -93.84530       16.39540       72.95003    
  -110.5545       46.62760       945.3637    
  -96.25230       36.04800       645.8107    
  -84.63300       30.50770       427.6035    
  -82.26570       22.90190       69.52727    
  -80.25010       22.63950       102.9300    
  -101.8754       21.06570       1079.488    
  -90.15320       20.35480       318.8791    
  -96.59040       16.75630       602.9310    
  -105.4551       25.68820       878.6626    
  -78.55730       21.93470       188.6886    
  -93.84300       16.37590       390.7183    
  -94.64410       40.58040       358.7706    
  -76.54310       35.28130       321.8459    
  -87.32770       32.53340       501.2628    
  -99.59660       30.04000       426.7826    
  -82.81670       22.72150       59.13530    
  -78.71340       21.87420       46.26904    
  -77.00630       21.17850       1303.844    
  -78.19530       20.91950       120.8067    
  -84.49090       31.17220       373.1215    
  -95.81950       18.29930       203.1566    
  -87.99250       15.42530       97.98149    
  -98.09830       36.93920       77.19754    
  -87.28330       34.33450       826.0079    
  -104.5376       29.55520       1469.680    
  -82.99640       22.70270       80.16666    
  -98.93410       22.77770       127.6729    
  -80.25430       22.29080       76.70268    
  -92.43390       16.41230       1872.466    
  -94.59490       40.44000       120.9923    
  -74.35180       39.68530       1198.966    
  -96.09450       39.22030       734.3881    
  -82.66400       22.84370       49.73303    
  -78.69060       21.77230       61.85700    
  -77.00600       21.15830       207.2209    
  -99.38000       18.69490       1351.854    
  -101.1659       34.88090       2750.192    
  -88.01650       32.28850       315.2235    
  -79.32810       21.93820       2086.982    
  -78.73450       21.91500       589.7119    
  -96.41860       19.50920       540.2819    
  -99.24650       18.69180       783.9833    
  -96.31520       18.60750       528.7864    
  -95.16980       38.86060       727.4337    
  -98.53980       36.49750       95.75465    
  -83.03380       22.66190       132.7451    
  -81.04860       22.64500       509.4305    
  -100.7040       21.40160       430.0036    
  -101.2913       20.84460       407.4566    
  -90.25950       18.79710       370.0021    
  -99.25020       18.71180       445.3027    
  -117.6629       46.48590       3406.594    
  -103.6019       20.52300       410.4173    
  -84.47060       14.85530       492.8236    
  -94.70170       40.97250       275.8822    
  -98.49680       21.69090       108.8683    
  -88.68650       18.41820       528.0939    
  -91.30820       16.88330       833.1187    
  -86.01810       30.82890       1200.115    
  -78.17420       21.62790       387.9671    
  -90.10980       20.67690       60.37244    
  -99.09820       18.84820       95.75463    
  -96.59810       18.63330       678.2261    
  -91.84830       18.06980       53.03207    
  -97.22760       39.78390       101.1981    
  -78.73890       38.97190       590.0828    
  -78.16120       21.12120       93.03294    
  -78.19480       20.89930       119.4088    
  -90.35530       20.15690       900.4987    
  -96.39720       39.74750       188.2927    
  -94.41510       38.48530       1190.346    
  -95.41250       35.23910       696.6186    
  -81.11840       22.83070       231.4442    
  -103.7421       20.60880       74.47583    
  -96.06660       18.38370       288.8852    
  -101.2402       17.52460       359.6562    
  -97.07470       37.30850       206.6024    
  -81.11730       22.81010       1977.695    
  -99.23890       22.10220       367.3235    
  -77.71210       21.20060       155.6013    
  -96.10420       18.76250       257.5603    
  -88.61800       18.12130       62.35186    
  -117.5565       46.54010       2380.067    
  -119.7898       39.89950       2301.371    
  -112.4585       37.62470       829.4077    
  -108.7820       37.08040       959.7042    
  -98.38010       35.78160       996.8998    
  -99.90170       25.42610       281.1358    
  -96.26220       18.26850       225.7295    
  -96.07280       18.14570       58.39301    
  -87.95320       15.42490       74.22840    
  -98.38940       35.80720       1835.165    
  -111.3097       34.69910       1016.190    
  -99.43750       22.58400       1147.237    
  -99.06640       21.82950       76.45525    
  -96.19640       18.80430       925.3762    
  -96.11240       18.40450       310.9286    
  -118.3869       46.23330       337.9867    
  -94.65130       40.83090       146.9722    
  -96.83410       40.17680       501.1654    
  -98.04000       36.42510       149.6939    
  -100.3049       25.78360       280.5083    
  -78.16070       21.10100       48.99075    
  -101.7295       20.93870       549.1806    
  -90.62020       19.28020       252.1343    
  -86.93930       14.87630       194.5933    
  -91.64520       40.99580       245.9434    
  -96.32830       39.63570       99.96093    
  -104.7746       38.95200       175.3827    
  -98.41410       21.83270       446.6698    
  -99.30790       21.79480       136.8277    
  -95.60940       18.31500       568.2510    
  -96.86200       40.17810       459.4738    
  -95.84080       18.29980       112.3323    
  -99.31660       22.14570       995.4980    
