  -113.3788       46.82210       149.3545    
  -92.78230       40.20480       40.23878    
  -107.0420       40.20040       35.15172    
  -88.04390       37.36650       44.83817    
  -92.95020       35.95380       24.64066    
  -92.92690       35.77700       39.56369    
  -92.12600       35.25160       88.28435    
  -97.89670       34.10250       61.53743    
  -96.32220       33.96910       103.6881    
  -87.47110       32.98770       61.22683    
  -95.94610       31.50290       7.945885    
  -82.42100       28.43040       45.69313    
  -98.02230       25.92660       264.9061    
  -100.0198       25.51580       30.68105    
  -82.34080       22.82010       6.004493    
  -82.29930       22.79920       32.63293    
  -79.56220       22.36870       7.055987    
  -80.28220       22.02520       28.18199    
  -102.3645       21.05940       65.70827    
  -96.37560       18.31050       132.1200    
  -94.52780       17.97760       196.8207    
  -92.64530       16.29870       466.7882    
  -92.62270       16.27890       66.99624    
  -92.60230       16.27860       174.8685    
  -92.62060       16.25940       183.8797    
  -92.60020       16.25910       767.4822    
  -92.35130       16.21640       186.0715    
  -93.67310       15.98390       31.93176    
  -94.68590       41.30870       5.885341    
  -119.2796       37.03280       397.2226    
  -95.57380       34.94730       207.8361    
  -98.55870       30.96780       33.44234    
  -92.63940       29.97350       50.89174    
  -99.60990       27.48250       88.71933    
  -99.58570       27.48160       27.70061    
  -93.18470       17.89460       61.75164    
  -92.51270       15.05690       54.30824    
  -94.67560       41.28010       16.63518    
  -110.9215       38.60670       36.90492    
  -107.2454       37.77000       143.2497    
  -94.88440       34.72490       84.90934    
  -117.9295       34.17760       183.9957    
  -103.4570       19.82700       198.6398    
  -90.15690       19.15340       2620.915    
  -93.11510       17.83420       44.15991    
  -92.56950       15.01910       20.33402    
  -119.2393       37.02980       197.6318    
  -101.9414       32.15720       316.4381    
  -110.8465       40.22790       35.23938    
  -106.9735       39.78510       48.42662    
  -89.06340       31.12170       50.60339    
  -96.09100       18.40400       2.989808    
  -116.3920       41.13220       56.10250    
  -115.0414       40.30550       80.38435    
  -110.6245       38.45420       115.4489    
  -107.0066       36.00440       91.27853    
  -97.52160       34.72530       7.326375    
  -94.32520       32.98340       46.67630    
  -102.2042       17.92530       17.71700    
  -111.2175       38.89370       138.7661    
  -88.04920       37.39250       59.61277    
  -101.7973       31.35190       96.68132    
  -102.6185       30.22840       102.9372    
  -96.52800       28.69040       6.774203    
  -121.4998       37.25120       255.9633    
  -107.5861       24.63040       5.559425    
  -82.61600       23.02900       46.06656    
  -82.36090       22.82030       6.275902    
  -79.54240       22.36860       9.584442    
  -78.26610       21.38470       29.59524    
  -118.2939       44.70630       194.2157    
  -94.33160       40.45710       15.63588    
  -115.9499       36.95030       152.6996    
  -107.5596       24.62940       5.986349    
  -105.3528       21.74960       4.430841    
  -103.9000       20.57270       133.8801    
  -92.64320       16.27920       444.4872    
  -116.5133       39.94760       126.2544    
  -111.1694       39.10550       31.90829    
  -105.3469       21.72870       9.319579    
  -103.9858       20.53440       4.444308    
  -95.91410       18.22190       3.474641    
  -117.5185       38.24210       61.56918    
  -93.01990       16.53830       30.33041    
  -92.64100       16.25970       274.1391    
  -89.99660       20.07070       14.13535    
  -101.1101       20.02590       39.03997    
  -90.50900       19.37810       77.84718    
  -96.03600       18.32350       66.79759    
  -117.9572       38.19490       58.05094    
  -95.52060       34.77240       74.94942    
  -101.9423       32.22830       32.17128    
  -103.7049       20.36280       37.88797    
  -99.53920       19.98520       22.35334    
  -90.50670       19.35810       16.06400    
  -96.35370       19.24720       78.93693    
  -98.59770       18.51730       29.68685    
  -96.16440       18.18720       16.86082    
  -101.7866       21.08360       146.5275    
  -92.34920       16.19700       3.932539    
  -83.16390       42.30190       12.94537    
  -107.5938       24.65220       3.757461    
  -107.2689       24.46820       10.08723    
  -99.30590       18.89310       354.1768    
  -96.01780       18.20410       93.18904    
  -92.57540       15.07710       97.75735    
  -78.74920       21.75220       3.339965    
  -101.0915       20.04560       136.7181    
  -90.59880       19.61930       8.987813    
  -96.07890       18.18550       3.366900    
  -90.35220       19.43550       9.919881    
  -90.17730       19.15370       142.5703    
  -107.3890       24.36610       13.39353    
  -92.96320       15.29490       14.09678    
  -100.1969       25.90950       195.3531    
  -104.1874       19.80750       29.59459    
  -104.3256       19.68980       56.37891    
  -99.30220       18.87300       44.04234    
  -93.05870       16.51940       323.5020    
  -100.0089       17.51620       82.67528    
  -100.0053       17.49630       411.9936    
  -92.53250       16.19970       91.19193    
  -95.70680       31.68180       16.29247    
  -92.53040       16.18020       142.9883    
  -107.4265       24.32480       43.50423    
  -92.38240       16.31420       6.747268    
  -104.2254       19.76800       29.50011    
  -104.2014       19.76730       122.2422    
  -93.03820       16.51910       71.11488    
  -79.23750       35.14710       17.58703    
  -103.9377       20.53300       466.2425    
  -92.38450       16.33370       10.41046    
  -92.96520       15.31430       4.646322    
  -98.29390       26.08610       8.044827    
  -80.87610       22.78770       5.712508    
  -92.16520       18.64900       36.13076    
  -100.1475       18.03510       82.61332    
  -95.97500       34.54290       114.3405    
  -90.64070       19.28050       87.67127    
  -96.45640       34.95560       119.8583    
  -101.5743       19.08960       102.2320    
  -92.18580       18.64930       40.41358    
  -96.13090       35.04230       144.3817    
  -101.7077       27.05080       158.3394    
  -101.6830       27.04990       157.6759    
  -96.46450       34.98070       109.7424    
  -100.6501       18.32580       101.4016    
  -103.2670       19.61910       105.9586    
  -97.09040       34.33980       26.29804    
  -92.47570       16.23770       152.5051    
  -90.54530       19.33880       8.122319    
  -92.30430       16.15740       9.245508    
  -92.44460       16.14010       21.73971    
  -92.48230       17.88280       16.56702    
  -92.59800       16.23960       159.6316    
  -94.04100       18.08740       15.94247    
  -92.43490       16.23710       3.730525    
  -96.95260       39.28400       60.33135    
  -99.05330       22.80190       39.60527    
  -92.48470       17.90260       14.78873    
  -101.4170       32.27670       787.9528    
  -90.60270       19.47950       3.111016    
  -93.49100       17.86040       3.638176    
  -98.80350       18.56180       89.20398    
  -92.45320       16.21800       85.83201    
  -101.4679       19.12700       72.03758    
  -98.46470       18.63390       9.009825    
  -78.65670       21.95550       5.818003    
  -77.00070       18.19060       8.754794    
  -98.62690       18.55780       19.46055    
  -78.24650       21.38460       6.590146    
  -104.2975       19.77010       42.47670    
  -83.01790       22.72350       5.036882    
  -93.06100       16.53890       57.74051    
  -69.82420       45.09300       56.04522    
  -71.10110       44.34360       55.11955    
  -80.45520       27.05190       216.7258    
  -92.35350       16.23590       5.171559    
  -81.07200       26.60230       19.11839    
  -73.63570       43.13250       3.474641    
  -107.5510       38.44760       114.8802    
  -80.92160       26.51480       10.67981    
  -80.92290       26.53630       50.01410    
  -80.43800       22.39440       29.46805    
  -99.21690       18.65110       104.9909    
  -80.78690       26.68630       153.1326    
  -82.31940       22.79930       7.499209    
  -81.22370       27.34140       6.972851    
  -80.53060       26.55470       13.21172    
  -82.05570       22.75580       7.647072    
  -90.62250       19.30010       58.27020    
  -68.16140       49.42510       45.86118    
  -80.76100       26.59970       74.43484    
  -80.74020       26.59960       30.98053    
  -80.75970       26.57810       26.00594    
  -80.73900       26.57800       17.61562    
  -80.50990       26.55460       19.40681    
  -80.77300       22.72530       43.85946    
  -80.41810       22.39430       20.67854    
  -80.43710       22.37390       18.99740    
  -80.41720       22.37380       12.40366    
  -78.16510       22.03510       10.38520    
  -97.92260       37.03460       6.599124    
  -80.60270       26.72810       15.67292    
  -80.62340       26.72820       21.64244    
  -80.60140       26.70640       14.19485    
  -76.78350       20.65380       20.35628    
  -80.45790       22.39450       12.13431    
  -76.78370       20.67390       7.562057    
  -76.80300       20.65380       12.74035    
  -89.71860       20.67050       14.49362    
  -77.78790       34.35150       18.05672    
  -99.27610       18.73240       98.40026    
  -106.8749       39.26350       33.57384    
  -80.84780       26.66520       5.696795    
  -77.06930       20.23300       4.112108    
  -90.57750       19.43910       11.77050    
  -93.49350       17.88020       3.306296    
  -68.02860       47.61920       65.47025    
  -99.68580       18.90220       94.59914    
  -70.04410       45.33890       41.68046    
  -80.77400       22.74580       27.90262    
  -89.13790       20.96470       107.8648    
  -77.66480       20.81700       9.962535    
  -88.75010       17.39610       16.69596    
  -80.79300       22.72540       51.46179    
  -101.3891       27.12710       254.7070    
  -94.97290       48.25310       110.3554    
  -100.7369       36.77610       46.58511    
  -80.64920       26.81500       178.2579    
  -80.62850       26.81480       11.68988    
  -80.78170       26.59990       39.57995    
  -80.71440       26.51310       22.10855    
  -70.34410       45.33540       71.02427    
  -85.20210       31.02210       7.137075    
  -80.68950       26.79370       242.4881    
  -80.68820       26.77200       580.4669    
  -80.66750       26.77180       17.69643    
  -80.53430       26.61950       31.54112    
  -78.53640       21.89380       8.704559    
  -90.17820       19.87290       16.77751    
  -73.32640       42.20220       15.37152    
  -80.53550       26.64110       10.96263    
  -80.51360       26.61930       20.90172    
  -82.03570       22.75570       11.48786    
  -103.3332       19.60070       42.32565    
  -96.32640       18.94670       87.82454    
  -67.37980       46.13510       62.77738    
  -78.44360       21.40570       3.905604    
  -77.78520       20.95850       49.58396    
  -77.68430       20.81700       11.52490    
  -96.29090       19.12580       30.71028    
  -69.19850       18.57920       21.91504    
  -69.85130       45.09270       76.89982    
  -71.43870       42.90990       41.72576    
  -106.4986       35.92550       111.4474    
  -83.21910       29.91840       153.7865    
  -98.97250       18.76530       62.52023    
  -95.99040       18.16390       6.314381    
  -71.80180       42.47030       49.91520    
  -78.81540       21.97660       5.265831    
  -67.38480       46.10320       44.46759    
  -71.21670       44.22130       13.86661    
  -82.69840       29.66320       29.53274    
  -80.54790       26.85750       16.18357    
  -78.53580       21.87340       11.84532    
  -78.32130       21.24320       44.72129    
  -67.57730       46.48350       44.84767    
  -71.60540       42.73330       35.34604    
  -71.92980       41.55280       16.33895    
  -98.89810       36.25870       29.45381    
  -117.7883       36.71770       97.26895    
  -97.07290       34.36360       543.4927    
  -84.56650       32.52900       31.54539    
  -85.20010       30.65410       116.7928    
  -83.52730       30.60590       36.73700    
  -80.54670       26.83580       16.97367    
  -78.53880       21.97540       6.431528    
  -78.51660       21.89370       8.801078    
  -78.51600       21.87330       9.811148    
  -79.48110       21.79640       16.96993    
  -98.36270       22.01670       5.637874    
  -93.51690       17.90030       4.028309    
  -90.75230       16.77780       9.320694    
  -70.51360       44.96150       55.80959    
  -85.16470       34.60960       21.73017    
  -80.67410       22.74510       3.824799    
  -78.01770       20.85840       6.819416    
  -99.97840       35.70040       113.5491    
  -82.70650       29.75360       24.07384    
  -80.52720       26.85730       11.66294    
  -80.58780       26.46890       22.57170    
  -98.95700       22.77840       36.64194    
  -79.46130       21.79630       9.178170    
  -88.10000       21.37500       11.41772    
  -77.80480       20.95850       56.24950    
  -77.26370       20.23350       39.45109    
  -77.24430       20.23340       13.84132    
  -90.75120       18.82450       126.6460    
  -99.19100       18.63060       87.38808    
  -72.70810       42.93080       36.99299    
  -99.62700       35.88600       63.00103    
  -82.11070       34.00110       168.4453    
  -80.48630       33.78920       48.69656    
  -98.35320       22.07840       3.919072    
  -76.35340       20.55250       18.27217    
  -77.26340       20.21340       15.19594    
  -71.43560       43.35150       46.49461    
  -75.58640       40.86830       55.23610    
  -84.83830       32.36830       100.2786    
  -84.83520       32.34470       342.8683    
  -82.31240       30.43030       856.4202    
  -82.63120       30.11520       21.53385    
  -81.56510       22.58730       131.0043    
  -89.36920       20.30210       103.5346    
  -70.15540       44.75000       16.23146    
  -70.59630       44.31810       12.79168    
  -99.63700       35.91170       50.05394    
  -84.33560       32.47800       39.66622    
  -89.59990       31.20360       46.00045    
  -89.57710       31.20310       363.8741    
  -87.45870       30.64960       145.6079    
  -85.13270       29.74250       72.50208    
  -77.28320       20.23350       9.205105    
  -103.7713       20.63020       6.855009    
  -89.34870       20.30180       45.08139    
  -92.49510       14.88320       9.090631    
  -74.37510       39.79400       108.5224    
  -89.16690       30.93930       28.48099    
  -84.32190       30.66320       38.76663    
  -85.11090       29.74210       85.92612    
  -82.60360       22.84310       233.4631    
  -80.96560       22.19330       78.90090    
  -98.36710       22.03750       11.23871    
  -90.49850       19.63770       73.06268    
  -90.47800       19.63740       57.22584    
  -90.47560       19.61740       41.79827    
  -98.38520       19.17210       57.73203    
  -90.80900       18.07330       24.52411    
  -105.9691       37.61770       114.7033    
  -80.15800       34.56420       314.5842    
  -82.13340       34.00140       187.0788    
  -86.95180       30.98460       670.5429    
  -83.56690       30.35500       87.15014    
  -80.63160       26.51240       93.87116    
  -77.71880       21.50450       158.1761    
  -89.80580       19.28750       10.88524    
  -80.48810       33.81330       173.3531    
  -81.75590       32.08960       104.6610    
  -84.79860       31.33910       94.39598    
  -84.76740       30.71600       56.43603    
  -81.11890       27.01410       30.03924    
  -80.63290       26.53400       273.1490    
  -80.61220       26.53380       17.02305    
  -78.32080       21.22290       9.330056    
  -77.88030       20.83780       8.718027    
  -90.49550       19.43780       32.52139    
  -90.49320       19.41780       443.4359    
  -77.37580       38.16830       75.84431    
  -79.54340       34.55870       27.31199    
  -80.15620       34.53970       413.6030    
  -86.92950       30.98410       410.1331    
  -86.94840       30.96140       1162.879    
  -85.19150       30.58530       6.052381    
  -82.30060       22.81980       9.050227    
  -78.21430       20.89940       11.91498    
  -78.21380       20.87920       332.0417    
  -71.39740       17.82240       56.50078    
  -70.51820       43.98660       48.39494    
  -71.69200       43.85590       33.19234    
  -80.18070       34.56440       491.2861    
  -80.51070       33.81360       429.0392    
  -80.50880       33.78940       256.8063    
  -81.08000       33.60240       20.56718    
  -84.59120       30.71320       32.97019    
  -86.90430       30.66160       259.4375    
  -82.94800       30.02830       13.10847    
  -82.92640       30.02810       22.63365    
  -88.12050       21.37530       14.13163    
  -77.06240       21.01700       46.54754    
  -89.03070       20.92250       8.525551    
  -89.96450       20.83630       27.11565    
  -92.45200       15.05610       4.255762    
  -76.05550       40.59110       39.45135    
  -80.17900       34.53990       80.07308    
  -81.59570       33.32010       284.9596    
  -83.67340       33.15650       44.34091    
  -86.97420       30.98500       131.5025    
  -86.92600       30.96100       1983.752    
  -82.92850       30.05080       55.95012    
  -108.7025       26.25650       54.91212    
  -82.64390       22.84350       43.63941    
  -82.89570       22.70170       5.433615    
  -78.64250       22.13910       17.08271    
  -78.18490       22.03520       111.6159    
  -76.77820       20.27240       12.26898    
  -76.75880       20.27240       10.12764    
  -92.97660       16.69380       75.83246    
  -92.95600       16.69340       131.5127    
  -77.87820       34.91580       18.81130    
  -81.76790       31.97260       74.58125    
  -82.48430       22.86270       2.831563    
  -81.70070       22.85590       28.75253    
  -81.56630       22.60780       69.64297    
  -78.23390       20.89950       1122.392    
  -77.89940       20.81770       17.30418    
  -90.13080       19.99250       15.01297    
  -78.71630       38.99850       20.71006    
  -83.15870       34.82170       172.7921    
  -80.92370       33.33660       13.70336    
  -81.57320       33.31980       133.2761    
  -81.59360       33.29610       275.4014    
  -80.40650       32.68830       18.65300    
  -84.40830       31.03240       22.63896    
  -89.16280       30.91610       122.0643    
  -86.78960       30.63650       500.9545    
  -86.78630       30.61350       212.3567    
  -79.71200       22.63630       9.662074    
  -80.89520       22.37700       12.88953    
  -78.23340       20.87930       689.1936    
  -98.94670       19.22540       106.0651    
  -97.69030       17.92120       185.9694    
  -82.13100       33.97710       29.64045    
  -86.90710       30.98370       1012.000    
  -86.90370       30.96060       1207.190    
  -86.80850       30.61390       708.3439    
  -80.79190       22.70480       24.93566    
  -81.58510       22.58740       1382.245    
  -89.01020       20.92220       7.386979    
  -83.18180       34.82210       267.2772    
  -90.94720       34.57420       5.602522    
  -81.57110       33.29580       329.0909    
  -86.92260       30.93790       294.4536    
  -82.31440       30.45310       40.54502    
  -82.33410       30.43050       52.22918    
  -82.29060       30.43000       134.0696    
  -107.3176       24.38470       10.06030    
  -82.62380       22.84330       10.61752    
  -80.81300       22.72550       17.91999    
  -80.87520       22.37690       11.24006    
  -80.89410       22.35650       17.73372    
  -78.77520       21.95600       14.91101    
  -89.64150       30.81210       181.5756    
  -98.91640       22.90210       104.6290    
  -78.11650       20.89900       4.935876    
  -82.85550       33.09700       331.6794    
  -82.37130       32.97140       25.63854    
  -81.24750       32.36600       256.6074    
  -87.45640       32.06490       40.79364    
  -86.97080       30.96190       230.4642    
  -80.88200       27.55670       63.64127    
  -98.80150       22.79480       30.46190    
  -78.77590       21.97640       9.467722    
  -78.79500       21.95610       14.77059    
  -78.19330       21.60760       45.89344    
  -77.73850       21.50460       47.95010    
  -92.60450       16.29810       79.40415    
  -79.28040       35.09790       444.3561    
  -86.94500       30.93830       205.0889    
  -80.86070       26.53580       25.61538    
  -80.84000       26.53560       20.60543    
  -80.38880       22.18940       5.455963    
  -78.86820       21.77310       5.393775    
  -78.21300       21.60770       64.53631    
  -77.89980       20.83780       25.90493    
  -99.55570       20.28940       62.04316    
  -95.98760       18.70030       4.188424    
  -96.52390       18.57200       62.58863    
  -118.1815       49.33670       220.9084    
  -97.47570       36.96410       4.915675    
  -96.51600       35.53030       127.0579    
  -96.50770       35.50500       121.3983    
  -103.8708       34.26940       537.1501    
  -81.26970       32.36630       304.7036    
  -84.03380       30.63600       102.6919    
  -86.81190       30.63690       190.1835    
  -89.19650       30.59500       124.1499    
  -80.81190       22.70500       18.79929    
  -78.79570       21.97650       9.260322    
  -78.86750       21.75270       12.21511    
  -78.84780       21.75260       8.188301    
  -78.21360       21.62800       29.59412    
  -78.19390       21.62790       26.02015    
  -76.33390       20.55250       8.134431    
  -104.5413       19.59470       57.50505    
  -99.05060       18.58740       110.6620    
  -81.56700       31.94690       41.04173    
  -81.72620       31.48260       22.35334    
  -83.20780       31.33860       175.0041    
  -86.90030       30.93750       706.8879    
  -90.57240       30.81170       154.8042    
  -77.46350       26.81810       61.17776    
  -81.23090       23.05850       7.972259    
  -81.97300       23.04380       13.71864    
  -81.80970       23.00120       466.8451    
  -80.81340       22.33550       16.57810    
  -80.79350       22.33530       89.11280    
  -80.81240       22.31500       31.97936    
  -80.79250       22.31480       14.73187    
  -80.17570       22.31080       6.020016    
  -80.98550       22.19340       94.87811    
  -80.40870       22.18950       8.026690    
  -80.34360       22.06650       12.17807    
  -98.35840       21.99600       8.821279    
  -85.91500       49.13450       22.62730    
  -79.02220       44.55780       18.50269    
  -71.89740       43.05310       17.91354    
  -97.48510       36.99020       5.467845    
  -90.87760       34.79360       9.481191    
  -101.1287       34.85450       117.9001    
  -82.97110       33.33770       73.85929    
  -82.85800       33.12090       41.29952    
  -89.09030       31.14540       91.97811    
  -78.25300       20.87940       199.8441    
  -99.26770       19.85720       59.92059    
  -90.58060       19.63910       29.18962    
  -90.72740       19.32180       5.265831    
  -93.20720       16.73650       5.912278    
  -92.58410       16.29770       217.4087    
  -92.58190       16.27830       365.0204    
  -71.47620       43.52920       7.336655    
  -74.59650       39.65790       103.1229    
  -97.46950       36.65620       4.713660    
  -90.85340       34.79290       11.55520    
  -81.07820       33.02760       17.80805    
  -82.79630       30.02640       34.28095    
  -81.45860       27.71520       190.8230    
  -81.97430       23.06450       10.58553    
  -81.99310       23.04400       15.54610    
  -81.97180       23.02320       12.25552    
  -80.91510       22.37720       15.33960    
  -80.91410       22.35670       17.78397    
  -78.25350       20.89950       58.52761    
  -104.8535       21.36150       140.8008    
  -90.17960       19.17360       189.4905    
  -99.26870       18.81220       121.0844    
  -98.13780       16.37460       460.1021    
  -70.65330       44.59160       44.21423    
  -75.61130       40.86830       38.63993    
  -92.57360       40.55580       12.84270    
  -103.5088       34.25180       186.5381    
  -84.74530       32.34310       226.4330    
  -83.91020       30.90980       19.82882    
  -81.82980       23.00130       107.1065    
  -81.32430       22.93530       602.5396    
  -82.64530       22.86410       8.221972    
  -82.62510       22.86390       333.8252    
  -80.79400       22.74600       9.297134    
  -78.39980       21.24350       17.86477    
  -78.23290       20.85910       20.93827    
  -77.91940       20.83790       19.61781    
  -77.91890       20.81780       21.24739    
  -90.35970       19.67550       39.62239    
  -118.1032       44.72030       69.95280    
  -85.16120       34.58500       31.54539    
  -82.97370       33.36170       65.75124    
  -84.83970       32.20350       310.6301    
  -86.91920       30.91480       633.7628    
  -78.05400       21.54620       36.71069    
  -78.40040       21.26370       345.9198    
  -77.62490       20.77660       7.776193    
  -101.3751       20.90830       46.90913    
  -97.47880       36.68210       4.659789    
  -100.0053       35.70160       130.0251    
  -84.84270       32.22710       171.4176    
  -83.21020       31.36180       16.41877    
  -78.88920       21.81390       27.14733    
  -77.89430       21.44420       166.7594    
  -89.53550       21.03180       101.7721    
  -99.55980       20.30980       220.0922    
  -99.98840       35.72590       163.9245    
  -81.24750       22.99660       5.912278    
  -81.30430       22.93520       69.54957    
  -81.10380       22.93370       31.86975    
  -89.55610       21.03210       7.932417    
  -77.56670       20.79650       11.00471    
  -89.40100       20.40330       49.93410    
  -76.77850       20.29250       12.06024    
  -90.41730       17.24220       44.32507    
  -95.13650       16.43650       33.73162    
  -92.36960       16.19730       25.80842    
  -91.00390       15.24880       33.95247    
  -100.0154       35.72720       120.4889    
  -90.81580       33.66980       8.242171    
  -86.24360       30.85600       26.14373    
  -85.08910       29.74180       103.6550    
  -80.50440       27.18280       19.41656    
  -81.85110       23.02220       69.51450    
  -81.83100       23.02200       137.5354    
  -81.84990       23.00150       82.53203    
  -78.64190       22.11870       20.01622    
  -78.21250       21.58740       18.88915    
  -78.19280       21.58730       13.81487    
  -78.41950       21.24350       20.45485    
  -77.23530       20.83590       161.2416    
  -77.21570       20.83590       8.753941    
  -77.62450       20.75640       18.54114    
  -90.13780       20.73800       22.47657    
  -92.51210       16.19940       324.3224    
  -79.95910       35.30200       75.37822    
  -81.72810       31.50580       22.75054    
  -85.36510       30.56520       66.16006    
  -85.34310       30.56490       146.5386    
  -89.19240       30.57200       150.5125    
  -80.83340       22.33560       8.067093    
  -80.83230       22.31510       11.85907    
  -78.42390       21.40560       18.56584    
  -77.06270       21.03720       4.047014    
  -90.30930       19.59470       28.77863    
  -90.57030       18.48470       52.27224    
  -98.62700       36.93650       11.57002    
  -83.20490       34.82240       368.4939    
  -82.53660       28.03410       12.60545    
  -81.75730       22.79450       5.350004    
  -81.97420       22.73460       13.16458    
  -78.66230       22.13920       403.2572    
  -78.66170       22.11880       18.32603    
  -78.42000       21.26380       15.55094    
  -78.34090       21.24320       52.70105    
  -78.34040       21.22300       67.78725    
  -77.64400       20.75650       18.78168    
  -90.57820       19.61900       35.47312    
  -70.02650       44.96690       59.49545    
  -88.03340       31.16830       220.3021    
  -81.99430       22.73470       19.62438    
  -78.05350       21.52590       7.678216    
  -78.42340       21.38530       4.482787    
  -97.48940       19.55300       349.1586    
  -98.83990       18.64250       110.0489    
  -95.15740       16.43690       70.47876    
  -79.46640       37.60780       30.51253    
  -123.5217       39.05740       179.4525    
  -88.01090       31.16780       163.4279    
  -86.76400       30.61310       174.7010    
  -80.50560       27.20450       16.19816    
  -81.99550       22.75530       21.06428    
  -81.97550       22.75520       22.08330    
  -81.28740       22.62620       656.4310    
  -88.77820       21.22270       3.501576    
  -89.44760       20.80770       86.44510    
  -90.00960       19.83020       31.53275    
  -89.98920       19.82990       190.3631    
  -97.46740       19.55260       224.7841    
  -69.49650       18.87380       89.06055    
  -92.99940       16.71370       8.997475    
  -84.53360       48.85630       46.49461    
  -78.74050       38.99870       31.02277    
  -96.27090       39.33550       68.12927    
  -107.3083       39.37090       9.319578    
  -83.72700       33.22910       177.4884    
  -81.11660       22.41960       149.5032    
  -79.52370       21.87810       10.67981    
  -79.52290       21.85770       9.604082    
  -78.23270       21.60780       11.40257    
  -77.21540       20.81570       92.88249    
  -90.19770       19.15400       246.4605    
  -90.13650       19.15310       107.6357    
  -72.25720       43.64270       35.85279    
  -74.71950       39.49530       48.10802    
  -80.96650       32.45740       37.22956    
  -83.68170       32.04450       34.33987    
  -85.09180       29.76440       77.70045    
  -81.33240       23.07990       26.56103    
  -81.26740       22.62600       470.0325    
  -81.28620       22.60560       300.3343    
  -78.98730       21.79400       10.18151    
  -79.00630       21.77370       8.250253    
  -78.98660       21.77360       9.148349    
  -89.55370       21.01180       22.05743    
  -90.15470       19.13340       103.4235    
  -90.41850       14.72190       28.65551    
  -94.49160       40.68520       15.68976    
  -95.50960       39.30380       68.37491    
  -80.30560       34.71270       24.73761    
  -114.8483       32.23280       1367.613    
  -85.55410       31.00500       25.57539    
  -81.28850       22.64680       11.33972    
  -81.30740       22.62640       702.9028    
  -81.30620       22.60580       11.32625    
  -81.26630       22.60550       13.50800    
  -89.70390       20.89270       20.79992    
  -90.00730       19.81010       35.25723    
  -89.98680       19.80980       33.30019    
  -90.56770       19.17970       45.14711    
  -90.54720       19.17940       37.68224    
  -89.99690       14.88980       63.20427    
  -77.09700       36.94730       66.17151    
  -95.97220       34.37110       68.74308    
  -91.44170       34.12400       5.844939    
  -89.66430       30.81260       13.91446    
  -80.27140       22.22950       3.555446    
  -90.33230       20.13640       11.88666    
  -90.20000       19.17390       40.37328    
  -90.15920       19.17330       68.56081    
  -92.57980       16.25880       172.6007    
  -119.1559       35.56240       758.2765    
  -85.51490       33.83670       156.1861    
  -83.70400       32.04480       153.8976    
  -84.79930       31.52480       4.205258    
  -80.15580       22.31070       5.259099    
  -99.53310       20.28880       90.41518    
  -90.21760       20.03410       21.99949    
  -89.83910       19.76740       54.68810    
  -89.87100       19.50790       44.56219    
  -69.45930       18.83440       7.223538    
  -119.1787       35.58930       165.3019    
  -85.53790       33.83720       131.8825    
  -81.43710       29.76200       100.9216    
  -103.2913       23.85580       33.74916    
  -103.2668       23.85500       109.6196    
  -103.2852       23.83450       37.43088    
  -81.01930       22.85060       23.77575    
  -80.68600       22.58070       19.77873    
  -90.17510       19.13370       61.99116    
  -92.14300       18.13380       2.821462    
  -97.19170       17.49570       789.2701    
  -92.56150       16.27790       66.04510    
  -76.69670       40.42710       36.87014    
  -79.46820       37.63380       33.83259    
  -79.57310       35.37310       15.91904    
  -82.89080       33.43250       122.2728    
  -89.54150       32.11210       92.75953    
  -83.15650       30.16730       38.33151    
  -100.1323       29.78630       227.3297    
  -80.52520       27.18290       59.08953    
  -80.50310       27.16100       14.62581    
  -103.2607       23.83360       141.6097    
  -81.03940       22.85070       29.54150    
  -81.13660       22.41980       120.0007    
  -80.43140       22.25100       6.752656    
  -79.54270       21.85780       9.716874    
  -78.90900       21.81400       9.376143    
  -89.70640       20.91300       6.154694    
  -102.3831       21.03940       18.66115    
  -96.25760       19.18510       33.01281    
  -96.75030       18.77600       171.3575    
  -96.74700       18.75600       136.4116    
  -97.21320       17.49610       118.5211    
  -96.90660       17.31260       95.25954    
  -92.56370       16.29740       47.36492    
  -92.38990       16.19760       304.7036    
  -117.5630       46.50880       36.72807    
  -70.38800       44.25960       15.51276    
  -97.89580       37.03340       17.59879    
  -79.32770       35.12310       86.40143    
  -120.1181       36.78350       11.40706    
  -88.63710       33.44510       662.7457    
  -84.46570       31.70570       34.14788    
  -82.17290       23.02490       3.946007    
  -82.15280       23.02470       23.49292    
  -81.04040       22.87130       19.18628    
  -81.02040       22.87120       17.38667    
  -82.89430       22.68110       4.275963    
  -81.20410       22.56390       3.757461    
  -80.36340       22.06660       64.16723    
  -79.66130       21.85850       69.27870    
  -78.43910       21.24360       146.1003    
  -90.21520       20.01400       20.85366    
  -90.89660       18.31170       40.49451    
  -93.26660       16.71790       94.41852    
  -98.14080       16.39430       41.06797    
  -98.11620       16.37420       64.83343    
  -92.57760       16.23930       1423.688    
  -89.13580       39.59360       16.12072    
  -96.49020       35.52930       92.67432    
  -114.8642       32.25770       665.8690    
  -84.60580       29.89270       70.19833    
  -81.01650       26.70990       7.333108    
  -99.89860       22.59720       141.6097    
  -80.20020       21.96350       21.09929    
  -78.43970       21.26390       9.144502    
  -95.68220       18.37600       3.824799    
  -91.63920       18.20470       41.01622    
  -93.51940       17.92010       3.070613    
  -105.4802       39.15380       145.5907    
  -99.65400       35.88720       77.10506    
  -99.61710       35.86040       105.3675    
  -83.50060       33.22570       58.23317    
  -83.69320       33.13300       259.5808    
  -83.67060       33.13260       256.7477    
  -86.98070       32.78700       349.1559    
  -84.72680       31.47720       25.87009    
  -84.55730       31.17330       5.898809    
  -81.58630       22.60800       39.21349    
  -81.60510       22.58760       396.9702    
  -80.67900       22.43700       6.323786    
  -89.98760       20.85690       92.88249    
  -97.19470       17.51550       88.34747    
  -117.6227       46.45050       397.0569    
  -76.37290       20.55260       12.52038    
  -90.13430       19.13310       259.2915    
  -90.41090       19.05780       63.54628    
  -98.91720       18.70410       43.77596    
  -98.60000       36.93530       11.57136    
  -101.1388       34.87970       148.4444    
  -83.07600       30.00730       36.56334    
  -99.03920       21.80820       6.881944    
  -89.40550       20.26240       56.17219    
  -96.58480       17.01130       98.95618    
  -91.93270       15.70580       11.64967    
  -79.26200       35.17200       79.89629    
  -79.14430       33.53670       38.30262    
  -81.58400       22.56690       190.7445    
  -80.46270       22.49710       7.233785    
  -100.5401       20.13240       65.73517    
  -98.92060       18.84410       201.0615    
  -99.48300       17.54400       183.7371    
  -86.95780       32.78650       86.58572    
  -86.97690       32.76310       298.0327    
  -82.70140       32.24210       19.42766    
  -88.83340       31.48750       87.51621    
  -80.45130       22.25110       8.767407    
  -77.56070       21.46340       7.788762    
  -89.76220       20.69140       16.12109    
  -89.56970       19.54330       24.89105    
  -90.48850       19.37780       33.38061    
  -98.54370       19.31620       58.75807    
  -93.37630       18.09540       6.199586    
  -91.91250       15.70550       88.08015    
  -96.50040       35.40480       41.59872    
  -100.4474       33.84290       430.0875    
  -100.4210       33.84180       1208.422    
  -81.56390       22.56670       300.7186    
  -77.56030       21.44320       53.60418    
  -75.92560       20.65250       21.99259    
  -75.90610       20.65250       18.24860    
  -117.5373       46.63400       13.46760    
  -106.6860       37.99980       37.95684    
  -99.95260       35.49860       49.24309    
  -81.60730       27.73860       6.531786    
  -78.51960       21.99570       10.43105    
  -89.59010       19.54360       97.67931    
  -98.11920       16.39380       44.79433    
  -91.19150       15.32840       38.13552    
  -77.20830       36.76870       25.16719    
  -83.22800       34.82280       378.5156    
  -88.92300       33.23600       46.36792    
  -85.46640       32.19080       25.57759    
  -86.78300       30.59050       122.1982    
  -81.85660       27.69720       14.84004    
  -78.27650       21.77060       7.699621    
  -77.64440       20.77660       10.24884    
  -97.87550       16.05680       32.34660    
  -122.1917       42.40630       244.1917    
  -83.20200       34.79780       146.6769    
  -89.31210       34.84940       18.90264    
  -100.4567       33.86770       1451.784    
  -100.4302       33.86650       132.0162    
  -87.00360       32.78740       326.0889    
  -88.82930       31.46410       775.2142    
  -88.80650       31.46360       664.8417    
  -85.06720       29.74140       89.44267    
  -81.01520       26.68820       122.9237    
  -79.55120       22.08220       11.24545    
  -99.53720       20.30920       383.9805    
  -98.89840       18.84360       47.66707    
  -90.67100       17.73650       54.94990    
  -90.65070       17.73620       104.2460    
  -103.8597       34.24430       353.1389    
  -88.81060       31.48700       442.7246    
  -82.52590       22.88370       3.649720    
  -80.31760       22.37320       2.478039    
  -79.53140       22.08210       7.155785    
  -78.12460       21.99410       5.497025    
  -77.64360       20.73640       15.75709    
  -89.97210       20.21100       17.03766    
  -93.43610       18.07660       5.993083    
  -90.41930       17.26180       61.97301    
  -89.50170       34.73120       89.20398    
  -103.8876       34.24570       163.4862    
  -84.51330       30.98790       30.50102    
  -80.50390       26.81380       14.01977    
  -80.48320       26.81370       187.1544    
  -80.50270       26.79220       150.0759    
  -80.48190       26.79200       31.44685    
  -96.07870       17.17850       55.10725    
  -92.59590       16.22010       11.91883    
  -92.57550       16.21980       880.8499    
  -84.38960       30.87090       22.03904    
  -82.01560       22.75550       14.45074    
  -82.01440       22.73490       10.08723    
  -98.49320       18.79430       39.44883    
  -91.59820       18.20400       79.39461    
  -93.28450       39.78560       17.40014    
  -73.91960       40.59120       17.64763    
  -74.59640       39.68500       75.79910    
  -96.24930       39.71390       29.36434    
  -106.7331       38.34580       36.02832    
  -95.88470       35.38120       26.71208    
  -89.22660       33.24340       25.58336    
  -88.80240       31.44030       480.5750    
  -98.53680       27.02920       73.02091    
  -98.53090       27.00720       109.8090    
  -100.8263       22.70750       85.02269    
  -77.74210       21.66700       109.1293    
  -98.12560       21.84570       5.818003    
  -90.13880       19.17300       24.69984    
  -98.82140       18.66200       36.87570    
  -103.1746       38.04110       172.4150    
  -85.90750       33.38640       69.65555    
  -88.82520       31.44080       857.6998    
  -78.18430       22.01480       3.851734    
  -78.44300       21.38540       147.1406    
  -77.69250       21.20060       6.861938    
  -90.25260       20.49750       17.36601    
  -97.48110       19.13160       52.80703    
  -81.75980       31.87890       25.63711    
  -90.19700       30.87150       50.41293    
  -78.71280       21.85380       5.683327    
  -89.86630       20.87510       91.04324    
  -97.48580       19.53290       245.9687    
  -123.5780       38.95400       196.2052    
  -85.95430       31.01200       20.42369    
  -81.55910       22.83410       7.182721    
  -77.69430       21.28150       2.976340    
  -98.91690       18.82400       6.582290    
  -88.72390       18.18190       7.999755    
  -93.27830       16.81580       264.8531    
  -93.25770       16.81550       13.15785    
  -96.16110       39.03500       49.44032    
  -89.37880       31.73330       34.47505    
  -83.27540       30.92380       31.66928    
  -82.01810       22.79670       14.67969    
  -81.60400       22.56700       460.1209    
  -79.97950       22.37110       57.18481    
  -77.62410       20.73630       67.94844    
  -89.33060       18.82310       23.53447    
  -89.40170       31.73380       78.78152    
  -82.34210       22.84080       4.309632    
  -95.49000       18.65050       4.902207    
  -96.73510       40.06270       10.10228    
  -82.43060       22.96530       6.319672    
  -82.89720       22.72230       4.013345    
  -98.93930       22.90270       53.86379    
  -98.93460       22.88180       7.897786    
  -98.91170       22.88110       10.84142    
  -79.32590       21.87710       2.738412    
  -98.10740       21.86590       5.319703    
  -97.34910       19.24880       42.16452    
  -97.84760       16.44730       118.3255    
  -74.37590       39.71240       203.2723    
  -98.53480       21.98010       11.20504    
  -96.23300       18.76520       10.66634    
  -91.93070       15.68640       249.2339    
  -91.91050       15.68610       260.0250    
  -80.30370       34.68810       33.70533    
  -81.86380       22.89840       8.610287    
  -100.5008       22.80200       95.25954    
  -80.52890       22.21070       17.97033    
  -78.92340       21.65130       8.902083    
  -90.72400       16.89450       107.8029    
  -92.55290       16.20000       102.0571    
  -94.64120       40.80260       8.296041    
  -93.97070       40.58120       8.255639    
  -77.35190       38.16820       89.18858    
  -77.32800       38.16810       94.00273    
  -98.69120       36.19890       61.12835    
  -103.9153       36.11710       36.29130    
  -90.97400       31.44680       66.36786    
  -81.93530       23.08480       2.989807    
  -81.55800       22.81350       6.114291    
  -80.28490       22.08650       19.76909    
  -89.34650       21.17080       30.24275    
  -89.43650       20.88840       22.24768    
  -90.33470       20.15650       38.56737    
  -95.60050       18.25530       42.40979    
  -93.41790       18.09610       7.789437    
  -98.09320       36.42730       5.036883    
  -98.68150       36.17320       47.65790    
  -86.00510       31.05910       8.955955    
  -117.5827       46.41520       25.52784    
  -88.86580       30.63350       8.022455    
  -81.86000       22.83660       65.53444    
  -81.84000       22.83640       15.50121    
  -80.27000       22.63960       6.170855    
  -101.5242       20.95330       25.77208    
  -99.07230       18.94770       239.1978    
  -92.55720       16.23900       253.7664    
  -92.55510       16.21950       198.0267    
  -87.95250       15.15540       3.104282    
  -90.96810       40.94450       10.97610    
  -87.97110       34.64400       14.67281    
  -87.27910       34.31000       102.4490    
  -85.50860       31.16580       16.10302    
  -80.54930       22.64150       3.137951    
  -81.62400       22.56720       131.3335    
  -78.92410       21.67160       3.541979    
  -101.8803       21.08630       39.53473    
  -93.41270       18.05650       17.76622    
  -91.21150       15.32870       213.5071    
  -91.20050       15.00080       143.0533    
  -95.94760       39.70110       42.00545    
  -97.90110       36.90500       5.342148    
  -97.89140       36.87890       6.606821    
  -80.09730       34.02750       4.249028    
  -86.69550       32.11980       21.93379    
  -79.97780       22.33010       18.40863    
  -100.9626       22.21320       13.71020    
  -88.54430       20.00860       138.0020    
  -90.64440       17.67710       59.10009    
  -91.21700       16.20020       6.025163    
  -97.15190       39.59020       12.65954    
  -95.44200       39.49010       8.841480    
  -77.70780       20.99860       3.548713    
  -104.0087       20.71910       53.18879    
  -90.08670       20.31340       22.52866    
  -99.93230       20.25850       71.70601    
  -99.90960       20.25790       54.30545    
  -88.71330       18.28040       5.198493    
  -95.57630       18.23500       2.653118    
  -74.32490       39.90310       71.94994    
  -96.01660       39.59530       8.188301    
  -97.95920       37.06190       5.683327    
  -96.69870       39.32690       51.98619    
  -97.92020       37.73470       30.18528    
  -78.23650       21.75010       4.040280    
  -96.14310       18.46470       29.23804    
  -94.88250       16.56890       25.85974    
  -92.45430       16.41260       10.00643    
  -95.04060       41.15470       15.17799    
  -97.19500       39.70080       29.08017    
  -101.1558       34.85570       214.2212    
  -82.58620       22.88420       5.014437    
  -81.86130       22.85720       14.06017    
  -78.55790       21.95510       8.360013    
  -78.24700       21.40490       75.25628    
  -78.16430       21.24260       2.680052    
  -78.35570       21.06140       2.882066    
  -90.07450       20.55510       97.26891    
  -90.05390       20.55480       59.18855    
  -93.84530       16.39540       3.970698    
  -110.5545       46.62760       51.45650    
  -96.25230       36.04800       35.15172    
  -84.63300       30.50770       57.01379    
  -82.26570       22.90190       3.784396    
  -80.25010       22.63950       5.602522    
  -101.8754       21.06570       34.34733    
  -90.15320       20.35480       17.35671    
  -96.59040       16.75630       32.81777    
  -105.4551       25.68820       117.1550    
  -78.55730       21.93470       10.27039    
  -93.84300       16.37590       37.37305    
  -94.64410       40.58040       19.52802    
  -76.54310       35.28130       30.78526    
  -87.32770       32.53340       27.28393    
  -99.59660       30.04000       23.22994    
  -82.81670       22.72150       3.218756    
  -78.71340       21.87420       2.518441    
  -77.00630       21.17850       173.8459    
  -78.19530       20.91950       6.575555    
  -84.49090       31.17220       20.30914    
  -95.81950       18.29930       27.08754    
  -87.99250       15.42530       5.333169    
  -98.09830       36.93920       4.201891    
  -87.28330       34.33450       26.28207    
  -104.5376       29.55520       195.9574    
  -82.99640       22.70270       4.363502    
  -98.93410       22.77770       6.949282    
  -80.25430       22.29080       4.174956    
  -92.43390       16.41230       249.6622    
  -94.59490       40.44000       6.585657    
  -74.35180       39.68530       159.8621    
  -96.09450       39.22030       39.97303    
  -82.66400       22.84370       2.706988    
  -78.69060       21.77230       3.366900    
  -77.00600       21.15830       11.27911    
  -99.38000       18.69490       180.2472    
  -101.1659       34.88090       366.6923    
  -88.01650       32.28850       30.15182    
  -79.32810       21.93820       278.2643    
  -78.73450       21.91500       78.62825    
  -96.41860       19.50920       72.03758    
  -99.24650       18.69180       104.5311    
  -96.31520       18.60750       70.50486    
  -95.16980       38.86060       39.59449    
  -98.53980       36.49750       5.211962    
  -83.03380       22.66190       7.225368    
  -81.04860       22.64500       67.92406    
  -100.7040       21.40160       23.40526    
  -101.2913       20.84460       22.17802    
  -90.25950       18.79710       11.77280    
  -99.25020       18.71180       59.37370    
  -117.6629       46.48590       454.2126    
  -103.6019       20.52300       54.72230    
  -84.47060       14.85530       15.68075    
  -94.70170       40.97250       15.01637    
  -98.49680       21.69090       5.925744    
  -88.68650       18.41820       16.80299    
  -91.30820       16.88330       26.50833    
  -86.01810       30.82890       160.0154    
  -78.17420       21.62790       21.11720    
  -90.10980       20.67690       3.286095    
  -99.09820       18.84820       5.211961    
  -96.59810       18.63330       90.43015    
  -91.84830       18.06980       2.886556    
  -97.22760       39.78390       5.508249    
  -78.73890       38.97190       18.77536    
  -78.16120       21.12120       5.063818    
  -78.19480       20.89930       6.499465    
  -90.35530       20.15690       28.65223    
  -96.39720       39.74750       10.24884    
  -94.41510       38.48530       64.79099    
  -95.41250       35.23910       92.88249    
  -81.11840       22.83070       12.59759    
  -103.7421       20.60880       4.053748    
  -96.06660       18.38370       15.72413    
  -101.2402       17.52460       19.57623    
  -97.07470       37.30850       11.24545    
  -81.11730       22.81010       107.6467    
  -99.23890       22.10220       48.97646    
  -77.71210       21.20060       8.469437    
  -96.10420       18.76250       14.01910    
  -88.61800       18.12130       3.393835    
  -117.5565       46.54010       317.3422    
  -119.7898       39.89950       306.8494    
  -112.4585       37.62470       45.14498    
  -108.7820       37.08040       127.9606    
  -98.38010       35.78160       54.26163    
  -99.90170       25.42610       37.48478    
  -96.26220       18.26850       30.09727    
  -96.07280       18.14570       3.178354    
  -87.95320       15.42490       4.040280    
  -98.38940       35.80720       99.88874    
  -111.3097       34.69910       135.4920    
  -99.43750       22.58400       152.9649    
  -99.06640       21.82950       4.161489    
  -96.19640       18.80430       123.3835    
  -96.11240       18.40450       16.92396    
  -118.3869       46.23330       18.39674    
  -94.65130       40.83090       7.999755    
  -96.83410       40.17680       27.27862    
  -98.04000       36.42510       8.147899    
  -100.3049       25.78360       15.26817    
  -78.16070       21.10100       2.666585    
  -101.7295       20.93870       29.89211    
  -90.62020       19.28020       8.022455    
  -86.93930       14.87630       6.191604    
  -91.64520       40.99580       13.38680    
  -96.32830       39.63570       5.440911    
  -104.7746       38.95200       9.546149    
  -98.41410       21.83270       24.31241    
  -99.30790       21.79480       7.447583    
  -95.60940       18.31500       18.08071    
  -96.86200       40.17810       25.00933    
  -95.84080       18.29980       6.114291    
  -99.31660       22.14570       132.7331    
