  -103.7711       35.32930      0.1721727    
  -100.6795       31.21250      0.1612844    
  -80.94030       22.87060      2.3548981E-02
  -80.41150       22.25090      3.3629104E-02
  -91.35750       18.41780      0.2835197    
  -96.28370       18.26890      5.5177722E-02
  -88.66000       18.14160      5.3458095E-02
  -93.45690       18.07700      3.9453804E-03
  -89.30680       17.99260      2.7462760E-02
  -93.18470       17.89460      9.6193157E-02
  -93.11510       17.83420      5.0985143E-02
  -97.62260       16.52120      7.5497128E-02
  -93.71650       16.00400      0.1611116    
  -92.57540       15.07710      0.1993545    
  -92.37380       14.88160      4.6002814E-03
  -78.08950       25.04540      0.2359006    
  -78.58960       21.69050      6.8604890E-03
  -95.09240       18.10680      4.7759870E-03
  -92.59840       17.13770      3.2438330E-02
  -98.06270       16.58860      0.1847058    
  -98.07730       36.09680      0.1775672    
  -103.7994       35.33070      0.1245722    
  -81.99190       23.02330      3.7910797E-02
  -95.15010       18.06830      3.0857885E-02
  -93.51690       17.90030      1.9740656E-02
  -92.90450       15.50680      3.7824217E-02
  -92.03360       15.10820      0.2894101    
  -123.3957       39.97360      0.8896908    
  -78.05020       25.08760      5.4265041E-02
  -81.99310       23.04400      1.9647036E-02
  -82.01200       23.02350      2.0610753E-02
  -80.49680       22.37430      1.4966889E-02
  -80.37270       22.27110      4.6814787E-03
  -77.70350       20.79690      3.2745060E-03
  -104.4393       19.47030      0.1276970    
  -96.76480       18.99590      8.3959654E-02
  -94.52780       17.97760      0.1817562    
  -106.0927       41.33940      4.7929708E-02
  -112.3532       39.72820      9.3519688E-02
  -118.9649       37.26990      0.1876043    
  -80.51670       22.37440      1.6995484E-02
  -96.54950       18.73190      2.8963737E-02
  -96.25620       18.36770      2.5839737E-02
  -96.23480       18.36720      2.5540143E-02
  -92.83220       16.14590      0.1427052    
  -92.37570       14.90090      3.0988010E-03
  -105.9206       41.66840      5.7806760E-02
  -112.3391       39.75450      6.8515584E-02
  -78.37050       21.60830      4.5016009E-02
  -98.05970       16.56900      0.1363813    
  -79.03360       21.99800      6.5422460E-02
  -96.69730       18.71500      8.4868588E-02
  -96.41890       18.45050      0.1626429    
  -96.16440       18.32610      4.3926304E-03
  -109.1585       43.18350      3.9404258E-02
  -79.06350       21.71290      0.1862738    
  -99.70100       19.44450      7.9640254E-02
  -96.84330       18.81790      8.4868588E-02
  -96.82170       18.81740      7.8825325E-02
  -96.71240       18.67550      0.1001082    
  -96.46510       18.47130      0.1262519    
  -96.74810       19.15550      5.9644490E-02
  -96.30270       19.06600      7.2782047E-02
  -96.58220       18.53340      5.8330737E-02
  -97.79570       16.38750      6.3647076E-02
  -96.30220       18.38850      2.7562384E-02
  -96.54230       18.55250      0.1073338    
  -104.4550       19.63270      3.5178628E-02
  -114.6794       41.65090      9.6518829E-02
  -96.40370       18.48990      0.1382070    
  -96.12170       18.46430      5.0331306E-02
  -98.40520       35.70730      0.2111978    
  -96.51120       18.49210      5.3829686E-03
  -96.52010       18.41280      3.9845619E-02
  -96.00720       34.88920      2.7551787E-02
  -74.54500       40.01210      0.1266883    
  -89.71280       19.36580      2.4609488E-02
  -90.56810       19.35910      5.5952333E-02
  -90.54760       19.35880      2.8532736E-02
  -109.6423       30.50830      0.1611540    
  -104.2494       19.76870      3.5764936E-02
  -104.1625       19.70530      6.7486772E-03
  -96.43410       18.41100      9.3307845E-02
  -78.15030       21.46540      9.2474408E-02
  -88.64690       18.00350      2.1233264E-02
  -82.02190       22.85860      5.7410351E-03
  -92.83000       16.12640      9.2904776E-02
  -96.33930       18.48860      3.3270083E-02
  -82.02070       22.83790      6.1177355E-03
  -96.35230       19.10710      4.1158989E-02
  -112.8831       37.75780      8.4214896E-02
  -96.49290       18.51170      2.6970278E-02
  -96.47140       18.51120      6.3060254E-02
  -120.1208       44.16950      1.6644074E-02
  -95.05010       18.10600      6.9891781E-02
  -96.45300       18.53070      4.1979827E-02
  -88.66450       18.39820      4.7280672E-03
  -93.64130       15.88620      2.6273895E-02
  -96.43350       19.46940      7.2256543E-02
  -98.56430       18.57630      5.0794776E-03
  -92.40700       16.35350      0.1208655    
  -92.34710       16.17750      6.0698162E-03
  -101.1850       20.57650      2.8099079E-02
  -88.27440       18.07750      0.5925758    
  -92.32890       16.19670      2.1720357E-02
  -92.47350       16.21830      4.3526972E-03
  -92.49390       16.21860      7.3307551E-02
  -82.03570       22.75570      1.8720374E-02
  -82.01560       22.75550      1.8328583E-02
  -93.16400       17.89420      8.3933793E-02
  -92.30640       16.17690      5.7822983E-03
  -93.69600       16.00370      2.7395830E-02
  -92.43490       16.23710      6.5969313E-03
  -92.38990       16.19760      0.1379443    
  -80.86910       22.25400      4.6002814E-03
  -92.45960       16.27640      0.1558087    
  -102.2042       17.92530      1.0739829E-02
  -92.36530       16.15830      4.1210856E-03
  -92.36750       16.17780      0.1793457    
  -93.61850       15.86650      8.0548525E-02
  -101.1895       20.59700      3.2694828E-02
  -98.70090       18.47970      5.8806941E-02
  -92.16520       18.64900      5.6111895E-02
  -77.30230       20.21350      1.9051192E-02
  -98.58280       18.55680      4.0252465E-03
  -99.13930       18.58940      8.7418891E-02
  -99.13560       18.56940      0.7215145    
  -77.74080       20.71650      6.1856318E-02
  -76.04140       20.51200      1.5749576E-02
  -76.02200       20.51190      1.9647034E-02
  -76.04130       20.49190      1.7466694E-02
  -80.64430       22.12970      1.2310013E-02
  -80.64530       22.15020      3.5694987E-02
  -99.11320       18.68870      0.1006337    
  -98.38270       31.19340      4.4311598E-02
  -82.03440       22.73510      1.6276691E-02
  -82.01440       22.73490      1.5110647E-02
  -82.86870       21.69860      0.1214202    
  -81.20420       27.36300      6.3573336E-03
  -81.28380       26.66900      2.9060340E-02
  -76.67340       21.17780      7.5233779E-03
  -98.27280       32.64750      3.7602127E-02
  -78.12400       21.20200      0.1543431    
  -78.14360       21.20210      8.7373415E-03
  -92.54090       15.13450      2.8311361E-02
  -90.05480       19.33110      0.2507984    
  -98.64710       19.03790      0.4044920    
  -85.01220       30.01240       2.126249    
  -78.31590       21.77070      4.1051120E-03
  -89.50450       20.76810      6.0942970E-02
  -88.66260       18.37840      3.1946402E-03
  -88.58730       18.21950      5.9580035E-03
  -92.60560       15.17400      3.6924608E-02
  -89.90270       19.60830      7.7905692E-02
  -96.11550       18.28540      4.9953651E-02
  -77.28290       20.21350      1.2471519E-02
  -95.64300       18.25620      7.8601493E-03
  -90.47800       19.63740      8.2999296E-02
  -85.01490       30.03510      0.1432166    
  -77.30190       20.19350      2.8335569E-02
  -77.28250       20.19350      5.9612695E-02
  -90.62720       19.34010      6.1029042E-03
  -95.81620       18.41840      6.7566638E-03
  -82.80890       21.69810      4.6025369E-02
  -105.2901       38.10400      3.6908999E-02
  -82.91020       22.61960      0.1094921    
  -77.89980       20.83780      6.1177355E-03
  -77.41080       20.81620      1.1181241E-02
  -96.46250       18.59060      5.0891746E-02
  -95.83760       18.41880      4.2568580E-03
  -104.2182       32.76000      6.0405988E-02
  -80.69920       28.65730      0.2507452    
  -82.08500       28.20560      0.1672727    
  -77.37980       17.93640      3.1710546E-02
  -95.81120       35.62840      6.2381405E-02
  -78.09590       20.85870      4.5070566E-02
  -90.07520       19.33150      8.3209865E-02
  -90.05250       19.31120      0.3255402    
  -90.89420       18.64820      4.3127639E-03
  -80.89280       28.70350      4.3056861E-02
  -77.88030       20.83780      5.3829686E-03
  -90.22730       19.05490      5.1273969E-03
  -92.55520       15.07680      1.5877360E-02
  -80.89140       28.68120      5.0577402E-02
  -81.93410       27.32640      7.9286791E-02
  -97.97020       36.01640      1.3513328E-02
  -78.33840       21.87260      2.7133143E-02
  -78.31870       21.87260      1.9669399E-02
  -78.31810       21.85220      1.1245133E-02
  -78.35080       21.60820      1.1511352E-02
  -78.37000       21.58800      2.8109493E-02
  -90.48590       17.12570      0.1481040    
  -79.02470       21.73310      2.8808983E-02
  -78.39020       21.60840      1.6285352E-02
  -78.38960       21.58810      2.0423518E-02
  -78.35030       21.58790      1.4060411E-02
  -95.87480       35.90720      1.2826481E-02
  -95.86660       35.88170      8.8685572E-02
  -81.99760       28.71430      4.8239068E-03
  -81.82100       27.78460      7.3796180E-03
  -82.28390       27.24280      0.2421814    
  -90.03440       19.33080      7.7870585E-02
  -91.35510       18.39790      0.1221797    
  -81.95500       27.32660      0.1121025    
  -91.35280       17.84510      2.2731479E-02
  -99.91590       35.47190      4.3852657E-02
  -85.03960       30.05820      0.1247118    
  -85.01770       30.05790      0.8881009    
  -85.03680       30.03550       1.449835    
  -84.99310       30.03480      0.6927662    
  -89.12850       20.33870      2.7087539E-02
  -91.10520       18.35440      4.2648446E-03
  -99.92570       35.49740      5.8014702E-02
  -97.05690       34.31400      0.3152575    
  -88.80320       20.89880      9.3057819E-02
  -90.02890       20.17170      2.8592027E-03
  -90.75240       18.11200      6.0301367E-02
  -93.72110       16.04290      1.9058904E-02
  -97.08240       34.31500      9.6587211E-02
  -97.89520       34.24900      0.1511813    
  -79.46240       33.61130      8.8547111E-02
  -78.07020       21.40430      2.1747729E-02
  -99.25390       18.73190      8.4343083E-02
  -96.07890       18.18550      6.8099075E-03
  -95.68620       18.11830      8.4578097E-03
  -98.03230       36.04430      5.6039296E-02
  -80.67660       28.63490      0.2837265    
  -82.16150       27.83200      5.9918225E-02
  -81.93250       27.30450      5.6856778E-02
  -81.69280       27.17150      8.0365323E-02
  -81.69120       27.14970      8.2378104E-02
  -78.26450       21.32390      4.0571932E-03
  -88.33350       19.32610      0.1286756    
  -92.48470       17.90260      5.8781370E-03
  -109.7982       40.79440      4.9385279E-02
  -89.46520       21.13210      0.4432287    
  -77.32100       20.17350      1.8975290E-02
  -77.32070       20.15350      3.5539966E-02
  -90.03210       19.31090      8.8451482E-02
  -103.5518       19.12220      0.1536437    
  -101.3053       34.10010      0.2706054    
  -101.2955       34.07520      0.2250929    
  -77.30120       20.15350      2.0874312E-02
  -71.61400       19.20070      6.5425016E-02
  -97.78450       35.93300      5.5094123E-02
  -98.34990       35.55440      3.8653366E-02
  -97.86950       34.24800      0.1461433    
  -97.57220       32.07630      4.5902319E-02
  -88.88250       18.77720      5.9918746E-02
  -99.22050       18.79110      7.8562558E-02
  -91.33700       18.41740      6.5268643E-02
  -104.3208       34.53760      5.9400957E-02
  -97.52060       34.11210      5.7026997E-02
  -101.2784       34.09890      0.5809410    
  -101.2687       34.07400      0.2116289    
  -77.30160       20.17350      1.0502379E-02
  -90.07290       19.31150      0.1776840    
  -88.88450       18.79700      6.7464776E-02
  -78.17230       18.29190      6.4198658E-02
  -92.48230       17.88280      7.3536648E-03
  -84.63280       29.93840      0.3446816    
  -88.27260       18.05780       1.409685    
  -90.48790       17.14530      0.1844550    
  -83.87260       30.35930      0.2103794    
  -73.38480       19.65310      0.2650143    
  -90.70810       18.80400      3.7568107E-02
  -99.64940       17.23150      0.8139997    
  -99.20300       36.91070      0.1559741    
  -99.57980       33.00990      4.6240218E-02
  -84.24940       31.37680      3.4228288E-02
  -102.2846       30.99980      0.2272214    
  -78.44810       21.56800      0.1339998    
  -96.02420       18.66120      5.1273969E-03
  -96.05920       36.39520      4.1639585E-02
  -78.46780       21.56810      1.2107687E-02
  -78.46730       21.54780      9.6318396E-03
  -78.44760       21.54770      4.2392146E-02
  -96.86870       36.35110      0.1069397    
  -84.65200       29.91600      0.3834713    
  -77.80250       20.85770      8.3699562E-03
  -89.31280       19.97980      0.1173483    
  -95.21550       18.22800      5.3829686E-03
  -84.63020       29.91570      0.6907604    
  -88.88320       20.51620      0.1461588    
  -102.7715       20.70290      9.8306127E-02
  -91.81820       17.81300      3.5300772E-03
  -99.64600       17.21170      0.2031416    
  -96.02230       16.62820      3.4933586E-02
  -98.62070       34.72060      0.2042494    
  -97.88690       34.22420      0.1569217    
  -80.65230       26.51260      1.2546949E-02
  -79.44160       21.79620      1.1876074E-02
  -77.99720       20.81800      1.4281583E-02
  -88.82360       20.89910      0.4581183    
  -89.61920       20.87110      0.1960123    
  -88.88090       20.49600      0.1058876    
  -102.7666       20.68230      0.1129234    
  -77.32030       20.13350      3.0312911E-02
  -97.06490       34.33880      7.2362430E-02
  -97.86110       34.22320      0.1827582    
  -99.49090       30.56380      4.3597672E-02
  -79.44080       21.77580      4.8346519E-02
  -77.99760       20.83820      8.5935816E-03
  -76.45310       20.75380      1.0815411E-02
  -89.31500       19.99990      0.1552475    
  -89.33320       19.98010      0.2023461    
  -72.40340       19.33720      6.6787940E-03
  -95.95370       18.62000      0.2708963    
  -96.73700       35.04080      2.9735137E-02
  -104.7498       21.60580      5.3940557E-02
  -88.90140       20.49640      0.1224240    
  -99.62730       17.23100      0.1881954    
  -98.37710       36.97700      4.6773665E-02
  -100.3432       33.28200      5.4167852E-02
  -84.20680       30.61560      0.1164513    
  -84.65460       29.93880      0.1181731    
  -88.91250       20.59740      7.1891606E-02
  -88.90360       20.51650      5.8396518E-02
  -90.67730       17.79560      0.1390238    
  -99.67150       17.23200      0.1035017    
  -98.01380       35.99300      5.3414077E-02
  -96.53860       35.90780      4.0069655E-02
  -97.90960       34.66690      4.7825743E-02
  -99.46590       30.56280      0.1248068    
  -89.97300       19.50950      0.1450474    
  -90.06620       19.25160      0.4414663    
  -98.99130       37.73020      0.1792679    
  -95.79210       35.72810      3.2334361E-02
  -78.08980       21.40430      1.1561402E-02
  -78.25820       21.08120      0.3249712    
  -89.62160       20.89140      0.1161360    
  -89.82340       19.98770      4.5057949E-02
  -90.17960       19.17360      0.1725983    
  -98.98070       37.70370      0.1050816    
  -96.06000       34.81700      3.8655680E-02
  -97.25310       34.29710      2.9631166E-02
  -97.41460       33.86450      9.4162012E-03
  -80.91300       22.33620      1.2020726E-02
  -78.26080       21.18230      5.0635044E-03
  -78.25870       21.10140      8.4650829E-02
  -78.27780       21.08130      0.1497558    
  -88.95200       20.21530      6.0859028E-02
  -71.06210       18.88600      7.7774316E-02
  -98.96380       37.72900      0.1350407    
  -92.92510       35.95300      3.1082578E-02
  -95.81920       35.65380      9.0660967E-02
  -98.39590       35.68180      1.2171577E-02
  -103.6862       35.32500      0.7468492    
  -84.60990       31.05860      1.8223654E-02
  -79.00360       22.28390      7.4343844E-03
  -90.33280       19.79520      8.9627326E-02
  -90.31230       19.79490      0.3306374    
  -72.42280       19.33710      5.7610003E-03
  -88.08320       19.02430      4.4778208E-03
  -88.69320       18.28010      5.0170060E-02
  -88.32530       18.19640      0.1327989    
  -95.97160       16.41220      3.5713349E-02
  -96.58000       16.38420      0.1197955    
  -89.67010       48.36410      0.1550972    
  -98.68690       36.04690      4.2419352E-02
  -103.6979       35.35060      0.1224755    
  -96.11450       33.69460      5.1536683E-02
  -84.77840       30.80800      5.2504346E-02
  -90.17730       19.15370      0.2306758    
  -78.13390       18.29180      4.1892823E-02
  -95.64010       18.23630      9.3815941E-03
  -120.7665       37.35220      2.7346117E-02
  -103.6579       35.32360      0.1243469    
  -77.70200       34.47310      0.6856179    
  -100.3604       33.25860      5.8392771E-02
  -84.58850       30.69020      0.1252009    
  -78.98380       22.28380      6.4052530E-03
  -89.78110       20.32870      3.1895287E-02
  -89.33090       19.96000      0.1606255    
  -90.31470       19.81500      8.1989966E-02
  -88.63930       17.70850      0.3898220    
  -113.4794       46.12970      0.5248660    
  -96.04220       35.63720      0.3381212    
  -98.04320       35.56670      0.2303028    
  -98.01690       35.56560      0.2235334    
  -98.03410       35.54130      0.1566120    
  -98.00790       35.54020      0.2534764    
  -103.6696       35.34920      7.1114801E-02
  -103.7145       35.32650      0.1006420    
  -77.72470       34.47320      0.3725899    
  -77.67940       34.47300      0.1996102    
  -77.72370       34.44880      0.2025824    
  -77.70110       34.44870      0.3572536    
  -106.7037       34.98340      0.1418137    
  -106.6906       34.95780      0.1758345    
  -79.00500       21.73300      1.9571163E-02
  -78.64630       21.60940      8.3829276E-02
  -89.31050       19.95970      0.1468505    
  -90.15920       19.17330      0.1659986    
  -88.64110       17.72820      9.1780290E-02
  -99.43620       36.48600      0.1050483    
  -99.33680       36.02470      7.5013630E-02
  -96.36380       34.90260      5.0009090E-02
  -106.6611       34.95620      0.3431781    
  -89.56970       19.54330      8.8612668E-02
  -97.62550       16.54090      0.1899599    
  -114.0565       45.61250      0.6375830    
  -99.40910       36.48480      0.1304519    
  -96.51270       35.90680      3.7272885E-02
  -96.42140       35.00380      5.1118094E-02
  -96.39580       35.00280      5.7927474E-02
  -83.87020       30.33650      6.7743987E-02
  -82.75820       21.84020      9.8137520E-02
  -96.58300       18.67280      7.8917384E-02
  -113.6722       45.20940      0.5394934    
  -97.76190       34.98220      3.2386351E-02
  -104.3093       34.51240      5.7442877E-02
  -81.79960       26.91190      8.2162023E-02
  -79.02540       21.75340      1.3193863E-02
  -78.25560       21.72980      9.7733168E-03
  -78.23590       21.72970      7.4109636E-02
  -89.14540       19.93720      9.4648317E-02
  -88.08130       19.00440      3.1861555E-02
  -71.42040       18.45060      2.8751760E-03
  -102.9093       42.81000      9.3283486E-03
  -98.25450       36.79190      9.0011179E-02
  -95.95180       35.43370      4.4446748E-02
  -84.07010       30.56780      0.1981397    
  -90.16170       20.25430      6.6835016E-02
  -90.15470       19.13340      0.4926809    
  -99.83870       16.92010      0.1447758    
  -98.13970       36.12470      4.8137646E-02
  -97.54110       34.48000      6.9733500E-02
  -80.20550       22.08600      0.1705434    
  -78.37670       21.83210      9.3762679E-03
  -89.48580       21.13240      0.1873123    
  -89.12500       19.93690      9.4002157E-02
  -90.09120       19.65130      0.1866548    
  -90.13430       19.13310       1.766958    
  -98.75870       18.68050      0.1853319    
  -97.97850       34.86720      4.9616322E-02
  -81.55230       26.95290      0.3300153    
  -80.67930       26.62070      1.6132932E-02
  -76.95440       20.35300      4.2999655E-02
  -76.95410       20.33290      1.4129627E-02
  -71.08200       18.86620      6.5197721E-02
  -88.25270       18.05750      0.3647208    
  -100.4102       17.14960      7.6032425E-03
  -98.27730       16.29910      8.3747514E-02
  -78.00390       34.10920      0.5825152    
  -82.69530       23.00900      0.1506364    
  -90.09350       19.67130      0.1509505    
  -88.87440       19.09470      0.1497919    
  -83.41440       15.15450      9.6079297E-02
  -98.43300       35.78390      1.5017714E-02
  -96.05030       35.66260      0.1329719    
  -95.82630       34.70970      3.3789925E-02
  -99.32350       30.02980      0.2480466    
  -88.87640       19.11460      7.5017318E-02
  -90.13210       19.11320      0.3250078    
  -88.25450       18.07720      0.3918068    
  -90.73180       17.73730      4.1966897E-02
  -76.13340       39.46950      8.5656837E-02
  -92.90010       35.95220      0.1042648    
  -97.20950       35.00970      4.4394761E-02
  -81.03000       27.57990      5.0632909E-02
  -81.57320       26.95310      0.1119722    
  -78.64000       22.05740      5.9979376E-03
  -78.08530       21.22210      9.5200269E-03
  -75.96310       20.45170      3.7948687E-02
  -75.57330       20.31100      7.2920807E-02
  -90.11160       19.65160      0.1165753    
  -90.20000       19.17390      0.1231156    
  -90.15240       19.11350      0.2522344    
  -93.73090       16.47160      1.8239396E-02
  -96.42530       34.46150      2.9839110E-02
  -97.36870       34.03300      4.1223712E-02
  -97.86370       34.00370      6.7025356E-02
  -78.22740       21.40480      8.3699562E-03
  -78.08580       21.24230      3.2716122E-02
  -89.05790       20.61970      0.1487171    
  -77.34050       20.17360      8.8172061E-03
  -77.34010       20.15360      1.1285068E-02
  -90.11390       19.67160      0.1379863    
  -90.15690       19.15340      0.2135228    
  -88.75730       19.13290      0.1147065    
  -93.71020       16.47120      1.0341050E-02
  -93.72850       16.45200      0.1872040    
  -117.4234       46.49650      2.5764771E-02
  -95.51020       36.75660      4.5122549E-02
  -94.97560       36.68520      5.3648006E-02
  -96.37420       35.25030      3.2888863E-02
  -78.24330       21.26310      4.9095500E-02
  -78.22370       21.26300      6.4728670E-02
  -78.24280       21.24290      6.5647908E-02
  -78.22310       21.24280      1.4477043E-02
  -89.03740       20.61940      6.1562598E-02
  -94.55490       16.44610      7.0775181E-02
  -94.55240       16.42660      7.4210763E-02
  -97.83010       36.06110      0.2427951    
  -96.58930       34.34520      2.8591478E-02
  -97.52870       34.13680      8.0201693E-02
  -80.03920       22.37140      8.0504930E-03
  -89.46580       20.78770      8.9860857E-02
  -75.98260       20.45170      3.0566888E-02
  -90.11390       19.13280      8.1080519E-02
  -83.43350       15.15460      0.1412444    
  -97.50310       34.13580      6.4356811E-02
  -99.56330       30.86680      4.2253438E-02
  -81.17160       26.86270      5.4001298E-02
  -90.08660       19.25190      0.1389733    
  -97.95630       16.31240      0.2095457    
  -98.55250       38.05100      8.1927575E-02
  -98.37990       37.88580      0.1015305    
  -93.46360       36.45220      0.1412725    
  -98.42370       35.75830      0.1678060    
  -98.35910       35.57990      4.9177337E-02
  -82.68690       22.88510      2.2058992E-02
  -82.68550       22.86450      1.6212799E-02
  -89.30750       19.18050      0.2106989    
  -88.75930       19.15280      0.2008364    
  -92.81820       18.26370      0.2417825    
  -96.33000       36.05100      6.9430500E-02
  -76.45290       20.73360      7.4927639E-03
  -89.59070       19.36400      0.1230792    
  -89.30960       19.20040      0.2113878    
  -96.76420       17.07370      0.1569650    
  -93.70790       16.45170      8.7536141E-02
  -94.57570       16.44650      6.8619549E-02
  -89.59290       19.38400      0.1272292    
  -90.13650       19.15310      9.8855272E-02
  -78.15260       18.27220      5.2072629E-03
  -94.57320       16.42690      0.1312952    
  -113.7518       45.49440      0.4758211    
  -116.4247       38.96310      0.1389286    
  -95.47020       35.01780      0.1348868    
  -100.6017       34.04450      0.7335259    
  -83.32700       29.69370      0.1056259    
  -77.74340       20.83740      5.5267266E-03
  -89.56490       20.40580      0.1276607    
  -89.52130       20.20390      6.2000494E-02
  -88.77950       19.15310      8.2744934E-02
  -81.02320       46.49280      1.7672002E-02
  -97.90930       36.06440      0.1744946    
  -97.88290       36.06330      2.6930816E-02
  -96.70920       35.18870      3.3919889E-02
  -96.06790       34.27670      3.4933586E-02
  -100.6282       34.04570      0.1919565    
  -100.5923       34.01970       1.703562    
  -79.08670       21.81480      4.5044427E-03
  -77.44940       20.79620      4.7664028E-03
  -71.94160       19.23930      6.0059228E-03
  -100.5709       18.26410      3.4101836E-02
  -98.39030       37.91240      0.1392145    
  -98.67130       34.42740      3.4725647E-02
  -95.70510       32.19860      5.8607511E-02
  -84.72880       30.94520      2.6813406E-02
  -89.97140       20.03010      7.2941758E-02
  -90.43940       19.65680      8.5098632E-02
  -72.26970       19.25820      2.2249365E-02
  -90.06390       19.23160      7.0142977E-02
  -88.82450       18.59810      4.7139358E-02
  -100.6188       34.02090      0.2709849    
  -79.16570       21.81520      4.1264100E-03
  -78.07640       20.85860      6.5170652E-03
  -101.1420       20.06720      0.1124945    
  -101.1189       20.06660      8.7008469E-02
  -90.44170       19.67680      0.2280679    
  -72.56220       19.09880      5.5267275E-03
  -88.56830       18.85220      6.5250522E-03
  -88.29440       18.07770      0.1621398    
  -113.6217       45.23620      0.4319389    
  -99.65510       35.41040      0.1818259    
  -81.15220       26.88420      5.0406210E-02
  -80.99570       26.70970      6.7951016E-02
  -98.42860       18.55330      5.5841807E-02
  -98.44710       18.53380      5.6247227E-02
  -96.69410       16.73860      9.2938803E-02
  -92.18650       14.82130      5.1433705E-03
  -99.62830       35.40920      0.1356796    
  -103.8111       35.35630      4.5850329E-02
  -99.07190       34.46860      0.2653049    
  -89.63300       19.56420      9.2718951E-02
  -96.37470       38.29900      9.5473267E-02
  -88.47470       18.29690      6.2295482E-03
  -97.95930       16.33200      3.5651341E-02
  -94.17170       37.63560      5.5207543E-02
  -91.05250       36.45030      9.4853126E-02
  -96.33370       34.40900      4.8943412E-02
  -97.38800       34.40040      0.1481117    
  -96.92940       34.30910      5.2192446E-02
  -97.39620       34.42520      0.1147402    
  -77.80210       20.83750      7.4884050E-02
  -94.38010       16.54080      0.1282225    
  -98.25590       35.72610      1.8469011E-02
  -98.68010       34.45230      0.1508590    
  -98.65400       34.45130      2.1515900E-02
  -100.6094       33.99610      0.8382027    
  -100.5828       33.99490      0.4333192    
  -100.3875       30.34510      0.1126866    
  -81.39260       23.08040      2.7673850E-02
  -80.08790       22.57690      4.1849781E-03
  -76.99000       20.13270      2.6214223E-02
  -90.07630       20.05190      0.1031106    
  -90.07400       20.03180      0.1588064    
  -97.94300       36.44640      1.1152488E-02
  -95.49530       34.77150      0.1216800    
  -97.89620       32.32460      0.1130663    
  -80.97900       26.77440      5.0155846E-03
  -78.07050       25.08770      0.1447807    
  -78.35620       21.08160      5.6225667E-03
  -77.70430       20.83720      6.8525034E-03
  -94.94020       36.32720      7.8825325E-02
  -95.78430       35.30270      3.4309775E-02
  -97.41370       34.40140      0.4153218    
  -78.55790       21.95510      1.2009184E-02
  -79.89880       21.85980      0.1118663    
  -87.95480       21.35250      0.1102924    
  -90.11730       20.05250      6.7765243E-02
  -90.11500       20.03240      4.7132611E-02
  -98.01650       18.44460      7.6209284E-02
  -92.70560       18.02460      7.1847457E-03
  -98.47480       17.00950      8.7846443E-02
  -94.22340       16.10930      0.1069173    
  -91.05790       36.07050      6.3067521E-03
  -95.03520       35.15080      9.3013868E-02
  -96.72180       34.91630      8.0533199E-02
  -84.23870       31.28400      4.5388050E-02
  -78.02350       21.10060      4.6162545E-03
  -107.0075       28.71260      0.2807856    
  -80.64920       22.23200      0.2516448    
  -78.75610       21.97630      5.7982714E-03
  -88.47030       20.65130      5.3823300E-02
  -76.06090       20.51200      8.9929113E-03
  -117.8228       46.40470      4.8223089E-02
  -96.17120       36.65450      7.1176410E-02
  -77.30090       20.13350      1.4343932E-02
  -96.07880       18.32440      0.1621099    
  -98.25410       16.84760      2.8695447E-02
  -96.09860       33.88800      7.6694474E-02
  -100.5751       34.04330      0.4491417    
  -100.5657       34.01850      0.4250119    
  -96.16250       36.62860      0.1935383    
  -98.24670       35.70060      5.0666992E-02
  -96.05090       35.18830      9.7743399E-02
  -97.17530       34.98350      6.8411611E-02
  -96.09120       33.86340      9.2804283E-03
  -80.65020       22.25250      3.8974606E-03
  -78.28690       21.42530      1.1831577E-02
  -102.4440       21.00020      0.1665842    
  -75.94350       20.43160      2.5537154E-02
  -88.62820       18.43720      6.0502119E-02
  -92.79220       16.51520      0.1823054    
  -92.77180       16.51490      0.1705808    
  -95.53550       36.83450      0.1487171    
  -95.50950       36.83350      6.4356819E-02
  -95.53620       36.75760      9.4327636E-02
  -96.14500       36.65350      0.2206915    
  -96.13640       36.62760      0.1943181    
  -95.46670       35.41550      0.1066769    
  -100.3071       34.91660      0.1479288    
  -97.20370       30.66490      2.0746687E-02
  -84.64940       29.89340      0.1592805    
  -82.33270       23.00570      5.1167491E-03
  -83.29650       22.39740      3.4709577E-02
  -80.47400       22.31270      9.0495441E-03
  -80.20640       22.10650      1.5094675E-02
  -78.14570       21.28300      2.4625039E-02
  -89.85800       20.97630      5.5587687E-02
  -88.33150       19.30610      7.9941422E-02
  -88.93740       18.52050      6.5553069E-02
  -78.19230       18.33130      2.9721601E-02
  -102.3725       18.62860      0.2198350    
  -90.75020       18.09220      0.1058887    
  -97.80370       36.06000      0.2987030    
  -97.82090       36.03540      2.9246932E-02
  -97.51540       34.47900      2.9319262E-02
  -78.55730       21.93470      1.4599506E-02
  -78.16320       21.20210      3.2422971E-02
  -75.92400       20.43150      0.2653786    
  -89.69900       20.32740      5.4925520E-02
  -75.16500       20.15060      8.2474947E-03
  -118.0708       46.36330      3.9318033E-02
  -98.22950       35.72500      0.2209342    
  -98.22030       35.69950      0.2045070    
  -96.05790       34.08110      5.2499909E-02
  -81.50910       27.23500      0.1501915    
  -80.33940       22.41430      0.2839439    
  -104.7083       21.27450      3.6116719E-02
  -96.81060       16.66240      0.2567499    
  -97.87880       37.34270      5.5274565E-02
  -78.50550       21.50730      4.7680000E-03
  -90.12440       20.11290      3.8195610E-02
  -96.81340       16.68210      0.3714513    
  -96.79210       16.68170      8.9517318E-02
  -96.78930       16.66200      0.1453487    
  -118.2384       46.25160      3.4390297E-02
  -98.66100       37.50690      4.0132035E-02
  -98.49540       35.81170      0.1372225    
  -92.09510       35.22580      2.5015861E-02
  -96.84990       34.45310      5.7203744E-02
  -100.5121       31.53260      0.1434945    
  -81.48820       27.23480      0.1281651    
  -88.73720       18.32010      4.1610184E-03
  -97.77540       35.90740      9.5466487E-03
  -96.18260       35.44240      4.5616403E-02
  -98.66280       35.34260      6.3626580E-03
  -97.70390       34.51100      0.1006304    
  -81.51060       27.25680      0.2038572    
  -81.48970       27.25660      3.3915095E-02
  -82.86610       21.65790      2.8487509E-02
  -89.14070       18.74110      0.3299778    
  -89.12050       18.74080      0.1230474    
  -97.72970       34.51210      9.0868898E-02
  -82.21860       31.09480      5.2966658E-02
  -100.5039       31.50890      0.2670444    
  -100.6714       31.18890      4.5677051E-02
  -81.88260       22.87800      6.0059228E-03
  -78.52510       21.50740      3.8894746E-03
  -88.79870       21.22300      3.2277789E-02
  -77.84120       20.83770      3.4981307E-03
  -76.56530       20.35220      3.8814878E-03
  -100.4864       31.53160      0.1686229    
  -81.86250       22.87780      6.0059228E-03
  -77.41420       20.99770      4.2488710E-03
  -75.98490       20.75310      8.5682906E-03
  -77.33980       20.13360      1.2491042E-02
  -92.49440       15.07590      3.2931536E-02
  -98.27310       35.70170      8.5137160E-03
  -96.31270       34.26140      0.1108809    
  -89.33960       19.10140      8.6032905E-02
  -108.7152       44.77060      0.4128612    
  -95.78550       35.62750      4.1275699E-02
  -95.80980       35.30360      0.1108590    
  -80.92030       26.49320      2.0206099E-02
  -80.89960       26.49300      3.0365057E-02
  -81.74330       22.89740      4.1849781E-03
  -80.49390       22.31280      2.5718985E-02
  -101.5752       18.42830      0.1539721    
  -90.97850       17.01540      4.8379857E-02
  -97.61840       35.97650      0.1476004    
  -94.89410       35.09610      7.5935058E-02
  -78.09020       25.06660      0.3098323    
  -78.57710       21.93470      1.0510366E-02
  -98.98710       18.84570      0.1551545    
  -95.80430       37.02480      3.6025263E-02
  -99.44640       36.51200      0.1692615    
  -101.1424       34.75620      6.2173463E-02
  -78.18230       21.18200      3.4502114E-03
  -77.86070       20.83770      5.3270617E-03
  -97.37990       34.37560      0.2051309    
  -78.13070       21.46530      1.0482413E-02
  -89.39710       19.26150      0.1792130    
  -103.4185       18.31560      2.8799413E-02
  -92.51660       15.09550      6.2914141E-02
  -109.6738       41.03770      5.3648006E-02
  -96.05220       34.79200      3.8607161E-02
  -78.22220       21.95370      7.0388569E-03
  -77.93310       21.42410      3.1307472E-03
  -104.8780       21.36230      0.1177125    
  -96.65880       18.47530      0.2144049    
  -94.10460       16.32160      3.3694629E-02
  -97.89150       36.52070      1.1963927E-02
  -95.97210       18.18340      2.4641372E-02
  -114.3347       42.62970      0.1336002    
  -89.15610       20.94470      6.9431975E-02
  -90.01190       19.85030      7.5136214E-02
  -95.59900       15.97660      9.1612540E-02
  -83.16390       42.30190      1.0112687E-02
  -97.19500       38.99900      4.2627294E-02
  -81.79620       22.77420      3.4661847E-03
  -77.87460       21.44410      6.9856127E-03
  -88.51180       18.89110      7.0489824E-02
  -88.50030       18.35650      3.3703451E-03
  -95.96910       18.16350      5.9739775E-03
  -97.97780       37.81560      0.1543940    
  -99.10040       36.16610      3.0483400E-02
  -97.61260       34.23780      8.8373654E-02
  -99.55570       28.95010      6.7015283E-02
  -81.69830       22.81460      5.7184054E-03
  -80.49290       22.29240      0.1131706    
  -77.89430       21.44420      9.6823759E-02
  -88.75530       18.30070      7.2660789E-02
  -91.00660       17.83980      3.0029614E-03
  -109.7083       41.04000      4.9489245E-02
  -115.8776       39.38200      7.1738623E-02
  -95.83530       35.30460      4.8782259E-02
  -98.19570       34.97510      9.1596693E-02
  -96.85640       34.55160      2.8071633E-02
  -99.58030       28.95090      1.1277080E-02
  -80.51380       22.31300      1.7165866E-02
  -88.52500       18.61380      6.9784932E-02
  -99.60650       16.71840      0.1087562    
  -110.3216       45.07230      5.7702798E-02
  -109.7290       40.92940      6.5396510E-02
  -98.64400       37.53210      6.3421093E-02
  -95.88470       35.38120      2.6753491E-02
  -80.24340       22.04540      5.0305434E-02
  -78.13120       21.48560      1.1812181E-02
  -78.31700       21.08140      3.8974606E-03
  -89.54200       18.33120      3.2693762E-02
  -98.47980       35.91180      8.5930377E-02
  -97.35870       34.69420      3.3270083E-02
  -89.39920       19.28140      8.6188212E-02
  -99.98520       17.00210      9.4979972E-02
  -112.2601       39.55840      0.2093069    
  -96.07610       35.66360      0.1103992    
  -95.89270       35.40650      5.0061081E-02
  -95.47760       34.79550      0.1361050    
  -81.69950       22.83520      4.6482012E-03
  -79.88870       22.57570      3.5141041E-03
  -80.66910       22.23210      0.3333934    
  -96.18900       18.06870      5.6385398E-03
  -95.62000       15.97700      0.1760432    
  -98.25670       35.00240      5.5427006E-03
  -79.05340       21.99810      3.5300772E-03
  -77.04860       20.15290      5.3989412E-03
  -102.6169       20.14830      4.2211413E-02
  -96.72220       18.73550      0.1476661    
  -88.70760       18.22110      2.3896167E-02
  -88.52730       18.21870      2.8176079E-02
  -93.48040       17.93910      7.9866005E-03
  -92.97090       16.10910      0.1308500    
  -101.4126       35.29010      3.5037559E-02
  -80.43420       22.31240      2.3430403E-02
  -95.90160       18.42010      4.0492066E-03
  -78.16580       21.30330      7.7246404E-03
  -96.08800       18.38410      8.3779432E-03
  -96.08490       18.36420      4.0594600E-02
  -88.79270       18.06450      2.6155008E-02
  -78.16630       21.32360      1.1596543E-02
  -75.10670       20.19060      5.4308879E-03
  -89.08640       18.99830      3.3419695E-02
  -98.48250       18.73410      5.9958670E-02
  -107.2041       40.21050      0.3189171    
  -81.23330       28.10880      1.9735565E-02
  -80.45410       22.31260      2.5285576E-02
  -90.63480       18.14970      0.1989026    
  -103.9910       20.55500      0.1197714    
  -95.76130       18.47690      4.0571932E-03
  -89.54500       16.93710      0.1340906    
  -92.51920       14.92210      3.0668546E-03
  -95.04270       35.17590      0.1094358    
  -80.23990       22.41360      4.3207509E-03
  -80.66810       22.21170      0.2921792    
  -78.16510       22.03510      4.2808172E-03
  -76.37380       20.63300      3.7057824E-03
  -76.89370       20.19260      3.1626935E-03
  -75.43690       20.19070      4.2009512E-03
  -88.81860       18.53860      3.0828274E-03
  -96.54540       18.57240      0.1090417    
  -88.49840       18.33670      7.2125167E-02
  -96.16740       18.20710      2.0222401E-02
  -110.6344       45.40490      5.7702798E-02
  -97.70550       35.92970      5.6871049E-02
  -88.74850       19.83120      3.9351396E-02
  -99.01670       18.88630      4.4559591E-02
