  -113.4258       47.73650       1218084.    
  -113.3826       47.73290       1030277.    
  -113.4327       47.70420       994625.2    
  -113.3896       47.70060       1049580.    
  -113.3464       47.69690       382694.2    
  -118.5393       48.02380       4397616.    
  -118.5430       47.99110       509703.1    
  -118.4933       47.98650       3610952.    
  -118.4971       47.95390       1907531.    
  -118.4475       47.94930       912145.4    
  -113.0962       47.08890       14459.85    
  -115.9432       45.27260       1123556.    
  -115.4948       42.72020       42267.89    
  -115.6283       42.70170       30156.72    
  -115.6396       42.67350       42954.94    
  -115.5989       42.67030       126167.2    
  -115.5583       42.66710       122182.4    
  -115.5177       42.66390       62493.28    
  -115.6104       42.64210       75875.47    
  -115.5697       42.63890       277103.8    
  -115.5291       42.63570       281940.2    
  -115.4886       42.63250       136897.1    
  -115.4480       42.62930       133829.2    
  -115.5000       42.60440       183234.7    
  -115.4595       42.60120       124381.6    
  -115.4191       42.59800       37194.40    
  -112.6969       41.93030       96666.88    
  -112.6722       41.89990       26401.06    
  -113.2131       41.48460       68114.86    
  -113.1756       41.48190       45801.76    
  -113.1885       41.45450       50977.23    
  -113.1510       41.45170       43741.73    
  -115.1398       41.17690       35824.39    
  -97.79860       39.29460       2705.213    
  -118.2855       34.72300       48117.41    
  -101.7799       31.37450       22320.92    
  -93.18470       17.89460       7168.850    
  -127.1269       50.62550       237508.9    
  -119.4311       45.08060       702094.4    
  -110.4859       44.23180       51256.18    
  -115.5062       42.69200       38172.32    
  -115.4657       42.68880       116820.3    
  -115.4771       42.66070       39250.54    
  -115.4366       42.65750       50695.83    
  -115.5406       42.60760       269908.5    
  -112.0730       41.54330       15061.64    
  -120.5409       39.06110       59133.45    
  -97.95180       37.11320       1145.435    
  -97.78650       36.95160       1518.472    
  -118.3233       34.72560       65797.12    
  -101.1373       30.92900       35115.48    
  -88.27170       19.10630       9891.847    
  -106.2067       49.14890       6575.144    
  -119.4827       37.67490       105377.6    
  -120.4019       51.97180       140238.2    
  -120.9088       51.87640       113734.6    
  -121.7489       43.71530       156872.5    
  -97.47770       38.61100       21012.75    
  -97.45040       38.60980       27080.87    
  -118.3401       34.70180       37425.05    
  -89.64750       31.46010       10582.31    
  -127.1170       50.58920       217520.4    
  -115.4076       42.62620       53439.21    
  -115.5812       42.61080       157529.8    
  -115.0544       42.28050       19742.29    
  -106.7997       38.72210       17237.56    
  -119.3795       37.14410       30734.21    
  -108.8822       49.42260       13991.78    
  -121.1753       42.60800       89379.94    
  -97.47240       36.80990       1718.153    
  -118.8847       37.26400       20795.43    
  -118.5089       35.79570       25141.71    
  -118.5682       34.49330       25720.07    
  -101.1712       30.95350       53140.46    
  -103.3634       44.38290       9043.672    
  -119.4786       45.08480       306621.8    
  -121.2180       42.23600       43093.91    
  -111.8628       41.27390       2144.480    
  -111.6949       41.23380       14384.62    
  -121.7051       41.99050       24957.86    
  -118.3477       41.06100       29244.21    
  -120.6876       35.72280       15713.12    
  -119.7975       52.13230       109595.9    
  -108.5597       49.57050       15496.27    
  -105.8524       49.29530       10113.53    
  -108.5556       49.22430       13072.37    
  -114.0176       46.87520       4602.389    
  -108.8871       45.30590       12253.26    
  -115.4251       42.68560       86040.27    
  -97.48180       36.83590       1558.922    
  -119.8656       38.12620       12554.16    
  -120.1689       36.50330       2113.662    
  -92.48980       18.27800       16475.20    
  -109.4650       49.85220       14727.31    
  -114.9586       50.21950       58180.53    
  -107.1409       48.91010       10498.02    
  -112.4760       47.00570       333742.6    
  -110.0924       44.35380       36293.19    
  -115.3845       41.61950       15529.71    
  -115.4676       41.25810       17117.79    
  -108.8233       39.24930       2380.758    
  -98.16180       36.96770       12445.50    
  -119.0884       34.77810       37794.27    
  -115.5420       30.57320       9693.933    
  -116.6998       49.71520       80067.88    
  -109.1378       45.66640       12487.29    
  -114.7125       45.88530       57145.86    
  -121.0820       41.96610       21973.95    
  -116.4128       40.90940       31095.43    
  -97.45400       38.68980       6390.138    
  -92.10280       38.16460       5357.057    
  -107.9523       33.77020       12553.85    
  -114.8074       33.41260       13852.52    
  -108.9977       26.11630       1162.129    
  -116.0738       50.42810       97797.62    
  -106.4164       48.82200       6623.314    
  -115.8126       46.45180       74257.79    
  -114.9459       43.26230       21815.14    
  -115.4710       42.57310       100794.3    
  -121.3965       42.54000       21129.77    
  -121.1592       42.51960       26194.89    
  -121.2072       42.26380       24105.31    
  -115.8630       41.65650       14510.00    
  -112.0314       41.31410       1638.537    
  -114.7270       41.37120       13724.32    
  -116.2292       41.03540       17268.23    
  -122.9392       39.99050       76008.77    
  -117.8892       37.13950       15352.23    
  -118.5391       36.18020       75212.87    
  -108.7017       49.30470       11634.74    
  -108.5794       49.12300       9361.288    
  -115.5115       42.57630       62191.27    
  -121.1602       42.25980       83490.26    
  -108.8583       39.00920       16874.54    
  -122.8918       39.98660       125036.4    
  -121.7969       38.86420       2737.744    
  -121.6137       37.81100       15747.02    
  -118.9563       36.87940       42727.15    
  -118.8505       36.45890       56156.71    
  -108.6207       49.29830       14125.51    
  -121.5045       42.00200       33374.97    
  -105.4229       40.79360       16137.29    
  -121.6686       41.95870       49466.91    
  -111.2234       41.06010       9645.470    
  -123.0951       39.97600       115342.3    
  -121.3061       38.74460       6757.732    
  -119.4552       37.22790       70357.86    
  -118.5897       35.97960       58180.54    
  -120.4841       35.58120       30176.86    
  -118.8933       34.93970       38705.05    
  -119.1271       34.78080       44762.65    
  -116.3629       31.75210       9219.191    
  -111.5811       49.88750       18371.53    
  -108.5803       49.29510       9244.271    
  -118.5891       48.02840       1307217.    
  -107.6864       46.41220       11584.59    
  -108.9352       45.58910       10782.20    
  -115.9400       46.11450       21597.83    
  -105.0597       43.97720       9578.603    
  -111.4119       41.66630       23215.70    
  -114.4460       40.78880       17535.70    
  -123.3515       39.09750       93140.59    
  -119.1836       37.05170       61045.78    
  -119.6745       34.64400       28423.64    
  -121.4139       52.03910       124558.9    
  -118.5518       50.84230       98265.87    
  -108.7172       49.23690       8104.528    
  -113.8909       48.57510       64468.17    
  -109.6219       44.19880       36213.60    
  -116.4146       43.08570       17301.67    
  -115.3569       42.85500       2421.851    
  -115.8622       42.74930       32932.58    
  -118.1386       40.48640       33647.03    
  -120.2752       38.02500       73700.64    
  -119.5581       37.54930       24827.02    
  -120.5671       37.38940       31357.70    
  -118.6125       36.00670       52450.03    
  -118.2683       49.96730       123603.8    
  -116.7510       46.78860       50623.64    
  -115.6395       46.05740       50236.68    
  -115.0796       43.68720       15847.33    
  -116.8387       43.59220       3271.938    
  -116.4457       43.11760       34361.47    
  -115.4306       42.56990       123117.7    
  -123.2299       39.90480       74974.09    
  -121.9970       51.95230       115644.8    
  -120.0719       51.28060       142625.9    
  -118.3774       49.63050       96649.19    
  -126.4990       49.65460       118709.0    
  -116.7051       46.78450       32091.21    
  -122.9180       40.23690       97577.75    
  -119.7193       37.92990       27302.06    
  -119.6779       37.92670       23304.56    
  -120.1452       37.72480       31522.73    
  -119.4309       37.61850       17284.95    
  -120.6552       37.31760       2763.426    
  -118.2734       34.57270       30880.91    
  -116.0089       31.56470       23066.42    
  -111.1948       49.81990       13924.92    
  -118.3980       47.94470       2372950.    
  -109.4121       45.65550       45605.26    
  -122.5483       44.56770       102194.0    
  -116.3637       42.99370       15847.33    
  -115.8396       42.80580       29122.20    
  -115.4018       42.53870       72341.02    
  -121.4338       42.57220       45735.91    
  -121.7341       40.47080       90613.59    
  -121.8225       39.70680       5580.126    
  -123.3272       38.96050       68326.77    
  -119.2924       37.92410       17858.31    
  -117.7116       37.70170       39736.83    
  -118.5461       36.23190       60568.24    
  -120.4344       35.65370       27114.94    
  -119.6596       34.49360       65821.20    
  -118.4437       47.98190       3169000.    
  -113.1120       47.02560       2611.900    
  -108.5943       45.37760       11450.86    
  -121.2191       42.75710       16833.60    
  -114.8401       42.20640       17502.26    
  -121.4277       42.45590       24038.45    
  -120.6651       40.43870       7568.013    
  -122.8357       40.20240       52446.20    
  -122.4347       39.92130       20745.28    
  -119.3932       39.37720       35382.11    
  -119.5609       37.75970       11608.22    
  -119.6321       37.71240       52131.67    
  -118.4772       36.15030       46468.37    
  -119.8969       36.07310       31537.71    
  -120.4452       35.45180       27523.20    
  -118.1130       49.91760       87549.37    
  -114.3984       47.13320       82375.98    
  -109.5223       46.00880       11049.66    
  -117.7863       45.92850       114291.7    
  -107.7751       45.07180       1461.329    
  -121.3076       42.64840       40288.22    
  -111.5050       41.78670       9035.043    
  -111.4294       41.24320       1374.008    
  -111.8035       41.24150       1642.817    
  -114.2640       41.25180       14643.73    
  -119.3088       39.97120       20482.79    
  -123.1933       39.30130       77348.97    
  -119.6721       38.08500       10548.16    
  -120.1466       38.09460       50036.00    
  -120.2082       37.91420       87947.32    
  -119.5055       35.23360       42254.41    
  -117.3377       33.67100       28747.97    
  -114.2266       41.08030       14426.41    
  -114.4605       40.67840       9996.518    
  -114.0170       40.31310       28611.88    
  -121.5848       40.79260       72347.62    
  -121.3374       40.60480       72984.33    
  -121.1551       40.58980       97020.61    
  -121.9091       38.57800       3857.496    
  -120.1427       37.22690       15222.08    
  -120.6585       36.28230       50630.75    
  -117.8964       34.77150       28850.03    
  -119.0526       34.60110       30770.88    
  -124.6858       52.05370       207054.2    
  -115.4052       43.26920       97259.38    
  -120.6137       43.23150       54604.12    
  -111.3712       42.32170       14978.06    
  -120.9664       43.05650       28612.76    
  -120.6496       41.07930       15930.91    
  -118.4895       40.84820       10581.60    
  -120.7112       40.63690       32507.32    
  -123.5843       39.79720       40526.61    
  -122.0709       38.45720       59121.17    
  -120.9676       37.02840       23336.35    
  -121.3926       36.23400       30477.48    
  -119.1313       35.35850       4969.716    
  -119.4662       35.23080       35280.05    
  -120.0857       47.05750       19926.17    
  -118.5992       40.52260       30857.28    
  -122.7815       40.41920       52006.09    
  -122.9530       40.26740       121269.1    
  -121.3418       39.01650       24764.53    
  -123.7523       39.18450       112620.3    
  -120.0165       38.24390       76327.13    
  -119.7283       38.06280       51448.66    
  -120.4259       36.11160       53073.17    
  -117.8410       35.77440       34922.82    
  -121.1094       43.06890       38442.57    
  -111.3338       41.83150       18156.10    
  -121.2109       40.98550       38273.92    
  -121.2811       40.93520       33783.11    
  -121.3089       39.33850       36455.61    
  -120.9632       39.12140       65025.30    
  -117.4265       37.36680       17818.84    
  -120.1349       36.42370       2177.868    
  -117.9253       34.89830       31469.67    
  -120.9189       43.05240       152813.4    
  -111.4615       41.33000       9984.378    
  -118.5102       40.71030       35484.17    
  -122.3726       40.24680       46779.81    
  -120.9656       39.20280       87628.95    
  -121.7151       37.87170       23766.09    
  -120.6957       35.77420       36249.65    
  -119.2321       35.39080       2432.123    
  -121.2871       42.70480       76645.49    
  -111.2975       41.82890       7739.779    
  -121.2853       39.47250       106810.2    
  -122.8405       39.13700       95121.90    
  -120.9122       38.23320       30367.45    
  -120.7694       38.16900       44524.26    
  -120.5906       37.20840       3143.526    
  -119.8404       36.09460       5077.410    
  -120.9653       43.20310       64742.46    
  -122.7280       39.53510       94175.26    
  -120.6837       38.16240       34768.54    
  -120.3613       37.58350       13519.83    
  -121.5927       36.40300       28496.99    
  -121.0537       39.20980       80625.02    
  -121.1461       37.98610       58263.84    
  -121.4772       36.24030       35318.67    
  -121.3988       39.89150       35348.09    
  -115.3730       42.50750       164084.5    
  -115.3327       42.50430       109340.5    
  -116.3367       50.03000       92324.78    
  -121.2054       43.37130       71870.08    
  -120.9275       43.46520       17101.07    
  -119.5398       49.26070       794639.8    
  -115.3614       42.53550       87561.47    
  -120.0651       53.13990       80833.16    
  -119.4877       49.22150       635762.5    
  -115.3041       42.47310       260412.7    
  -92.53320       37.52560       5817.371    
  -115.2639       42.47000       92528.16    
  -115.2924       42.50120       79038.10    
  -93.27930       30.26510       8428.072    
  -96.80940       38.68850       8631.854    
  -117.4990       45.21970       401791.8    
  -92.16520       18.64900       4332.782    
  -70.34600       18.92870       18504.75    
  -70.36530       18.92860       9152.166    
  -91.90920       33.26770       2890.173    
  -82.66530       32.10070       9913.434    
  -98.10270       31.71990       4379.746    
  -100.1795       32.10680       7909.930    
  -89.71060       35.93100       904.0205    
  -88.84030       32.54350       13633.90    
  -88.84470       32.56730       4212.580    
  -85.18870       32.46870       8755.779    
  -94.32260       34.31260       18186.39    
  -98.84320       21.94710       969.5106    
  -85.19190       32.49230       9198.722    
  -102.2042       17.92530       2074.316    
  -86.94250       32.83370       7455.903    
  -89.04890       32.05330       35476.44    
  -80.59520       22.76520       939.5293    
  -96.97530       50.37510       1670.212    
  -82.00920       35.97480       3865.606    
  -76.62320       37.69450       23717.82    
  -82.46590       30.20420       10685.11    
  -94.47820       33.90370       208555.6    
  -93.11510       17.83420       5071.558    
  -96.94090       50.37320       1273.847    
  -94.56760       33.25490       12277.69    
  -94.56100       33.23070       19135.77    
  -98.14330       21.27180       1094.070    
  -88.35650       17.66560       11291.22    
  -95.18200       30.96660       8784.615    
  -65.82270       18.13150       6619.768    
  -98.80620       22.09050       11040.38    
  -88.13870       19.18410       2999.742    
  -88.46330       17.96180       29011.08    
  -94.50290       33.90460       35525.25    
  -81.12870       33.09970       3221.339    
  -86.78600       32.85430       11002.02    
  -97.81070       22.91330       839.8145    
  -99.02730       35.05940       19056.91    
  -99.00090       35.05830       32162.79    
  -88.11860       19.18380       5275.479    
  -91.64800       16.65400       5269.436    
  -87.65530       32.44580       1351.287    
  -95.13960       34.07250       11736.21    
  -94.47140       33.87920       22447.73    
  -91.58290       17.35720       560.7324    
  -93.69850       33.44270       18904.85    
  -97.42770       37.19410       4322.348    
  -97.40100       37.19290       26696.38    
  -101.8153       31.75100       10461.24    
  -99.59930       28.27990       6975.592    
  -92.72220       18.32150       6597.234    
  -92.72370       33.87100       9943.113    
  -111.4958       28.76840       7254.999    
  -95.22400       31.75930       2113.125    
  -99.62370       28.28080       12579.75    
  -99.59270       28.25740       5090.200    
  -99.51540       37.15680       9388.033    
  -109.6423       30.50830       46282.51    
  -94.49610       33.88000       36504.52    
  -99.47580       27.34580       4212.580    
  -91.19530       43.42590       5894.846    
  -114.5923       32.98680       20242.65    
  -101.1455       30.95250       49162.58    
  -88.18460       21.21370       1614.709    
  -113.8069       33.01180       9525.953    
  -111.2934       28.53200       10576.36    
  -109.1885       26.45290       21356.85    
  -109.1794       26.43060       25663.37    
  -64.79800       45.62120       12784.00    
  -104.5155       40.32390       3378.520    
  -111.7848       29.05560       9060.996    
  -111.2750       28.55370       6130.366    
  -113.3065       28.61160       9728.339    
  -111.2526       28.50740       36883.96    
  -109.7308       26.96140       1867.110    
  -109.7026       26.96010       2003.227    
  -109.7212       26.93890       1801.620    
  -109.6930       26.93760       1732.278    
  -108.4018       42.69260       13406.70    
  -99.17550       36.70430       6853.800    
  -85.85490       33.02660       30736.97    
  -113.0071       32.53110       10546.59    
  -112.7695       31.28260       22385.99    
  -112.8330       30.74730       4419.315    
  -98.15150       25.88740       10732.05    
  -99.23780       37.06680       1162.129    
  -101.9499       36.42530       12554.16    
  -86.90030       32.99950       49516.23    
  -112.7207       32.77870       12145.59    
  -112.7379       32.75560       10750.72    
  -113.0717       32.53490       11056.91    
  -113.0394       32.53300       12417.76    
  -101.7892       31.74980       5558.265    
  -100.8730       30.89510       7029.325    
  -112.8241       30.67680       11295.06    
  -112.7793       30.65100       23236.52    
  -110.1304       27.17880       38058.45    
  -109.1422       26.47280       18133.33    
  -86.26050       15.75500       3838.486    
  -113.9394       33.01980       13047.15    
  -83.69860       31.39180       755.0626    
  -101.8065       31.72710       8062.966    
  -100.8811       30.91860       7388.731    
  -112.5961       30.92110       12141.34    
  -112.5826       30.89700       12769.31    
  -112.8061       30.69910       11703.31    
  -99.74410       28.68740       5850.805    
  -110.1019       27.17750       37202.25    
  -97.43730       37.22030       3970.000    
  -112.6587       30.92460       13289.56    
  -112.6766       30.90220       16131.75    
  -112.5692       30.87290       10750.72    
  -112.8465       30.77130       11329.08    
  -112.7077       30.74040       13778.61    
  -110.7149       28.09850       7886.885    
  -99.62480       36.82710       12213.63    
  -86.87730       32.99900       37024.08    
  -103.4873       31.02840       7110.443    
  -112.6409       30.94700       13493.68    
  -112.6096       30.94530       10603.29    
  -112.6318       30.87630       11907.44    
  -111.7547       29.05400       8539.338    
  -111.2581       28.75650       10784.74    
  -111.2496       28.62030       9355.847    
  -111.3046       28.55520       11499.19    
  -91.77330       16.49990       2989.874    
  -97.74530       38.67610       18504.33    
  -114.7841       32.68480       24750.47    
  -112.6901       30.92630       14552.59    
  -112.6274       30.92290       14687.46    
  -112.7079       30.90390       16610.88    
  -112.6452       30.90040       16650.00    
  -112.6139       30.89870       15329.98    
  -110.7042       28.07550       17929.21    
  -109.1699       26.47400       19136.96    
  -91.71400       17.43770       1145.435    
  -97.47300       37.81980       1720.721    
  -99.08670       33.49500       9260.989    
  -99.07820       33.47050       18512.04    
  -85.85840       33.05050       24895.10    
  -110.7256       28.12140       16100.62    
  -98.59780       26.18220       14203.88    
  -98.57420       26.18140       1225.050    
  -109.2950       25.91100       1498.311    
  -99.85690       21.60410       27139.99    
  -85.87770       33.02700       45123.95    
  -112.9809       32.74580       18224.05    
  -112.9658       32.72080       14646.15    
  -84.72320       30.89910       3588.632    
  -110.1403       27.20150       40269.88    
  -110.1118       27.20020       37797.62    
  -110.1205       27.15620       45917.36    
  -109.6738       26.89260       24835.52    
  -109.0402       25.74760       1633.401    
  -98.15720       37.09620       1375.721    
  -98.50740       34.69130       10370.71    
  -100.6680       31.39860       40915.23    
  -112.7036       30.95050       12434.77    
  -112.7258       30.88150       12162.60    
  -112.6631       30.87800       19153.97    
  -112.6005       30.87460       11941.46    
  -110.7333       28.07690       6809.018    
  -110.7227       28.05400       16318.86    
  -110.4619       27.79520       37219.26    
  -111.6647       29.04950       12860.04    
  -110.7014       28.00810       14356.97    
  -110.6907       27.98520       1178.822    
  -109.8586       27.32160       1736.130    
  -96.50190       19.49090       30436.33    
  -97.80560       36.64470       37098.29    
  -114.2695       33.18510       13506.44    
  -114.2703       33.13670       12791.99    
  -113.9566       32.99670       12774.98    
  -113.9406       32.97150       6703.350    
  -111.6764       29.07280       12757.97    
  -111.6947       29.05100       9287.805    
  -111.6530       29.02610       7960.976    
  -98.47220       21.89600       477.6927    
  -97.77280       38.67730       27221.82    
  -114.2541       33.11150       12757.97    
  -114.2551       33.06310       5528.451    
  -114.2217       33.06110       13064.17    
  -113.9553       33.04500       5502.928    
  -113.4448       32.99020       14186.87    
  -112.6733       31.11280       11805.38    
  -76.96730       19.91290       12102.97    
  -96.94380       28.30200       25346.90    
  -97.81510       36.67070       2421.850    
  -97.83230       36.64580       3608.377    
  -93.69220       33.41850       25171.00    
  -113.9713       33.07010       5700.355    
  -112.8405       31.19250       10900.41    
  -109.8884       27.38960       1692.470    
  -76.47470       20.93510       1055.547    
  -99.20260       36.70550       7154.698    
  -85.85140       33.00270       18849.89    
  -112.8089       31.19080       9491.933    
  -113.3689       28.50160       33051.66    
  -110.6752       28.07410       22760.22    
  -110.6461       28.07270       22737.54    
  -114.8070       33.55880       48514.32    
  -112.8227       31.21500       10172.36    
  -110.6858       28.09710       9762.486    
  -110.6355       28.04980       21008.13    
  -109.6584       27.17930       2420.566    
  -112.7973       30.62870       21592.16    
  -112.7660       30.62700       21154.42    
  -112.7839       30.60470       17197.75    
  -112.7526       30.60300       18082.30    
  -112.7393       30.57900       19637.07    
  -112.7127       30.53100       21787.21    
  -98.33390       35.65410       1153.140    
  -98.76930       34.77620       4430.261    
  -85.83210       33.02620       36015.50    
  -114.7900       33.63100       23778.19    
  -112.7393       30.90560       19528.21    
  -112.7927       30.67510       25643.53    
  -112.8106       30.65270       20259.66    
  -112.6995       30.50700       22071.29    
  -109.9402       27.12580       1112.048    
  -105.4863       25.92790       8560.375    
  -109.3308       25.99970       4250.437    
  -79.81490       38.44960       4795.775    
  -86.48300       31.90470       12992.36    
  -80.54860       27.22660       2447.532    
  -71.40540       19.04300       12689.78    
  -97.67350       38.69950       20044.56    
  -97.64600       38.69830       20394.32    
  -95.19980       31.75850       28973.78    
  -112.7557       31.25830       10988.87    
  -112.7748       30.69740       21127.21    
  -112.7435       30.69570       29224.27    
  -112.7260       30.55500       21008.13    
  -112.6948       30.55330       19460.16    
  -112.6815       30.52930       20140.58    
  -112.6683       30.50530       18439.52    
  -113.3310       28.65820       17049.26    
  -112.8568       31.38170       10376.48    
  -96.92020       28.30130       2942.175    
  -96.93810       28.27960       28117.30    
  -96.91450       28.27890       2908.960    
  -87.48970       15.76730       4260.267    
  -97.66300       38.67240       10488.92    
  -97.60870       36.53430       15529.71    
  -97.58220       36.53320       3506.932    
  -97.57290       36.50730       2500.182    
  -94.64580       33.71550       17955.38    
  -112.8355       32.13870       25481.93    
  -112.8884       31.38340       10002.25    
  -113.3496       28.63650       18169.81    
  -109.8870       27.32290       1658.441    
  -109.6301       27.17800       3275.790    
  -109.8303       27.32030       2108.158    
  -109.8019       27.31890       27038.40    
  -109.8204       27.29760       1867.110    
  -109.7921       27.29630       23593.74    
  -88.98050       17.30120       45280.37    
  -88.96050       17.30090       48070.03    
  -86.00170       15.65620       657.4694    
  -98.49850       34.66620       1400.975    
  -83.49060       30.67410       20159.39    
  -102.9284       27.84750       15411.63    
  -88.98230       17.32080       42101.10    
  -114.7900       33.53340       47357.59    
  -114.5525       33.46990       44227.64    
  -114.5187       33.46780       43785.36    
  -114.5696       33.44660       42220.39    
  -114.5358       33.44450       49739.08    
  -114.5020       33.44240       51678.29    
  -114.5867       33.42330       19123.78    
  -114.5528       33.42120       46847.27    
  -114.5190       33.41910       47255.53    
  -88.96230       17.32050       48597.39    
  -114.4732       45.36710       255898.9    
  -94.98060       33.77540       14861.99    
  -109.7834       27.34030       28747.97    
  -91.90010       17.81430       28373.95    
  -88.92420       17.33960       21455.43    
  -112.7664       30.95390       17367.86    
  -112.7529       30.92980       19051.91    
  -112.7215       30.92800       19613.26    
  -112.6944       30.87980       19732.33    
  -109.7736       27.31760       27319.08    
  -109.8771       27.30020       1695.038    
  -88.92240       17.32000       7163.857    
  -114.7901       33.67990       63993.99    
  -114.7730       33.65440       62667.16    
  -112.7350       30.95220       16942.59    
  -99.59120       28.90640       5165.425    
  -109.8969       27.34550       1847.421    
  -97.23220       20.31360       1669.356    
  -88.73910       18.33990       1153.140    
  -99.64830       33.34920       6619.767    
  -115.1404       32.63420       43785.36    
  -110.4699       27.43890       48514.32    
  -109.8401       27.34290       2005.795    
  -88.94420       17.33990       17603.06    
  -90.20600       16.32250       4193.718    
  -114.5151       45.37050       233736.9    
  -109.8118       27.34160       12896.85    
  -98.97830       23.86710       6352.302    
  -97.23590       20.33400       834.6780    
  -96.84850       20.24410       7919.878    
  -89.00050       17.30140       9177.701    
  -98.99160       23.13360       25568.58    
  -98.96860       23.13300       29377.21    
  -98.28210       21.95280       921.9982    
  -88.29810       17.90070       8290.902    
  -98.27660       36.92120       1489.579    
  -115.1210       32.75340       45792.62    
  -87.94720       21.08860       4476.896    
  -89.44130       18.52750       6759.286    
  -90.95010       16.74150       3532.590    
  -90.13670       16.01110       955.3853    
  -114.5571       45.37400       235746.6    
  -98.10880       37.24910       2405.156    
  -98.08180       37.24790       1317.507    
  -114.3485       33.79940       42390.49    
  -88.59390       19.11070       2851.728    
  -88.75910       18.34020       4085.175    
  -92.48470       17.90260       818.5348    
  -89.18900       17.81400       6556.581    
  -101.2516       17.46550       10531.45    
  -98.49640       36.80240       5366.024    
  -115.0358       32.77230       45384.36    
  -90.94410       18.54990       2457.025    
  -94.52780       17.97760       8692.134    
  -103.0902       41.44230       10063.38    
  -94.97370       33.75100       70659.53    
  -94.94900       33.75010       11860.42    
  -102.3616       28.24850       14459.04    
  -97.68890       39.15510       7592.727    
  -100.4836       24.95240       9528.453    
  -120.9578       47.69150       118167.2    
  -97.48340       36.91300       3526.194    
  -97.45680       36.91190       4214.482    
  -97.47400       36.88690       4128.874    
  -97.44740       36.88580       4828.291    
  -88.60500       17.98330       4910.314    
  -88.94240       17.32030       12158.38    
  -88.94060       17.30070       11379.44    
  -88.86530       17.98670       819.2686    
  -91.47670       17.31640       735.8008    
  -98.27560       23.99420       7639.480    
  -89.28790       18.60450       4035.837    
  -82.98980       43.76700       901.4521    
  -88.42250       33.03280       4990.366    
  -104.3740       30.28070       6870.516    
  -99.96070       25.47100       10966.08    
  -98.12910       21.31230       9320.810    
  -112.9061       31.36090       15513.69    
  -111.7758       25.15080       25924.20    
  -118.4514       47.91670       730340.9    
  -118.0017       38.70460       31367.60    
  -110.5251       28.17910       26027.74    
  -110.5145       28.15620       41914.20    
  -99.59660       33.13050       6820.366    
  -98.92930       31.05120       13718.74    
  -88.15590       14.73500       12372.90    
  -97.87620       39.35210       4068.092    
  -121.2450       38.52560       33783.20    
  -90.89740       33.50330       755.0626    
  -97.55720       38.74760       32038.77    
  -97.54670       38.72050       20020.47    
  -84.65160       31.40630       5232.291    
  -90.94970       17.50480       6594.349    
  -91.50230       17.17960       1437.701    
  -91.19910       16.99900       12100.97    
  -97.44690       37.24660       2724.903    
  -98.11080       23.46430       49353.60    
  -98.08800       23.46370       25282.63    
  -116.3227       47.56020       229474.8    
  -97.76230       38.65020       67022.37    
  -102.0803       26.43020       17010.63    
  -92.66430       18.02390       44119.57    
  -96.52090       17.01000       5745.109    
  -90.61580       16.61990       3670.737    
  -103.3537       30.95280       17146.71    
  -110.2860       27.34140       13290.13    
  -88.91670       18.91650       12720.07    
  -88.74330       17.96540       629.2189    
  -91.68980       17.22160       5737.763    
  -115.4574       36.94220       25992.25    
  -111.5256       28.76990       65116.69    
  -89.17100       18.44460       9513.086    
  -97.78980       38.65140       21280.21    
  -97.73480       38.64900       50233.34    
  -113.3841       31.86100       14969.41    
  -113.3549       31.81180       24875.73    
  -88.93690       18.91680       16823.52    
  -90.38880       18.68010       4417.383    
  -97.37170       38.47370       10434.73    
  -113.3988       31.88560       18687.09    
  -113.3695       31.83640       23661.79    
  -113.3227       31.81000       27054.91    
  -113.4691       47.74020       250470.8    
  -97.46740       38.58400       14752.39    
  -88.93490       18.89690       6611.273    
  -88.91470       18.89660       7785.514    
  -97.38190       38.50070       22191.27    
  -88.57610       18.93170       57498.49    
  -88.57950       18.55520       901.4521    
  -92.51050       18.27830       6838.181    
  -118.5468       47.95840       301768.7    
  -106.0155       32.87150       33885.18    
  -88.66690       18.83370       5018.655    
  -88.56240       18.79260       5281.522    
  -89.09250       18.46330       13379.05    
  -89.11060       18.44380       6759.286    
  -89.09050       18.44350       13844.36    
  -91.65560       17.27990       4861.538    
  -90.55650       17.22460       5825.385    
  -118.4895       48.01920       1260245.    
  -97.40520       36.98690       9514.047    
  -112.6887       31.30160       23746.84    
  -112.6749       31.27730       27239.69    
  -92.52470       18.06110       731.9484    
  -97.43180       36.98800       5406.145    
  -97.42240       36.96190       2465.510    
  -97.39580       36.96080       7740.675    
  -113.4702       31.53440       17162.72    
  -113.4558       31.50990       16777.93    
  -113.4237       31.50810       17794.18    
  -113.4735       31.48730       16674.33    
  -113.4414       31.48550       16292.83    
  -113.4270       31.46110       14326.11    
  -105.4823       28.06260       18254.61    
  -99.77850       25.31490       7250.949    
  -99.75480       25.31410       7806.646    
  -87.88510       19.26030       6384.961    
  -88.80440       18.59780       6641.182    
  -89.16560       16.93220       2516.231    
  -97.51010       36.91410       2755.722    
  -97.50060       36.88810       2986.863    
  -99.75470       36.34760       9712.336    
  -112.7203       31.30340       34361.47    
  -112.7064       31.27910       34531.58    
  -113.4381       31.53250       16506.60    
  -113.4127       31.43660       14365.58    
  -111.1101       28.74910       25139.76    
  -89.29000       18.62430       2309.012    
  -113.3963       31.67200       10934.39    
  -113.4140       31.64940       14089.32    
  -98.07240       45.43180       1063.251    
  -87.88700       19.28020       10937.42    
  -113.4992       31.58330       25992.25    
  -113.4847       31.55880       12756.79    
  -113.4060       31.53070       16930.86    
  -113.4093       31.48360       16220.47    
  -109.0966       26.36120       18986.69    
  -109.0690       26.36000       2688.947    
  -88.59630       18.93190       27870.64    
  -113.0801       32.08130       22011.76    
  -88.46510       17.98150       5532.327    
  -90.27840       16.03230       5252.818    
  -118.5009       47.92120       230354.3    
  -98.51620       34.71630       20240.44    
  -110.8658       32.19460       6719.920    
  -88.57420       18.91180       19710.54    
  -118.5855       48.06120       526612.1    
  -111.3859       28.89900       29428.39    
  -111.3562       28.89750       31775.86    
  -111.3744       28.87570       32524.33    
  -118.4019       47.91210       230907.3    
  -97.39210       38.52760       8355.778    
  -113.3901       31.76640       12416.95    
  -111.3791       28.94410       28986.11    
  -111.3974       28.92230       26944.84    
  -111.3676       28.92080       30257.43    
  -88.55600       18.93140       19764.92    
  -104.7198       42.56990       13573.87    
  -111.4717       32.63480       16649.72    
  -113.3051       31.83270       13787.94    
  -90.29840       16.03250       2624.774    
  -102.1238       46.29330       1244.312    
  -120.3634       40.88760       49213.62    
  -115.4967       37.43890       24291.18    
  -115.6953       32.23610       44626.04    
  -115.6612       32.23400       43504.55    
  -115.6966       32.18830       46194.80    
  -115.6625       32.18630       45543.62    
  -113.3197       31.85730       9380.842    
  -113.3403       31.78730       12321.25    
  -108.0750       25.25230       2719.766    
  -113.3168       31.90460       9896.067    
  -113.3021       31.88000       17287.05    
  -113.3725       31.78910       11267.51    
  -113.3579       31.76460       10991.25    
  -113.3755       31.74190       19528.21    
  -113.3434       31.74000       12254.15    
  -113.3932       31.71920       12323.22    
  -113.3610       31.71740       13517.06    
  -113.3786       31.69470       13319.73    
  -88.57810       18.95150       8032.204    
  -92.10770       18.35070       4362.027    
  -97.36490       38.52640       7973.812    
  -115.4929       33.26050       17680.71    
  -115.7028       32.74090       8028.318    
  -115.6522       32.66550       6030.227    
  -115.6802       32.16340       40630.11    
  -113.3289       31.71550       14089.32    
  -109.7487       26.87390       10648.65    
  -98.63810       24.85220       5265.724    
  -88.59430       18.91210       6966.505    
  -100.7272       17.17640       9352.295    
  -110.5789       45.68080       14108.80    
  -97.46440       38.71690       5491.398    
  -97.65690       37.10050       929.7029    
  -115.7197       32.76610       4504.693    
  -115.7372       32.74310       53967.49    
  -115.6866       32.66760       8975.999    
  -115.6697       32.64250       39090.43    
  -113.3081       31.78540       11879.23    
  -109.7769       26.87520       826.9733    
  -111.8604       40.60230       2652.316    
  -113.2846       31.90270       6661.559    
  -90.57260       17.18570       8065.490    
  -114.4678       32.59350       16378.34    
  -104.9910       25.13130       16364.23    
  -97.45710       38.55700       12286.69    
  -114.1963       39.09830       26536.59    
  -98.21900       22.61270       8675.908    
  -120.0749       35.37480       652752.4    
  -120.0348       35.37190       868991.6    
  -113.2905       31.80810       11997.63    
  -109.9610       27.23750       1266.142    
  -98.75870       45.15780       1099.207    
  -120.0984       35.40170       414784.4    
  -120.0583       35.39880       714863.2    
  -120.1151       35.37760       395111.6    
  -119.9948       35.36910       192446.9    
  -120.0916       35.35070       552845.5    
  -120.0515       35.34790       749692.6    
  -120.0115       35.34500       364900.7    
  -115.3928       33.79120       46628.93    
  -115.3581       33.78900       57343.92    
  -112.5123       36.61690       18439.53    
  -120.1622       35.43150       63721.83    
  -120.1220       35.42870       175498.7    
  -120.0818       35.42580       128974.6    
  -120.1386       35.40460       282699.7    
  -120.0182       35.39600       144301.2    
  -119.9715       35.34220       106452.5    
  -120.0281       35.32100       115858.4    
  -105.7467       31.59970       60540.84    
  -97.69210       38.32890       4291.529    
  -97.70910       38.30320       3898.588    
  -97.68180       38.30200       113622.6    
  -81.95450       32.82350       4296.556    
  -92.89910       18.08720       902.3084    
  -121.9284       43.96980       64866.12    
  -119.8238       38.12300       19725.57    
  -97.81220       44.76960       993.9089    
  -83.42610       38.65710       8771.247    
  -102.6897       45.47800       7137.982    
  -120.0285       37.84770       60568.24    
  -101.9423       32.22830       5215.575    
  -88.41630       17.66640       2220.204    
