  -112.6323       45.99820       254.4183    
  -106.5122       45.19980       2113.156    
  -112.3209       37.61570       3219.692    
  -98.19280       35.62310       50.86368    
  -112.9272       34.77270       8941.767    
  -112.9104       34.74680       1869.825    
  -101.8153       31.75100       170.7864    
  -101.7973       31.35190       852.7983    
  -116.1376       31.35950       1298.901    
  -116.1216       31.33490       1372.644    
  -102.8054       27.40000       244.0146    
  -98.52530       22.04170       168.3177    
  -98.52090       22.02090       117.0976    
  -97.30930       20.37620       56.51177    
  -92.78750       18.18410       147.2509    
  -92.76680       18.18370       205.3141    
  -92.74610       18.18340       168.9551    
  -92.44220       18.05970       112.7873    
  -94.52780       17.97760       323.2285    
  -89.06950       16.97000       92.50833    
  -89.78710       16.95980       299.3091    
  -98.38880       37.49480       159.3120    
  -95.60760       28.93050       152.9677    
  -88.80000       18.75620       337.2926    
  -93.86620       18.18320       107.7899    
  -92.48230       17.88280       97.80890    
  -83.16390       42.30190       46.76632    
  -116.1557       31.33690       1233.474    
  -88.11470       19.14400       103.0159    
  -70.34600       18.92870       439.0065    
  -93.86350       18.16330       91.40844    
  -112.4136       48.18170       293.2334    
  -81.02320       46.49280       63.74107    
  -112.0896       35.39590       1149.828    
  -111.9231       35.03490       2072.605    
  -89.08950       16.97030       86.21319    
  -112.3779       48.14540       279.8601    
  -109.9894       27.23880       16.83763    
  -119.0882       37.90880       410.2736    
  -116.1717       31.36150       882.7755    
  -109.2495       25.86540       17.78976    
  -115.4082       43.15180       302.3663    
  -120.0365       39.59090       467.5053    
  -98.18370       35.59760       371.1354    
  -116.1035       31.35740       446.2282    
  -86.16460       15.77340       83.87299    
  -115.3093       42.07030       288.6669    
  -102.7981       27.37760       1095.327    
  -109.2943       45.99180       204.8393    
  -110.0217       43.24460       376.4408    
  -118.7123       37.61760       470.3312    
  -95.90560       48.94710       21.49805    
  -112.1868       48.02980       218.9952    
  -113.1885       43.98580       242.0235    
  -114.3268       42.45530       36.53165    
  -119.1782       38.41940       532.5597    
  -114.2273       45.47100       438.2846    
  -105.9647       43.82640       143.8442    
  -114.7569       42.40170       459.7187    
  -118.5727       37.50250       520.1783    
  -120.1290       51.28640       756.9148    
  -112.7621       48.88420       297.4736    
  -111.6954       48.72670       277.5768    
  -110.0569       43.42420       218.0408    
  -98.15740       35.59650       68.45300    
  -121.4064       36.41480       71.48476    
  -120.1158       53.10690       740.0961    
  -112.3295       46.03700       345.2499    
  -116.3082       42.69760       323.8127    
  -115.1623       42.31770       303.9063    
  -101.7799       31.37450       263.0516    
  -124.7417       51.80300       2247.351    
  -115.1545       42.83910       267.7915    
  -116.3384       42.72910       268.4439    
  -115.2990       42.38600       368.5468    
  -115.3157       42.44510       424.5042    
  -119.6150       51.19880       946.7484    
  -109.1532       46.64840       200.5990    
  -119.1141       37.93710       258.9848    
  -112.0728       35.36970       1579.189    
  -115.1026       32.17640       640.9369    
  -110.2260       49.01430       217.2340    
  -118.5879       37.47740       507.9577    
  -103.2443       31.81340       223.7222    
  -117.9660       44.55660       542.6899    
  -118.0739       44.50520       274.3151    
  -115.1901       42.95870       373.4730    
  -114.3517       43.51080       218.2126    
  -113.1674       43.21240       268.7701    
  -110.5232       46.33810       167.6551    
  -118.9554       37.84610       210.6018    
  -121.9575       44.42330       359.7698    
  -109.6423       30.50830       568.8069    
  -96.34150       18.90700       139.9104    
  -110.7764       33.00450       654.1434    
  -125.8869       52.89260       1437.466    
  -101.2676       34.73720       132.1831    
  -93.27930       30.26510       344.6603    
  -110.8616       33.42080       479.5970    
  -101.4631       26.88850       111.7879    
  -101.3310       36.57400       403.0547    
  -92.48470       17.90260       61.25357    
  -80.78280       46.58590       162.2488    
  -92.16520       18.64900       120.1607    
  -93.11510       17.83420       118.6471    
  -93.18470       17.89460       64.38974    
  -93.11760       17.85400       119.6863    
  -101.4139       26.88680       42.16090    
  -93.88020       29.75870       67.95101    
  -96.99850       36.05230       123.0504    
  -72.11010       18.56660       11.97677    
  -98.64710       19.03790       106.2153    
  -98.88630       21.61900       15.98573    
  -67.88470       49.29010       66.22344    
  -98.58160       36.67810       198.1527    
  -98.44980       26.24250       16.20622    
  -98.55470       36.67690       245.5370    
  -101.0598       20.00430       95.02435    
  -108.9791       26.13730       21.68179    
  -101.0368       20.00360       129.7121    
  -77.41760       38.01110       262.8222    
  -96.07480       28.65380       2458.409    
  -101.0324       19.98330       138.7453    
  -90.11670       16.22420       109.8961    
  -84.07020       44.60450       525.4847    
  -94.01530       18.20560       33.70430    
  -94.47290       31.99300       205.4835    
  -96.71460       33.30640       130.7971    
  -98.45540       26.26430       196.3332    
  -109.1056       35.71990       523.1933    
  -96.73970       33.30730       114.1620    
  -92.22710       18.65000       115.0632    
  -69.67880       48.70750       78.46039    
  -101.1597       19.72360       56.25845    
  -101.1640       19.74400       103.0441    
  -91.97230       18.24960       64.58310    
  -72.62350       48.78150       208.6557    
  -98.38540       37.41670       231.5859    
  -77.75170       36.89920       153.7806    
  -96.09830       28.65460       578.2088    
  -98.23610       25.76070       91.32964    
  -91.36260       17.56990       18.43286    
  -76.46260       37.92880       152.7719    
  -109.0905       35.69370       428.0099    
  -98.99460       24.22630       157.4131    
  -99.04610       23.07250       198.5352    
  -85.79330       15.73140       83.98219    
  -69.38680       49.86430       220.4867    
  -71.44650       49.62700       92.85679    
  -77.77510       36.89930       350.5640    
  -97.58640       38.19230       758.6884    
  -97.55920       38.19110       166.6224    
  -97.57630       38.16550       1112.265    
  -97.54910       38.16440       1623.058    
  -101.3422       36.60010       704.1624    
  -92.47530       34.03330       238.0742    
  -92.15010       17.50350       47.07902    
  -91.28380       16.84390       97.14194    
  -97.38970       37.08920       22.50029    
  -101.3144       36.59880       788.5335    
  -101.3032       36.57270       867.5010    
  -96.08090       33.50010       201.9037    
  -96.07360       33.47570       235.5000    
  -91.28580       16.86350       40.48082    
  -88.56710       33.44340       415.3864    
  -96.09860       33.47660       200.5990    
  -85.00490       30.85760       128.5305    
  -96.94380       28.30200       430.6006    
  -96.93810       28.27960       1137.477    
  -96.96170       28.28040       415.5036    
  -96.91450       28.27890       82.15237    
  -71.40440       19.08260       134.6873    
  -79.02310       48.24900       41.84469    
  -97.82280       36.61990       37.50883    
  -97.79620       36.61880       47.52288    
  -97.81340       36.59390       30.61843    
  -97.78670       36.59280       32.92358    
  -96.27640       29.62810       374.7174    
  -70.78790       49.03880       78.94027    
  -97.81760       37.10740       25.48195    
  -93.95110       32.18820       41.79340    
  -81.80110       29.47280       224.9283    
  -96.28240       29.65100       108.8391    
  -92.03410       17.38380       119.4207    
  -99.77710       34.20430       143.2734    
  -85.70550       33.09540       302.6762    
  -81.82260       29.47300       447.2242    
  -96.30020       29.62890       37.62576    
  -96.09270       28.63200       1139.085    
  -97.90260       25.81510       22.48597    
  -97.81910       25.46880       134.9908    
  -80.59400       39.07000       111.1402    
  -96.30620       29.65180       188.9187    
  -96.92020       28.30130       43.01614    
  -98.65050       26.20550       14.06894    
  -90.35630       33.72980       43.96493    
  -96.25860       29.65020       51.50678    
  -96.90870       28.25640       288.0304    
  -108.8843       25.76270       76.65166    
  -92.03630       17.40350       19.41005    
  -97.80800       37.08120       21.69850    
  -85.72830       33.09580       530.3246    
  -96.25260       29.62740       222.0891    
  -96.96750       28.30280       46.25338    
  -96.95590       28.25790       1954.348    
  -95.87920       33.73450       297.7161    
  -93.01580       30.32610       25.71998    
  -109.8728       27.03420       56.92723    
  -108.9117       25.76390       23.61110    
  -107.8825       25.37400       477.8165    
  -98.83500       21.80270       25.63229    
  -69.87370       49.04990       122.9688    
  -98.12760       37.50930       334.6579    
  -98.10050       37.50810       142.3849    
  -93.97510       32.18900       279.2316    
  -115.0803       32.34250       305.3535    
  -100.8487       31.33600       498.5055    
  -108.9017       25.80700       16.69732    
  -108.8930       25.78480       14.05642    
  -98.83060       21.78200       25.38674    
  -98.11060       37.53450       474.4249    
  -100.8570       31.35960       933.6210    
  -97.81390       25.44720       131.9387    
  -93.81640       18.12290       168.3193    
  -92.88510       17.81060       101.8022    
  -77.12790       35.70680       303.2332    
  -109.5064       27.01750       259.7408    
  -109.0589       25.72670       424.9496    
  -104.5635       40.40950       83.50330    
  -109.5537       27.06390       179.2328    
  -109.5159       27.04010       249.9858    
  -109.4879       27.03880       27.92010    
  -109.5530       26.99760       17.68954    
  -109.4968       26.99500       23.77188    
  -109.4687       26.99380       23.55980    
  -99.98950       25.57940       35.34706    
  -108.9204       25.78600       72.44421    
  -108.3838       25.43800       16.11101    
  -108.3567       25.43680       15.20899    
  -98.55980       22.82970       112.5130    
  -88.94960       18.44150       22.50029    
  -92.47620       18.00110       61.44215    
  -99.11680       31.17450       92.96052    
  -109.4783       27.01630       189.4727    
  -109.4502       27.01500       30.06720    
  -109.4872       26.97250       17.94009    
  -109.0753       25.83620       14.48237    
  -108.9479       25.78720       12.87878    
  -108.3484       25.41480       12.42778    
  -108.2403       25.41040       31.64573    
  -108.2051       25.38730       18.95904    
  -91.91460       18.11030       201.8194    
  -108.5022       37.58340       4171.661    
  -89.71060       35.93100       33.13654    
  -101.7887       31.32820       246.9842    
  -109.4598       27.03750       274.6011    
  -109.5715       26.97630       25.00589    
  -88.77990       18.75590       101.1129    
  -94.67750       44.25450       21.49805    
  -108.5340       37.58530       6192.902    
  -115.0371       32.12470       638.2034    
  -115.0035       32.12270       756.3892    
  -93.91340       18.22360       233.9270    
  -65.78880       49.02120       113.4916    
  -99.37800       32.57200       327.8082    
  -100.8744       31.33700       477.8721    
  -101.1455       30.95250       231.9095    
  -108.4704       37.58150       4123.648    
  -99.38620       32.59620       254.0921    
  -100.8827       31.36070       1297.606    
  -100.8313       31.35860       222.2610    
  -109.1028       25.83730       145.6821    
  -109.0940       25.81520       16.75411    
  -108.9391       25.76510       200.5849    
  -108.5185       37.61050       1505.797    
  -109.0665       25.81400       13.68057    
  -109.0677       25.74880       51.64042    
  -77.12720       35.68180       333.1997    
  -99.24250       24.29720       271.9078    
  -108.4867       37.60860       895.0983    
  -77.15100       35.70690       540.5281    
  -106.5353       45.23240       634.3713    
  -100.8652       31.38330       408.5228    
  -100.8230       31.33490       300.7708    
  -100.8730       30.89510       116.4453    
  -97.75660       37.15640       91.25394    
  -97.72980       37.15530       124.8290    
  -96.23230       36.83620       155.2604    
  -92.19830       35.05540       97.85319    
  -98.49790       34.37120       305.2565    
  -98.47190       34.37020       1724.825    
  -98.44600       34.36910       1162.496    
  -98.48920       34.34640       214.2985    
  -98.46330       34.34530       319.4640    
  -98.43730       34.34430       1373.533    
  -98.45460       34.32050       199.6205    
  -91.03940       32.31540       72.28656    
  -91.01600       32.31480       54.26995    
  -96.99160       28.21460       3672.958    
  -97.76630       37.18260       79.42752    
  -97.73940       37.18150       83.71210    
  -91.04450       32.33920       45.22608    
  -97.10310       28.37390       242.6025    
  -86.22890       33.39270       319.2039    
  -111.3818       25.48030       87.21980    
  -97.60980       37.33110       293.6062    
  -97.07940       28.37320       441.4538    
  -97.09730       28.35150       76.92526    
  -100.1315       25.75630       118.7285    
  -97.61960       37.35750       28.31328    
  -97.63670       37.33230       23.25197    
  -97.85890       36.64700       69.49532    
  -97.83230       36.64580       70.35725    
  -97.84940       36.62100       36.93254    
  -100.3818       34.08370       124.5359    
  -91.02110       32.33850       49.91155    
  -97.12680       28.37470       582.8788    
  -97.07360       28.35070       78.62572    
  -97.02100       28.23780       175.4051    
  -97.01530       28.21540       2854.622    
  -108.3155       25.60850       24.50477    
  -104.5947       40.41130       40.69094    
  -97.80910       38.49290       197.0111    
  -96.85540       33.60100       143.5180    
  -97.12100       28.35220       111.1424    
  -108.5177       37.55820       1134.064    
  -108.4859       37.55630       3618.538    
  -108.4541       37.55440       827.7830    
  -97.10900       28.39640       608.6313    
  -97.08530       28.39560       36.32702    
  -96.98590       28.19220       510.6335    
  -109.0137       26.35760       47.63981    
  -93.90620       37.18520       186.8996    
  -91.16890       36.02340       15.68506    
  -77.15020       35.68190       427.5722    
  -96.93740       34.33390       488.4653    
  -100.8910       31.38440       542.4814    
  -82.00720       28.29310       78.64336    
  -96.99740       28.23700       128.3469    
  -109.0227       26.37990       49.79463    
  -108.5503       37.61240       106.5214    
  -91.72750       32.78470       22.62557    
  -82.00550       28.27100       120.9075    
  -71.51420       18.54880       339.5784    
  -97.03890       28.21610       631.8521    
  -98.13200       27.36710       30.47645    
  -85.54260       15.74850       140.5237    
  -88.01800       15.50270       106.3930    
  -91.75540       32.59540       23.74891    
  -98.67400       26.20620       20.74637    
  -98.18880       37.87730       170.5907    
  -96.91190       34.33290       384.3766    
  -91.73290       32.80860       98.68884    
  -97.04460       28.23850       50.28238    
  -107.5796       24.75880       25.65734    
  -91.54940       17.23910       76.71883    
  -91.26560       16.86320       176.7056    
  -97.87000       37.60210       40.50721    
  -96.94540       34.35870       304.1603    
  -98.15570       27.36790       28.71417    
  -88.01650       15.48340       110.0926    
  -97.88000       37.62860       42.29453    
  -97.85300       37.62740       40.31510    
  -97.84300       37.60090       47.75674    
  -96.91990       34.35770       176.4650    
  -92.46920       34.00880       220.0250    
  -112.9269       34.72290       1740.606    
  -98.87590       21.78320       25.28150    
  -93.27100       16.23040       117.1406    
  -96.97380       28.23630       160.8323    
  -80.83900       25.46490       54.06853    
  -98.55520       22.80880       257.1784    
  -90.73620       16.81660       38.34087    
  -80.81970       25.48600       194.9518    
  -90.12010       18.63640       123.2467    
  -117.4990       45.21970       8635.571    
  -89.88620       34.30020       68.61224    
  -91.31660       32.08740       21.44794    
  -108.4377       25.78730       48.55853    
  -98.58400       17.54430       86.43698    
  -112.8936       34.72090       1964.339    
  -80.81850       25.46470       161.6100    
  -71.54240       19.73770       14.18169    
  -92.45560       18.00070       33.86318    
  -92.21090       35.10530       98.21889    
  -100.8811       30.91860       163.7410    
  -92.30480       18.61170       194.8299    
  -97.45780       38.76990       353.5762    
  -98.17850       37.85060       205.4917    
  -98.53350       34.69230       27.50522    
  -107.3502       34.05550       257.0277    
  -62.82040       17.33820       103.3997    
  -118.8342       47.29770       1488.538    
  -98.54770       28.80210       134.0589    
  -109.8454       27.09930       18.34099    
  -80.77990       25.50700       578.9700    
  -80.77870       25.48570       521.3400    
  -80.79800       25.46460       601.0401    
  -80.77750       25.46440       377.2298    
  -118.7897       47.26130       816.6880    
  -97.13260       28.39720       242.4926    
  -108.8556       25.82680       23.50253    
  -100.0064       22.26840       194.8860    
  -108.7756       39.27330       778.0968    
  -91.03680       32.95590       28.88957    
  -108.9773       29.64570       171.0360    
  -80.79920       25.48580       564.6246    
  -98.52730       21.40450       143.2163    
  -91.57200       17.25900       139.6917    
  -117.5442       45.22360       2027.632    
  -99.01010       35.08350       142.6289    
  -112.8940       34.77060       8098.316    
  -91.84460       32.57430       37.64320    
  -117.5360       45.25370       1996.929    
  -97.57470       37.01980       66.52572    
  -97.54800       37.01860       86.49872    
  -97.53850       36.99250       137.8581    
  -112.3553       37.61790       1323.100    
  -91.23130       32.55710       30.69861    
  -91.83920       32.55040       258.3533    
  -113.2875       31.85540       184.8764    
  -111.7467       25.21450       164.7941    
  -97.60770       39.01720       409.3525    
  -97.36240       38.87250       33.42471    
  -112.3361       37.59050       1011.195    
  -112.3018       37.58820       1311.164    
  -92.46530       18.07990       224.4441    
  -91.72270       17.69340       261.8952    
  -122.7900       44.89400       320.6917    
  -122.7444       44.85930       4445.460    
  -97.71390       38.59490       262.8570    
  -95.40660       33.37970       54.82253    
  -95.38190       33.37890       703.0367    
  -91.78440       32.62000       348.8768    
  -91.76080       32.61930       53.35258    
  -108.5440       31.40910       295.2233    
  -116.4659       48.93890       161.5811    
  -97.61840       39.04450       79.47764    
  -97.45850       36.98910       241.0450    
  -108.9685       33.43630       371.4411    
  -91.78980       32.64390       63.17453    
  -91.55160       17.25870       400.4216    
  -117.4538       45.21580       4078.649    
  -100.2790       31.21980       1155.057    
  -100.2536       31.21880       721.4745    
  -100.2711       31.19620       1104.110    
  -100.2456       31.19520       779.6675    
  -106.3634       29.36300       178.9671    
  -92.97640       18.20710       21.46046    
  -122.8037       44.83430       440.2089    
  -122.7513       44.82940       301.4738    
  -91.80810       32.62060       54.47174    
  -109.3295       31.49660       396.5254    
  -122.6448       45.06420       1571.371    
  -118.5079       44.30060       2011.388    
  -97.89390       38.36430       421.4210    
  -105.6147       37.83320       359.4473    
  -113.3067       37.23750       758.3187    
  -113.2719       37.23520       557.1108    
  -100.3724       34.05890       201.9037    
  -91.30460       32.89180       53.38598    
  -91.28090       32.89110       50.18717    
  -91.34000       32.08800       34.67751    
  -116.3876       31.54000       481.2655    
  -109.6681       27.20190       27.76205    
  -108.0787       25.40370       17.23853    
  -116.2658       46.26880       299.7569    
  -122.7968       44.86410       339.7343    
  -113.4029       42.09720       1000.992    
  -108.7575       39.24510       1659.425    
  -100.1046       34.31630       205.9810    
  -99.20130       24.12680       481.9878    
  -113.4287       42.12780       3045.583    
  -97.48530       38.77110       415.6064    
  -108.4336       26.59550       180.7913    
  -102.7987       46.17650       43.68095    
  -116.5103       46.60760       110.6273    
  -113.3905       42.12500       2222.587    
  -113.3647       42.09430       1043.767    
  -99.76800       34.17950       143.8442    
  -100.3553       34.08260       301.0120    
  -99.19620       24.10550       233.6229    
  -99.02940       21.97270       84.59044    
  -92.65590       18.12260       120.0158    
  -101.9682       49.02660       38.03501    
  -101.9325       49.02430       38.78669    
  -118.5444       44.33390       4014.409    
  -91.91760       34.21120       89.44993    
  -91.89340       34.21050       609.7422    
  -90.38010       33.73040       21.78201    
  -99.89740       34.03850       7082.010    
  -99.87110       34.03730       2853.549    
  -99.86200       34.01260       2535.369    
  -100.9084       31.36170       1001.840    
  -104.3309       26.93070       85.11992    
  -99.20640       24.14800       382.1263    
  -99.22450       24.12750       494.8835    
  -99.17800       24.12610       35.40412    
  -99.21940       24.10620       281.2736    
  -91.91160       18.42670       162.5663    
  -116.3109       46.08320       102.9587    
  -108.1476       44.42600       567.8747    
  -100.9001       31.33810       370.3299    
  -100.2965       31.19720       647.2264    
  -108.1864       25.40810       27.31104    
  -99.22970       24.14870       385.2375    
  -111.0763       50.65920       706.7854    
  -117.0503       47.46160       93.93494    
  -116.2065       46.13730       62.86550    
  -108.1240       44.39400       1040.035    
  -112.9437       34.74880       992.5170    
  -117.4370       33.38410       584.7785    
  -109.8799       32.11700       300.0472    
  -89.39910       18.11210       90.59144    
  -91.80020       35.11750       205.5844    
  -99.88830       34.01370       522.1094    
  -100.6645       28.58660       194.7278    
  -100.6397       28.58570       158.5222    
  -91.90920       18.40690       231.2240    
  -93.02550       18.26730       25.45272    
  -122.8494       44.86900       2860.155    
  -91.85970       32.43260       34.20979    
  -103.3537       30.95280       403.7613    
  -103.3323       25.39280       224.4100    
  -101.5986       47.72130       44.05848    
  -117.4170       45.18190       2584.256    
  -99.90650       34.06320       855.6901    
  -99.88020       34.06210       1164.534    
  -99.84480       34.03620       499.5848    
  -91.26800       31.96860       18.27656    
  -103.6567       25.40460       201.1571    
  -104.4830       24.23640       500.5992    
  -111.7348       39.25140       461.5409    
  -91.75420       34.23070       94.46111    
  -91.73010       34.23000       105.7836    
  -91.74840       34.20620       61.32706    
  -91.72420       34.20540       94.08529    
  -117.4733       33.38650       585.7834    
  -100.9167       31.38540       700.8453    
  -99.56920       26.12680       121.0801    
  -88.77790       18.73610       127.1200    
  -90.57120       15.95860       185.9703    
  -111.1161       50.69840       946.5665    
  -111.1204       50.66290       1250.564    
  -122.6990       44.82460       2081.027    
  -91.61960       31.76740       223.2542    
  -101.7053       19.59670       108.7300    
  -95.74230       47.82220       29.14848    
  -116.3532       31.53800       544.0165    
  -108.2134       25.40930       25.10611    
  -99.20520       24.80550       220.1697    
  -112.9605       34.77480       666.5003    
  -100.3045       31.22080       608.4224    
  -99.18320       24.14730       22.60051    
  -91.25940       16.80450       23.55264    
  -112.6007       43.94050       162.1123    
  -97.26970       38.84170       269.4463    
  -91.49390       32.89710       92.76751    
  -91.13790       32.01210       236.9394    
  -108.9776       26.26840       49.03459    
  -99.99190       25.32170       161.8383    
  -107.2501       24.33930       21.49805    
  -100.1284       23.08300       210.5369    
  -88.70570       18.20130       73.82846    
  -113.4670       42.13070       1128.157    
  -97.90460       36.70010       170.3307    
  -108.2216       25.43120       20.54592    
  -107.2763       24.34040       17.96515    
  -97.93120       36.70120       65.21242    
  -97.87790       36.69890       60.93619    
  -113.4546       42.15850       1040.156    
  -98.28350       37.56810       918.1890    
  -98.25640       37.56690       116.9781    
  -97.91410       36.72610       359.9366    
  -97.89500       36.67410       74.81721    
  -91.70590       34.22930       45.45158    
  -109.7598       27.02900       21.69850    
  -111.8908       25.48140       547.5138    
  -111.8811       25.45930       971.5355    
  -111.8522       25.45790       426.9160    
  -98.32790       36.56480       261.7604    
  -98.30120       36.56370       260.6157    
  -98.31830       36.53890       99.92332    
  -98.29150       36.53780       63.14112    
  -88.38040       33.05570       25.70746    
  -91.21160       32.24930       59.57262    
  -91.18820       32.24870       56.88213    
  -110.0825       27.57650       36.08064    
  -98.27340       37.54170       318.1859    
  -112.8772       34.74470       768.9849    
  -88.38470       33.07970       47.80685    
  -109.8153       32.32780       203.5690    
  -118.4989       44.33000       3933.384    
  -118.4624       44.29670       3785.918    
  -98.24620       37.54050       50.31245    
  -91.20650       32.22560       50.01177    
  -115.9455       31.11230       117.4742    
  -97.42670       38.68860       132.7542    
  -113.4164       42.15560       906.0911    
  -98.14590       23.00570       17.58931    
  -89.16770       16.73720       121.5503    
  -90.57300       15.97800       144.1021    
  -91.38280       33.66160       90.69974    
  -99.74350       33.04060       198.1527    
  -109.4958       26.86250       23.10163    
  -89.49060       16.99500       48.50565    
  -126.3721       51.79740       1202.601    
  -97.71730       37.33570       78.27494    
  -97.70750       37.30940       730.7675    
  -83.40540       32.36950       61.56304    
  -97.29690       38.41750       227.9979    
  -97.68040       36.58830       18.25747    
  -94.84210       33.89190       16.62465    
  -100.3125       31.24440       330.6076    
  -100.2870       31.24340       520.9051    
  -100.9341       31.36280       613.4205    
  -96.91950       38.48070       119.0547    
  -115.0000       35.78440       1491.618    
  -91.16120       32.01270       48.55853    
  -91.64800       31.79160       22.60051    
  -110.0433       27.86480       304.3888    
  -97.12670       38.46310       486.9827    
  -99.96960       35.47430       596.7957    
  -99.76940       33.04170       214.9508    
  -109.4863       26.84000       253.2537    
  -97.68070       37.30830       597.0132    
  -97.69040       37.33460       58.58092    
  -99.99650       35.47550       401.8504    
  -112.9441       34.79860       4262.930    
  -91.64290       31.76800       16.88774    
  -108.9880       26.15950       18.24077    
  -96.51040       37.49270       149.3426    
  -112.9108       34.79660       3572.853    
  -108.2428       44.55410       269.4224    
  -117.4088       45.21190       2572.682    
  -117.4621       45.18570       2151.090    
  -97.52130       37.01750       164.6304    
  -115.9885       36.28380       386.9581    
  -88.70880       18.02400       136.0888    
  -89.80440       16.29790       57.95712    
  -117.3720       45.17800       1221.534    
  -97.67360       39.04700       193.0969    
  -91.62640       32.11940       23.61946    
  -99.84930       31.88130       189.5090    
  -113.3197       31.85730       131.3713    
  -89.80630       16.31730       93.80137    
  -97.55750       37.04480       92.60697    
  -113.4948       32.96900       22.19962    
  -107.9459       25.11760       21.84883    
  -115.2413       50.35120       439.8979    
  -100.9424       31.38650       466.9545    
  -97.61700       38.27280       183.9640    
  -96.53700       37.49380       246.1007    
  -91.15660       32.31860       37.92226    
  -112.8607       34.76860       786.8026    
  -97.80440       38.20190       706.9205    
  -96.52780       37.46740       204.1870    
  -97.30020       36.54700       19.59379    
  -111.8904       35.03290       629.1938    
