  -120.8067       42.95490       1212.556    
  -120.2954       41.24710       759.2461    
  -96.27510       38.24210       151.1016    
  -98.41370       37.83490       1279.512    
  -98.38640       37.83370       385.8744    
  -99.44640       36.51200       164.7331    
  -97.50570       36.09820       158.0329    
  -103.5679       25.59540       1166.851    
  -79.97810       22.80240       13.71921    
  -81.79620       22.77420       20.97814    
  -76.37380       20.63300       106.2710    
  -90.19320       20.17430       115.0590    
  -102.1950       20.33980       43.34235    
  -97.45220       19.71310       377.1130    
  -89.53920       19.26360       23.83453    
  -89.65900       19.24540       51.71205    
  -102.5528       19.45790       265.8767    
  -89.02400       19.17640       50.54196    
  -90.15690       19.15340       1697.197    
  -96.65200       18.83380       23.83367    
  -100.8806       18.81110       132.6852    
  -96.71570       18.69550       413.1432    
  -89.23180       18.24790       11.86599    
  -96.07880       18.32440       30.43866    
  -88.64320       17.96410       156.1694    
  -93.18470       17.89460       337.6350    
  -93.11510       17.83420       230.3230    
  -91.81820       17.81300       13.55504    
  -88.93190       16.98780       74.48991    
  -97.01140       15.98210       93.11240    
  -93.96450       38.04630       109.1011    
  -98.37140       22.05820       14.64210    
  -78.58960       21.69050       148.0340    
  -78.92410       21.67160       12.40585    
  -78.30760       21.46600       23.58709    
  -90.17270       20.17400       20.57441    
  -98.84500       20.08930       102.1552    
  -90.09330       19.49140       11.91254    
  -90.22040       19.17430       229.3230    
  -96.85650       18.89800       108.2863    
  -90.95550       18.64920       310.2787    
  -96.49360       18.65100       302.9459    
  -95.66090       18.37560       20.23272    
  -93.38400       18.15480       10.64880    
  -94.52780       17.97760       276.3406    
  -93.51940       17.92010       109.0500    
  -95.22340       38.86280       17.62376    
  -95.69920       37.40810       98.42399    
  -99.27820       35.59410       751.6959    
  -103.5930       25.59630       1188.566    
  -99.30340       22.39360       86.21519    
  -99.29370       22.04180       77.64404    
  -78.28790       21.46590       20.30663    
  -102.5476       20.45160       37.20699    
  -89.02610       19.19640       29.55940    
  -99.21740       19.13150       119.4371    
  -96.62290       18.65370       103.4582    
  -88.47980       18.13920       6.619595    
  -95.95070       18.18290       13.20451    
  -96.03010       18.14490       11.71368    
  -100.1438       18.01520       440.4093    
  -120.6611       46.34460       67.27379    
  -95.67610       38.03350       17.51728    
  -98.74640       35.57120       179.9211    
  -98.48060       35.48490       115.4056    
  -99.27090       22.04120       162.2570    
  -88.71520       18.30010       13.63046    
  -91.23910       16.80420       15.23365    
  -117.4899       47.73020       65.96204    
  -120.5193       43.66660       1255.853    
  -97.33750       40.19940       46.66837    
  -80.34690       22.57850       193.9368    
  -89.67930       19.24570       66.03358    
  -96.53030       18.61190       77.59367    
  -98.56430       18.57630       16.87835    
  -95.57280       18.35400       12.40585    
  -96.36040       18.34990       51.92913    
  -96.14300       18.18680       56.92231    
  -95.71630       18.17830       63.66312    
  -93.06100       16.53890       83.45589    
  -102.1997       20.36030       39.18124    
  -103.5848       19.16340       36.90326    
  -96.14620       18.48470       21.20886    
  -95.49710       18.27320       21.05606    
  -88.49800       18.11980       8.240016    
  -93.37630       18.09540       10.38258    
  -117.4366       46.43410       52.07264    
  -95.01490       37.85020       157.8019    
  -96.92880       35.84770       114.8386    
  -99.10460       22.92820       619.9056    
  -78.25820       21.08120       77.93854    
  -90.69340       19.38110       80.69741    
  -98.60690       36.04340       24.65197    
  -79.47190       22.08180       11.18124    
  -99.00160       22.15770       52.17879    
  -89.23910       19.29900       78.68642    
  -96.46550       19.00950       157.9462    
  -88.63390       18.49660       10.59556    
  -96.50560       18.59150       33.85943    
  -96.36700       18.52900       57.25321    
  -88.77730       18.32070       162.2570    
  -95.65250       18.17710       624.0085    
  -90.00810       16.55330       7.240182    
  -113.7127       46.37050       128.4717    
  -97.75480       37.64920       212.9594    
  -103.5611       25.57360       603.9738    
  -76.71280       21.19810       11.28773    
  -99.74490       19.66720       37.22356    
  -96.60130       18.65330       44.17116    
  -98.56780       18.59640       126.4956    
  -95.77980       18.31840       88.97408    
  -96.01480       18.18420       39.40006    
  -98.30650       36.43640       173.6283    
  -98.49870       35.96300       167.3901    
  -96.92020       35.82220       124.8396    
  -103.5998       25.61810       558.6601    
  -103.5748       25.61720       675.4520    
  -103.5861       25.57450       499.3978    
  -99.09750       22.07770       53.67675    
  -96.26550       18.42750       27.68688    
  -96.15220       18.38540       140.0135    
  -95.58520       18.29470       30.61530    
  -95.94450       18.28200       36.93756    
  -100.9657       18.09420       61.48563    
  -94.57740       40.46700       53.24400    
  -95.15420       36.84550       138.9719    
  -96.70410       35.71310       158.7260    
  -78.02940       21.34330       26.11238    
  -102.5191       19.61860       235.5399    
  -96.32100       19.04640       87.41888    
  -90.95320       18.62930       22.03084    
  -96.05740       18.32390       66.15971    
  -95.60640       18.29510       13.04478    
  -95.94150       18.26210       41.55475    
  -93.29150       16.58160       19.27433    
  -92.52510       16.31630       85.09438    
  -96.17850       37.81790       127.1888    
  -81.79500       22.75360       149.5154    
  -81.79370       22.73310       201.0280    
  -98.84450       21.74120       110.0997    
  -88.68210       19.97050       88.39931    
  -89.65680       19.22550       121.1627    
  -103.5370       19.36390       97.94045    
  -101.4220       19.12580       112.0798    
  -96.65990       19.01360       44.17116    
  -99.26890       18.57250       105.0087    
  -95.93240       18.20240       22.73519    
  -88.49240       18.06060       11.34295    
  -96.06080       18.06620       12.45910    
  -92.52720       16.33580       71.39206    
  -89.14410       40.99820       25.87658    
  -81.81500       22.75380       109.9622    
  -99.06200       21.80880       13.57722    
  -103.6244       20.42160       25.95690    
  -90.64370       19.48010       14.10966    
  -102.5237       19.63900       171.7407    
  -95.30020       18.22970       10.91502    
  -88.51610       18.10030       23.69358    
  -93.28920       16.56200       119.6667    
  -120.6103       46.33990       52.01939    
  -94.65210       41.13860       42.52421    
  -81.81380       22.73320       105.1303    
  -98.44530       21.87470       43.57134    
  -103.9018       20.67500       21.99686    
  -101.8521       19.31820       29.38888    
  -96.38600       18.64880       21.19502    
  -96.09100       18.40400       24.70522    
  -93.72270       17.07770       87.47968    
  -99.00270       21.84840       16.23942    
  -96.31470       18.46820       74.89778    
  -104.0444       20.57700       179.8664    
  -101.6220       20.16130       84.14602    
  -96.75820       18.95580       142.7724    
  -98.53520       18.53580       239.3020    
  -100.9430       18.09370       142.0826    
  -119.7180       47.12020       70.17560    
  -98.79710       24.07260       455.0334    
  -81.77490       22.75350       77.15057    
  -81.77370       22.73290       399.5875    
  -103.7869       20.40600       38.00165    
  -96.69990       18.99450       74.83479    
  -88.60240       18.37760       13.84344    
  -78.50780       21.58850       21.06688    
  -98.12980       21.86640       14.48237    
  -96.33080       19.10660       65.25635    
  -88.61960       18.55570       111.3900    
  -81.38100       22.87390       403.1955    
  -98.92010       22.71500       180.7328    
  -96.25860       18.92530       84.63451    
  -92.16520       18.64900       29.21481    
  -88.62160       18.57550       7.826292    
  -96.13080       18.38500       39.55397    
  -99.42480       22.72910       107.2517    
  -77.76300       20.83740       167.8680    
  -96.78810       19.13640       74.48991    
  -90.64130       17.26500       131.7598    
  -88.46970       15.25710       27.53775    
  -94.56760       40.43890       37.85648    
  -96.45160       38.14400       224.5731    
  -78.21410       21.64830       88.68171    
  -90.58690       19.51920       10.75684    
  -90.59330       19.39940       11.82017    
  -90.62020       19.28020       13.11170    
  -96.53020       19.01090       103.4582    
  -96.78320       18.97630       107.5966    
  -96.88650       15.99940       24.27624    
  -99.17200       22.72200       16.93159    
  -99.35440       22.51940       168.7697    
  -104.3166       19.75040       68.63378    
  -96.20120       18.42610       122.3330    
  -96.30220       18.38850       108.1025    
  -96.14300       18.32570       19.19446    
  -95.83940       17.86400       87.13110    
  -96.75090       38.81930       314.9106    
  -98.58280       18.55680       58.72813    
  -96.27770       18.36810       10.64880    
  -98.48180       21.83450       16.61213    
  -76.27550       20.55240       128.7695    
  -87.95470       15.44420       16.61213    
  -96.46250       18.59060       66.48759    
  -96.01160       18.30320       38.55357    
  -100.9618       18.07420       43.23037    
  -90.64340       17.28460       14.32264    
  -103.9845       20.71840       40.52264    
  -96.37020       19.34770       69.31701    
  -96.75490       18.93580       82.42171    
  -96.05430       18.30400       82.13791    
  -98.92470       22.73590       58.94618    
  -99.32580       21.98080       14.00317    
  -76.51140       20.73370       29.56107    
  -103.2481       19.63880       91.14616    
  -96.20740       18.46600       61.41619    
  -80.32790       22.59890       10.93277    
  -99.12560       22.61680       127.9433    
  -99.20590       18.59100       34.73369    
  -103.5041       19.22170       42.67414    
  -99.22520       22.14320       18.26269    
  -96.65010       18.95350       82.76657    
  -96.64680       18.93350       34.93677    
  -99.13240       22.94990       96.03764    
  -99.05420       18.60740       177.7757    
  -98.95820       22.98660       23.80007    
  -98.21780       22.07480       93.11343    
  -103.6156       20.48260       29.78507    
  -95.48700       18.63050       11.39422    
  -95.46570       18.63010       56.92231    
  -99.24350       22.22640       44.49652    
  -76.51120       20.71360       45.57687    
  -102.1035       20.84710       195.6350    
  -103.4142       19.23940       47.38197    
  -92.42740       16.35380       31.41396    
  -107.2989       24.25590       27.52715    
  -98.30800       22.07720       14.85508    
  -96.76810       19.01600       73.80020    
  -103.3332       19.60070       46.93405    
  -90.63840       19.26050       18.65209    
  -96.34240       18.50860       89.88139    
  -92.46390       16.31540       274.2012    
  -98.24030       22.07540       47.24929    
  -96.18630       17.91030       68.15698    
  -87.86760       15.32770       15.74671    
  -103.9618       20.53370       107.0881    
  -88.54830       15.25800       16.87835    
  -96.16440       18.18720       59.41891    
  -96.05180       17.13870       184.1557    
  -96.43410       18.41100       22.54939    
  -96.02150       17.94660       18.74189    
  -103.3569       19.60140       46.41293    
  -88.63590       18.51640       8.377924    
  -96.44100       18.59020       238.9885    
  -94.84780       37.97470       90.62632    
  -80.75610       22.78690       20.44570    
  -95.50530       18.61100       74.64813    
  -96.56700       18.57290       106.9068    
  -101.4314       21.05300       103.9690    
  -91.02180       18.86850       20.48829    
  -82.99490       22.68210       12.99154    
  -96.07580       17.15880       33.42089    
  -87.88720       15.32790       15.91996    
  -93.51690       17.90030       86.54725    
  -96.90510       15.98020       90.87080    
  -99.24370       22.32980       413.8329    
  -92.34920       16.19700       38.65514    
  -101.8568       21.08570       114.2793    
  -90.46390       19.51720       78.32333    
  -78.12760       21.34370       127.3844    
  -103.3143       19.62040       33.05303    
  -92.26360       16.15680       111.7349    
  -78.12810       21.36390       126.5420    
  -95.16840       18.04890       56.67266    
  -100.9475       19.79890       47.07824    
  -92.30850       16.19640       13.25776    
  -92.43490       16.23710       36.84484    
  -92.34710       16.17750       32.26586    
  -92.28400       16.15710       9.796896    
  -78.14720       21.34380       180.3451    
  -92.30430       16.15740       29.55042    
  -97.43030       19.71260       76.13654    
  -101.5326       19.10860       65.08794    
  -93.16400       17.89420       77.02489    
  -101.5283       19.08840       76.72237    
  -87.81030       15.34640       14.18851    
  -87.93070       15.38610       43.77952    
  -87.79080       15.34610       15.01481    
  -120.8167       42.92650       391.7899    
  -92.47570       16.23770       101.9063    
  -92.32680       16.17720       46.32228    
  -92.30640       16.17690       44.13928    
  -97.90480       22.29370       20.76516    
  -102.7990       19.10170       80.40271    
  -76.77930       20.35260       79.92887    
  -97.45580       19.73330       104.1479    
  -110.8616       33.42080       442.0493    
  -99.29410       22.35190       15.33427    
  -71.36760       18.25410       63.87119    
  -109.6423       30.50830       586.2844    
  -96.37200       19.22750       18.10296    
  -96.81320       19.15690       493.4958    
  -75.76700       20.19090       473.6148    
  -98.59420       18.49730       20.33926    
  -98.46830       18.65400       86.81413    
  -92.32890       16.19670       84.75932    
  -101.5743       19.08960       82.76657    
  -93.89250       18.22320       12.14047    
  -76.79900       20.37270       11.87341    
  -93.92850       18.02610       10.38258    
  -96.85720       19.41840       79.31797    
  -78.14770       21.36400       335.5862    
  -98.41370       18.59290       39.09225    
  -95.73390       18.43660       39.34731    
  -88.43260       16.49480       70.69822    
  -92.48430       16.31570       20.39245    
  -90.15940       20.57670       11.11469    
  -76.31470       20.57260       15.76022    
  -71.24780       18.43160       11.07475    
  -92.36960       16.19730       13.89425    
  -87.90390       15.28960       24.80878    
  -81.75610       22.77390       129.4414    
  -87.88430       15.28940       11.34295    
  -80.80630       26.66490       117.6338    
  -80.92420       26.55790       212.4867    
  -101.1850       20.57650       80.07305    
  -95.15230       16.39780       65.57980    
  -80.46730       26.53270       135.8928    
  -76.35430       20.63290       33.41239    
  -76.75980       20.35260       29.07122    
  -87.91910       15.23200       27.39523    
  -80.51260       26.96560       169.8358    
  -80.66750       26.77180       46.74824    
  -78.16680       21.34380       42.19765    
  -76.77960       20.37260       58.95517    
  -91.15070       16.14100       18.20278    
  -78.22440       22.03530       18.87500    
  -101.1895       20.59700       146.2339    
  -87.92060       15.25120       19.00811    
  -80.99840       26.75300       144.5527    
  -81.16190       26.71110       209.6753    
  -80.64920       26.81500       209.4667    
  -81.05670       26.68860       262.0590    
  -81.03590       26.68840       136.9069    
  -78.16740       21.36410       130.0230    
  -96.60690       18.55380       91.38810    
  -96.01180       18.16430       13.63046    
  -80.66370       26.70690       58.19569    
  -80.64290       26.70680       73.95592    
  -102.2885       20.13910       95.54389    
  -95.81020       18.37860       21.19111    
  -96.07280       18.14570       24.43900    
  -96.20430       18.44610       14.00317    
  -91.04520       40.75200       43.37611    
  -81.33980       22.85300       21.40409    
  -94.42350       40.02060       154.7887    
  -80.90820       28.61470       43.93090    
  -81.94030       22.83730       18.75786    
  -82.03270       27.52390       67.07513    
  -90.71020       16.15440       46.78757    
  -92.53100       15.03790       31.89316    
  -80.61340       26.55540       36.80492    
  -79.30040       21.71410       20.04637    
  -93.83900       40.10730       25.18442    
  -77.66520       20.83710       34.60860    
  -94.61710       41.19330       35.49600    
  -91.96370       39.57510       227.9389    
  -81.39370       29.17680       18.94566    
  -80.53340       26.96570       345.5284    
  -80.53550       26.64110       125.8570    
  -80.51480       26.64090       32.79830    
  -80.53430       26.61950       248.1540    
  -80.51360       26.61930       42.22250    
  -99.12100       21.23560       114.8386    
  -91.16650       18.35540       180.4020    
  -88.74390       18.18210       22.16725    
  -100.4173       17.18920       257.8457    
  -77.88590       50.33550       74.80630    
  -96.11950       38.84600       136.9097    
  -80.95780       28.08430       1542.682    
  -81.80520       27.28150       36.21923    
  -79.95720       22.78170       29.59405    
  -90.77850       18.52750       32.29249    
  -96.50290       40.38250       25.77010    
  -97.16700       38.78390       93.42123    
  -81.80680       27.30330       28.92924    
  -80.62220       26.70660       62.80130    
  -80.41480       26.70500       36.79161    
  -80.64170       26.68520       28.80500    
  -80.62090       26.68500       42.72831    
  -81.18630       22.60490       151.3939    
  -70.64690       18.57190       188.9147    
  -118.5248       48.72330       104.6204    
  -95.71600       40.10090       30.95251    
  -80.93670       28.08410       452.2897    
  -89.84020       20.30950       27.22556    
  -92.69680       17.27660       15.24553    
  -90.09250       40.03110       49.68331    
  -91.00720       39.67860       16.18618    
  -105.8962       31.63040       135.3183    
  -81.97410       30.01680       162.2177    
  -81.99760       28.71430       15.40527    
  -80.93820       28.10610       404.3956    
  -80.60470       27.81730       824.7471    
  -79.39050       22.02020       97.43653    
  -76.35410       20.61280       28.99136    
  -70.64630       18.59160       215.3891    
  -103.8892       18.95030       105.0989    
  -96.49860       18.41230       26.88008    
  -89.89870       17.07850       17.89359    
  -93.88690       40.41190       66.28953    
  -81.97590       30.03950       88.27439    
  -81.95430       30.03920       36.68359    
  -81.95250       30.01650       64.37614    
  -81.97220       29.99410       672.0727    
  -79.41100       22.04070       53.35937    
  -79.39120       22.04060       47.96541    
  -79.41030       22.02030       77.35593    
  -72.46070       19.37670       16.66537    
  -72.46100       19.35690       134.2933    
  -91.16870       18.37520       29.92313    
  -90.38890       16.55840       19.19250    
  -89.79710       16.43380       72.20412    
  -98.02650       39.52120       31.62694    
  -81.72640       26.75960       103.8031    
  -88.46100       18.57340       11.23952    
  -96.46570       18.61060       82.42171    
  -96.29630       18.48770       134.9760    
  -96.36350       18.36980       107.8528    
  -91.04300       16.86000       20.58114    
  -94.41000       41.60830       62.36576    
  -96.92770       40.90110       39.16984    
  -81.41030       28.81960       319.0469    
  -80.93530       28.06210       329.6869    
  -90.51370       19.41810       45.42601    
  -99.09820       18.84820       16.71862    
  -96.57980       18.65280       111.3900    
  -89.96990       17.39270       23.20413    
  -88.78990       40.18400       15.01481    
  -88.78340       40.15630       16.02644    
  -95.49420       39.41110       19.62041    
  -81.78420       27.28130       135.4402    
  -98.93940       18.70460       14.53561    
  -90.52760       16.54080       12.61553    
  -94.64480       41.19440       34.70178    
  -80.82840       26.68670       345.8703    
  -80.99500       22.76800       31.96922    
  -80.47690       22.37420       61.17068    
  -90.18380       17.12150       8.171062    
  -89.97150       16.37780       54.99632    
  -81.99970       28.47010       209.7489    
  -81.99800       28.44790       139.0474    
  -82.13870       27.80980       68.90597    
  -80.82710       26.66510       56.06594    
  -98.51670       18.55530       16.77186    
  -90.70960       18.09160       14.58379    
  -90.18580       17.14110       27.07852    
  -90.09520       16.41830       243.9733    
  -89.96960       16.35830       48.82475    
  -81.99570       30.01700       149.2727    
  -82.02100       28.47040       349.6888    
  -80.67300       26.51270       38.14046    
  -80.97610       22.78850       66.00482    
  -80.21820       22.37250       28.44633    
  -90.49320       19.41780       200.8239    
  -89.79900       16.45330       27.16775    
  -88.50510       16.41790       195.4108    
  -89.99150       16.37800       279.4234    
  -89.98960       16.35860       34.56867    
  -94.09080       40.69690       38.05171    
  -82.01920       28.44820       113.0710    
  -80.58380       27.81710       276.8292    
  -81.22840       26.45270       104.8907    
  -81.20760       26.45250       105.9600    
  -81.86750       22.96040       126.2992    
  -81.84740       22.96020       462.4046    
  -80.21910       22.39300       57.36158    
  -80.26330       22.04550       62.49964    
  -98.79840       21.84290       88.65014    
  -78.33930       21.18250       18.60878    
  -72.38370       19.35710       22.35487    
  -90.51600       19.43810       52.22512    
  -90.49550       19.43780       31.45133    
  -103.2906       19.61980       221.0557    
  -96.70480       19.15460       119.6667    
  -88.53950       17.92340       15.94658    
  -95.05230       39.82730       180.2540    
  -115.4809       35.56330       899.2429    
  -115.4614       35.53670       744.4106    
  -105.9940       34.82130       383.5879    
  -82.32880       27.54890       183.5828    
  -82.30770       27.54860       128.6744    
  -81.78580       27.30310       125.3290    
  -80.39770       27.13840       84.93073    
  -81.19240       26.86290       367.2489    
  -81.17160       26.86270       729.0051    
  -81.15080       26.86250       128.0752    
  -81.19100       26.84120       168.7697    
  -81.17020       26.84100       71.02749    
  -80.99610       22.78860       91.35275    
  -79.93730       22.78150       26.98879    
  -80.97500       22.76790       27.49757    
  -81.23290       22.72860       17.94323    
  -90.06520       20.13210       43.81509    
  -90.06290       20.11190       55.11003    
  -90.04230       20.11160       186.6821    
  -98.78850       18.60140       159.7657    
  -93.11760       17.85400       41.16057    
  -90.83300       16.97420       72.33119    
  -89.77720       16.43360       77.41496    
  -92.76870       16.12550       155.5897    
  -92.42550       41.36100       28.97538    
  -93.93090       40.30330       17.03808    
  -91.99000       39.57610       187.9935    
  -97.41160       39.76490       164.6087    
  -93.09200       39.50700       29.76340    
  -77.53400       38.53850       31.73895    
  -105.9691       37.61770       1002.348    
  -81.99380       29.99430       154.7863    
  -81.95060       29.99380       37.75237    
  -99.71230       29.22620       208.6311    
  -81.10650       28.72770       98.52579    
  -81.97680       28.44770       103.3004    
  -81.10010       27.69000       141.2655    
  -80.75900       27.59940       161.0674    
  -81.19730       22.81070       55.59929    
  -79.87310       22.67830       21.74130    
  -96.74050       18.71600       82.42171    
  -91.33020       17.82510       47.73240    
  -91.30980       17.82480       28.91149    
  -90.83090       16.95460       58.68199    
  -90.11520       16.41850       31.26540    
  -90.09330       16.39880       71.28948    
  -94.87720       41.45780       25.31752    
  -92.79260       40.06800       307.7307    
  -97.43940       39.76620       53.72320    
  -105.9837       37.64470       657.6494    
  -105.9995       37.61950       1485.717    
  -81.99750       30.03970       53.42862    
  -80.78000       27.59960       274.6044    
  -80.73810       27.59930       347.5031    
  -80.75770       27.57750       1463.288    
  -81.03730       26.71010       27.20769    
  -82.39170       22.98560       105.3490    
  -96.99880       18.58190       90.35352    
  -90.81080       16.95430       45.87619    
  -77.59850       41.74860       12.85886    
  -95.85630       40.77010       29.69240    
  -92.34420       40.32650       102.3603    
  -95.48490       40.28360       35.07005    
  -108.9737       37.19550       240.3995    
  -81.08530       28.72750       29.16759    
  -81.22700       26.43120       394.4815    
  -80.95080       22.68540       17.01146    
  -89.83790       20.28930       33.11972    
  -89.46000       20.20290       20.62541    
  -89.57190       19.56330       55.86806    
  -89.55160       19.56300       34.57605    
  -90.36610       19.55560       42.71032    
  -101.8622       19.25800       149.6696    
  -90.81280       16.97390       304.7942    
  -92.57540       15.07710       113.4702    
  -96.35190       41.40870       77.80724    
  -96.32360       41.40750       66.36484    
  -90.11860       40.03190       325.0564    
  -80.95920       28.10630       84.18094    
  -80.77860       27.57770       280.3718    
  -80.73670       27.57740       270.2249    
  -81.22980       26.47430       95.88374    
  -81.20630       26.43100       75.13355    
  -82.36490       22.88220       29.56964    
  -78.54310       21.44660       52.31223    
  -101.6447       20.77280       163.2313    
  -86.01360       15.54060       12.20488    
  -92.55520       15.07680       57.15006    
  -90.08530       40.00350       163.6630    
  -82.09540       28.33830       208.5641    
  -81.19850       22.83130       99.88063    
  -81.97670       22.77580       23.24101    
  -98.95750       22.88240       279.6766    
  -102.4503       21.12340       97.59559    
  -98.39370       20.62560       30.57609    
  -90.04470       20.13170       29.32825    
  -101.9196       20.14920       306.2364    
  -92.45210       16.39310       34.52873    
  -91.00950       15.51920       11.68772    
  -98.13140       40.51200       36.01957    
  -95.52900       39.35850       21.56382    
  -81.91310       27.32610       201.0430    
  -81.53150       26.95270       229.3641    
  -82.36620       22.90280       49.15751    
  -82.34610       22.90260       28.48554    
  -82.34480       22.88200       212.0894    
  -80.94970       22.66480       17.78350    
  -76.23670       20.57250       15.01481    
  -90.15470       19.13340       108.5229    
  -88.54430       18.81220       8.240016    
  -100.3556       18.77820       246.9449    
  -95.69500       18.17790       21.33753    
  -86.65570       15.27710       106.9790    
  -92.47220       15.05640       199.7274    
  -80.95640       28.06220       333.9977    
  -107.3176       24.38470       33.17101    
  -101.0871       20.02520       196.2846    
  -98.49320       18.79430       46.63693    
  -95.67370       18.17750       122.9572    
  -92.03500       40.70290       30.11481    
  -81.93410       27.32640       298.0576    
  -81.91150       27.30430       212.3278    
  -77.46350       26.81810       56.57307    
  -81.84860       22.98080       586.1653    
  -82.17880       22.79810       22.12732    
  -98.36710       22.03750       29.67466    
  -89.81970       20.30920       31.35408    
  -75.74760       20.19090       219.3314    
  -72.40310       19.35700       25.13117    
  -90.11490       16.20480       10.82580    
  -94.80750       41.34190       26.38240    
  -94.79710       41.31330       24.19940    
  -81.86870       22.98100       176.8694    
  -89.48820       21.15280       43.91204    
  -89.30840       19.37980       26.03338    
  -92.84200       18.12570       16.71862    
  -92.06470       16.19280       42.14468    
  -89.80120       16.04560       16.25767    
  -92.87850       41.09670       94.37120    
  -82.01730       30.01720       27.75403    
  -81.18690       26.45240       129.0739    
  -80.43520       22.33290       15.12130    
  -82.90600       21.65830       263.7347    
  -82.88600       21.65810       29.39169    
  -77.90310       20.97900       67.01519    
  -89.81740       20.28900       35.21791    
  -90.33680       19.65520       50.17351    
  -90.17730       19.15370       120.5653    
  -71.92760       19.00160       21.43071    
  -69.60460       18.57700       45.00739    
  -98.96150       18.70510       31.14774    
  -89.01820       15.70700       17.45060    
  -121.9813       51.58450       220.6244    
  -92.41650       41.33250       53.88293    
  -88.80920       40.15710       17.83674    
  -82.39610       28.38580       55.75262    
  -81.43910       27.73700       47.56161    
  -81.12110       27.69020       41.02450    
  -81.59330       27.54140       80.03137    
  -77.92270       20.97910       277.0526    
  -77.92220       20.95890       313.3703    
  -77.90260       20.95880       176.4574    
  -89.96870       19.82950       12.03249    
  -90.13650       19.15310       70.73621    
  -90.58360       17.67620       23.22102    
  -94.48950       40.60190       35.51374    
  -106.2731       41.12550       764.6564    
  -80.79120       28.76930       129.2801    
  -81.94870       27.52300       22.49559    
  -81.88880       22.98120       30.54609    
  -81.88760       22.96050       27.29136    
  -78.50370       21.44650       38.45992    
  -77.43030       20.81630       20.87165    
  -77.72260       20.77690       38.11087    
  -90.36850       19.57570       45.22198    
  -103.0476       36.53100       1062.415    
  -80.60340       27.79540       166.4114    
  -81.87000       23.00170       68.13167    
  -81.84990       23.00150       285.5886    
  -81.85510       22.75410       50.75042    
  -81.83510       22.75400       28.95143    
  -78.24380       21.28340       30.45557    
  -78.24330       21.26310       149.2963    
  -77.88300       20.95880       160.0154    
  -100.6486       19.89220       107.3708    
  -89.30630       19.35980       14.54932    
  -71.54790       18.74590       16.23942    
  -90.81700       18.50830       23.82698    
  -93.18730       17.91430       45.52362    
  -93.20550       17.89490       29.05791    
  -92.08500       16.19310       41.33509    
  -92.06260       16.17330       43.81981    
  -89.30740       15.15100       269.9110    
  -86.03100       39.35110       222.6961    
  -105.0111       33.93430       230.8978    
  -104.9996       33.90930       257.4140    
  -111.0294       32.27510       53.08321    
  -81.53000       26.93100       132.5879    
  -80.39770       26.76970       331.2979    
  -80.37700       26.76960       55.69323    
  -80.39650       26.74810       500.0676    
  -80.37580       26.74790       235.4000    
  -81.21850       22.83150       27.88211    
  -82.37570       22.73810       301.8033    
  -80.75100       22.68400       44.16590    
  -78.14670       21.32350       22.46897    
  -77.76340       20.85760       64.98763    
  -89.97610       20.07040       23.23253    
  -100.6443       19.87190       75.53645    
  -90.38900       19.57600       23.36037    
  -90.34800       19.57530       21.87677    
  -90.38660       19.55600       51.28555    
  -90.34560       19.55530       33.63186    
  -89.67710       19.22580       59.65838    
  -90.56310       18.04990       20.96606    
  -91.99130       16.63960       58.88530    
  -88.52490       16.41810       91.95913    
  -89.30900       15.17030       392.9688    
  -95.52930       40.70050       27.03021    
  -82.54870       22.92510       19.24771    
  -81.36100       22.87380       12.68756    
  -82.48020       22.80080       17.26437    
  -82.37710       22.75870       69.15804    
  -78.10690       22.07570       83.84089    
  -77.78250       20.83750       31.36072    
  -77.74340       20.83740       37.89642    
  -75.74770       20.21090       99.23122    
  -90.83740       18.50860       26.38968    
  -91.97090       16.63930       48.88159    
  -88.50350       16.39840       195.4598    
  -92.02990       16.05630       42.27094    
  -90.41660       16.01470       106.9109    
  -81.55230       26.95290       305.3742    
  -78.20190       21.93320       226.5735    
  -77.74390       20.85750       236.6607    
  -102.0242       20.90620       149.8887    
  -89.72110       19.98610       115.5284    
  -90.41410       19.61640       49.11034    
  -90.41180       19.59630       30.27336    
  -90.17510       19.13370       63.36521    
  -69.62390       18.57690       56.31521    
  -89.31720       17.89440       11.06713    
  -90.27920       16.45960       10.82580    
  -95.82840       40.76890       60.18127    
  -97.73890       38.72900       65.91608    
  -104.0133       38.11240       28.21932    
  -117.7883       36.71770       381.9334    
  -81.99630       28.42580       251.7937    
  -75.76710       20.21100       40.87365    
  -92.01960       18.13180       27.41225    
  -91.02770       17.66310       25.30496    
  -95.66990       16.97450       39.60331    
  -95.16420       42.29800       27.33192    
  -95.72630       40.12880       77.25705    
  -81.71890       28.40080       87.13110    
  -80.58240       27.79520       59.73110    
  -82.13700       27.78790       164.7751    
  -81.43760       27.71500       303.8354    
  -80.95960       26.79590       68.12038    
  -80.50550       22.55900       155.2604    
  -80.48550       22.55890       37.63490    
  -80.94340       22.54150       39.10772    
  -80.92340       22.54130       198.2949    
  -78.20250       21.95360       97.88910    
  -78.18270       21.95360       291.9246    
  -92.90870       18.32470       20.04761    
  -97.97790       16.31280       265.5428    
  -86.99570       15.41510       34.50211    
  -92.97270       41.55120       33.51710    
  -106.2551       41.09630       700.2130    
  -103.0640       36.50630       948.7915    
  -81.69950       22.83520       28.21932    
  -80.99720       22.80920       94.03631    
  -80.97720       22.80910       48.79147    
  -81.01610       22.78880       26.40903    
  -80.77090       22.68410       64.69147    
  -80.74990       22.66340       39.77327    
  -89.20650       21.02660       7.171227    
  -77.72300       20.79700       39.08390    
  -76.84140       20.61370       71.37652    
  -89.71550       20.46870       146.0765    
  -90.12780       20.31410       144.5191    
  -90.36380       19.53560       17.14515    
  -88.34440       19.02780       26.79348    
  -96.22950       19.14450       62.29365    
  -71.26910       18.35280       76.49152    
  -71.24980       18.35280       124.9545    
  -90.23720       16.43960       81.45149    
  -76.84890       40.53820       67.40800    
  -109.0056       37.19750       371.0856    
  -103.0761       36.53240       126.2719    
  -103.0355       36.50480       1142.669    
  -81.38500       27.56130       238.3301    
  -81.55080       26.93120       130.3221    
  -81.38220       22.89450       77.26105    
  -81.85640       22.77470       33.70345    
  -80.23900       22.39310       27.28755    
  -78.28040       21.18230       46.87247    
  -78.26080       21.18230       40.19922    
  -77.88350       20.97890       38.84150    
  -89.35800       20.56390       108.6311    
  -89.73600       20.46900       25.18405    
  -90.13790       20.05290       181.7576    
  -96.78960       16.95630       261.4045    
  -90.23530       16.42010       45.94375    
  -89.63780       16.21810       10.41207    
  -92.42640       16.15920       183.1703    
  -89.54780       15.42360       9.998346    
  -93.15500       46.33220       32.08670    
  -108.9893       37.17060       498.1760    
  -82.01750       28.42600       288.3694    
  -81.92600       27.50090       62.52629    
  -80.19970       26.94150       125.8742    
  -78.34420       21.36470       30.72179    
  -78.34360       21.34450       22.57546    
  -96.10680       18.64300       21.13787    
  -91.83870       17.81330       28.57132    
  -90.21720       16.43930       40.70752    
  -92.42430       16.13980       151.0490    
  -92.51720       45.89240       21.98810    
  -95.21860       40.52100       28.89019    
  -97.33770       40.06220       79.81276    
  -97.30970       40.06090       40.18147    
  -80.65310       22.72440       36.57569    
  -90.11260       20.01230       24.00454    
  -90.11030       19.99220       19.03414    
  -90.25720       16.43980       38.60669    
  -89.24820       15.15030       114.5064    
  -101.9190       47.80780       26.67525    
  -94.70450       41.05660       54.91748    
  -81.94700       27.50110       319.8552    
  -82.01840       23.12690       83.46863    
  -81.78960       23.00100       281.0629    
  -80.67410       22.74510       52.33886    
  -80.65410       22.74500       40.04710    
  -80.67310       22.72460       29.03129    
  -78.68080       22.09840       43.47373    
  -78.66110       22.09830       40.41220    
  -78.68020       22.07800       32.07951    
  -78.66040       22.07790       25.13117    
  -77.15990       20.99710       16.85172    
  -101.3378       20.84590       235.6631    
  -90.13020       20.33430       151.0252    
  -89.65460       19.20550       108.8875    
  -71.66150       17.99790       93.25127    
  -95.64240       17.82070       18.40468    
  -91.22230       17.58740       62.61245    
  -98.38500       16.43820       271.9227    
  -98.38190       16.41860       267.4892    
  -90.36390       16.09160       7.515997    
  -86.70020       15.64350       14.92857    
  -120.4718       43.66250       392.8018    
  -91.92260       41.03360       36.20592    
  -95.20850       40.49290       34.62635    
  -81.45970       38.94700       14.52885    
  -82.04050       28.44840       150.9579    
  -80.90010       27.84180       21.91118    
  -81.92760       27.52280       208.2158    
  -81.71960       22.83540       215.9090    
  -82.39710       22.75880       237.9253    
  -101.3145       20.84520       414.4898    
  -90.23810       20.03440       20.10848    
  -88.98260       19.93480       77.72278    
  -88.96230       19.93450       24.83833    
  -89.67500       19.20580       57.71322    
  -89.39070       19.20160       14.85961    
  -69.62320       18.59660       64.31875    
  -99.98180       16.98230       53.22098    
  -98.36030       16.41820       151.1016    
  -103.0190       36.52950       415.1830    
  -103.0070       36.50340       400.2807    
  -82.01970       23.14760       33.80328    
  -82.08090       22.83850       20.95151    
  -81.17840       22.83110       39.13079    
  -81.33060       22.31870       483.0263    
  -76.82050       20.51320       54.75921    
  -77.05020       20.25300       74.64813    
  -101.0915       20.04560       376.0706    
  -89.56750       19.52330       95.28864    
  -89.56530       19.50330       38.43277    
  -103.8654       18.94960       56.80656    
  -95.56740       18.17540       299.1750    
  -88.54140       17.94310       54.32899    
  -92.01380       16.65940       49.27974    
  -93.34400       16.32890       124.2430    
  -89.22840       15.15010       40.46544    
  -88.15440       41.10950       23.40961    
  -82.34290       27.46160       99.11475    
  -81.19960       22.85190       281.0425    
  -80.19920       22.39290       17.73025    
  -81.31070       22.31860       494.0684    
  -80.25340       22.27030       28.69852    
  -78.46960       21.62900       29.28420    
  -78.46900       21.60870       19.83872    
  -99.67070       21.27070       84.49466    
  -76.86090       20.61370       43.02115    
  -90.27440       19.99480       50.11306    
  -102.0967       20.21500       147.9248    
  -89.58790       19.52360       25.11493    
  -90.43130       19.05810       26.52428    
  -90.53840       18.56340       47.09539    
  -90.63410       18.32740       15.51868    
  -95.57630       18.23500       49.14422    
  -95.55500       18.23460       45.84308    
  -91.56510       15.04410       15.70698    
  -91.86290       40.83590       22.30924    
  -92.81070       40.04120       90.00217    
  -80.81380       28.79180       69.07399    
  -82.36570       27.48370       105.9804    
  -78.00780       25.02400       16.61359    
  -81.32950       22.29830       47.97068    
  -90.10720       20.31380       16.42149    
  -90.27680       20.01490       34.90063    
  -90.55770       19.61870       17.10222    
  -89.43520       18.46810       17.55828    
  -98.80350       18.56180       390.0375    
  -90.97660       15.38350       22.71851    
  -95.75380       40.13000       66.55500    
  -109.0375       37.19940       493.8528    
  -109.0212       37.17250       1511.271    
  -82.06170       28.44860       365.0926    
  -81.93570       27.34820       283.2385    
  -81.91470       27.34800       292.1013    
  -81.93250       27.30450       141.5568    
  -78.10790       21.34360       142.0826    
  -77.56710       20.81670       38.26196    
  -77.70350       20.79690       26.99471    
  -76.83990       20.51320       92.91078    
  -89.89710       20.27010       8.964035    
  -90.26490       19.91440       27.91089    
  -89.55820       19.62310       20.03979    
  -90.15920       19.17330       37.74735    
  -95.14730       18.04850       16.13293    
  -90.60310       16.89280       20.70694    
  -91.99340       16.65910       48.10792    
  -92.18410       16.54500       143.7486    
  -92.97660       16.51810       210.1329    
  -89.21930       16.42650       64.94854    
  -92.31320       14.88080       117.5895    
  -92.29300       14.88050       33.43723    
  -93.89480       41.70100       20.23272    
  -80.26870       39.25430       12.46920    
  -118.9809       35.04610       314.2498    
  -81.37790       28.06610       116.9238    
  -80.61620       22.37510       35.41585    
  -89.62280       21.07380       148.1991    
  -77.54750       20.81660       31.41396    
  -77.56670       20.79650       37.39777    
  -77.54710       20.79650       38.25581    
  -76.84170       20.63380       569.3743    
  -89.59450       19.58360       26.65680    
  -99.01710       18.64650       108.1278    
  -95.95480       16.90130       303.5974    
  -95.93370       16.90090       283.5056    
  -92.41880       16.82180       108.9760    
  -88.14910       42.30370       94.12156    
  -89.64240       41.60510       38.57528    
  -96.27380       40.42770       25.37077    
  -82.03870       28.42620       892.6146    
  -82.63620       23.02910       89.11185    
  -82.81200       22.94820       15.70698    
  -81.89650       22.77510       26.54213    
  -90.03290       20.03110       32.89865    
  -99.56420       19.20000       64.02509    
  -89.45540       18.46830       10.82580    
  -96.24130       18.54630       102.1106    
  -95.54620       18.17500       58.24894    
  -90.58780       17.71560       14.89409    
  -99.95960       16.98180       166.9586    
  -86.75420       15.29720       14.06664    
  -106.8508       41.24610       129.8401    
  -81.21870       27.58160       188.7423    
  -81.25630       26.88510       30.39338    
  -97.97860       25.17380       194.7686    
  -78.18080       21.12130       20.87165    
  -76.25600       20.55240       29.93644    
  -98.53180       20.64940       90.26615    
  -90.05820       20.07170       62.58895    
  -90.05110       20.01130       21.59844    
  -95.56450       18.15550       198.2295    
  -95.54320       18.15510       36.63188    
  -88.59770       17.47260       164.2490    
  -92.18630       16.56450       294.4249    
  -88.98320       43.05630       58.61277    
  -89.65000       41.63370       33.20828    
  -92.26210       41.43970       51.69992    
  -91.93120       41.06190       18.10296    
  -80.59630       22.37500       43.50035    
  -80.61530       22.35460       31.33410    
  -78.18130       21.14150       16.66537    
  -89.51250       21.01120       82.87556    
  -89.51010       20.99090       38.60552    
  -89.54940       19.54300       15.68706    
  -90.49710       17.81260       94.61401    
  -95.93640       16.92060       144.1591    
  -90.55350       16.19110       7.998678    
  -91.21200       15.54120       17.60895    
  -97.16410       40.10920       70.49505    
  -80.80500       26.64330       33.38399    
  -82.21190       23.00460       146.7696    
  -76.78940       21.07700       19.32757    
  -90.14020       20.07300       32.97038    
  -89.23700       19.27900       25.46331    
  -96.26280       18.54670       90.19834    
  -93.63640       18.02090       17.35754    
  -95.95760       16.92100       96.99227    
  -94.33010       16.30590       77.65132    
  -88.94400       16.22900       19.18559    
  -88.47450       15.56560       7.550475    
  -94.67900       41.81860       19.75352    
  -89.80270       41.61020       18.08521    
  -83.96330       39.82320       15.54725    
  -80.61230       22.29310       125.8742    
  -78.44290       22.07700       43.78432    
  -78.42320       22.07690       38.42442    
  -78.44230       22.05660       50.34221    
  -78.21430       20.89940       39.87976    
  -76.81990       20.47300       15.33427    
  -75.86450       20.25110       29.05791    
  -75.84510       20.25110       44.75158    
  -90.15840       20.05320       20.77603    
  -101.1101       20.02590       183.8878    
  -69.60380       18.59670       53.03103    
  -92.04020       18.13210       38.55676    
  -101.1744       18.23880       136.9480    
  -88.59950       17.49220       29.71922    
  -93.92030       41.93010       32.25182    
  -81.42550       27.53980       123.4815    
  -78.15610       21.68880       41.69006    
  -78.13640       21.68870       39.66678    
  -89.48580       21.13240       243.8033    
  -89.53070       20.99120       50.36589    
  -77.41110       20.83640       17.30430    
  -89.00290       19.93510       12.27383    
  -90.39360       19.61610       49.37581    
  -90.39130       19.59600       21.32011    
  -92.20230       16.52580       271.8365    
  -92.62270       16.27890       26.80985    
  -85.32920       15.41900       10.44655    
  -92.56560       14.98050       177.7574    
  -90.08610       43.20980       253.9035    
  -88.27030       41.81970       71.93266    
  -95.81120       40.79600       84.42369    
  -119.0196       35.04880       84.55148    
  -82.05990       28.42650       357.9655    
  -81.43610       27.69310       72.09594    
  -81.25490       26.86350       124.5873    
  -78.42260       22.05650       39.98624    
  -87.97830       21.19040       78.33840    
  -76.71090       21.05660       21.51058    
  -76.87290       20.09250       152.1413    
  -90.00960       19.83020       9.377759    
  -88.86260       17.31920       11.48086    
  -90.53300       15.97740       82.26274    
  -84.51030       15.58560       89.72127    
  -91.21010       15.52180       13.79082    
  -92.44370       41.33350       41.58356    
  -92.62520       40.97520       77.64404    
  -82.62510       22.86390       108.6311    
  -98.15080       22.71460       78.33840    
  -78.13070       21.46530       60.69816    
  -78.13010       21.44500       41.21086    
  -90.07870       20.07200       71.21666    
  -88.55950       17.92370       17.87816    
  -89.80090       16.25900       21.85284    
  -90.53480       15.99690       17.19781    
  -86.00170       15.65620       12.45910    
  -91.09460       41.20100       49.01686    
  -118.2985       41.87820       424.8867    
  -90.05930       40.00270       348.3246    
  -81.37080       22.68850       16.48789    
  -79.37220       22.06090       16.18618    
  -90.20180       20.07400       24.12568    
  -89.83040       20.04800       117.3399    
  -89.82810       20.02790       43.24646    
  -90.66750       19.68050       73.11048    
  -89.61490       19.58400       31.06904    
  -100.7140       18.30740       124.7103    
  -90.51730       17.81290       26.58181    
  -88.66480       17.76780       10.41207    
  -96.62550       17.28740       83.56627    
  -95.97520       16.74490       43.12974    
  -89.82080       16.25920       16.61794    
  -90.06410       16.08770       18.01012    
  -87.96790       42.21210       15.81347    
  -106.5297       40.83360       126.1491    
  -81.40450       27.53960       119.2775    
  -80.50390       26.81380       55.16079    
  -80.48320       26.81370       702.1375    
  -80.48190       26.79200       37.64351    
  -82.11260       23.02440       152.4285    
  -80.80990       22.66380       17.62376    
  -80.56240       22.49780       52.04602    
  -80.54240       22.49770       287.3010    
  -78.58190       22.09800       44.78708    
  -78.58130       22.07760       78.01698    
  -89.53310       21.01150       9.998346    
  -89.49200       21.01080       8.895081    
  -90.10960       20.33400       107.2517    
  -98.21930       20.29660       128.6331    
  -90.02180       20.11130       207.5630    
  -89.06380       19.55580       128.8055    
  -90.02580       19.07180       58.79606    
  -91.08250       18.33430       13.25776    
  -93.50380       17.95930       23.80007    
  -90.08320       16.71010       21.93202    
  -114.9374       46.72810       147.9864    
  -95.48450       39.38370       34.39562    
  -81.83100       23.02200       132.9367    
  -81.81090       23.02180       275.1020    
  -78.60110       22.07770       82.06497    
  -79.23070       21.97850       17.26247    
  -89.24290       20.98660       71.39205    
  -90.07630       20.05190       20.62541    
  -89.82100       19.60710       36.07936    
  -89.80060       19.60680       43.01948    
  -89.79840       19.58680       32.17752    
  -90.81260       18.46860       8.998512    
  -89.12380       17.12700       28.91150    
  -92.20450       16.54530       332.2159    
  -91.43710       41.10050       19.38082    
  -95.78340       40.79480       175.7052    
  -81.53910       22.83390       14.05642    
  -80.81750       22.41750       34.58198    
  -80.79760       22.41730       29.92313    
  -80.81650       22.39700       192.2599    
  -89.50640       21.13280       42.08213    
  -92.69690       17.78780       85.25459    
  -88.42270       16.61130       53.50174    
  -90.20650       16.53650       16.44555    
  -90.07680       16.22370       30.59398    
  -91.18590       15.05840       117.4251    
  -122.1048       39.62050       63.30712    
  -77.87560       37.05380       37.69106    
  -82.11390       23.04510       37.64601    
  -82.45080       22.96550       16.04419    
  -79.54040       21.79670       18.56441    
  -87.32920       20.79660       34.12000    
  -90.02890       20.17170       15.38752    
  -90.08100       20.09210       42.39117    
  -90.06050       20.09180       31.49599    
  -101.9101       20.20990       188.1839    
  -89.08010       17.93050       58.16375    
  -90.63780       16.63970       28.35591    
  -93.03360       16.65560       248.9895    
  -92.18200       16.52540       275.1989    
  -90.15820       15.37320       16.56382    
  -94.15520       41.74000       24.06629    
  -121.1434       42.43150       965.8722    
  -95.97470       38.81330       98.42399    
  -80.47780       22.39470       54.68159    
  -90.13430       19.13310       187.7520    
  -90.51980       18.94010       21.30682    
  -89.06010       17.93020       254.5072    
  -93.20960       16.75610       179.4620    
  -92.32600       16.72270       81.73199    
  -95.82480       41.98230       45.09767    
  -93.33560       41.33910       23.16114    
  -96.95600       40.90240       209.6708    
  -122.2404       39.35930       312.5841    
  -82.13400       23.04520       21.20339    
  -81.08960       22.66580       16.65472    
  -79.37140       22.04050       14.74859    
  -89.75180       20.42890       16.78086    
  -97.41910       20.25730       170.2676    
  -90.24440       19.91410       12.20488    
  -100.4903       19.34350       51.86649    
  -88.96720       18.81800       101.0916    
  -91.00060       16.83980       19.06581    
  -94.52310       16.52370       186.2586    
  -92.59820       40.97420       23.64034    
  -94.33120       40.84570       23.42736    
  -123.1492       38.83830       460.1017    
  -81.59490       27.56330       73.15017    
  -81.92440       27.47910       279.7016    
  -82.50570       22.88350       12.48572    
  -81.17950       22.85180       28.64527    
  -78.60170       22.09810       54.69933    
  -79.41810       21.69430       63.50235    
  -78.44420       21.42590       66.28453    
  -77.97810       20.83810       31.09934    
  -72.28980       19.21840       18.04972    
  -90.89650       17.38620       67.24785    
  -94.35080       16.30620       28.71194    
  -84.21450       15.44850       40.83420    
  -94.34110       40.87400       83.96578    
  -80.38590       22.55820       59.08750    
  -79.41880       21.71470       54.65497    
  -77.69120       21.13990       16.69200    
  -102.7453       20.88620       60.50385    
  -102.7216       20.88550       247.6100    
  -102.7166       20.86490       66.66628    
  -97.42280       20.27760       28.17928    
  -90.21160       19.63320       31.15138    
  -90.19120       19.63280       16.34212    
  -89.91910       19.20950       7.205704    
  -90.02800       19.09170       45.59476    
  -96.39320       18.82830       235.3165    
  -96.37170       18.82790       48.64584    
  -93.52720       17.97940       11.92666    
  -90.43550       17.41880       21.72616    
  -88.84800       17.37780       31.16933    
  -90.20590       17.14140       66.48759    
  -90.99850       16.82030       17.45060    
  -84.21550       15.46770       55.79713    
  -95.92200       41.44620       22.68194    
  -94.43680       40.68300       28.04894    
  -81.21960       22.85210       36.79160    
  -81.11290       22.72770       23.84357    
  -78.69620       21.95560       29.32984    
  -98.36360       21.91370       120.0842    
  -77.69170       21.16010       22.27374    
  -77.76520       20.93820       21.91878    
  -89.72020       20.50910       56.56063    
  -98.82320       19.74540       263.9453    
  -90.04610       19.07210       60.03725    
  -90.63980       16.65920       36.42140    
  -90.07860       16.02970       15.99450    
  -91.82680       41.50870       17.83674    
  -94.45650       40.73940       64.10577    
  -95.86270       40.71470       40.69616    
  -95.52270       40.31270       24.22602    
  -96.82870       39.17090       638.6606    
  -112.6235       39.09630       305.2018    
  -81.36400       27.56110       219.4505    
  -78.62090       22.07770       34.98131    
  -90.02420       20.13140       32.34199    
  -89.59670       19.60370       31.19846    
  -99.27970       19.57510       41.21228    
  -90.17960       19.17360       76.89168    
  -69.40970       18.61750       93.42123    
  -90.42290       18.62110       8.895081    
  -100.4208       17.20900       284.4130    
  -100.3949       17.18870       51.69992    
  -91.52220       15.42940       129.6676    
  -88.83150       43.40560       329.3006    
  -81.11400       22.74830       93.72905    
  -80.65910       22.43690       155.6840    
  -78.53700       21.91420       19.40744    
  -89.49680       21.05150       21.72355    
  -98.10450       21.18900       18.79513    
  -77.99760       20.83820       37.53702    
  -99.36720       20.02130       61.10088    
  -98.55110       19.35660       189.5702    
  -97.89180       18.86070       59.32795    
  -90.58570       17.69590       74.18292    
  -94.70320       41.73420       21.24436    
  -96.83900       39.19830       680.1306    
  -96.80130       39.16970       102.3350    
  -96.81840       39.14360       754.1219    
  -77.84940       21.20100       125.3866    
  -88.96520       18.79810       126.8050    
  -88.77540       18.30090       46.59519    
  -88.84620       17.35820       54.96781    
  -90.11670       16.22420       13.65291    
  -94.67520       41.73300       28.85825    
  -90.07820       39.97600       400.5534    
  -121.7168       39.45280       57.02433    
  -81.83230       23.04260       286.6079    
  -83.52950       22.83160       12.96337    
  -80.26600       22.10680       89.62769    
  -78.69560       21.93520       31.73342    
  -79.39830       21.69420       44.91132    
  -77.55410       21.13950       16.15956    
  -89.50880       21.15310       63.25556    
  -89.91760       20.27050       26.90207    
  -90.57280       19.39910       18.46407    
  -89.17200       19.23830       32.96929    
  -89.47760       18.09350       21.06899    
  -90.77090       17.34520       22.65325    
  -90.85110       16.95490       26.20256    
  -121.9166       39.52350       85.77609    
  -83.32170       22.74710       21.64170    
  -80.36590       22.55810       68.30540    
  -80.38490       22.53770       50.63504    
  -83.16450       22.51930       28.47270    
  -80.20200       22.00430       18.51418    
  -89.62520       21.09410       163.7512    
  -101.9153       20.02730       198.0032    
  -89.39280       19.22160       41.88604    
  -88.85110       18.46000       48.59597    
  -91.24140       18.29720       12.08639    
  -93.49330       18.03810       53.67675    
  -94.03140       40.91750       54.12253    
  -106.7488       37.79330       381.7777    
  -105.0394       33.93570       385.4812    
  -81.81220       23.04250       26.40942    
  -81.17730       22.81050       66.63487    
  -81.36510       22.58570       133.0177    
  -98.46020       21.73110       24.11953    
  -89.15170       19.23800       17.79016    
  -88.94700       18.81770       81.55756    
  -98.98710       18.96570       74.02902    
  -89.17200       18.04990       71.71849    
  -89.15190       18.04960       172.5292    
  -89.17000       18.03020       183.2587    
  -89.15000       18.02990       326.8589    
  -89.42580       16.29310       153.1181    
  -90.77300       41.84130       23.48060    
  -94.03150       41.31020       30.56206    
  -91.28250       41.20750       19.06135    
  -95.66060       40.53960       26.11618    
  -89.93150       40.10830       29.39069    
  -80.74790       22.62230       153.8741    
  -78.71470       21.91490       28.21932    
  -77.47050       20.87690       24.43234    
  -90.72870       18.98320       14.96304    
  -88.94500       18.79790       62.30096    
  -96.24450       18.56620       80.39029    
  -94.70700       41.81980       37.56364    
  -94.32360       41.51970       19.43406    
  -102.6413       41.16320       1182.951    
  -80.53670       26.66270       39.66678    
  -80.55620       26.64130       58.72813    
  -99.38950       25.25970       132.0406    
  -80.73200       22.70440       37.53702    
  -80.73100       22.68380       26.56876    
  -80.07150       22.65890       35.51375    
  -80.53560       22.35410       12.80518    
  -90.78840       17.69890       11.60719    
  -98.52730       16.65680       186.6848    
  -92.22480       16.54560       205.5370    
  -92.96090       16.38140       393.4750    
  -87.81700       15.17320       141.5079    
  -88.18750       41.25090       71.02808    
  -102.6260       41.13430       112.2384    
  -95.82030       40.60180       17.03808    
  -95.65020       40.51140       17.62376    
  -81.56160       27.38810       34.88074    
  -79.85400       22.69870       16.60452    
  -80.05160       22.65880       33.61471    
  -78.71410       21.89460       16.39915    
  -78.18700       21.36420       14.23067    
  -89.40550       20.26240       12.30220    
  -88.96920       18.83790       51.39113    
  -99.86750       16.96010       233.1259    
  -88.46230       16.61180       100.1568    
  -89.93860       40.13590       27.15444    
  -102.7083       38.83850       208.9777    
  -120.5958       38.87680       217.5888    
  -76.73990       20.31240       86.38210    
  -102.3973       20.50840       250.0241    
  -98.82700       19.76570       312.4157    
  -89.37250       19.22130       51.24334    
  -90.53800       19.09960       296.9251    
  -88.98730       18.81830       66.63533    
  -106.7321       41.60600       228.7318    
  -102.6107       41.16150       1704.745    
  -102.5954       41.13260       1828.815    
  -77.99320       37.57090       13.30419    
  -81.56010       27.36630       50.63504    
  -82.19370       22.71590       97.42316    
  -82.93460       22.68150       12.74306    
  -77.20540       20.23330       56.33881    
  -77.35960       20.15360       16.21812    
  -89.95950       19.74930       14.18851    
  -98.80090       19.74490       180.7070    
  -88.47100       19.08910       8.240016    
  -90.04840       19.09200       210.5375    
  -88.98530       18.79840       25.47854    
  -90.17680       16.84790       30.45578    
  -88.46400       16.63130       28.58148    
  -96.63180       16.60030       276.4707    
  -96.61050       16.59990       189.7557    
  -96.62900       16.58070       135.3867    
  -96.60770       16.58030       185.0725    
  -97.95930       16.33200       87.38074    
  -95.91090       41.41740       25.77010    
  -101.4631       26.88850       183.6848    
  -101.9566       20.41450       58.72982    
  -91.78680       18.06880       12.14629    
  -88.74470       17.33730       66.50232    
  -92.94040       16.38110       418.3900    
  -92.95870       16.36190       267.3361    
  -84.14400       14.83380       42.01647    
  -117.4765       46.46940       69.11072    
  -107.2326       41.29860       167.6284    
  -93.37420       39.65300       36.64518    
  -122.2220       39.30350       84.76445    
  -79.11690       22.12090       14.12741    
  -90.16710       19.95300       107.9797    
  -89.21880       19.29870       27.15544    
  -95.81650       18.27940       22.14950    
  -94.46210       17.95660       19.86211    
  -101.5620       17.67110       123.8050    
  -95.87030       41.95570       18.15620    
  -96.72870       18.77550       66.92770    
  -93.93360       16.61150       17.38975    
  -98.54900       16.65720       206.9165    
  -102.5801       41.15980       1843.630    
  -102.5648       41.13080       1326.904    
  -81.85390       22.73360       27.54135    
  -79.29960       22.24440       14.26939    
  -78.08830       21.34350       170.4225    
  -90.32510       20.07600       282.1823    
  -90.30450       20.07560       176.5687    
  -101.0368       20.00360       106.4263    
  -102.2190       18.66470       109.5383    
  -95.81950       18.29930       31.85864    
  -91.86150       17.83340       58.42027    
  -88.74650       17.35690       62.22781    
  -90.31740       16.44060       8.722694    
  -92.96310       16.40090       320.9870    
  -92.94270       16.40060       388.2203    
  -92.93820       16.36160       311.3232    
  -90.20030       16.05070       22.52221    
  -84.46990       15.20060       115.7008    
  -90.47980       14.74180       165.8780    
  -106.6382       41.45840       155.4337    
  -107.2185       41.32590       135.3183    
  -90.05220       39.97510       41.39987    
  -122.0529       38.91150       465.6212    
  -80.76990       22.66350       24.09824    
  -78.11100       21.46520       11.44746    
  -78.16270       21.18190       11.39422    
  -78.14310       21.18180       10.16960    
  -77.22490       20.23340       258.3007    
  -77.20510       20.21330       59.10084    
  -92.03780       18.11230       174.0125    
  -77.32240       17.93630       13.73695    
  -92.40390       16.13950       205.8819    
  -104.7775       38.73820       71.44954    
  -119.1787       35.58930       102.3478    
  -81.01260       28.59350       17.10062    
  -80.46850       26.55420       84.92419    
  -81.68070       22.85570       119.2178    
  -82.87420       22.68090       61.82188    
  -80.36690       22.57860       109.6117    
  -80.34820       22.16870       34.50211    
  -78.15080       21.48570       42.00952    
  -78.13120       21.48560       43.64233    
  -76.71110       21.07680       15.60049    
  -88.30110       20.00510       11.17057    
  -93.54800       17.97980       10.80853    
  -99.96300       17.00160       129.9613    
  -120.4810       43.63360       206.7337    
  -81.25630       22.79050       163.3469    
  -80.38680       22.57870       68.15232    
  -80.34910       22.18910       33.51710    
  -76.69160       21.07680       26.03632    
  -89.33840       19.28050       48.84690    
  -96.17810       18.82380       89.66380    
  -88.86730       18.42070       10.23969    
  -93.50630       18.13720       16.87835    
  -90.73620       16.81660       21.37577    
  -84.23470       15.46790       48.98112    
  -91.20600       15.05870       66.48759    
  -88.80410       43.40480       52.79142    
  -96.26390       40.04210       27.60701    
  -81.86250       22.87780       19.64704    
  -79.11270       21.99840       32.86219    
  -89.31810       19.28020       340.2386    
  -69.04040       18.65910       126.5453    
  -68.96620       18.58060       20.20610    
  -93.83970       17.66930       57.67130    
  -99.93740       16.98140       61.20348    
  -91.91850       16.15180       29.42624    
  -90.01900       15.37140       30.62739    
  -84.14310       14.81460       10.16960    
  -90.06880       40.83130       19.11460    
  -96.41080       39.63930       117.1318    
  -99.13950       37.76320       162.8848    
  -80.78580       22.58140       15.79572    
  -69.05970       18.65900       119.3391    
  -68.98560       18.58050       57.07757    
  -95.51760       18.55160       12.29936    
  -77.21000       18.09290       12.68756    
  -88.76640       17.35720       68.44057    
  -88.76460       17.33760       51.05331    
  -97.64810       16.97300       33.00634    
  -83.89070       14.73620       6.136916    
  -118.1115       46.39860       98.55466    
  -87.30980       40.44650       24.14615    
  -80.89870       27.81980       16.00303    
  -77.48890       20.81650       43.94004    
  -77.28250       20.19350       58.22054    
  -90.28890       19.59440       11.74554    
  -99.74740       19.56650       85.41368    
  -69.03950       18.67880       345.1771    
  -122.4696       41.57120       441.1440    
  -98.08820       38.24080       27.84661    
  -78.46320       21.40570       115.1835    
  -101.7049       20.42790       171.5489    
  -69.00490       18.58040       591.6992    
  -88.79540       18.30120       54.11351    
  -99.93400       16.96160       121.5634    
  -89.70280       16.49100       14.12517    
  -110.5312       42.43480       79.92590    
  -102.5342       41.12910       1327.338    
  -106.4980       36.25540       129.9613    
  -89.16210       16.89310       28.89431    
  -90.29610       40.31210       109.3508    
  -80.54140       22.47710       10.75529    
  -88.45930       18.96980       15.99375    
  -88.61050       18.87260       13.38619    
  -93.05480       18.01080       12.19288    
  -90.65340       16.99120       18.40645    
  -91.21510       16.18070       15.58203    
  -84.53280       15.29710       16.05709    
  -81.97800       22.79640       93.80213    
  -96.23560       18.64570       13.89668    
  -95.63710       18.21640       21.24436    
  -88.82630       17.35790       93.35491    
  -95.19480       16.24240       28.19778    
  -90.38210       16.07240       14.16290    
  -119.9336       47.04340       414.5923    
  -95.86220       39.31830       160.1123    
  -120.6099       38.85100       314.7346    
  -80.78990       22.66370       20.13954    
  -99.04630       18.92710       138.9789    
  -88.64500       17.98380       27.58039    
  -93.07010       16.44160       99.66476    
  -123.5160       43.93390       396.9612    
  -92.05940       40.87080       21.83004    
  -97.73260       38.78210       215.2159    
  -78.46270       21.38550       11.44746    
  -96.57020       18.59290       113.6728    
  -99.84540       16.95970       305.5466    
  -80.67710       22.80690       10.56893    
  -102.5224       20.83870       177.2584    
  -100.5444       20.15280       174.4995    
  -102.2617       19.71270       51.44695    
  -96.50000       19.35050       54.48290    
  -83.16390       42.30190       44.57198    
  -82.57020       22.94590       50.24459    
  -76.17570       20.29150       20.12623    
  -89.98490       19.97010       34.27717    
  -89.16650       19.75720       167.9842    
  -95.29550       18.62670       12.77856    
  -88.60550       18.20000       11.07475    
  -93.44640       18.15590       20.03749    
  -90.86530       16.70130       25.78907    
  -89.96810       16.55280       30.16642    
  -121.3492       41.90290       759.5513    
  -96.41140       39.85710       23.90656    
  -122.1452       39.54200       304.1672    
  -75.43700       20.23080       116.9078    
  -90.22710       20.11460       81.04227    
  -88.89600       19.69320       24.81582    
  -90.30930       19.59470       15.53084    
  -98.99300       19.58830       41.43626    
  -89.63650       19.22520       34.51153    
  -92.79220       16.51520       92.76753    
  -93.99670       41.99040       56.04818    
  -93.56770       40.98300       185.6217    
  -78.38020       21.95430       56.15911    
  -76.61410       21.13730       14.48237    
  -75.43690       20.21070       20.39245    
  -96.11550       18.42440       12.45910    
  -77.13450       18.17130       33.06350    
  -92.50290       14.96040       15.97320    
  -79.56140       22.34820       13.68371    
  -78.37960       21.93390       51.64668    
  -76.83430       20.11240       81.55956    
  -98.37900       19.85570       121.9903    
  -89.41740       19.26180       17.76731    
  -95.92000       18.40060       12.21950    
  -90.72750       16.32950       44.10157    
  -91.99130       40.64580       15.28103    
  -96.87320       39.14600       1553.123    
  -96.84580       39.14480       1172.998    
  -82.55010       22.94580       18.31594    
  -76.17590       20.31150       32.79830    
  -77.20270       20.07320       14.24971    
  -97.90020       19.28130       49.86571    
  -69.17910       18.57940       67.90733    
  -93.27360       16.77670       116.7919    
  -89.94810       16.55250       247.0997    
  -112.2862       41.98600       184.7183    
  -111.9901       41.96440       184.3717    
  -94.67380       40.66480       65.82733    
  -90.42120       19.67650       18.34179    
  -95.49960       18.43200       17.09132    
  -88.82810       17.37750       143.6798    
  -88.80630       17.35770       57.26078    
  -93.00170       16.73320       130.0125    
  -111.9532       41.96180       190.9564    
  -94.40740       40.59860       37.59026    
  -78.10110       21.85140       14.42912    
  -77.05200       20.37320       16.47902    
  -101.8983       19.31940       125.4559    
  -91.03060       41.25510       23.90656    
  -95.58480       40.70280       31.49383    
  -118.3299       41.90930       384.3388    
  -80.81040       22.27400       32.51878    
  -77.74650       20.97850       66.88673    
  -90.63570       19.06130       9.343283    
  -68.96540       18.60030       49.62341    
  -89.14690       18.40470       12.28826    
  -88.62250       18.37790       14.96156    
  -95.64950       18.15720       53.19076    
  -89.99740       16.65050       18.09985    
  -93.85050       40.38290       15.06805    
  -114.5182       33.85890       254.9614    
  -114.5011       33.83340       302.8964    
  -80.37740       22.80490       52.23236    
  -80.35740       22.80480       75.02079    
  -88.69700       18.31960       11.92666    
  -91.78740       18.24660       10.51569    
  -88.37600       15.31390       28.69851    
  -107.3961       42.27800       281.7560    
  -94.43120       40.82190       58.14245    
  -120.6391       38.88020       315.3068    
  -98.82990       21.88490       15.60049    
  -76.65140       20.99600       12.13963    
  -91.92060       16.17130       129.0948    
  -95.34190       40.11270       36.73836    
  -95.93180       39.51040       15.33427    
  -83.39330       22.62430       10.80853    
  -76.65160       21.01620       10.75529    
  -77.31490       20.91680       18.15620    
  -75.35930       20.25080       17.51728    
  -88.89810       19.71330       12.72203    
  -95.91120       18.75850       71.38618    
  -94.37350       18.07360       12.08639    
  -89.99550       16.63100       12.72203    
  -90.72550       16.31000       9.481191    
  -87.89810       15.21250       6.343778    
