  -110.8551       44.89750       149.0223    
  -111.1822       40.00330       1582.640    
  -121.8333       39.05570       51.48251    
  -101.2490       37.70670       154.3011    
  -120.1802       38.73700       11580.31    
  -120.1944       38.71130       12632.54    
  -119.9555       37.60540       19562.64    
  -93.11510       17.83420       243.6166    
  -101.0795       34.53140       303.4240    
  -101.0324       19.98330       315.9521    
  -101.0094       19.98270       719.2397    
  -119.2371       45.90040       1448.460    
  -113.3554       45.15320       559.8858    
  -118.4467       45.54960       894.4233    
  -106.0664       38.49250       1218.244    
  -97.91330       36.29260       29.76339    
  -120.9757       43.94500       251.2585    
  -110.7764       33.00450       1432.542    
  -120.2725       45.71250       1052.399    
  -101.4631       26.88850       133.9794    
  -101.4139       26.88680       39.02847    
  -83.29330       36.90750       188.0746    
  -70.34600       18.92870       707.2489    
  -103.0699       31.97060       119.5644    
  -110.8616       33.42080       413.2608    
  -93.18470       17.89460       88.09642    
  -118.8894       46.65930       78.42842    
  -93.11760       17.85400       25.45064    
  -97.48990       20.52240       23.80007    
  -102.9685       32.77370       123.3766    
  -94.21910       33.21940       322.0981    
  -95.18220       34.04960       270.4146    
  -94.49610       33.88000       3589.130    
  -94.52080       33.88090       644.2614    
  -95.15380       33.95130       264.1216    
  -97.57320       28.72430       23.64266    
  -81.25490       26.86350       117.1015    
  -97.95630       39.00600       292.4995    
  -84.97480       30.97220       76.02126    
  -98.44010       49.53720       31.99039    
  -102.4803       48.51430       23.05465    
  -109.6423       30.50830       328.6578    
  -81.60590       26.82340       20.04637    
  -95.11390       31.61530       98.09187    
  -90.81600       29.72180       18.79513    
  -91.80900       37.55350       118.0626    
  -94.51400       33.85640       957.0375    
  -94.57330       31.55120       2437.736    
  -91.80200       37.52720       145.5923    
  -102.1895       32.26280       495.8979    
  -95.26510       30.46250       257.2454    
  -97.70910       38.30320       44.08604    
  -94.48930       33.85560       616.3195    
  -95.25920       30.43930       619.8735    
  -90.96870       29.92970       333.2419    
  -81.58870       27.47570       129.1293    
  -80.78610       48.67980       417.6520    
  -97.82590       36.33970       31.97302    
  -94.56910       30.78560       690.0967    
  -81.09810       27.01390       74.64813    
  -71.28900       19.77850       152.1413    
  -80.78170       48.64550       351.8318    
  -105.9691       37.61770       1099.761    
  -92.75750       50.48470       253.4343    
  -105.9995       37.61950       945.0784    
  -98.12820       34.11170       135.8528    
  -81.11890       27.01410       97.36712    
  -81.62680       26.82360       263.8299    
  -93.95710       32.21200       116.9948    
  -123.8697       53.31620       2920.621    
  -93.96310       32.23580       136.3051    
  -118.8951       46.62790       1111.291    
  -90.65920       30.90610       537.9105    
  -81.22280       26.69010       38.24694    
  -91.00910       30.02170       26.30254    
  -81.24360       26.69020       218.3349    
  -90.27250       36.57990       35.85984    
  -95.49720       34.28040       3486.869    
  -81.20520       33.48360       155.4903    
  -90.98640       30.02110       26.63975    
  -94.54540       30.78490       3830.969    
  -95.27920       38.17550       236.7028    
  -93.93850       34.52010       188.7374    
  -69.26890       45.91420       131.6407    
  -94.57930       31.57470       480.8723    
  -98.08690       22.94160       12.83180    
  -86.00170       15.65620       11.97990    
  -111.6313       32.86020       466.9474    
  -94.11400       30.74860       514.5838    
  -90.97180       36.42240       91.49273    
  -90.55920       30.03330       31.69083    
  -86.63370       15.23840       141.9147    
  -90.20950       49.66300       232.1852    
  -87.40880       40.31120       26.56876    
  -94.70910       34.37490       330.2124    
  -96.87010       39.28040       191.6411    
  -91.21380       30.25480       40.34121    
  -98.08870       26.10140       258.0743    
  -95.48990       34.25570       1387.367    
  -111.3279       34.57620       2114.430    
  -90.65100       29.92190       46.41102    
  -97.67210       31.19060       250.0108    
  -92.71830       30.75380       354.8653    
  -92.69500       30.75310       171.1084    
  -101.8065       31.72710       304.9886    
  -97.69670       31.19150       251.2007    
  -94.75930       31.62720       294.3407    
  -102.6546       31.50550       322.7196    
  -95.52230       34.28130       1187.057    
  -110.3635       27.38940       216.4126    
  -95.51490       34.25660       1412.184    
  -85.30490       29.90370       365.9004    
  -95.43130       33.38060       379.3234    
  -92.68100       30.27100       17.71251    
  -94.13190       30.72610       319.0584    
  -86.69350       15.54700       72.73470    
  -86.76190       15.12430       231.9325    
  -119.9970       37.60850       5250.492    
  -91.23670       30.25530       79.66367    
  -91.62740       32.75800       27.30086    
  -91.23210       30.23240       101.9889    
  -91.20930       30.23180       1127.421    
  -89.86320       37.88440       83.43335    
  -94.91970       42.31630       25.32640    
  -87.60300       39.55150       29.30195    
  -110.9789       34.45650       1117.448    
  -81.21760       33.36370       37.87423    
  -110.9472       34.45460       1208.676    
  -89.59550       36.94410       42.70169    
  -94.88530       30.45050       98.70905    
  -93.55530       29.95370       3971.206    
  -94.94810       42.31750       34.87482    
  -89.58960       36.91830       50.33333    
  -85.03470       33.34640       338.6812    
  -101.8153       31.75100       318.5218    
  -80.69120       26.46980       19.54055    
  -80.77270       26.44890       111.3480    
  -88.61460       17.21830       27.19437    
  -111.3123       34.55050       1005.229    
  -91.07740       30.02340       26.64862    
  -92.52410       29.97030       37.53702    
  -96.88050       39.30780       159.6719    
  -86.44710       14.75680       290.1015    
  -91.53530       30.49180       17.14457    
  -118.0643       46.39440       166.1745    
  -110.6915       44.39810       622.6115    
  -89.56490       36.91760       489.2272    
  -119.9819       37.63360       28845.91    
  -89.39050       37.01550       28.30451    
  -119.9404       37.63050       33594.44    
  -119.9140       37.60220       25243.75    
  -101.7984       31.84430       150.2352    
  -91.10440       30.16070       29.60366    
  -111.1473       40.00090       9469.282    
  -91.69210       34.47340       17.62376    
  -90.70260       34.44470       34.33480    
  -91.78060       30.01870       19.46955    
  -111.2031       40.03210       2165.936    
  -120.0235       37.63680       2919.068    
  -119.9291       37.57710       9328.093    
  -101.7892       31.74980       248.9480    
  -95.57310       28.88460       166.1378    
  -88.45060       15.75850       181.5633    
  -88.42440       38.58150       17.19781    
  -121.7049       39.20760       1141.840    
  -119.9706       37.58020       4206.113    
  -106.0201       38.46320       2895.351    
  -122.2176       39.22180       152.3311    
  -91.40260       34.36690       22.07988    
  -91.41160       30.55740       63.73307    
  -91.80480       30.24730       92.62359    
  -80.73390       26.49170       38.12270    
  -105.3054       36.52160       158.0329    
  -91.38860       30.55680       52.65831    
  -100.4043       29.47840       120.8640    
  -94.46250       37.98620       21.67031    
  -89.74410       37.80250       37.93635    
  -119.8877       37.57400       3576.531    
  -105.2949       36.44440       151.4482    
  -91.01050       35.46690       38.08943    
  -91.80910       34.15920       26.10185    
  -96.54980       29.23000       25.87659    
  -94.02630       37.99610       239.2874    
  -80.89960       26.49300       72.17224    
  -90.24850       36.47730       24.70522    
  -91.59080       32.80460       15.01481    
  -92.17070       30.46300       29.01798    
  -84.48870       49.20140       490.5776    
  -115.3299       32.52550       209.3243    
  -91.27780       30.23360       139.3185    
  -80.52590       26.83570       10.86178    
  -90.98610       35.46610       61.60331    
  -91.43450       30.55800       15.86671    
  -90.92400       29.81510       28.80500    
  -91.37850       34.36620       25.50388    
  -102.0033       32.18360       481.2655    
  -94.53960       30.76170       1590.766    
  -89.56060       36.78940       49.79074    
  -89.53590       36.78870       232.2188    
  -93.72290       33.44350       229.6443    
  -94.56330       30.76240       465.7812    
  -81.02320       46.49280       42.94812    
  -121.2265       42.87430       2709.659    
  -111.3444       34.55240       2341.763    
  -92.23420       30.97080       49.05769    
  -102.0124       32.20770       606.8479    
  -90.15960       36.83200       27.68688    
  -120.0084       37.66190       3963.805    
  -119.9668       37.65880       7052.237    
  -110.2405       27.42810       659.1391    
  -110.2119       27.42680       26.00969    
  -91.61450       32.80520       15.49400    
  -112.1909       31.06280       608.7775    
  -91.61110       29.85520       22.25599    
  -90.42180       36.38070       32.28361    
  -98.52460       34.66730       51.93710    
  -91.23690       30.48410       20.14398    
  -90.25450       36.50290       18.42242    
  -98.92280       34.33970       113.3262    
  -106.0510       38.46500       2579.114    
  -100.7908       32.39250       201.9474    
  -100.4116       29.50130       103.2759    
  -80.73260       26.47010       52.65831    
  -91.00460       35.44170       37.37729    
  -98.04730       26.12170       158.7260    
  -90.52590       36.61270       21.35084    
  -92.19470       30.14360       13.20451    
  -90.93590       30.11090       137.8562    
  -93.53720       29.97600       562.6456    
  -101.7799       31.37450       130.5021    
  -93.57330       29.93150       1530.963    
  -96.77890       48.07600       30.42895    
  -92.32450       31.06580       23.82669    
  -93.62500       29.95570       739.6747    
  -93.60180       29.95510       418.2635    
  -96.55570       29.25280       15.25441    
  -108.7086       36.07640       525.8062    
  -91.40350       33.85580       22.43348    
  -119.8989       37.62740       6775.778    
  -91.26060       32.36870       14.82846    
  -119.9253       37.65560       4174.786    
  -112.2176       31.11110       33.99630    
  -124.9814       49.53040       1813.922    
  -119.8726       37.59910       4102.732    
  -110.3629       27.70120       226.2018    
  -110.1712       46.56590       207.2449    
  -97.98350       36.27020       21.43071    
  -121.2034       42.14840       258.8828    
  -92.42730       33.74080       206.7844    
  -108.9880       26.15950       31.43171    
