  -119.1631       49.84440       414.3860    
  -115.4418       49.08450       1266.347    
  -118.1748       46.56320       435.9484    
  -93.18470       17.89460       102.2247    
  -76.83850       20.41290       21.20230    
  -93.11510       17.83420       84.32946    
  -115.3987       49.04650       2134.292    
  -122.5693       44.08730       592.7437    
  -104.2875       19.72920       265.7729    
  -92.44780       16.35410       7.427851    
  -97.71050       34.83160       19.24489    
  -94.68820       32.44820       84.18615    
  -104.2404       19.82930       102.1155    
  -102.2042       17.92530       62.75946    
  -105.5165       22.23250       104.6078    
  -89.71060       35.93100       10.03681    
  -92.45960       16.27640       32.38231    
  -92.45530       16.23740       7.519932    
  -110.8616       33.42080       118.0736    
  -92.48470       17.90260       39.21534    
  -98.64710       19.03790       162.6308    
  -98.90650       22.75620       9.637791    
  -101.4631       26.88850       79.23977    
  -101.7973       31.35190       152.5930    
  -98.48130       20.16130       160.5905    
  -70.34600       18.92870       224.2045    
  -93.11760       17.85400       10.68137    
  -92.47780       16.25720       8.062186    
  -79.89480       33.01630       24.25282    
  -94.75570       32.87830       860.6832    
  -81.24220       26.66860       43.03245    
  -80.54880       26.51170       24.11749    
  -80.40100       22.45570       8.105156    
  -80.67180       26.49120       24.37072    
  -104.1625       19.70530       10.22097    
  -69.68390       44.87860       40.71302    
  -69.73330       44.66310       57.12135    
  -80.65730       26.59890       18.53893    
  -70.42800       44.41100       39.36935    
  -94.48960       31.59520       72.93217    
  -69.99360       44.75190       47.80564    
  -82.27100       31.67500       40.29795    
  -80.64040       26.66350       11.57149    
  -80.75840       26.55650       120.3092    
  -72.32100       44.45580       56.94257    
  -80.60770       26.81470       22.26821    
  -76.82130       20.57340       9.553383    
  -69.65690       44.87890       38.29442    
  -72.00280       43.49550       42.91087    
  -72.12260       44.18400       51.06883    
  -89.22040       16.66000       106.6905    
  -81.98160       28.78090       53.82655    
  -97.95760       26.22710       16.97356    
  -70.53860       43.74650       50.52176    
  -87.08330       31.26450       69.00227    
  -124.1837       42.20620       5842.736    
  -96.61560       29.48060       37.70736    
  -80.48070       26.77040       16.48246    
  -80.53060       26.55470       31.46094    
  -119.7113       39.70170       139.7969    
  -94.76000       38.81770       76.51711    
  -95.67920       33.55810       107.3207    
  -80.56820       27.20500       48.98120    
  -80.49530       26.66240       10.46652    
  -92.18770       30.96950       29.22031    
  -78.71360       42.09940       55.63728    
  -93.16400       17.89420       76.29535    
  -92.51470       15.07620       18.73972    
  -83.52260       33.41770       56.13035    
  -84.92060       31.78310       489.0223    
  -94.07920       30.70150       72.71072    
  -94.52880       30.62320       332.4255    
  -84.19560       30.31840       127.7728    
  -80.99170       26.64480       47.92577    
  -97.85160       26.26720       22.83604    
  -97.93420       26.22640       11.60218    
  -85.35430       32.02450       73.58479    
  -92.26770       31.01800       22.24263    
  -93.77970       29.82380       47.26791    
  -87.07970       31.24120       52.91206    
  -80.43440       27.05180       96.06261    
  -78.52010       42.67600       27.34503    
  -78.10010       42.55660       43.46421    
  -78.27360       42.44190       40.72971    
  -93.90170       33.11320       496.5150    
  -85.05700       30.74360       41.21616    
  -91.47990       30.44460       13.84281    
  -91.22300       30.18650       11.78634    
  -92.11610       30.09590       39.80960    
  -92.09310       30.09530       31.34669    
  -92.40650       14.80500       96.89503    
  -91.38860       30.55680       22.29208    
  -92.03200       29.91160       12.26209    
  -121.0812       40.25110       202.0734    
  -84.62240       33.14780       52.08753    
  -78.04100       24.77080       57.10258    
  -124.1320       42.20160       2705.525    
  -94.09820       35.26680       352.3850    
  -98.00970       26.25040       226.9638    
  -97.98640       26.24970       293.9591    
  -110.0000       46.10800       65.77200    
  -92.15440       30.92250       21.45483    
  -97.84990       26.07240       29.14869    
  -97.84450       26.05070       36.78628    
  -92.83520       15.99040       7.105568    
  -124.1424       42.17380       2551.064    
  -84.27230       33.79070       18.52840    
  -84.26930       33.76650       16.78531    
  -120.1283       49.48890       591.5768    
  -77.58660       35.03770       250.0241    
  -90.65100       29.92190       9.883339    
  -80.57450       26.59820       51.65733    
  -92.48230       17.88280       13.06311    
  -84.65820       30.34820       90.78592    
  -95.30670       30.44080       1020.251    
  -91.06320       30.18250       16.22882    
  -88.68790       31.69390       85.14305    
  -90.80450       30.01660       63.75710    
  -116.1933       38.94620       171.7871    
  -80.69370       26.51290       11.11108    
  -102.4572       20.16410       94.30620    
  -94.00150       35.36300       274.5092    
  -83.77510       31.48580       7.642707    
  -90.71140       29.76460       54.14966    
  -94.09110       35.24170       506.8764    
  -89.07850       30.82210       96.48438    
  -100.4880       18.18240       139.1168    
  -121.5562       44.78140       555.9282    
  -87.91740       31.56030       56.75584    
  -90.73410       29.76510       14.11906    
  -97.92550       26.37790       305.8326    
  -97.90210       26.37710       33.36394    
  -97.94340       26.35670       168.0180    
  -97.92000       26.35600       149.6313    
  -97.89660       26.35530       349.0599    
  -94.32650       37.71950       238.5416    
  -94.29660       37.04480       111.3900    
  -94.53710       34.02720       41.44244    
  -91.44400       30.60410       13.56657    
  -94.89600       30.68060       106.5190    
  -91.43920       30.58100       13.15221    
  -92.94400       39.36640       56.41712    
  -90.02630       34.40170       20.27312    
  -84.61930       33.12390       54.97929    
  -85.05980       30.76660       25.69010    
  -78.16430       21.24260       10.47529    
  -88.68380       31.67040       179.9742    
  -80.77560       22.37620       26.76823    
  -90.38950       16.15010       24.85915    
  -94.97270       38.74610       175.6098    
  -92.19580       30.90050       9.852645    
  -91.91410       30.11330       11.19089    
  -108.8904       45.39910       27.77771    
  -94.33480       37.74590       253.9899    
  -79.06010       34.84950       38.71481    
  -92.21600       30.99340       25.24549    
  -70.35640       18.61260       52.32821    
  -121.4893       45.79260       350.5557    
  -93.62500       39.28370       20.04292    
  -120.1122       36.86070       31.13149    
  -85.40550       32.07230       91.01189    
  -91.08190       30.04630       23.44991    
  -81.75020       26.80310       53.52431    
  -84.25110       31.00690       11.59579    
  -94.87230       30.67990       521.6151    
  -91.54000       30.51490       10.18005    
  -95.31270       30.46400       322.7770    
  -81.65550       26.02690       6.215454    
  -120.1569       50.36130       355.3600    
  -117.7184       49.43040       1209.201    
  -80.73200       32.88130       247.9549    
  -98.01150       32.13990       60.13486    
  -91.36610       30.67100       14.79431    
  -91.46220       30.58160       8.624902    
  -91.68410       29.87980       10.55860    
  -94.52310       30.60000       116.5461    
  -91.03190       30.02220       23.02634    
  -92.14760       30.02840       15.33657    
  -83.32250       22.47980       9.085305    
  -119.0608       49.42020       356.4643    
  -87.76320       36.69130       173.5033    
  -83.16010       31.73310       45.19127    
  -81.26140       31.71010       107.2517    
  -121.7337       38.72480       892.1518    
  -91.79190       30.84340       9.852645    
  -91.31010       30.39440       11.38732    
  -78.16370       21.22240       7.489238    
  -121.6891       38.72130       114.7204    
  -119.0130       35.95860       133.1891    
  -120.4101       35.19690       403.6251    
  -84.21750       30.31870       95.06385    
  -91.47420       29.85170       16.32899    
  -90.30680       16.53780       94.77756    
  -94.74240       38.84370       173.0126    
  -82.43020       31.49090       100.8373    
  -90.97700       30.08910       14.05767    
  -90.54040       29.69250       8.901144    
  -98.19510       31.69990       301.1404    
  -98.17020       31.69900       62.24662    
  -98.18770       31.67620       356.0143    
  -92.17570       30.80770       33.40998    
  -95.28290       30.44010       421.6102    
  -120.4603       36.65370       19.03003    
  -92.17260       30.89990       26.76482    
  -91.87320       30.68440       7.949643    
  -90.75040       29.96980       20.56215    
  -91.48790       29.80670       13.29033    
  -91.31510       29.73430       63.14586    
  -77.78190       21.68750       6.215454    
  -119.0189       46.76690       79.55782    
  -96.31620       35.69800       68.72555    
  -120.1377       36.88850       197.6278    
  -88.56710       33.44340       85.87033    
  -98.16280       31.67530       78.11521    
  -96.09750       18.58310       7.704093    
  -90.34210       16.07190       6.276841    
  -94.49120       42.21170       16.14483    
  -94.61850       39.80980       13.04478    
  -94.30870       37.74500       106.7843    
  -90.98700       29.90750       18.43151    
  -91.48340       29.78390       17.34188    
  -99.45190       43.52860       18.85354    
  -94.39180       37.02250       109.4814    
  -85.56950       33.26020       48.16016    
  -87.92850       31.49080       43.19802    
  -121.5280       45.11520       902.5544    
  -95.61930       40.64870       15.77651    
  -91.54720       29.87630       10.46652    
  -80.76660       22.19190       7.565972    
  -91.18460       18.33590       8.195190    
  -119.5324       45.67700       1550.068    
  -106.6081       37.00490       448.8280    
  -91.81240       29.95130       14.84035    
  -98.80620       22.81580       12.61507    
  -89.20580       16.71820       41.22980    
  -121.7894       42.02630       64.82488    
  -106.5936       36.97830       331.8326    
  -90.88300       29.83680       15.08897    
  -107.0124       38.09800       267.0371    
  -121.3076       38.82530       798.0802    
  -91.37880       29.71320       27.28443    
  -95.86250       28.73670       111.1253    
  -98.37670       18.63190       63.13161    
  -115.0764       48.04340       523.1021    
  -90.92260       30.04230       15.56166    
  -80.60840       26.46910       9.960073    
  -97.59610       25.97840       824.4070    
  -97.57290       25.97770       930.0189    
  -97.59090       25.95660       85.11335    
  -97.56770       25.95590       134.9137    
  -87.75320       36.64010       99.69027    
  -93.87740       33.11240       39.84643    
  -91.05470       30.02280       15.09102    
  -79.71200       22.63630       7.120915    
  -94.52780       17.97760       82.96365    
  -77.01470       20.47340       54.01984    
  -124.1320       52.17850       1000.128    
  -92.93570       39.33910       9.515016    
  -105.3930       37.19540       147.1546    
  -91.54480       30.53790       66.20377    
  -80.85940       26.51420       14.39530    
  -90.72650       16.11580       20.81701    
  -91.49350       30.39910       156.2219    
  -91.20940       30.11780       71.92209    
  -95.36330       17.34220       13.90420    
  -95.40240       38.07510       23.29644    
  -85.43750       32.14330       686.7902    
  -86.56280       31.83600       129.3599    
  -122.7801       52.59230       617.2123    
  -94.51400       33.32520       85.00792    
  -84.66340       31.68560       7.513793    
  -91.25500       30.23300       11.01900    
  -77.80250       20.85770       5.770396    
  -123.8697       53.31620       814.5173    
  -85.46000       32.14370       201.1974    
  -91.27330       30.32480       15.46957    
  -91.20490       30.09490       112.4246    
  -90.75470       29.99260       32.62730    
  -91.18640       30.23120       117.9424    
  -91.76300       30.15490       8.624902    
  -101.0641       20.02460       12.12397    
  -101.0598       20.00430       70.33526    
  -94.34310       37.77240       265.5790    
  -93.89540       33.08900       219.4491    
  -93.87110       33.08820       192.9502    
  -96.41620       31.03060       65.98788    
  -120.1829       49.52860       276.1569    
  -92.79830       41.43140       12.33883    
  -91.46510       29.80610       9.507343    
  -120.0588       36.08490       23.60913    
  -91.76480       34.47550       10.00611    
  -86.10440       32.55620       90.00866    
  -88.68440       31.02070       50.45603    
  -91.21380       30.25480       8.578862    
  -114.6396       39.12990       103.4879    
  -90.08660       19.61120       53.55946    
  -121.5982       45.77150       496.5003    
  -95.09330       39.63850       25.26084    
  -116.8906       47.28470       226.4480    
  -89.76540       31.11500       88.28436    
  -91.44690       29.82830       8.103110    
  -91.79680       30.86660       53.10694    
  -91.32900       30.60110       53.18990    
  -91.76530       30.49790       33.32287    
  -91.85550       30.27150       8.011029    
  -91.27780       30.23360       75.05204    
  -123.0321       41.93310       285.9444    
  -96.81160       39.19710       15.17287    
  -91.06810       30.09140       11.56126    
  -92.16520       18.64900       43.62924    
  -96.07000       39.30010       52.96301    
  -92.21860       30.57890       22.59049    
  -92.06480       30.82770       874.5668    
  -92.05980       30.80460       89.44115    
  -94.87810       30.70310       190.8459    
  -121.2792       51.29460       831.6329    
  -97.31650       36.44570       11.63288    
  -121.4680       45.63490       426.4321    
  -96.78420       39.19590       17.74090    
  -80.53470       22.33360       17.51581    
  -101.5520       20.26100       54.02118    
  -113.7260       46.81870       265.6166    
  -79.16570       21.81520       7.059527    
  -120.9523       51.44230       414.6871    
  -79.16500       21.79480       6.906059    
  -93.49100       17.86040       6.921407    
  -102.0126       20.35500       77.73605    
  -88.64260       18.37810       66.79633    
