  -119.1960       43.61180       4763.807    
  -119.8885       37.86350       999.8912    
  -91.77820       32.38300       192.8985    
  -98.59590       32.56490       380.7305    
  -98.12580       27.43290       667.5320    
  -96.34470       18.92710       363.0167    
  -119.9302       37.86660       8534.698    
  -91.75460       32.38240       1235.079    
  -89.63740       32.84770       212.6945    
  -91.47780       32.82520       217.2036    
  -109.6423       30.50830       783.8337    
  -81.38960       29.98790       292.6475    
  -97.71790       31.42510       59.47417    
  -98.75480       21.63610       108.4552    
  -91.74580       32.76140       221.0366    
  -99.04940       31.42820       355.9002    
  -98.84530       21.63850       39.23769    
  -120.9774       43.61760       5180.270    
  -86.90380       35.26170       296.3605    
  -101.7973       31.35190       491.1249    
  -84.38350       39.47850       117.6816    
  -101.4631       26.88850       415.4666    
  -97.48990       20.52240       505.9422    
  -97.46790       20.52180       455.1972    
  -90.12320       33.96570       542.7290    
  -81.52180       32.46340       150.8629    
  -95.23520       30.62230       346.1022    
  -97.05640       32.88770       106.6012    
  -78.46760       26.60630       345.7324    
  -97.79670       23.37190       55.70352    
  -98.83540       26.64590       400.4807    
  -94.87170       30.86430       135.4182    
  -94.03580       32.42710       353.2829    
  -81.99940       28.73660       292.5860    
  -99.59930       28.27990       443.6059    
  -73.49660       43.45810       117.8777    
  -83.27820       31.80470       767.3046    
  -91.77700       32.69100       69.57425    
  -93.74410       31.06070       181.5810    
  -98.09800       19.40630       170.9695    
  -119.9016       38.36810       742.6574    
  -95.31890       30.30370       182.9641    
  -94.89550       30.86510       1053.549    
  -109.0715       35.86950       144.5598    
  -98.64710       19.03790       249.4930    
  -97.77520       38.54450       271.7952    
  -91.49820       30.42210       76.22739    
  -91.83210       34.35520       120.4379    
  -80.74580       28.06040       233.8132    
  -80.29880       26.85550       204.1068    
  -81.84040       27.76290       630.5292    
  -81.83880       27.74090       840.0900    
  -94.21460       31.91430       2404.418    
  -90.15800       31.26350       541.8392    
  -81.78110       27.23770       133.8078    
  -81.78270       27.25950       658.8508    
  -90.33250       34.60610       285.9265    
  -90.30850       34.60540       201.4565    
  -90.32710       34.58140       154.7709    
  -90.30310       34.58070       200.0172    
  -83.25600       31.80440       691.1022    
  -82.87420       22.68090       269.7042    
  -70.38480       44.59440       302.3244    
  -80.15340       35.13030       147.6734    
  -98.38010       32.74700       282.2275    
  -83.27580       31.78140       592.2166    
  -92.12590       18.33130       493.2251    
  -90.38900       35.07610       84.65170    
  -98.37230       32.72280       264.2473    
  -119.9437       38.37130       2341.726    
  -89.97860       30.79710       545.2508    
  -81.20760       26.77640       766.6008    
  -81.18680       26.77620       1449.349    
  -94.23850       31.91500       1426.059    
  -101.7481       36.33910       3027.664    
  -90.89670       34.35240       491.7756    
  -81.39100       27.64890       1271.649    
  -84.04090       15.06300       101.3625    
  -90.89120       34.32780       217.4422    
  -81.54510       33.51140       199.6087    
  -89.41430       31.43120       248.3545    
  -84.93530       30.46670       734.8285    
  -90.99860       35.41660       77.83959    
  -90.94560       35.19120       79.92864    
  -90.25920       32.13000       499.0641    
  -89.41860       31.45460       344.0103    
  -90.71580       30.37930       1158.465    
  -69.97770       18.95030       74.38813    
  -78.01330       37.49320       2028.179    
  -101.7760       36.34050       1482.720    
  -80.17630       35.13050       461.5347    
  -84.93800       30.48960       303.1603    
  -84.91330       30.46640       347.2693    
  -77.98970       37.49300       918.6419    
  -101.7594       36.36510       2552.194    
  -89.46290       34.31350       333.0367    
  -101.7873       36.36650       1036.367    
  -101.7315       36.36380       887.9769    
  -101.7202       36.33780       292.8294    
  -91.39580       33.30090       91.82710    
  -99.60570       33.01100       1333.936    
  -102.2846       30.99980       951.2242    
  -99.71230       29.22620       1154.212    
  -81.01700       40.62870       116.8712    
  -99.57980       33.00990       1022.375    
  -90.13510       31.26290       609.8561    
  -90.15360       31.24020       606.3207    
  -102.2585       30.99870       1439.267    
  -102.2759       30.97620       813.9206    
  -99.70540       29.20340       711.8004    
  -99.99810       37.54220       416.5198    
  -89.95580       30.79660       766.8636    
  -102.2671       31.02230       317.8449    
  -102.3020       30.97730       354.4812    
  -91.78240       32.71490       129.5207    
  -94.20860       31.89060       705.7227    
  -102.2932       31.02340       623.8977    
  -99.73700       29.22720       398.4664    
  -99.68770       29.22530       92.09959    
  -78.01450       37.51910       1077.500    
  -77.99080       37.51900       748.8587    
  -90.43860       34.43740       168.4405    
  -101.1455       30.95250       262.0653    
  -69.87430       19.12910       241.5941    
  -91.35500       34.98030       81.10941    
  -90.41460       34.43670       195.2197    
  -69.89370       19.12900       430.3909    
  -80.00330       35.27760       659.4714    
  -90.99270       35.39150       69.45314    
  -84.05350       31.79270       544.2865    
  -84.03130       31.79230       634.8591    
  -94.19060       31.91350       822.0959    
  -99.74410       28.68740       354.7178    
  -91.37750       33.32440       154.1048    
  -91.55080       31.55540       201.6382    
  -78.46690       26.58470       1018.926    
  -91.37000       33.39620       228.1801    
  -91.34620       33.39560       185.7433    
  -91.36450       33.37200       156.9508    
  -91.34070       33.37140       127.8858    
  -91.91940       30.68570       162.5216    
  -91.89630       30.68510       187.7415    
  -88.96050       15.72570       704.4019    
  -91.37200       33.30020       114.2616    
  -91.69820       30.72570       97.18597    
  -91.30570       30.48580       104.9972    
  -92.48230       17.88280       51.13616    
  -72.89330       46.10200       143.0720    
  -85.55640       37.90710       903.9391    
  -78.03680       26.66910       525.3516    
  -90.40920       34.41210       96.62802    
  -78.48830       26.60640       1949.353    
  -70.16180       44.96530       310.9622    
  -91.80630       34.84560       463.5862    
  -91.78190       34.84490       370.8507    
  -91.01780       35.29270       144.7344    
  -85.15350       38.87610       549.1843    
  -91.55740       32.97040       161.8328    
  -120.5598       44.17810       1701.124    
  -90.67110       34.51730       135.4246    
  -91.53370       32.96980       692.4962    
  -90.66560       34.49270       143.5082    
  -91.37550       33.42040       269.8096    
  -91.35160       33.41980       369.5921    
  -78.05740       26.66920       225.5759    
  -108.3484       25.41480       102.8778    
  -91.35370       33.32370       136.3328    
  -89.33390       32.10710       918.6252    
  -91.52750       31.55470       266.4893    
  -91.38090       33.44460       571.9976    
  -91.35710       33.44400       180.5661    
  -91.32780       33.41910       104.8155    
  -69.45300       18.99270       698.6999    
  -118.3073       46.38440       806.0078    
  -90.98750       35.26690       88.28481    
  -91.39930       33.42110       156.9871    
  -92.13900       30.09650       113.7621    
  -85.33450       15.82380       192.0015    
  -90.72030       30.40230       519.5336    
  -91.79540       30.20140       387.5943    
  -90.32230       33.68050       101.9668    
  -95.40660       33.37970       134.3623    
  -91.69710       31.91000       230.2490    
  -91.67360       31.90940       141.5100    
  -91.69190       31.88640       238.2116    
  -91.66850       31.88580       263.0379    
  -90.69310       30.37870       1100.287    
  -92.19950       30.16650       167.3246    
  -87.49260       39.38640       63.39795    
  -89.41110       36.88770       879.0356    
  -90.88920       35.36360       145.8900    
  -90.97780       35.01870       83.01678    
  -91.56510       34.44510       85.74163    
  -83.64390       30.88290       349.3842    
  -82.87560       22.70150       61.03641    
  -101.0587       37.46290       1934.197    
  -101.0306       37.46150       1792.113    
  -91.05340       35.44320       510.9075    
  -91.02900       35.44250       233.6096    
  -91.04750       35.41810       157.8591    
  -90.73870       30.37990       1369.470    
  -98.24160       26.06290       83.74341    
  -98.21820       26.06210       75.56889    
  -90.53160       16.17140       329.5703    
  -88.01800       15.50270       277.3924    
  -91.40130       33.32510       105.5421    
  -96.08860       37.70980       605.1728    
  -90.92080       34.35300       122.8903    
  -91.46350       34.31980       208.6319    
  -91.43940       34.31910       258.6781    
  -90.34600       33.68120       78.47539    
  -90.91420       31.49180       224.6953    
  -84.97290       15.91720       33.60636    
  -115.7463       45.04060       2181.734    
  -122.0009       41.38960       6534.341    
  -101.0471       37.43630       279.4778    
  -101.0190       37.43500       165.7308    
  -91.50760       30.46820       505.1047    
  -108.8756       25.74060       399.2173    
  -90.35960       35.37330       98.70734    
  -91.35160       32.67900       106.0871    
  -92.52400       30.28950       169.9079    
  -98.48570       26.20030       560.4542    
  -115.7125       45.00710       1786.545    
  -90.35270       36.60770       69.12010    
  -90.89510       35.38870       123.0538    
  -91.67680       34.10660       84.34894    
  -91.64800       33.98420       93.09869    
  -81.41200       27.64910       689.5573    
  -81.37000       27.64870       2615.993    
  -97.74780       38.54330       199.8475    
  -91.89290       34.30810       134.0621    
  -91.86870       34.30740       138.7852    
  -88.99670       33.74300       315.7611    
  -89.33830       32.13070       1095.962    
  -117.9297       46.35080       799.2864    
  -91.62530       32.85320       279.6049    
  -89.35690       32.10770       1126.053    
  -91.60810       32.14240       70.93667    
  -76.18610       35.80400       277.2479    
  -90.99620       34.99450       112.2634    
  -91.63070       32.87710       139.1485    
  -91.60160       32.85250       144.9615    
  -91.61990       32.82920       170.5750    
  -92.69710       36.75770       369.4320    
  -91.58860       34.54380       309.1956    
  -90.17510       34.43020       172.5732    
  -90.15120       34.42950       151.3195    
  -90.16980       34.40550       502.9795    
  -90.14590       34.40490       372.5764    
  -90.16450       34.38090       319.4966    
  -90.14050       34.38030       204.0905    
  -90.32380       34.23880       100.6374    
  -91.77230       30.75070       141.8128    
  -91.86610       30.43180       715.4941    
  -89.02150       15.74570       234.2062    
  -118.1912       46.24740       792.8922    
  -97.75830       38.57030       1114.405    
  -89.95120       37.93930       907.1443    
  -89.94490       37.91290       233.7004    
  -100.6560       37.99200       464.6803    
  -90.85030       33.71910       74.47897    
  -89.08400       17.34170       222.9120    
  -91.17540       35.54660       69.21093    
  -89.25110       32.76680       283.0460    
  -91.72110       31.70000       220.3348    
  -91.69770       31.69940       204.7868    
  -78.44700       26.60620       310.9155    
  -111.8433       25.11050       455.2146    
  -98.66620       21.96300       117.2771    
  -96.76690       19.39640       318.0930    
  -91.92240       34.52930       93.28035    
  -91.39380       33.39690       181.6560    
  -111.8338       25.08840       387.2669    
  -111.8050       25.08710       458.7793    
  -91.00790       35.04430       69.30177    
  -91.89810       34.52860       96.42630    
  -90.76560       33.33140       60.67311    
  -101.0257       37.51330       161.4922    
  -101.0141       37.48670       165.7066    
  -99.67530       36.75240       1172.868    
  -90.65610       35.50640       374.8169    
  -91.03220       35.04500       63.21629    
  -91.74650       34.49950       147.8316    
  -90.92810       34.28000       298.0429    
  -90.90410       34.27930       272.3750    
  -92.17650       30.16590       65.48698    
  -86.30650       37.87100       1184.757    
  -90.65020       35.48130       329.2818    
  -90.22040       34.52940       1232.820    
  -90.21500       34.50470       161.3430    
  -101.9423       32.22830       374.8185    
  -90.68040       35.50710       1028.097    
  -90.67460       35.48200       982.9526    
  -91.03320       34.11230       332.6122    
  -91.00930       34.11160       376.8454    
  -88.78460       17.33780       270.7679    
  -100.0704       37.64980       1207.814    
  -100.0592       37.62320       1490.045    
  -99.70260       36.75370       770.9199    
  -99.66490       36.72630       1186.334    
  -90.21030       35.24480       82.10851    
  -90.70070       34.54270       344.4879    
  -90.71920       34.51870       362.8000    
  -90.69520       34.51800       351.3681    
  -100.0314       37.62190       1458.678    
  -91.33600       34.38940       345.8221    
  -90.87830       34.37630       144.6436    
  -90.92260       34.25540       175.4797    
  -91.72620       31.72350       221.2570    
  -89.33440       30.48360       89.33206    
  -93.11510       17.83420       85.38741    
  -90.39460       35.10110       62.30801    
  -91.51770       30.62900       102.2723    
  -89.08220       17.32210       68.48430    
  -90.88380       34.40090       205.0235    
  -90.90960       34.30390       196.9151    
  -91.83470       30.93680       81.10941    
  -100.8236       30.15570       494.2401    
  -97.75180       38.62310       838.3163    
  -90.90790       34.40160       282.4750    
  -89.10210       17.32230       623.8053    
  -118.1915       46.02690       528.2556    
  -90.23900       34.50540       329.3354    
  -90.91350       34.42620       247.9604    
  -90.88940       34.42550       184.7442    
  -118.3396       46.22900       1243.108    
  -118.2923       46.22480       1749.756    
  -114.1344       44.57310       1670.721    
  -90.66880       35.45690       399.4615    
  -91.61350       34.44650       135.6970    
  -89.43720       33.24860       425.9633    
  -118.1588       46.40280       324.3468    
  -118.1115       46.39860       371.6682    
  -118.3330       46.26000       1048.155    
  -97.66300       38.67240       1232.524    
  -97.63550       38.67120       1311.273    
  -90.64440       35.45620       287.8642    
  -90.98030       33.77110       168.0318    
  -90.95650       33.77040       124.9793    
  -97.76230       38.65020       702.3412    
  -90.66300       35.43180       1038.318    
  -90.64370       36.48890       166.4877    
  -91.51280       34.22360       134.6071    
  -86.33950       31.06520       590.4599    
  -98.56540       21.26210       75.02393    
  -90.99340       35.29200       61.76304    
  -90.72480       34.54340       334.8283    
  -93.42890       32.76400       150.7340    
  -84.15890       30.77550       95.11664    
  -98.56120       21.24150       77.62768    
  -91.58970       33.83690       60.21896    
  -93.18470       17.89460       85.50261    
  -97.41960       38.31700       2343.354    
  -97.44680       38.31820       2728.174    
  -97.40940       38.29010       238.6960    
  -86.34280       31.08840       574.9869    
  -91.53200       30.69830       96.92646    
  -90.68960       34.49340       184.0175    
  -91.72220       34.49880       147.5228    
  -91.83090       34.64930       133.0933    
  -91.85530       34.65010       116.6231    
  -110.7764       33.00450       381.2158    
  -91.61380       33.83760       85.92329    
  -89.41380       33.24800       262.0145    
  -106.0664       38.59890       335.3379    
  -90.96320       35.26620       60.98452    
  -91.30750       33.53890       153.5253    
  -95.43130       33.38060       217.3991    
  -94.19660       31.84330       186.2273    
  -90.35000       35.22380       46.32228    
  -90.72770       29.96920       45.59565    
  -98.49810       26.15740       72.20825    
  -97.49100       38.29370       631.0729    
  -97.48090       38.26690       1499.274    
  -99.24670       24.78550       510.2025    
  -90.19110       34.50410       747.9099    
  -118.3869       46.23330       1093.024    
  -118.2989       46.19390       1089.391    
  -118.1180       46.36750       251.9568    
  -114.1466       42.12460       987.2979    
  -91.27820       33.51390       78.89925    
  -91.73020       29.99460       51.68113    
  -97.43660       38.29130       247.9604    
  -91.29840       35.35080       51.04534    
  -99.58230       35.35720       397.2839    
  -115.2013       44.96480       893.5198    
  -105.6385       37.05380       706.2826    
  -93.38920       32.12370       146.0419    
  -91.91640       34.50460       72.11743    
  -90.27250       31.38240       168.8312    
  -97.75920       37.51920       247.1733    
  -91.14040       35.19690       79.05064    
  -91.00750       34.20900       66.66776    
  -97.73220       37.51810       273.5739    
  -90.59940       33.97860       69.02928    
  -118.0846       37.83430       489.1445    
  -110.1531       27.35740       80.83692    
