  -119.1960       43.61180       7392.115    
  -119.8885       37.86350       1782.415    
  -91.77820       32.38300       299.3252    
  -98.59590       32.56490       590.7886    
  -98.12580       27.43290       1035.826    
  -96.34470       18.92710       239.5910    
  -119.9302       37.86660       15214.03    
  -91.75460       32.38240       1916.502    
  -89.63740       32.84770       474.4724    
  -91.47780       32.82520       337.0400    
  -109.6423       30.50830       1748.552    
  -81.38960       29.98790       193.1473    
  -97.71790       31.42510       92.28751    
  -98.75480       21.63610       241.9386    
  -91.74580       32.76140       342.9878    
  -99.04940       31.42820       552.2589    
  -98.84530       21.63850       60.88608    
  -120.9774       43.61760       9234.394    
  -86.90380       35.26170       195.5979    
  -101.7973       31.35190       1095.586    
  -84.38350       39.47850       182.6094    
  -101.4631       26.88850       644.6895    
  -97.48990       20.52240       785.0828    
  -97.46790       20.52180       706.3405    
  -90.12320       33.96570       842.1657    
  -81.52180       32.46340       336.5403    
  -95.23520       30.62230       616.9647    
  -97.05640       32.88770       165.4156    
  -78.46760       26.60630       771.2492    
  -97.79670       23.37190       86.43649    
  -98.83540       26.64590       621.4356    
  -94.87170       30.86430       302.0866    
  -94.03580       32.42710       629.7651    
  -81.99940       28.73660       454.0128    
  -99.59930       28.27990       688.3540    
  -73.49660       43.45810       210.1299    
  -83.27820       31.80470       1190.645    
  -91.77700       32.69100       107.9600    
  -93.74410       31.06070       405.0654    
  -98.09800       19.40630       381.3936    
  -119.9016       38.36810       1323.868    
  -95.31890       30.30370       408.1508    
  -94.89550       30.86510       2350.224    
  -109.0715       35.86950       322.4797    
  -98.64710       19.03790       444.7483    
  -97.77520       38.54450       421.7512    
  -91.49820       30.42210       118.2839    
  -91.83210       34.35520       186.8864    
  -80.74580       28.06040       362.8137    
  -80.29880       26.85550       363.8426    
  -81.84040       27.76290       978.4073    
  -81.83880       27.74090       1303.588    
  -94.21460       31.91430       1586.916    
  -90.15800       31.26350       1208.718    
  -81.78110       27.23770       207.6328    
  -81.78270       27.25950       1022.355    
  -90.33250       34.60610       443.6791    
  -90.30850       34.60540       312.6049    
  -90.32710       34.58140       240.1617    
  -90.30310       34.58070       310.3716    
  -83.25600       31.80440       1072.400    
  -82.87420       22.68090       418.5065    
  -70.38480       44.59440       199.5341    
  -80.15340       35.13030       229.1483    
  -98.38010       32.74700       629.5844    
  -83.27580       31.78140       1055.690    
  -92.12590       18.33130       325.5286    
  -90.38900       35.07610       131.3561    
  -98.37230       32.72280       589.4747    
  -119.9437       38.37130       4174.380    
  -89.97860       30.79710       971.9688    
  -81.20760       26.77640       1189.553    
  -81.18680       26.77620       3233.163    
  -94.23850       31.91500       941.1991    
  -101.7481       36.33910       4698.100    
  -90.89670       34.35240       763.1001    
  -81.39100       27.64890       839.2886    
  -84.04090       15.06300       226.1163    
  -90.89120       34.32780       337.4104    
  -81.54510       33.51140       445.2809    
  -89.41430       31.43120       554.0215    
  -84.93530       30.46670       1309.912    
  -90.99860       35.41660       120.7856    
  -90.94560       35.19120       124.0272    
  -90.25920       32.13000       329.3823    
  -89.41860       31.45460       227.0468    
  -90.71580       30.37930       764.5870    
  -69.97770       18.95030       115.4299    
  -78.01330       37.49320       1338.598    
  -101.7760       36.34050       2300.773    
  -80.17630       35.13050       1029.577    
  -84.93800       30.48960       200.0858    
  -84.91330       30.46640       774.6776    
  -77.98970       37.49300       1637.579    
  -101.7594       36.36510       3960.302    
  -89.46290       34.31350       219.8043    
  -101.7873       36.36650       1608.156    
  -101.7315       36.36380       1377.895    
  -101.7202       36.33780       454.3906    
  -91.39580       33.30090       142.4903    
  -99.60570       33.01100       2069.901    
  -102.2846       30.99980       2121.962    
  -99.71230       29.22620       1791.019    
  -81.01700       40.62870       260.7127    
  -99.57980       33.00990       1586.445    
  -90.13510       31.26290       1360.448    
  -90.15360       31.24020       400.1716    
  -102.2585       30.99870       2233.346    
  -102.2759       30.97620       1815.669    
  -99.70540       29.20340       1104.518    
  -99.99810       37.54220       646.3239    
  -89.95580       30.79660       1367.018    
  -102.2671       31.02230       709.0386    
  -102.3020       30.97730       790.7659    
  -91.78240       32.71490       200.9805    
  -94.20860       31.89060       1258.027    
  -102.2932       31.02340       968.1172    
  -99.73700       29.22720       618.3098    
  -99.68770       29.22530       142.9131    
  -78.01450       37.51910       1671.983    
  -77.99080       37.51900       1670.531    
  -90.43860       34.43740       261.3732    
  -101.1455       30.95250       584.6072    
  -69.87430       19.12910       538.9407    
  -91.35500       34.98030       125.8594    
  -90.41460       34.43670       302.9270    
  -69.89370       19.12900       667.8480    
  -80.00330       35.27760       435.2512    
  -90.99270       35.39150       107.7721    
  -84.05350       31.79270       844.5826    
  -84.03130       31.79230       985.1262    
  -94.19060       31.91350       1833.906    
  -99.74410       28.68740       550.4241    
  -91.37750       33.32440       239.1282    
  -91.55080       31.55540       312.8868    
  -78.46690       26.58470       672.4909    
  -91.37000       33.39620       354.0726    
  -91.34620       33.39560       288.2223    
  -91.36450       33.37200       243.5443    
  -91.34070       33.37140       198.4435    
  -91.91940       30.68570       252.1887    
  -91.89630       30.68510       291.3230    
  -88.96050       15.72570       464.9053    
  -91.37200       33.30020       177.3025    
  -91.69820       30.72570       150.8058    
  -91.30570       30.48580       162.9266    
  -92.48230       17.88280       79.34922    
  -72.89330       46.10200       319.1605    
  -85.55640       37.90710       1402.664    
  -78.03680       26.66910       1171.938    
  -90.40920       34.41210       149.9400    
  -78.48830       26.60640       4348.556    
  -70.16180       44.96530       205.2351    
  -91.80630       34.84560       719.3578    
  -91.78190       34.84490       575.4579    
  -91.01780       35.29270       224.5879    
  -85.15350       38.87610       852.1826    
  -91.55740       32.97040       251.1199    
  -120.5598       44.17810       3794.814    
  -90.67110       34.51730       210.1416    
  -91.53370       32.96980       1074.563    
  -90.66560       34.49270       222.6852    
  -91.37550       33.42040       418.6701    
  -91.35160       33.41980       573.5049    
  -78.05740       26.66920       503.2079    
  -108.3484       25.41480       159.6380    
  -91.35370       33.32370       211.5509    
  -89.33390       32.10710       606.2927    
  -91.52750       31.55470       413.5179    
  -91.38090       33.44460       1019.648    
  -91.35710       33.44400       280.1887    
  -91.32780       33.41910       162.6448    
  -69.45300       18.99270       1084.190    
  -118.3073       46.38440       1250.702    
  -90.98750       35.26690       136.9937    
  -91.39930       33.42110       243.6007    
  -92.13900       30.09650       176.5273    
  -85.33450       15.82380       126.7210    
  -90.72030       30.40230       342.8922    
  -91.79540       30.20140       864.6334    
  -90.32230       33.68050       158.2243    
  -95.40660       33.37970       208.4933    
  -91.69710       31.91000       357.2829    
  -91.67360       31.90940       219.5845    
  -91.69190       31.88640       369.6387    
  -91.66850       31.88580       408.1622    
  -90.69310       30.37870       726.1893    
  -92.19950       30.16650       298.2742    
  -87.49260       39.38640       98.37613    
  -89.41110       36.88770       1364.021    
  -90.88920       35.36360       226.3810    
  -90.97780       35.01870       128.8192    
  -91.56510       34.44510       133.0473    
  -83.64390       30.88290       542.1478    
  -82.87560       22.70150       94.71167    
  -101.0587       37.46290       3001.341    
  -101.0306       37.46150       2780.865    
  -91.05340       35.44320       792.7875    
  -91.02900       35.44250       362.4977    
  -91.04750       35.41810       244.9537    
  -90.73870       30.37990       2441.229    
  -98.24160       26.06290       129.9467    
  -98.21820       26.06210       117.2621    
  -90.53160       16.17140       217.5164    
  -88.01800       15.50270       430.4364    
  -91.40130       33.32510       163.7723    
  -96.08860       37.70980       939.0612    
  -90.92080       34.35300       190.6918    
  -91.46350       34.31980       323.7392    
  -91.43940       34.31910       401.3971    
  -90.34600       33.68120       121.7722    
  -90.91420       31.49180       148.2989    
  -84.97290       15.91720       52.14780    
  -115.7463       45.04060       3889.178    
  -122.0009       41.38960       11648.17    
  -101.0471       37.43630       433.6724    
  -101.0190       37.43500       257.1685    
  -91.50760       30.46820       783.7832    
  -108.8756       25.74060       890.5617    
  -90.35960       35.37330       153.1665    
  -91.35160       32.67900       164.6179    
  -92.52400       30.28950       379.0252    
  -98.48570       26.20030       869.6702    
  -115.7125       45.00710       3184.710    
  -90.35270       36.60770       107.2553    
  -90.89510       35.38870       190.9455    
  -91.67680       34.10660       130.8863    
  -91.64800       33.98420       144.4635    
  -81.41200       27.64910       1538.243    
  -81.37000       27.64870       5835.677    
  -97.74780       38.54330       310.1083    
  -91.89290       34.30810       208.0275    
  -91.86870       34.30740       215.3563    
  -88.99670       33.74300       208.4023    
  -89.33830       32.13070       723.3351    
  -117.9297       46.35080       1240.272    
  -91.62530       32.85320       433.8698    
  -89.35690       32.10770       2007.311    
  -91.60810       32.14240       110.0741    
  -76.18610       35.80400       618.4761    
  -90.99620       34.99450       174.2019    
  -91.63070       32.87710       215.9201    
  -91.60160       32.85250       224.9403    
  -91.61990       32.82920       264.6853    
  -92.69710       36.75770       573.2566    
  -91.58860       34.54380       479.7864    
  -90.17510       34.43020       267.7860    
  -90.15120       34.42950       234.8061    
  -90.16980       34.40550       780.4854    
  -90.14590       34.40490       578.1359    
  -90.16450       34.38090       495.7705    
  -90.14050       34.38030       316.6921    
  -90.32380       34.23880       156.1615    
  -91.77230       30.75070       220.0543    
  -91.86610       30.43180       1110.249    
  -89.02150       15.74570       154.5761    
  -118.1912       46.24740       1230.350    
  -97.75830       38.57030       1729.249    
  -89.95120       37.93930       1407.638    
  -89.94490       37.91290       362.6386    
  -100.6560       37.99200       721.0557    
  -90.85030       33.71910       115.5708    
  -89.08400       17.34170       147.1219    
  -91.17540       35.54660       107.3963    
  -89.25110       32.76680       439.2093    
  -91.72110       31.70000       341.8988    
  -91.69770       31.69940       317.7727    
  -78.44700       26.60620       693.5808    
  -111.8433       25.11050       1015.479    
  -98.66620       21.96300       181.9817    
  -96.76690       19.39640       709.5920    
  -91.92240       34.52930       144.7454    
  -91.39380       33.39690       281.8800    
  -111.8338       25.08840       863.9031    
  -111.8050       25.08710       1023.431    
  -91.00790       35.04430       107.5372    
  -91.89810       34.52860       149.6270    
  -90.76560       33.33140       94.14793    
  -101.0257       37.51330       250.5913    
  -101.0141       37.48670       257.1309    
  -99.67530       36.75240       1819.967    
  -90.65610       35.50640       581.6124    
  -91.03220       35.04500       98.09424    
  -91.74650       34.49950       229.3939    
  -90.92810       34.28000       462.4805    
  -90.90410       34.27930       422.6509    
  -92.17650       30.16590       101.6177    
  -86.30650       37.87100       1838.417    
  -90.65020       35.48130       510.9545    
  -90.22040       34.52940       813.6614    
  -90.21500       34.50470       250.3598    
  -101.9423       32.22830       581.6149    
  -90.68040       35.50710       1595.323    
  -90.67460       35.48200       1525.271    
  -91.03320       34.11230       516.1223    
  -91.00930       34.11160       584.7600    
  -88.78460       17.33780       420.1571    
  -100.0704       37.64980       1874.194    
  -100.0592       37.62320       2312.139    
  -99.70260       36.75370       1196.255    
  -99.66490       36.72630       1840.863    
  -90.21030       35.24480       127.4098    
  -90.70070       34.54270       534.5502    
  -90.71920       34.51870       562.9655    
  -90.69520       34.51800       545.2264    
  -100.0314       37.62190       2263.467    
  -91.33600       34.38940       536.6206    
  -90.87830       34.37630       224.4469    
  -90.92260       34.25540       272.2961    
  -91.72620       31.72350       343.3298    
  -89.33440       30.48360       199.2792    
  -93.11510       17.83420       132.4977    
  -90.39460       35.10110       96.68483    
  -91.51770       30.62900       158.6984    
  -89.08220       17.32210       106.2687    
  -90.88380       34.40090       318.1400    
  -90.90960       34.30390       305.5579    
  -91.83470       30.93680       125.8594    
  -100.8236       30.15570       766.9243    
  -97.75180       38.62310       1300.836    
  -90.90790       34.40160       438.3234    
  -89.10210       17.32230       411.7115    
  -118.1915       46.02690       819.7070    
  -90.23900       34.50540       734.6713    
  -90.91350       34.42620       384.7662    
  -90.88940       34.42550       286.6720    
  -118.3396       46.22900       1928.961    
  -118.2923       46.22480       2715.139    
  -114.1344       44.57310       2592.498    
  -90.66880       35.45690       619.8541    
  -91.61350       34.44650       210.5643    
  -89.43720       33.24860       281.1358    
  -118.1588       46.40280       503.2967    
  -118.1115       46.39860       576.7264    
  -118.3330       46.26000       1626.448    
  -97.66300       38.67240       1912.537    
  -97.63550       38.67120       2034.735    
  -90.64440       35.45620       446.6858    
  -90.98030       33.77110       260.7390    
  -90.95650       33.77040       193.9334    
  -97.76230       38.65020       1089.840    
  -90.66300       35.43180       1611.184    
  -90.64370       36.48890       258.3430    
  -91.51280       34.22360       208.8731    
  -86.33950       31.06520       389.7036    
  -98.56540       21.26210       116.4164    
  -90.99340       35.29200       95.83920    
  -90.72480       34.54340       519.5612    
  -93.42890       32.76400       268.6998    
  -84.15890       30.77550       212.1833    
  -98.56120       21.24150       120.4567    
  -91.58970       33.83690       93.44321    
  -93.18470       17.89460       132.6765    
  -97.41960       38.31700       3636.240    
  -97.44680       38.31820       4233.373    
  -97.40940       38.29010       370.3903    
  -86.34280       31.08840       1282.663    
  -91.53200       30.69830       150.4031    
  -90.68960       34.49340       285.5445    
  -91.72220       34.49880       228.9147    
  -91.83090       34.64930       206.5241    
  -91.85530       34.65010       180.9669    
  -110.7764       33.00450       850.4045    
  -91.61380       33.83760       133.3292    
  -89.41380       33.24800       172.9296    
  -106.0664       38.59890       748.0615    
  -90.96320       35.26620       94.63114    
  -91.30750       33.53890       238.2289    
  -95.43130       33.38060       484.9673    
  -94.19660       31.84330       288.9734    
  -90.35000       35.22380       71.87940    
  -90.72770       29.96920       70.75188    
  -98.49810       26.15740       112.0473    
  -97.49100       38.29370       979.2511    
  -97.48090       38.26690       2326.460    
  -99.24670       24.78550       791.6935    
  -90.19110       34.50410       1668.414    
  -118.3869       46.23330       1696.072    
  -118.2989       46.19390       1690.434    
  -118.1180       46.36750       390.9676    
  -114.1466       42.12460       1532.014    
  -91.27820       33.51390       122.4299    
  -91.73020       29.99460       80.19486    
  -97.43660       38.29130       384.7662    
  -91.29840       35.35080       79.20828    
  -99.58230       35.35720       616.4750    
  -115.2013       44.96480       1592.796    
  -105.6385       37.05380       1095.956    
  -93.38920       32.12370       260.3356    
  -91.91640       34.50460       111.9064    
  -90.27250       31.38240       376.6235    
  -97.75920       37.51920       383.5447    
  -91.14040       35.19690       122.6648    
  -91.00750       34.20900       103.4500    
  -97.73220       37.51810       424.5113    
  -90.59940       33.97860       107.1144    
  -118.0846       37.83430       1091.168    
  -110.1531       27.35740       125.4366    
