  -119.1960       43.61180       27104.42    
  -119.8885       37.86350       9564.178    
  -91.77820       32.38300       1097.526    
  -98.59590       32.56490       2166.225    
  -98.12580       27.43290       3798.027    
  -96.34470       18.92710       2032.893    
  -119.9302       37.86660       81636.25    
  -91.75460       32.38240       7027.174    
  -89.63740       32.84770       2208.751    
  -91.47780       32.82520       1235.813    
  -109.6423       30.50830       8139.812    
  -81.38960       29.98790       1638.826    
  -97.71790       31.42510       338.3875    
  -98.75480       21.63610       1126.266    
  -91.74580       32.76140       1257.622    
  -99.04940       31.42820       2024.949    
  -98.84530       21.63850       223.2489    
  -120.9774       43.61760       49550.41    
  -86.90380       35.26170       1659.619    
  -101.7973       31.35190       5100.143    
  -84.38350       39.47850       669.5678    
  -101.4631       26.88850       2363.862    
  -97.48990       20.52240       2878.637    
  -97.46790       20.52180       2589.915    
  -90.12320       33.96570       3087.941    
  -81.52180       32.46340       1566.653    
  -95.23520       30.62230       3310.543    
  -97.05640       32.88770       606.5240    
  -78.46760       26.60630       3590.298    
  -97.79670       23.37190       316.9338    
  -98.83540       26.64590       2278.597    
  -94.87170       30.86430       1406.265    
  -94.03580       32.42710       3379.228    
  -81.99940       28.73660       1664.714    
  -99.59930       28.27990       2523.965    
  -73.49660       43.45810       1127.526    
  -83.27820       31.80470       4365.698    
  -91.77700       32.69100       395.8535    
  -93.74410       31.06070       1885.649    
  -98.09800       19.40630       1775.453    
  -119.9016       38.36810       7103.679    
  -95.31890       30.30370       1900.012    
  -94.89550       30.86510       10940.70    
  -109.0715       35.86950       1501.199    
  -98.64710       19.03790       2386.455    
  -97.77520       38.54450       1546.421    
  -91.49820       30.42210       433.7076    
  -91.83210       34.35520       685.2504    
  -80.74580       28.06040       1330.317    
  -80.29880       26.85550       1952.326    
  -81.84040       27.76290       3587.494    
  -81.83880       27.74090       4779.822    
  -94.21460       31.91430       13464.74    
  -90.15800       31.26350       5626.792    
  -81.78110       27.23770       761.3203    
  -81.78270       27.25950       3748.634    
  -90.33250       34.60610       1626.823    
  -90.30850       34.60540       1146.218    
  -90.32710       34.58140       880.5930    
  -90.30310       34.58070       1138.029    
  -83.25600       31.80440       3932.133    
  -82.87420       22.68090       1534.524    
  -70.38480       44.59440       1693.017    
  -80.15340       35.13030       840.2105    
  -98.38010       32.74700       2930.824    
  -83.27580       31.78140       5664.680    
  -92.12590       18.33130       2762.060    
  -90.38900       35.07610       481.6390    
  -98.37230       32.72280       2744.106    
  -119.9437       38.37130       22399.12    
  -89.97860       30.79710       5215.442    
  -81.20760       26.77640       4361.694    
  -81.18680       26.77620       15050.93    
  -94.23850       31.91500       7985.931    
  -101.7481       36.33910       17226.37    
  -90.89670       34.35240       2798.034    
  -81.39100       27.64890       7121.236    
  -84.04090       15.06300       1052.610    
  -90.89120       34.32780       1237.171    
  -81.54510       33.51140       2072.859    
  -89.41430       31.43120       2579.066    
  -84.93530       30.46670       7028.794    
  -90.99860       35.41660       442.8804    
  -90.94560       35.19120       454.7664    
  -90.25920       32.13000       2794.759    
  -89.41860       31.45460       1926.458    
  -90.71580       30.37930       6487.404    
  -69.97770       18.95030       423.2428    
  -78.01330       37.49320       11357.80    
  -101.7760       36.34050       8436.167    
  -80.17630       35.13050       4792.860    
  -84.93800       30.48960       1697.698    
  -84.91330       30.46640       3606.258    
  -77.98970       37.49300       8787.010    
  -101.7594       36.36510       14521.11    
  -89.46290       34.31350       1865.006    
  -101.7873       36.36650       5896.571    
  -101.7315       36.36380       5052.282    
  -101.7202       36.33780       1666.099    
  -91.39580       33.30090       522.4646    
  -99.60570       33.01100       7589.636    
  -102.2846       30.99980       9878.099    
  -99.71230       29.22620       6567.070    
  -81.01700       40.62870       1213.663    
  -99.57980       33.00990       5816.964    
  -90.13510       31.26290       6333.121    
  -90.15360       31.24020       3395.396    
  -102.2585       30.99870       8188.936    
  -102.2759       30.97620       8452.252    
  -99.70540       29.20340       4049.899    
  -99.99810       37.54220       2369.854    
  -89.95580       30.79660       7335.217    
  -102.2671       31.02230       3300.697    
  -102.3020       30.97730       3681.152    
  -91.78240       32.71490       736.9283    
  -94.20860       31.89060       6750.391    
  -102.2932       31.02340       3549.763    
  -99.73700       29.22720       2267.136    
  -99.68770       29.22530       524.0149    
  -78.01450       37.51910       6130.604    
  -77.99080       37.51900       7776.610    
  -90.43860       34.43740       958.3685    
  -101.1455       30.95250       2721.447    
  -69.87430       19.12910       2508.862    
  -91.35500       34.98030       461.4846    
  -90.41460       34.43670       1110.733    
  -69.89370       19.12900       2448.776    
  -80.00330       35.27760       3693.040    
  -90.99270       35.39150       395.1645    
  -84.05350       31.79270       3096.803    
  -84.03130       31.79230       3612.129    
  -94.19060       31.91350       8537.150    
  -99.74410       28.68740       2018.222    
  -91.37750       33.32440       876.8034    
  -91.55080       31.55540       1147.252    
  -78.46690       26.58470       5705.983    
  -91.37000       33.39620       1298.266    
  -91.34620       33.39560       1056.815    
  -91.36450       33.37200       892.9958    
  -91.34070       33.37140       727.6263    
  -91.91940       30.68570       924.6918    
  -91.89630       30.68510       1068.184    
  -88.96050       15.72570       3944.651    
  -91.37200       33.30020       650.1093    
  -91.69820       30.72570       552.9546    
  -91.30570       30.48580       597.3976    
  -92.48230       17.88280       290.9471    
  -72.89330       46.10200       1485.747    
  -85.55640       37.90710       5143.102    
  -78.03680       26.66910       5455.574    
  -90.40920       34.41210       549.7802    
  -78.48830       26.60640       20243.28    
  -70.16180       44.96530       1741.389    
  -91.80630       34.84560       2637.645    
  -91.78190       34.84490       2110.013    
  -91.01780       35.29270       823.4890    
  -85.15350       38.87610       3124.669    
  -91.55740       32.97040       920.7728    
  -120.5598       44.17810       17665.52    
  -90.67110       34.51730       770.5190    
  -91.53370       32.96980       3940.064    
  -90.66560       34.49270       816.5124    
  -91.37550       33.42040       1535.124    
  -91.35160       33.41980       2102.852    
  -78.05740       26.66920       2342.519    
  -108.3484       25.41480       585.3395    
  -91.35370       33.32370       775.6868    
  -89.33390       32.10710       5144.301    
  -91.52750       31.55470       1516.232    
  -91.38090       33.44460       5471.282    
  -91.35710       33.44400       1027.359    
  -91.32780       33.41910       596.3641    
  -69.45300       18.99270       3975.362    
  -118.3073       46.38440       4585.906    
  -90.98750       35.26690       502.3102    
  -91.39930       33.42110       893.2025    
  -92.13900       30.09650       647.2669    
  -85.33450       15.82380       1075.208    
  -90.72030       30.40230       2909.388    
  -91.79540       30.20140       4025.017    
  -90.32230       33.68050       580.1559    
  -95.40660       33.37970       764.4754    
  -91.69710       31.91000       1310.037    
  -91.67360       31.90940       805.1432    
  -91.69190       31.88640       1355.342    
  -91.66850       31.88580       1496.595    
  -90.69310       30.37870       6161.606    
  -92.19950       30.16650       1600.496    
  -87.49260       39.38640       360.7125    
  -89.41110       36.88770       5001.410    
  -90.88920       35.36360       830.0636    
  -90.97780       35.01870       472.3369    
  -91.56510       34.44510       487.8403    
  -83.64390       30.88290       1987.875    
  -82.87560       22.70150       347.2762    
  -101.0587       37.46290       11004.92    
  -101.0306       37.46150       10196.51    
  -91.05340       35.44320       2906.888    
  -91.02900       35.44250       1329.158    
  -91.04750       35.41810       898.1636    
  -90.73870       30.37990       13099.28    
  -98.24160       26.06290       476.4712    
  -98.21820       26.06210       429.9609    
  -90.53160       16.17140       1845.594    
  -88.01800       15.50270       1578.267    
  -91.40130       33.32510       600.4984    
  -96.08860       37.70980       3443.224    
  -90.92080       34.35300       699.2034    
  -91.46350       34.31980       1187.044    
  -91.43940       34.31910       1471.789    
  -90.34600       33.68120       446.4979    
  -90.91420       31.49180       1258.294    
  -84.97290       15.91720       191.2086    
  -115.7463       45.04060       20868.76    
  -122.0009       41.38960       62502.39    
  -101.0471       37.43630       1590.132    
  -101.0190       37.43500       942.9512    
  -91.50760       30.46820       2873.872    
  -108.8756       25.74060       4145.719    
  -90.35960       35.37330       561.6107    
  -91.35160       32.67900       603.5990    
  -92.52400       30.28950       1764.428    
  -98.48570       26.20030       3188.791    
  -115.7125       45.00710       17088.69    
  -90.35270       36.60770       393.2696    
  -90.89510       35.38870       700.1337    
  -91.67680       34.10660       479.9164    
  -91.64800       33.98420       529.6995    
  -81.41200       27.64910       7160.787    
  -81.37000       27.64870       27166.08    
  -97.74780       38.54330       1137.064    
  -91.89290       34.30810       762.7673    
  -91.86870       34.30740       789.6398    
  -88.99670       33.74300       1768.262    
  -89.33830       32.13070       6137.389    
  -117.9297       46.35080       4547.664    
  -91.62530       32.85320       1590.856    
  -89.35690       32.10770       10770.94    
  -91.60810       32.14240       403.6052    
  -76.18610       35.80400       2879.113    
  -90.99620       34.99450       638.7402    
  -91.63070       32.87710       791.7069    
  -91.60160       32.85250       824.7809    
  -91.61990       32.82920       970.5128    
  -92.69710       36.75770       2101.941    
  -91.58860       34.54380       1759.217    
  -90.17510       34.43020       981.8820    
  -90.15120       34.42950       860.9556    
  -90.16980       34.40550       2861.780    
  -90.14590       34.40490       2119.832    
  -90.16450       34.38090       1817.825    
  -90.14050       34.38030       1161.205    
  -90.32380       34.23880       572.5923    
  -91.77230       30.75070       806.8657    
  -91.86610       30.43180       4070.915    
  -89.02150       15.74570       1311.555    
  -118.1912       46.24740       4511.283    
  -97.75830       38.57030       6340.581    
  -89.95120       37.93930       5161.339    
  -89.94490       37.91290       1329.675    
  -100.6560       37.99200       2643.871    
  -90.85030       33.71910       423.7596    
  -89.08400       17.34170       1248.307    
  -91.17540       35.54660       393.7863    
  -89.25110       32.76680       1610.434    
  -91.72110       31.70000       1253.629    
  -91.69770       31.69940       1165.167    
  -78.44700       26.60620       3228.738    
  -111.8433       25.11050       4727.229    
  -98.66620       21.96300       667.2663    
  -96.76690       19.39640       3303.273    
  -91.92240       34.52930       530.7330    
  -91.39380       33.39690       1033.560    
  -111.8338       25.08840       4021.618    
  -111.8050       25.08710       4764.247    
  -91.00790       35.04430       394.3032    
  -91.89810       34.52860       548.6324    
  -90.76560       33.33140       345.2091    
  -101.0257       37.51330       918.8349    
  -101.0141       37.48670       942.8134    
  -99.67530       36.75240       6673.214    
  -90.65610       35.50640       2132.579    
  -91.03220       35.04500       359.6789    
  -91.74650       34.49950       841.1111    
  -90.92810       34.28000       1695.762    
  -90.90410       34.27930       1549.720    
  -92.17650       30.16590       372.5984    
  -86.30650       37.87100       6740.861    
  -90.65020       35.48130       1873.500    
  -90.22040       34.52940       6903.793    
  -90.21500       34.50470       917.9858    
  -101.9423       32.22830       2132.588    
  -90.68040       35.50710       5849.517    
  -90.67460       35.48200       5592.662    
  -91.03320       34.11230       1892.448    
  -91.00930       34.11160       2144.120    
  -88.78460       17.33780       1540.576    
  -100.0704       37.64980       6872.046    
  -100.0592       37.62320       8477.843    
  -99.70260       36.75370       4386.269    
  -99.66490       36.72630       6749.832    
  -90.21030       35.24480       467.1691    
  -90.70070       34.54270       1960.018    
  -90.71920       34.51870       2064.207    
  -90.69520       34.51800       1999.164    
  -100.0314       37.62190       8299.377    
  -91.33600       34.38940       1967.609    
  -90.87830       34.37630       822.9722    
  -90.92260       34.25540       998.4189    
  -91.72620       31.72350       1258.876    
  -89.33440       30.48360       927.6792    
  -93.11510       17.83420       485.8249    
  -90.39460       35.10110       354.5111    
  -91.51770       30.62900       581.8943    
  -89.08220       17.32210       389.6521    
  -90.88380       34.40090       1166.513    
  -90.90960       34.30390       1120.379    
  -91.83470       30.93680       461.4846    
  -100.8236       30.15570       2812.056    
  -97.75180       38.62310       4769.731    
  -90.90790       34.40160       1607.186    
  -89.10210       17.32230       3493.309    
  -118.1915       46.02690       3005.592    
  -90.23900       34.50540       3420.022    
  -90.91350       34.42620       1410.809    
  -90.88940       34.42550       1051.130    
  -118.3396       46.22900       7072.857    
  -118.2923       46.22480       9955.509    
  -114.1344       44.57310       9505.826    
  -90.66880       35.45690       2272.799    
  -91.61350       34.44650       772.0693    
  -89.43720       33.24860       2385.394    
  -118.1588       46.40280       1845.421    
  -118.1115       46.39860       2114.664    
  -118.3330       46.26000       5963.641    
  -97.66300       38.67240       7012.635    
  -97.63550       38.67120       7460.694    
  -90.64440       35.45620       1637.848    
  -90.98030       33.77110       956.0430    
  -90.95650       33.77040       711.0894    
  -97.76230       38.65020       3996.079    
  -90.66300       35.43180       5907.673    
  -90.64370       36.48890       947.2578    
  -91.51280       34.22360       765.8680    
  -86.33950       31.06520       3306.575    
  -98.56540       21.26210       426.8603    
  -90.99340       35.29200       351.4104    
  -90.72480       34.54340       1905.058    
  -93.42890       32.76400       1441.804    
  -84.15890       30.77550       987.7498    
  -98.56120       21.24150       441.6747    
  -91.58970       33.83690       342.6251    
  -93.18470       17.89460       486.4803    
  -97.41960       38.31700       13332.88    
  -97.44680       38.31820       15522.37    
  -97.40940       38.29010       1358.098    
  -86.34280       31.08840       5971.018    
  -91.53200       30.69830       551.4781    
  -90.68960       34.49340       1046.996    
  -91.72220       34.49880       839.3541    
  -91.83090       34.64930       757.2549    
  -91.85530       34.65010       663.5455    
  -110.7764       33.00450       3958.780    
  -91.61380       33.83760       488.8739    
  -89.41380       33.24800       1467.281    
  -106.0664       38.59890       3482.356    
  -90.96320       35.26620       346.9809    
  -91.30750       33.53890       873.5058    
  -95.43130       33.38060       2257.606    
  -94.19660       31.84330       1059.569    
  -90.35000       35.22380       263.5578    
  -90.72770       29.96920       259.4236    
  -98.49810       26.15740       410.8401    
  -97.49100       38.29370       3590.587    
  -97.48090       38.26690       8530.352    
  -99.24670       24.78550       2902.876    
  -90.19110       34.50410       7766.756    
  -118.3869       46.23330       6218.931    
  -118.2989       46.19390       6198.259    
  -118.1180       46.36750       1433.548    
  -114.1466       42.12460       5617.384    
  -91.27820       33.51390       448.9095    
  -91.73020       29.99460       294.0478    
  -97.43660       38.29130       1410.809    
  -91.29840       35.35080       290.4304    
  -99.58230       35.35720       2260.409    
  -115.2013       44.96480       8546.711    
  -105.6385       37.05380       4018.505    
  -93.38920       32.12370       1396.923    
  -91.91640       34.50460       410.3233    
  -90.27250       31.38240       1753.247    
  -97.75920       37.51920       1406.331    
  -91.14040       35.19690       449.7709    
  -91.00750       34.20900       379.3165    
  -97.73220       37.51810       1556.542    
  -90.59940       33.97860       392.7528    
  -118.0846       37.83430       5079.578    
  -110.1531       27.35740       459.9342    
