  -118.9002       49.57690       1597.744    
  -116.0089       47.23950       1987.427    
  -116.1976       47.22360       2062.720    
  -116.2227       47.09630       1260.324    
  -115.9245       46.55690       992.0058    
  -115.9913       44.81610       1256.704    
  -114.4280       42.89910       576.2941    
  -121.5424       41.43580       1154.296    
  -112.1364       35.12300       13161.12    
  -112.1035       35.12100       22884.92    
  -112.1198       35.09690       2852.717    
  -112.0870       35.09490       6730.475    
  -89.11460       33.86690       184.4764    
  -110.1696       34.16300       1391.274    
  -109.8347       33.72760       937.0406    
  -85.32250       31.95360       2567.264    
  -93.27930       30.26510       441.2366    
  -121.9347       39.30740       786.0708    
  -101.7973       31.35190       2188.370    
  -109.6423       30.50830       1806.430    
  -115.9386       46.30400       988.6430    
  -85.21750       35.45100       93.57818    
  -88.56710       33.44340       1127.138    
  -109.6674       33.69390       698.8461    
  -101.9414       32.15720       478.5319    
  -93.30260       30.26570       85.28688    
  -106.6070       35.85570       544.1397    
  -122.7775       38.80830       21832.04    
  -122.8237       38.81200       10381.86    
  -122.7918       38.78260       79709.69    
  -122.7456       38.77890       31972.95    
  -122.8700       38.81580       12042.23    
  -122.8380       38.78630       61540.11    
  -122.7599       38.75310       36733.86    
  -122.8060       38.75690       92392.02    
  -110.8616       33.42080       818.6003    
  -122.8842       38.79000       38868.43    
  -102.2042       17.92530       57.62868    
  -122.8522       38.76060       123368.1    
  -122.8985       38.76430       12158.99    
  -122.8203       38.73120       77634.73    
  -122.8665       38.73490       7257.069    
  -122.7742       38.72740       38129.36    
  -70.34600       18.92870       662.3701    
  -93.11510       17.83420       147.6359    
  -95.19290       29.23250       196.4490    
  -117.2692       34.18320       8830.515    
  -122.7885       38.70180       70316.28    
  -122.8346       38.70550       11138.16    
  -93.18470       17.89460       114.3051    
  -122.9128       38.73860       4051.967    
  -122.8808       38.70920       20908.24    
  -122.8028       38.67610       15059.61    
  -116.8555       32.42740       815.3932    
  -122.7568       38.67240       6636.375    
  -95.95720       33.66470       1235.368    
  -122.7424       38.69810       9599.895    
  -122.8490       38.67980       4027.784    
  -83.86020       34.70970       855.9140    
  -88.85110       34.20050       103.7074    
  -80.59200       26.90120       101.9560    
  -81.02060       26.77480       26.27122    
  -80.55380       26.59810       43.21220    
  -99.94190       25.57780       59.22948    
  -81.16880       26.81940       582.5666    
  -80.60270       26.72810       22.74772    
  -81.25880       26.60400       115.7832    
  -81.00470       22.95350       24.95846    
  -81.18960       26.81960       59.08205    
  -80.49770       26.70560       132.5118    
  -80.47700       26.70550       1346.789    
  -81.19380       26.88460       203.4136    
  -70.74800       18.41390       282.1008    
  -104.2513       50.73310       67.76395    
  -73.62860       44.41920       202.2214    
  -82.02910       31.92880       331.0328    
  -85.40600       31.90830       632.9563    
  -92.57620       35.29070       492.1108    
  -86.65060       33.73820       507.2834    
  -82.05130       31.92910       1303.245    
  -82.83800       33.35980       352.9358    
  -116.6658       32.15200       41062.83    
  -80.45270       27.00850       20.37992    
  -85.40290       31.88480       889.1934    
  -86.64680       33.71400       120.5414    
  -116.6309       32.14990       9925.780    
  -80.50500       26.46830       145.4841    
  -85.95570       35.36590       360.2715    
  -92.96100       32.11080       332.6807    
  -84.00690       32.92320       211.6271    
  -86.91960       32.83320       648.2886    
  -83.98150       32.70910       590.5330    
  -90.56720       31.13480       325.8113    
  -93.62520       31.63840       3497.559    
  -85.80350       32.66900       909.9608    
  -94.62970       32.04500       468.3537    
  -116.6829       32.17700       17815.03    
  -83.98430       32.73280       201.5496    
  -84.01250       32.59110       452.8759    
  -80.75590       26.51340       82.57674    
  -81.37490       26.47560       80.09658    
  -82.51190       32.80670       1025.797    
  -116.6479       32.17480       2814.523    
  -93.10690       31.83340       446.7388    
  -81.37630       26.49710       253.3228    
  -80.79600       26.49220       64.09835    
  -80.75710       26.53500       71.28747    
  -83.17200       33.31660       2227.131    
  -83.14940       33.31630       1125.224    
  -88.15530       33.98920       403.5078    
  -94.00230       32.85360       3326.429    
  -86.62750       33.73780       171.3172    
  -84.00410       32.89940       548.9581    
  -92.05420       31.94350       1127.361    
  -85.49580       31.90980       432.6598    
  -93.63090       31.66200       1202.380    
  -97.93060       26.11810       876.8257    
  -116.7008       32.15420       23823.50    
  -116.6488       32.12710       31323.49    
  -95.25330       30.41620       546.4127    
  -83.83530       33.75950       130.4505    
  -83.60280       33.13160       354.5476    
  -84.71850       32.83970       446.5056    
  -116.7179       32.17920       18554.94    
  -95.63290       31.14350       4351.052    
  -83.14680       33.29230       886.8281    
  -116.6837       32.12920       87350.68    
  -80.61840       26.64180       86.00159    
  -82.02710       31.90540       411.1092    
  -115.9317       46.52570       5267.572    
  -75.15840       39.49520       181.2086    
  -96.42520       29.56500       265.5660    
  -81.08010       27.38370       434.7816    
  -92.89710       49.98930       970.7460    
  -82.78810       32.21980       657.5022    
  -92.56530       32.02860       313.2176    
  -80.57200       26.55510       562.0587    
  -88.26890       34.72480       245.8495    
  -85.51460       34.15210       225.6186    
  -88.75090       33.18400       313.4901    
  -116.7529       32.18130       8869.396    
  -116.7358       32.15630       31163.37    
  -88.44670       33.92330       315.2777    
  -88.66310       33.83160       86.60563    
  -82.86090       33.57630       471.7815    
  -85.86830       32.64650       415.4175    
  -89.42920       32.36850       193.1041    
  -91.65400       33.18840       209.3720    
  -116.6139       32.12490       1045.496    
  -93.97130       30.83650       321.2085    
  -91.58600       30.51610       137.5434    
  -80.57080       26.53350       87.52374    
  -80.96970       22.66500       25.98934    
  -92.71750       33.65300       1189.819    
  -82.86570       33.40820       868.3848    
  -95.60890       31.14270       524.0712    
  -116.7187       32.13140       73297.03    
  -116.6667       32.10430       24741.39    
  -91.60900       30.51670       113.0621    
  -80.67450       34.47140       300.7924    
  -92.74160       33.65370       1446.913    
  -92.73560       33.62940       1249.895    
  -92.71140       33.62860       1955.425    
  -85.27550       32.77800       266.6683    
  -114.5118       42.49850       88.79221    
  -112.1201       35.14700       20785.05    
  -82.85050       33.26420       600.7146    
  -93.92590       33.11390       303.4022    
  -116.6318       32.10210       14271.21    
  -96.35370       19.50780       217.0142    
  -89.05430       36.59690       798.8083    
  -112.1530       35.14900       12848.44    
  -88.44220       33.89900       354.3170    
  -116.7708       32.15850       2910.880    
  -116.7016       32.10640       79485.87    
  -89.09660       34.13350       131.2473    
  -86.99770       32.17290       298.0045    
  -82.70660       31.84370       704.2276    
  -92.88090       31.26700       276.3003    
  -116.7537       32.13350       48181.93    
  -80.53430       26.61950       69.68074    
  -80.51360       26.61930       98.00967    
  -80.53300       26.59790       87.43918    
  -80.51230       26.59770       126.9306    
  -101.3024       18.54140       29.93566    
  -85.75450       15.73110       49.28320    
  -123.5629       51.49550       4721.143    
  -80.54170       26.74920       94.45799    
  -80.54040       26.72760       122.2796    
  -80.51970       26.72740       77.37607    
  -87.47200       36.30290       132.2386    
  -122.5909       37.88730       5135.484    
  -122.5608       37.85850       5751.927    
  -80.62910       26.46930       100.5889    
  -83.86110       15.29210       500.5955    
  -92.74670       31.79930       440.8458    
  -68.35910       45.89610       154.1183    
  -92.72570       33.00470       613.1834    
  -116.7366       32.10860       70857.09    
  -80.62790       26.44770       72.13310    
  -69.42990       45.22210       143.4073    
  -117.7011       45.88970       4867.590    
  -82.84310       33.40790       1241.905    
  -82.64510       32.57150       203.6570    
  -116.7887       32.13570       30330.46    
  -119.4012       44.65040       505.1976    
  -82.75370       32.76250       275.7323    
  -116.7716       32.11070       55821.15    
  -117.8689       45.77920       3961.298    
  -87.89520       32.38020       510.2819    
  -82.70510       32.05430       290.2937    
  -89.18210       16.23180       26.29941    
  -86.00170       15.65620       22.83228    
  -88.00920       34.59580       153.6903    
  -90.57550       33.97800       46.57832    
  -88.34680       34.13950       532.8641    
  -92.10650       31.96840       481.9522    
  -85.97020       30.96620       332.4140    
  -116.8058       32.16070       1382.422    
  -116.8237       32.13790       4459.162    
  -92.24440       31.01730       23.33966    
  -116.8066       32.11290       19246.34    
  -81.08150       27.40550       103.6755    
  -81.04150       22.89200       29.76653    
  -91.97040       49.59450       1078.989    
  -88.43210       36.04840       38.73032    
  -80.92030       26.49320       99.87010    
  -116.0733       46.92210       9299.998    
  -79.14710       34.77640       736.5317    
  -79.14560       34.75180       855.1566    
  -93.47350       33.41150       766.0834    
  -80.89960       26.49300       95.38820    
  -80.91900       26.47160       64.43777    
  -79.93190       47.55570       662.3228    
  -82.56960       32.02910       778.5234    
  -114.9825       32.24090       66.04449    
  -116.7545       32.08580       25872.45    
  -116.7195       32.08360       65009.73    
  -78.03820       37.51930       210.5509    
  -87.70400       33.80930       411.6729    
  -90.95950       34.20770       58.82249    
  -89.46960       32.93880       235.6403    
  -88.43370       32.06260       323.1512    
  -92.87560       31.24370       727.2303    
  -81.53190       27.56270       186.7598    
  -80.84130       22.89050       52.30284    
  -90.95390       34.18310       67.08039    
  -94.31680       32.03500       1732.084    
  -116.7895       32.08790       18029.48    
  -115.7834       46.57670       6191.245    
  -87.48630       36.63360       42.07059    
  -113.9781       42.51540       614.8238    
  -87.39670       32.67700       270.7483    
  -92.00250       49.59590       711.5161    
  -87.19510       37.39740       191.2206    
  -91.55190       34.59180       34.50211    
  -82.75610       32.78620       403.2916    
  -87.89120       32.35650       644.8348    
  -94.31080       32.01130       838.3011    
  -116.6846       32.08150       24091.58    
  -80.66870       26.79350       24.77725    
  -80.58570       26.79280       156.7817    
  -117.8301       45.74460       2049.860    
  -90.28360       32.93570       175.3482    
  -109.0504       26.38110       1890.326    
  -114.3387       34.51340       1155.403    
  -94.29280       32.03420       945.1324    
  -85.15210       30.26480       297.4097    
  -77.37880       26.73130       186.8358    
  -87.39280       32.65320       320.7828    
  -94.28670       32.01050       769.9962    
  -91.82480       30.89040       72.33041    
  -80.50270       26.79220       1013.291    
  -80.48190       26.79200       87.27006    
  -80.50140       26.77050       68.49685    
  -90.87830       34.37630       68.23470    
  -81.51210       26.97420       623.7224    
  -111.7762       25.08590       496.3315    
  -123.4171       51.40780       23313.49    
  -109.0149       26.22630       61.36528    
  -124.8329       51.88600       4417.801    
  -87.20010       37.42340       258.9261    
  -92.67940       32.81250       172.6608    
  -81.51060       26.95250       1653.841    
  -81.48980       26.95230       546.7979    
  -88.11330       33.24090       710.1669    
  -81.49130       26.97400       1581.185    
  -80.02480       47.62320       547.3583    
  -116.0348       46.88650       2696.026    
  -117.6623       45.85500       1509.721    
  -91.81990       30.86720       296.9918    
  -116.2290       47.06450       3134.536    
  -92.45730       34.25200       168.3995    
  -80.58650       26.44740       103.9292    
  -80.56580       26.44720       633.1176    
  -117.2497       34.15720       498.9505    
  -80.54290       26.77090       146.8877    
  -78.93450       37.06080       458.1721    
  -117.3057       34.18560       822.2759    
  -116.7375       32.06080       25137.04    
  -80.02120       47.59000       407.3806    
  -117.2862       34.15960       459.6065    
  -112.0707       35.11890       6114.601    
  -89.20980       16.54310       262.0319    
  -121.7271       41.93510       1317.537    
  -109.0425       26.22750       48.79343    
  -123.3530       51.40100       9925.217    
  -118.3789       34.48040       12434.23    
  -102.5075       51.26610       56.15050    
  -117.0852       32.46580       3148.779    
  -81.49270       26.99570       353.6938    
  -81.53300       26.97440       612.2233    
  -107.6171       24.71740       50.86525    
  -107.6093       24.69570       51.75317    
  -102.3073       51.28910       73.44384    
  -119.4732       43.48740       2982.336    
  -118.4167       34.48300       15286.75    
  -118.3581       34.45420       12615.72    
  -90.21500       34.28460       23.50879    
  -118.3959       34.45670       25894.85    
  -86.38440       34.53540       118.5588    
  -116.7025       32.05870       3269.756    
  -121.8154       42.08590       146.6340    
  -86.38050       34.51080       143.0296    
  -91.00420       34.40430       204.2066    
  -91.74700       34.40150       292.2469    
  -112.0873       35.14500       5836.255    
  -121.7785       42.05410       159.4877    
  -90.59970       35.15640       70.78007    
  -117.0498       32.46360       2624.842    
  -116.7724       32.06300       7673.979    
  -97.99020       26.35820       71.71028    
  -102.2693       51.28650       171.4113    
  -119.5095       43.52010       3926.176    
  -118.4545       34.48560       2905.333    
  -118.4337       34.45930       16632.32    
  -118.3751       34.43050       6836.946    
  -117.1029       32.49100       3272.591    
  -76.62570       20.51280       329.2051    
  -118.4129       34.43310       1477.460    
  -118.3374       34.42800       4021.733    
  -116.6497       32.07930       9161.053    
  -94.04100       18.08740       18.94234    
  -116.2354       47.03280       1917.826    
  -118.4715       34.46190       7953.494    
  -110.2590       27.40680       1947.814    
  -122.9165       51.39150       2068.341    
  -90.24150       34.40750       25.96115    
  -103.7633       28.14780       912.0197    
  -116.7138       42.75920       1936.756    
  -108.9232       26.20040       83.33782    
  -116.6830       42.72760       2456.186    
  -118.4507       34.43560       906.5667    
  -109.4958       26.86250       40.63300    
  -118.6653       34.52480       3433.677    
  -118.6881       50.11250       4002.171    
  -79.92840       47.52250       455.7339    
  -117.0366       47.26520       227.2235    
  -96.57120       30.89710       99.12943    
  -116.6676       32.05650       2255.735    
  -102.9722       50.17720       62.13148    
  -118.4876       34.16560       1953.122    
  -116.0132       31.11630       1256.137    
  -116.0472       31.11830       4346.927    
  -109.7431       27.18320       29.00545    
  -118.4499       34.16310       456.0492    
  -95.30080       30.41770       1268.590    
  -95.27700       30.41700       1725.255    
  -90.60540       35.18140       25.53833    
  -116.7554       32.03810       3845.571    
