  -117.7538       43.78710       196.4499    
  -88.91040       40.68460       4.459342    
  -109.6423       30.50830       437.3291    
  -78.09080       25.08770       196.7048    
  -82.42930       22.94460       4.038401    
  -80.37170       22.25060       6.015319    
  -79.13180       21.97800       4.419878    
  -82.87000       21.71900       89.60484    
  -98.15120       21.97000       4.169945    
  -78.34690       21.46610       22.84919    
  -98.51930       21.69150       11.03983    
  -77.60700       20.85710       10.38869    
  -77.72390       20.83730       96.27848    
  -76.85680       20.33270       10.60817    
  -76.73990       20.31240       19.47563    
  -76.93260       20.19270       3.310524    
  -76.87430       20.19250       3.402605    
  -77.28210       20.17340       5.774782    
  -97.43030       19.71260       346.1266    
  -89.83270       19.34770       126.9605    
  -90.15470       19.13340       730.2338    
  -89.33750       19.08150       12.67535    
  -97.35130       19.00860       63.79057    
  -88.60810       18.43690       2.788733    
  -92.67780       18.45940       21.33547    
  -95.84680       18.33960       4.656658    
  -88.27440       18.07750       235.2077    
  -88.25450       18.07720       249.8024    
  -88.61250       18.06210       3.959474    
  -93.36340       17.99630       27.19764    
  -94.52780       17.97760       189.9016    
  -93.18470       17.89460       70.57649    
  -93.11510       17.83420       54.64068    
  -88.67740       17.68940       3.097861    
  -91.23910       16.80420       38.84367    
  -92.54280       15.15380       37.66763    
  -117.4441       42.90600       190.1129    
  -117.1989       42.30580       154.2839    
  -110.9208       34.97430       112.4574    
  -81.88880       22.98120       4.788201    
  -98.90770       22.96440       21.40538    
  -98.82620       21.76130       4.406724    
  -96.68160       19.01410       26.38397    
  -88.48780       18.43530       15.45048    
  -88.81550       18.30150       16.06037    
  -96.25930       18.38760       21.27978    
  -93.40760       18.01690       3.755581    
  -93.05240       16.98830       263.0138    
  -84.28200       14.91140       61.43369    
  -114.7565       39.05740       64.38739    
  -80.99820       22.82980       19.81052    
  -98.42100       22.08020       49.19145    
  -77.00600       21.15830       6.787669    
  -90.12050       19.37200       26.55977    
  -96.17570       18.94350       22.79095    
  -96.80990       18.87700       99.84541    
  -88.72950       18.24110       40.25256    
  -96.16130       18.16730       18.19576    
  -88.67930       17.70900       50.71095    
  -91.24120       16.82380       65.14407    
  -120.4331       42.39990       252.8391    
  -81.01930       22.85060       13.54903    
  -80.99930       22.85040       18.71871    
  -81.01830       22.83000       16.04837    
  -88.39050       19.08810       70.81915    
  -96.34240       18.50860       64.25962    
  -96.10630       18.36460       6.129950    
  -96.10320       18.34470       5.630083    
  -115.1735       44.77910       143.2626    
  -120.3870       42.39600       260.1235    
  -122.1465       40.72770       215.4747    
  -122.8359       40.72980       283.0404    
  -99.00340       22.88370       35.88220    
  -82.86870       21.69860       92.75111    
  -98.83880       21.92640       3.275445    
  -78.17260       21.56690       7.787405    
  -103.9311       20.69630       30.11700    
  -103.8467       20.55070       77.51156    
  -93.57140       18.15810       4.327798    
  -95.67370       18.17750       24.17877    
  -121.4925       40.78490       68.83972    
  -83.01650       22.70290       5.430888    
  -88.37040       19.08780       63.15721    
  -98.56780       18.59640       45.72190    
  -96.37250       18.29060       30.03842    
  -78.15290       21.56690       11.56272    
  -78.30110       21.22290       2.617725    
  -76.02020       20.29130       3.864105    
  -90.13430       19.13310       2338.884    
  -96.69270       16.87590       19.60733    
  -78.15340       21.58720       13.57534    
  -87.41240       21.22290       24.21462    
  -96.74650       19.01550       192.8593    
  -103.5045       19.12090       59.90724    
  -95.50830       18.63100       3.143902    
  -95.78580       18.35820       188.9879    
  -96.11550       18.28540       42.21435    
  -95.73760       18.17870       7.221766    
  -88.68880       18.02380       4.564577    
  -99.00750       22.80060       11.72057    
  -96.69730       18.71500       82.24107    
  -87.99390       15.44460       4.617194    
  -119.5353       41.83670       64.38739    
  -118.0561       41.31930       165.7394    
  -119.5242       37.96800       222.5501    
  -81.94310       29.90310       422.6516    
  -98.56020       21.67200       4.275180    
  -90.68820       19.16170       32.61872    
  -88.61390       18.49630       15.31495    
  -88.60930       18.23950       35.57676    
  -88.77270       18.06420       19.04204    
  -88.74650       17.35690       116.2267    
  -119.9994       43.06120       238.1285    
  -119.5467       41.80910       72.17896    
  -80.63130       22.27280       8.348293    
  -76.75930       20.31250       8.931837    
  -96.39170       18.54940       39.32189    
  -95.66090       18.37560       3.781890    
  -95.63420       18.19650       13.44635    
  -96.01480       18.18420       27.98655    
  -119.5455       41.92320       173.7827    
  -103.7610       20.58900       50.46817    
  -103.9910       20.55500       146.0824    
  -90.60270       19.47950       6.011561    
  -98.05080       18.64460       28.14290    
  -96.43730       18.43100       15.60517    
  -96.31440       18.32910       15.35845    
  -95.24250       18.26820       3.157056    
  -88.74010       18.14260       13.82411    
  -93.37890       18.11520       35.85569    
  -103.7619       18.80600       82.76658    
  -88.75250       18.47840       6.406193    
  -98.59770       18.51730       57.92747    
  -88.66320       17.96440       2.722961    
  -120.5793       40.82140       332.4537    
  -79.26880       21.93790       4.655646    
  -96.73330       18.93530       273.8396    
  -96.45560       18.41150       61.28657    
  -88.80090       17.29890       54.84179    
  -123.3935       40.83290       208.1180    
  -120.5125       40.37090       64.47302    
  -123.0742       40.22230       163.4613    
  -82.90990       21.71930       27.55659    
  -78.17150       21.52630       28.71771    
  -98.04740       18.62460       77.02008    
  -96.54540       18.57240       58.59348    
  -95.88350       18.30060       3.249137    
  -95.31560       18.19030       3.170210    
  -93.51940       17.92010       12.97206    
  -119.4656       41.46150       81.08358    
  -78.07050       25.08770       154.2004    
  -98.56070       18.55630       5.064444    
  -96.37280       18.42960       83.02934    
  -96.12460       18.34510       5.156525    
  -95.20100       18.12870       24.15599    
  -102.2042       17.92530       10.59688    
  -88.74830       17.37650       110.0778    
  -96.57900       18.51340       50.18545    
  -96.10340       18.48380       23.56196    
  -83.01250       21.76100       96.07929    
  -98.12140       21.82510       3.841085    
  -103.9973       20.86210       26.28581    
  -96.14300       18.18680       15.99582    
  -80.65120       22.27290       4.867128    
  -90.45220       19.41720       59.32502    
  -88.65400       18.49690       6.544314    
  -96.29010       18.44780       3.420144    
  -95.96280       18.26250       69.65368    
  -95.99340       18.18380       57.80523    
  -84.46960       14.83620       63.32299    
  -87.99540       15.46390       4.827665    
  -87.68440       15.22950       7.541858    
  -90.67370       19.56060       15.51824    
  -88.72840       17.37630       56.55988    
  -76.84220       20.67400       10.53667    
  -103.3475       19.66180       264.9688    
  -96.72480       19.01500       69.62903    
  -96.73000       18.91530       152.1329    
  -88.46860       18.65270       28.35463    
  -96.23170       18.34730       25.84414    
  -95.99040       18.16390       3.814776    
  -78.14110       21.10100       7.784774    
  -96.62290       18.65370       100.6337    
  -82.13220       22.69480       257.1763    
  -76.84250       20.69410       12.08889    
  -96.24130       18.54630       26.52263    
  -88.73070       18.04400       17.68673    
  -95.99130       17.88670       15.66685    
  -84.46860       14.81700       113.0180    
  -107.2727       24.25490       15.14071    
  -89.59320       14.78900       5.327532    
  -104.1534       19.76590       319.6938    
  -96.44670       18.49080       35.53041    
  -103.3427       19.64150       55.15965    
  -88.47050       18.67250       12.67210    
  -96.31130       18.30920       39.28280    
  -97.04580       15.92430       46.98128    
  -83.01110       21.74060       27.38069    
  -78.25130       21.56720       4.872189    
  -87.86760       15.32770       40.93021    
  -88.57990       18.14050       29.56850    
  -107.4002       24.32380       80.84084    
  -104.0108       20.82150       101.9474    
  -107.2203       24.25290       8.458280    
  -76.82300       20.69410       12.85185    
  -95.81010       18.51760       36.45495    
  -95.78870       18.51720       41.81719    
  -96.29600       18.34860       3.025512    
  -80.35930       22.41440       5.485385    
  -104.3356       19.73060       118.3072    
  -83.03110       21.74080       81.19157    
  -76.84430       20.81490       3.492493    
  -79.48260       21.83710       3.525379    
  -90.51130       19.39810       60.60622    
  -104.2735       19.76940       465.7202    
  -96.21640       18.10890       13.75476    
  -77.60780       20.89740       2.367792    
  -92.40700       16.35350       108.7789    
  -92.48470       17.90260       20.08586    
  -99.01350       18.62650       67.77749    
  -96.52010       18.41280       13.32300    
  -96.04580       17.96690       11.59594    
  -99.03560       18.62700       155.5486    
  -96.49290       18.51170       28.37742    
  -103.8882       20.71550       31.73634    
  -88.62880       18.02300       74.22717    
  -93.16400       17.89420       49.94299    
  -88.60870       18.02270       22.76912    
  -99.00280       22.77960       38.36529    
  -76.95900       20.65410       2.558531    
  -90.68570       19.66080       44.11518    
  -90.31660       20.17630       79.13004    
  -90.31900       20.19650       65.27024    
  -82.15230       22.69490       541.4597    
  -76.19910       20.71310       3.130747    
  -90.61060       19.02110       163.0370    
  -93.51690       17.90030       10.38430    
  -71.40340       41.86950       51.37562    
  -90.13650       19.15310       1471.762    
  -71.40160       41.89800       44.58392    
  -83.16390       42.30190       10.59688    
  -90.70450       19.30140       22.10136    
  -92.79940       16.39840       105.8672    
  -93.31120       18.39110       51.36796    
  -101.0720       23.32080       56.54639    
  -110.8616       33.42080       67.66713    
  -98.76290       18.58080       24.90512    
  -98.67890       18.47920       49.25008    
  -70.45460       47.68400       29.80055    
  -90.62250       19.30010       38.81375    
  -98.49380       18.67450       99.58266    
  -99.11350       18.56890       32.59886    
  -76.37990       21.19750       225.2152    
  -99.13560       18.56940       89.33536    
  -69.12210       48.03610       20.72466    
  -98.57140       18.61640       28.84647    
  -104.1204       19.82580       63.68165    
  -65.36340       47.54160       78.60082    
  -96.68440       18.63510       65.68776    
  -80.84780       26.66520       12.34760    
  -66.63560       47.84580       30.05968    
  -79.15230       21.99850       18.59777    
  -81.06800       26.53760       72.64425    
  -98.64710       19.03790       44.50195    
  -92.45740       16.25690       135.0540    
  -78.10040       21.04020       11.67641    
  -81.15220       26.88420       54.82166    
  -81.13140       26.88400       66.92338    
  -80.62090       26.68500       13.80554    
  -66.89720       47.84050       26.17266    
  -104.1824       19.78700       32.95065    
  -70.93790       44.04260       31.25864    
  -81.18410       26.73300       27.81791    
  -80.60020       26.68480       6.787671    
  -80.77910       26.55670       9.681639    
  -104.2064       19.78770       62.51935    
  -80.80630       26.66490       11.81265    
  -80.80500       26.64330       12.14480    
  -104.5363       19.57430       69.89178    
  -92.51070       15.03760       3.143902    
  -72.95840       43.84810       36.98148    
  -78.08080       21.04020       16.13058    
  -80.78430       26.64310       13.08863    
  -80.56710       26.46880       10.58271    
  -78.09140       25.10890       181.9507    
  -76.80580       20.85510       3.696386    
  -91.07800       18.29470       3.873240    
  -92.47350       16.21830       4.038401    
  -80.54640       26.46860       9.188348    
  -82.17880       22.79810       6.814891    
  -77.72730       35.13730       23.50028    
  -80.70130       26.64240       11.33909    
  -80.70010       26.62080       13.00970    
  -80.63790       26.62030       97.31030    
  -80.61720       26.62020       11.19439    
  -80.63660       26.59870       23.67792    
  -80.61590       26.59860       119.0139    
  -90.22750       19.59340       107.2838    
  -90.20700       19.59310       137.7010    
  -71.67290       19.16090       9.379088    
  -81.92450       27.19550       20.66298    
  -80.99840       26.75300       21.58818    
  -81.27290       22.72890       3.512225    
  -78.18160       21.91280       13.06287    
  -88.20510       21.21400       116.9878    
  -96.73660       18.95530       75.14680    
  -89.02570       18.79900       23.04018    
  -72.82950       43.13570       32.05790    
  -81.71560       28.35650       85.27730    
  -78.24330       21.26310       29.70945    
  -104.3306       19.71020       71.26694    
  -83.84740       31.13940       16.40702    
  -80.80760       26.68650       218.6089    
  -78.11110       25.08780       165.6036    
  -82.89570       22.70170       28.22843    
  -78.16790       21.38440       72.25655    
  -88.22550       21.21430       73.54375    
  -78.09990       21.02000       14.12381    
  -78.08030       21.02000       13.55342    
  -76.99220       34.98580       578.7092    
  -77.01430       34.96120       225.1937    
  -76.99150       34.96110       300.8559    
  -96.68910       18.39640       41.21762    
  -80.05800       33.78510       181.6924    
  -82.68690       22.88510       4.801356    
  -81.83710       27.71900       5.662970    
  -100.3861       18.81900       105.6259    
  -110.8929       33.42260       155.1370    
  -88.22330       21.19400       189.4435    
  -92.48230       17.88280       10.26427    
  -80.49200       32.64180       97.28304    
  -88.20280       21.19370       74.61942    
  -80.45990       26.77020       32.99908    
  -82.44010       32.75830       29.55005    
  -82.89430       22.68110       35.60933    
  -90.93530       18.82740       39.39700    
  -77.50430       34.64360       56.49659    
  -80.46850       26.55420       14.02259    
  -80.44780       26.55410       262.8824    
  -82.15360       22.71550       34.30577    
  -69.31300       18.61800       4.901330    
  -91.42590       18.47830       11.71655    
  -105.3502       34.24520       298.4274    
  -82.04940       31.16200       71.99378    
  -103.3783       22.16250       84.81957    
  -77.00970       20.15280       9.128423    
  -90.15690       19.15340       2264.012    
  -75.97020       38.40060       34.28569    
  -83.01530       31.17400       30.07550    
  -104.5122       19.57360       14.41722    
  -90.56750       19.00050       19.26484    
  -96.65880       18.47530       175.7805    
  -72.43690       43.73110       35.57334    
  -78.55810       34.38030       68.11820    
  -81.65930       31.99480       101.1592    
  -92.50030       15.13390       71.32275    
  -92.48010       15.13360       7.984721    
  -83.63700       33.03670       29.19826    
  -83.24080       31.01550       23.09935    
  -86.84680       31.02860       33.24003    
  -90.13090       18.73570       58.31531    
  -78.99390       46.24360       27.90022    
  -88.31950       31.12820       94.85312    
  -75.20430       45.59100       72.41724    
  -83.24320       31.03860       28.80480    
  -83.26710       30.62520       50.57770    
  -78.55370       21.81240       3.696386    
  -92.55720       16.23900       129.0108    
  -92.55510       16.21950       179.4590    
  -92.47810       15.11430       7.090221    
  -70.09550       44.81210       37.85677    
  -85.57410       30.47720       64.56497    
  -83.07400       22.66230       5.366995    
  -95.89780       17.09650       107.3596    
  -78.46800       45.85750       22.71752    
  -73.54700       44.48030       44.80034    
  -84.18680       32.54650       27.18990    
  -81.67940       31.97160       177.0040    
  -81.65730       31.97130       190.3715    
  -78.31200       21.62840       7.033219    
  -78.29230       21.62830       9.428020    
  -89.26700       20.30050       40.04501    
  -96.67900       18.73460       113.7712    
  -91.12150       17.95980       2.499336    
  -81.85040       33.15570       16.65374    
  -98.71480       22.81320       120.0496    
  -78.16740       21.36410       32.48159    
  -75.70980       20.39120       42.26739    
  -91.83250       18.10900       6.286927    
  -90.53340       16.59930       18.02555    
  -77.16920       34.81400       232.3087    
  -88.74630       31.50880       50.33512    
  -81.92610       27.21730       25.19649    
  -89.02770       18.81880       76.74115    
  -97.80260       16.28980       5.225585    
  -90.99130       15.53830       38.55843    
  -87.50340       14.88180       48.59609    
  -73.86150       43.51640       23.84044    
  -77.14650       34.81390       288.3277    
  -77.14570       34.78930       95.83099    
  -82.48520       31.60780       22.08163    
  -80.52470       26.81400       11.66138    
  -80.52340       26.79230       26.93363    
  -96.61010       18.97260       116.9242    
  -90.26230       18.63850       23.17572    
  -90.59070       16.36650       43.16452    
  -69.08090       44.94820       21.68098    
  -77.19200       34.81410       116.0926    
  -86.95030       30.82330       33.00168    
  -80.50270       26.79220       78.33109    
  -90.51370       19.41810       12.38881    
  -89.04790       18.81910       79.78603    
  -90.73210       18.11160       367.7764    
  -93.37200       16.73910       8.129419    
  -77.16850       34.78940       107.8003    
  -84.18390       32.52290       38.70094    
  -87.64560       31.83460       35.17095    
  -86.97260       30.82370       135.7109    
  -82.87420       22.68090       35.31955    
  -89.67440       20.46800       82.99028    
  -90.13210       19.11320       101.8609    
  -96.99990       18.98100       90.38637    
  -90.29140       18.71820       39.57491    
  -90.91920       18.68820       129.6788    
  -90.88070       18.35100       102.1284    
  -90.86030       18.35060       90.20972    
  -95.51840       18.27360       32.99908    
  -90.71170       18.11130       119.6911    
  -78.29540       34.57420       39.51434    
  -87.29920       31.50090       17.82226    
  -83.65690       31.41440       25.88526    
  -87.57060       31.36710       28.15936    
  -88.32340       31.15140       116.6615    
  -80.41480       26.70500       13.01847    
  -80.39410       26.70480       47.03140    
  -78.22370       21.26300       67.42570    
  -89.69490       20.46830       78.76088    
  -90.11610       19.15270       111.5610    
  -90.11390       19.13280       88.33200    
  -99.21690       18.65110       210.4636    
  -99.19470       18.65060       47.72567    
  -80.87630       22.39740       12.75451    
  -90.49320       19.41780       192.8593    
  -90.49080       19.39780       45.40625    
  -71.06100       18.92560       142.1483    
  -89.04580       18.79930       34.35698    
  -90.72990       18.09190       8.427587    
  -90.70960       18.09160       64.57346    
  -90.10070       16.47670       47.56276    
  -120.3972       36.75240       283.7733    
  -84.72870       32.39000       598.3814    
  -83.56200       32.37180       65.92316    
  -84.10570       32.05080       30.72924    
  -84.68770       30.60010       87.93403    
  -81.97920       22.81700       3.946320    
  -81.13400       22.74840       4.604040    
  -77.43030       20.81630       4.433033    
  -90.72210       19.10250       48.16726    
  -90.49710       19.09890       225.0963    
  -96.59830       19.03230       75.67230    
  -98.85800       18.74270       31.63527    
  -90.22600       16.32280       64.65645    
  -77.48160       34.64350       82.54281    
  -82.83850       32.71620       20.63214    
  -81.53450       32.08710       216.3459    
  -81.51240       32.08680       309.7570    
  -83.87680       31.60350       27.50952    
  -82.02950       29.90410       6.932368    
  -81.22860       23.01710       8.083379    
  -78.18110       21.89240       7.199841    
  -89.41460       20.16200       55.72368    
  -90.51760       19.09920       138.6820    
  -90.49490       19.07900       27.91928    
  -90.96740       18.03630       49.71912    
  -90.96520       18.01650       6.222031    
  -91.39580       17.86550       4.354106    
  -91.37540       17.86520       4.709275    
  -89.87700       16.43490       24.31651    
  -77.17000       34.83860       80.70841    
  -105.3621       34.27030       85.79452    
  -80.97930       32.62290       55.31080    
  -81.53250       32.06360       219.5403    
  -81.51040       32.06340       297.5603    
  -85.05370       31.25070       21.16271    
  -80.87520       22.37690       5.590621    
  -78.13850       21.00000       10.93131    
  -77.10120       20.99690       81.76857    
  -77.08160       20.99690       6.748208    
  -88.96710       20.53770       16.80578    
  -90.15240       19.11350       81.35735    
  -96.23510       18.50640       17.33223    
  -88.32950       17.58680       7.892641    
  -88.32770       17.56720       8.872643    
  -90.22470       16.92670       35.06136    
  -74.25190       39.84860       36.32983    
  -75.13380       39.38720       30.53186    
  -77.14720       34.83850       241.2233    
  -84.70620       32.38960       117.2015    
  -82.87560       22.70150       7.467315    
  -80.85630       22.39730       7.603243    
  -72.42280       19.33710       5.340686    
  -72.42310       19.31730       4.091018    
  -90.51990       19.11920       55.69949    
  -90.49940       19.11890       83.69008    
  -90.89870       18.68790       114.5315    
  -90.91080       18.07490       35.61856    
  -90.98520       17.26990       23.04018    
  -90.22790       16.34220       6.498274    
  -92.37630       15.49920       100.7819    
  -92.35600       15.49890       110.1193    
  -84.01050       15.21630       63.08700    
  -81.98260       32.39790       18.87424    
  -89.36010       20.22150       6.397423    
  -89.43960       20.20260       37.53204    
  -90.57200       19.04040       22.73252    
  -90.91690       18.66840       63.72383    
  -91.03350       17.89930       2.617725    
  -88.63930       17.70850       119.9173    
  -84.00850       31.00330       18.19576    
  -83.86370       30.88610       22.80124    
  -78.18600       21.32360       15.50246    
  -72.05840       19.19930       5.610352    
  -72.03910       19.19940       34.07737    
  -90.89640       18.66810       63.85759    
  -91.10470       17.62490       61.65188    
  -92.43180       16.39280       78.56256    
  -97.82420       16.29030       25.84414    
  -88.23510       32.36410       74.09580    
  -84.48310       30.91840       4.012092    
  -83.39130       30.55820       8.975685    
  -78.15360       25.15150       60.61242    
  -80.89620       22.39750       10.06312    
  -76.95990       20.71450       4.459342    
  -89.31920       20.22090       28.24968    
  -89.31940       20.04010       91.88023    
  -89.29900       20.03980       96.48669    
  -95.52130       18.29350       7.379618    
  -92.14300       18.13380       5.090203    
  -91.83490       18.12880       8.931837    
  -85.13420       32.39690       72.51929    
  -84.12270       30.84390       21.64986    
  -86.96920       30.80070       302.8206    
  -86.94690       30.80030       346.1307    
  -80.17770       21.90220       46.55304    
  -78.18000       21.85170       12.29937    
  -78.19920       21.83140       56.42459    
  -78.17950       21.83130       349.6166    
  -78.15980       21.83120       7.313846    
  -78.17900       21.81090       7.682170    
  -78.18540       21.30340       5.958943    
  -72.03950       19.17950       33.99175    
  -90.17510       19.13370       79.93721    
  -90.56970       19.02050       32.61872    
  -120.3715       36.72470       383.0911    
  -83.75990       32.54000       20.88914    
  -88.00870       31.70220       40.96671    
  -89.74360       31.48560       246.9860    
  -83.94350       30.61180       187.7502    
  -80.48550       26.48970       23.59899    
  -80.46480       26.48950       90.78370    
  -89.54820       14.96140       4.880282    
  -89.73920       31.46230       77.77431    
  -84.38620       31.03210       6.948811    
  -84.54710       30.71250       56.63758    
  -86.37040       30.65160       847.1469    
  -83.03380       22.66190       5.564312    
  -78.42900       21.58820       10.23447    
  -78.18650       21.34390       7.620782    
  -78.20560       21.32370       11.61534    
  -71.60670       19.49860       6.892906    
  -88.27260       18.05780       163.9567    
  -88.25270       18.05750       75.19736    
  -96.58770       17.03100       35.01920    
  -92.51530       14.88350       7.997875    
  -71.11700       44.13150       34.19631    
  -84.46010       31.47290       39.28368    
  -86.28490       30.83380       30.16178    
  -86.37360       30.67460       304.2657    
  -86.34820       30.65120       281.6907    
  -82.36620       22.90280       7.767673    
  -78.67090       21.77220       4.130482    
  -83.02970       21.72050       221.4991    
  -77.68430       20.81700       11.32030    
  -77.66480       20.81700       11.85869    
  -77.68390       20.79690       108.0520    
  -77.66440       20.79680       13.81760    
  -71.62600       19.49850       62.12497    
  -101.0370       19.13610       59.87831    
  -103.9083       18.93070       73.75785    
  -90.13130       17.19910       44.20271    
  -83.08690       30.12090       34.19568    
  -82.15870       22.79790       10.91633    
  -81.13290       22.72790       66.70844    
  -98.94410       22.92370       50.85920    
  -78.08140       21.85130       40.24979    
  -78.11950       21.02010       12.70715    
  -78.11900       20.99990       9.954594    
  -89.56970       19.54330       40.11703    
  -90.02520       19.43040       35.64452    
  -91.47890       17.33610       37.88918    
  -84.57130       32.38740       136.9098    
  -83.90020       30.81760       104.3122    
  -78.09940       20.99980       189.4435    
  -89.21360       18.26740       160.9698    
  -95.03880       16.80640       74.62129    
  -72.89330       46.10200       48.97646    
  -67.06960       44.95020       97.57345    
  -70.58910       44.71460       30.31882    
  -85.40840       32.26030       67.78977    
  -100.6794       25.06560       105.7854    
  -82.36760       22.92350       7.419082    
  -82.34740       22.92330       6.629817    
  -82.34610       22.90260       6.629817    
  -78.06170       21.85120       10.14350    
  -78.16270       21.18190       10.40776    
  -90.41260       18.34390       20.80393    
  -81.92340       32.23240       30.34682    
  -86.39260       30.65200       261.9628    
  -86.36720       30.62860       683.8884    
  -106.4281       30.09770       84.83953    
  -106.4006       30.09640       245.0019    
  -80.50760       26.87880       51.71912    
  -80.50640       26.85720       12.84527    
  -100.6555       25.06480       309.0552    
  -78.08190       21.87170       17.82331    
  -78.10110       21.85140       27.04497    
  -82.89000       21.71920       44.43758    
  -76.66160       20.27220       6.968073    
  -90.93760       18.84730       63.80571    
  -70.25220       18.25870       34.93358    
  -91.81200       18.10870       11.69901    
  -90.99440       18.09590       11.96120    
  -90.50630       17.51790       62.87197    
  -90.15340       17.21890       66.48244    
  -90.13330       17.21870       34.28921    
  -90.41790       16.85120       199.1653    
  -88.23700       14.77420       113.0993    
  -82.81610       32.71590       44.67685    
  -82.46750       31.88740       18.38080    
  -84.36750       30.87060       15.29677    
  -86.32600       30.65080       91.74539    
  -84.60240       30.62170       18.90650    
  -83.96550       30.61210       449.1393    
  -86.34500       30.62820       186.2459    
  -80.77780       26.53510       137.8416    
  -80.77660       26.51360       54.22335    
  -78.44870       21.58830       11.82598    
  -78.18230       21.18200       6.037870    
  -78.04060       20.99960       13.19386    
  -78.04010       20.97950       112.8492    
  -78.02060       20.97940       55.61118    
  -77.24400       20.21340       11.66795    
  -89.02030       20.09580       73.57887    
  -90.99660       18.11570       191.6440    
  -90.97410       18.09560       71.93549    
  -92.33110       17.82120       2.591417    
  -90.09000       16.57390       39.57491    
  -90.36810       16.34410       60.81773    
  -92.49510       14.88320       9.642176    
  -82.85290       29.93640       35.01921    
  -82.85080       29.91370       32.54676    
  -106.4182       30.07430       80.02979    
  -106.3907       30.07300       74.28655    
  -80.79730       26.51370       11.61534    
  -80.75590       26.51340       18.41214    
  -90.70810       18.62550       50.56040    
  -90.75360       18.48750       6.861335    
  -90.97630       18.11540       72.80839    
  -90.15150       17.19930       34.96687    
  -90.08820       16.55440       25.00538    
  -91.12940       15.92720       57.01698    
  -86.45340       32.16210       67.13289    
  -80.68570       26.72870       7.287538    
  -69.29680       18.53920       11.32594    
  -69.27740       18.53940       212.3029    
  -90.77400       18.48780       55.36280    
  -90.77180       18.46800       48.25097    
  -90.75140       18.46770       51.29829    
  -89.21560       18.28720       127.2846    
  -95.40340       16.71490       274.3121    
  -90.21160       16.38090       42.88988    
  -92.51730       14.90280       14.55571    
  -92.49700       14.90250       9.072152    
  -85.77270       32.29040       39.18805    
  -82.35500       31.62940       22.30779    
  -92.21860       29.71240       188.2611    
  -77.33710       21.05810       4.959208    
  -76.11730       20.27140       5.722164    
  -89.65830       19.42490       38.69649    
  -90.68770       18.62520       65.36195    
  -84.73320       31.71000       3.998938    
  -81.01520       26.68820       270.1081    
  -78.08090       21.83090       8.902241    
  -78.60750       21.62960       25.54198    
  -78.58780       21.62950       22.02704    
  -77.78300       20.85760       6.222031    
  -90.13790       20.05290       40.92709    
  -90.11730       20.05250       73.14312    
  -90.11500       20.03240       81.66154    
  -89.74690       19.30650       18.36438    
  -92.29320       18.35380       14.76808    
  -89.19350       18.26710       113.1198    
  -93.43610       18.07660       4.248871    
  -90.93610       17.93730       7.649284    
  -90.95430       17.91780       58.27925    
  -90.93390       17.91750       95.30395    
  -90.16080       16.47750       475.2290    
  -90.14080       16.47720       99.10117    
  -72.36430       46.20070       20.41625    
  -84.48430       32.40960       142.1483    
  -84.53240       31.14980       10.32657    
  -84.00760       30.79620       83.29208    
  -83.70730       30.65420       39.18805    
  -107.1348       29.14820       179.7542    
  -80.85020       22.27430       4.604040    
  -78.10170       21.87170       14.72197    
  -78.60690       21.60930       14.67244    
  -78.58720       21.60920       16.50439    
  -77.43300       20.95740       7.918949    
  -77.41340       20.95740       8.905528    
  -89.30220       20.96730       42.01445    
  -90.09450       20.03210       46.06272    
  -89.19550       18.28690       80.05283    
  -90.52950       16.56030       33.74710    
  -90.52760       16.54080       33.65918    
  -90.16270       16.49700       43.70858    
  -79.15150       21.97810       7.258597    
  -78.10060       21.83100       8.151344    
  -89.80840       21.07680       104.9253    
  -90.34990       16.36330       21.82041    
  -82.70500       32.50140       20.97138    
  -84.78950       30.90020       5.694211    
  -84.11750       30.79780       81.71558    
  -84.21200       30.66150       110.3554    
  -83.52970       30.62880       246.4605    
  -83.52730       30.60590       93.87776    
  -81.96470       29.90330       34.47942    
  -82.91020       22.61960       80.02646    
  -77.70350       20.79690       19.16925    
  -77.68350       20.77670       200.0849    
  -98.73360       18.54030       50.30543    
  -98.02260       17.43370       29.71067    
  -90.08790       16.96390       49.48461    
  -92.23130       16.60420       229.5568    
  -92.54110       16.27760       65.26697    
  -84.82860       32.81780       61.09354    
  -84.53510       31.17290       44.03465    
  -84.79230       30.92320       113.8041    
  -84.79230       30.55590       39.98637    
  -80.49280       26.61920       10.12889    
  -80.47210       26.61900       20.69187    
  -80.49160       26.59760       113.8615    
  -80.47090       26.59740       29.92626    
  -78.60050       22.05720       9.215973    
  -102.7447       19.48330       75.07786    
  -102.7212       19.48270       122.1431    
  -95.93560       16.76370       143.7248    
  -88.42600       16.65030       18.56768    
  -92.22920       16.58470       110.3683    
  -90.61070       16.36680       50.11083    
  -83.70120       15.15650       36.91394    
  -74.25150       39.87590       79.65241    
  -79.07800       22.14110       7.875102    
  -78.62720       21.62970       12.77292    
  -78.19120       21.52640       39.78394    
  -102.7492       19.50370       194.1730    
  -96.69970       16.77790       294.6240    
  -83.47540       15.23170       27.63877    
  -85.15990       32.42090       23.52084    
  -106.8965       28.57250       55.73106    
  -79.07870       22.16160       7.484854    
  -90.15130       19.99290       110.0927    
  -98.38160       19.15200       132.3478    
  -90.62210       18.58450       15.38271    
  -85.96610       32.22340       7.063912    
  -78.65110       21.77210       4.025246    
  -71.38300       19.16190       45.29380    
  -96.69000       18.93440       172.8902    
  -84.60220       15.50930       17.95779    
  -92.45640       29.65080       79.81365    
  -82.15930       23.12810       53.45638    
  -80.58720       22.60060       2.946586    
  -77.67250       21.18030       4.676389    
  -76.53430       21.01590       9.959532    
  -89.69750       19.22610       53.97918    
  -90.88290       18.37080       61.97301    
  -90.91580       17.93700       7.938680    
  -96.72110       16.77830       119.9219    
  -80.64540       26.75000       38.13461    
  -102.2979       26.89700       48.81736    
  -82.15800       23.10740       9.471168    
  -81.30660       22.97650       52.19629    
  -82.13350       22.71530       30.00847    
  -78.62030       22.05730       13.45037    
  -89.91520       20.25030       100.6574    
  -89.89470       20.25000       160.1679    
  -89.89240       20.22980       77.06486    
  -90.81240       18.64690       107.9984    
  -90.79200       18.64660       71.83092    
  -90.81020       18.62710       51.90818    
  -90.78980       18.62670       57.66822    
  -91.05560       18.09680       10.49149    
  -93.46990       18.01800       4.209408    
  -90.91800       17.95670       8.103110    
  -95.28990       17.41960       3.101807    
  -90.06630       16.53460       38.57923    
  -106.1634       42.25580       46.15001    
  -85.65680       32.42980       61.56483    
  -84.11490       30.77480       34.82684    
  -80.66620       26.75020       22.21778    
  -80.62470       26.74990       13.72004    
  -80.64420       26.72840       13.85158    
  -90.73980       18.72510       41.20915    
  -100.6751       18.68590       189.9690    
  -91.80270       18.02960       4.934924    
  -90.97900       17.21110       40.64891    
  -92.16590       16.56420       171.4889    
  -92.22480       16.54560       174.1163    
  -92.16370       16.54470       92.44047    
  -89.81350       16.39520       6.485119    
  -76.97360       20.33290       444.0169    
  -76.75610       20.07230       21.14276    
  -90.12610       19.95230       40.72692    
  -90.10560       19.95200       48.58768    
  -88.95710       17.04670       73.14313    
  -92.22700       16.56510       171.9151    
  -90.06960       16.35960       52.97430    
  -85.69340       32.69070       29.02570    
  -84.85740       31.45610       15.35845    
  -83.22120       31.03830       20.35457    
  -80.92880       22.25440       46.69026    
  -78.61960       22.03690       14.71978    
  -78.59990       22.03680       11.10231    
  -98.39310       18.97200       50.30543    
  -98.37110       18.97150       116.6269    
  -98.56290       18.81590       128.5699    
  -98.54090       18.81540       142.8052    
  -91.07590       18.09710       13.02595    
  -92.31290       17.84060       2.933431    
  -90.49510       16.61830       66.19194    
  -92.23350       16.62370       102.6043    
  -103.3065       23.22450       224.4794    
  -78.42960       21.60850       7.202034    
  -78.39760       21.16260       7.261229    
  -77.62650       20.85720       8.431971    
  -89.85060       19.86780       79.18133    
  -89.84830       19.84770       51.24449    
  -89.99810       19.37020       30.08777    
  -90.15910       19.35270       27.51269    
  -93.88110       16.68880       49.48925    
  -73.00670       45.34550       3.538534    
  -85.38580       32.25990       123.4930    
  -83.97880       30.93380       25.47406    
  -78.02740       25.00290       28.03716    
  -78.42850       21.56790       8.800293    
  -90.17730       19.15370       77.56285    
  -91.44870       18.49840       101.6623    
  -91.44640       18.47860       96.85020    
  -106.1058       42.86100       43.23888    
  -85.65360       32.40610       204.6831    
  -77.95360       24.53900       35.56520    
  -80.00380       22.47370       4.209408    
  -80.15310       22.24930       7.484854    
  -77.80660       21.03920       29.90183    
  -71.69270       19.14100       30.13878    
  -71.64290       18.80480       4.906591    
  -96.77190       18.77640       259.0725    
  -89.52000       18.50880       58.37617    
  -91.01480       18.09620       7.772422    
  -91.05330       18.07710       7.155993    
  -88.27080       18.03810       78.62109    
  -88.96360       17.96830       87.74508    
  -90.07860       16.24310       164.6232    
  -84.95820       32.77250       41.88474    
  -82.44860       32.61630       18.50416    
  -76.27910       20.91470       6.159548    
  -77.97810       20.83810       5.511694    
  -76.66130       20.25220       41.88108    
  -90.13880       19.17300       121.2153    
  -93.18930       18.09210       3.025512    
  -92.52080       16.27730       90.99890    
  -89.00610       31.81800       26.02186    
  -78.33820       21.14210       103.4419    
  -89.77130       19.52640       128.9982    
  -72.19160       19.29810       19.94982    
  -99.03890       18.88690       100.1081    
  -102.2704       18.90680       56.96622    
  -95.52690       18.47230       5.024981    
  -91.08470       18.35410       19.90701    
  -90.27090       17.96680       25.34420    
  -81.27740       22.81130       13.51834    
  -80.02190       22.43280       3.488547    
  -89.48910       19.36250       41.13351    
  -90.15920       19.17330       83.94342    
  -92.10050       18.29130       3.459607    
  -88.96170       17.94860       67.47842    
  -64.72280       48.46410       27.64109    
  -104.7245       23.48300       116.9242    
  -78.77200       21.85410       4.918101    
  -78.33770       21.12190       10.53667    
  -77.84210       20.87800       7.419082    
  -89.71940       19.42580       82.80639    
  -91.03790       17.93880       5.504177    
  -88.74840       17.80810       35.08380    
  -88.97700       17.04700       30.19443    
  -81.30540       22.95580       116.6615    
  -100.2913       22.50470       4.985518    
  -82.89130       21.73950       65.99723    
  -72.44540       19.15860       4.630349    
  -90.50630       19.17870       34.53368    
  -90.16180       17.10170       47.02209    
  -90.05860       16.24290       104.0115    
  -90.07680       16.22370       49.06205    
  -90.36210       16.07220       11.10231    
  -74.27640       39.84860       33.34005    
  -82.44400       22.86230       7.050758    
  -76.97390       20.35300       12.34146    
  -89.91230       20.04930       146.0896    
  -89.89180       20.04900       59.69246    
  -89.44540       19.52150       34.42474    
  -72.06670       18.80350       5.662969    
  -81.65090       27.17110       46.60666    
  -82.23730       23.08750       3.920011    
  -77.43220       20.91710       7.511163    
  -90.16370       17.12130       50.89174    
  -87.00670       15.01130       32.18298    
  -83.05590       32.01220       24.17877    
  -84.51110       30.78080       18.95648    
  -81.29630       22.79090       13.25087    
  -81.27630       22.79070       99.21560    
  -78.54660       21.56840       13.16567    
  -78.06320       21.12090       4.619824    
  -87.58920       21.16450       27.27046    
  -90.21810       19.15430       947.6785    
  -90.19770       19.15400       163.1684    
  -91.07370       18.07740       42.25116    
  -98.09690       18.14810       35.36169    
  -98.07500       18.14760       58.86557    
  -88.75030       17.82780       33.55246    
  -90.23490       16.20630       13.68858    
  -76.93490       36.20880       17.45559    
  -85.63740       31.63220       47.84294    
  -103.7458       23.57570       30.31002    
  -82.11340       22.71520       50.25984    
  -80.15400       22.26970       7.195457    
  -78.34750       21.48640       3.038666    
  -72.42240       19.35700       8.046108    
  -72.06180       19.04080       4.755316    
  -92.37320       17.99940       4.769785    
  -96.03550       17.61100       11.16418    
  -86.49570       14.91060       81.71280    
  -84.08390       31.86320       23.82410    
  -106.7523       29.90610       183.2883    
  -106.9059       28.59540       70.55215    
  -80.85810       26.49270       11.85869    
  -76.98350       20.97650       3.604306    
  -77.84160       20.85780       8.537205    
  -75.71120       20.65230       4.788201    
  -76.95440       20.35300       44.18793    
  -98.42340       19.85680       103.6597    
  -97.57420       18.91360       1149.328    
  -94.10220       16.30210       83.53541    
  -86.47640       14.91040       76.83841    
  -85.84860       31.54280       86.70785    
  -84.24580       30.96080       19.68842    
  -81.29750       22.81150       15.40819    
  -83.39860       22.41900       3.367526    
  -80.06400       22.02390       56.78728    
  -80.04420       22.02380       81.36845    
  -78.37790       21.87280       3.781890    
  -78.56630       21.56850       10.96419    
  -76.95410       20.33290       10.32840    
  -89.85760       19.38800       62.27626    
  -90.23850       19.15460       132.4530    
  -88.82990       19.05430       15.85707    
  -97.57760       18.93370       517.0401    
  -97.55580       18.93320       495.3171    
  -97.55230       18.91310       683.8122    
  -90.81930       18.70650       144.0453    
  -90.79880       18.70620       135.4684    
  -83.49460       15.23180       17.61896    
  -85.25380       32.28110       50.18817    
  -81.03470       22.37800       14.25060    
  -78.54600       21.54810       16.65347    
  -76.04060       20.41160       17.73213    
  -90.48580       18.99930       98.97666    
  -99.53680       18.21990       92.21439    
  -89.99550       16.63100       100.3462    
  -89.97550       16.63080       84.20279    
  -85.20210       31.02210       4.465919    
  -79.17200       21.99860       10.23412    
  -76.04080       20.43170       14.59086    
  -97.27910       19.34750       183.1634    
  -97.25730       19.34700       386.5514    
  -91.46920       18.49880       54.02719    
  -99.53320       18.20000       71.52987    
  -91.17520       17.52770       32.83659    
  -83.71940       15.13740       25.79766    
  -74.27610       39.87590       36.76265    
  -98.63040       28.24630       27.71284    
  -81.23630       22.79040       10.49283    
  -78.12000       21.04030       7.050758    
  -76.71030       21.01630       6.957294    
  -77.64860       20.97820       3.038666    
  -76.06010       20.41160       12.79923    
  -76.02120       20.41160       10.40075    
  -89.75090       19.52610       58.43058    
  -90.22040       19.17430       54.79778    
  -90.21590       19.13440       220.6452    
  -69.67450       18.77400       26.73575    
  -90.82150       18.72640       152.6584    
  -90.80110       18.72610       83.60786    
  -90.81700       18.68660       75.63404    
  -90.79660       18.68630       64.85134    
  -99.71410       17.72740       318.6645    
  -90.91380       16.97540       79.23943    
  -84.81510       31.29310       18.68097    
  -85.95110       30.98890       73.83305    
  -78.77590       21.97640       3.518802    
  -78.13070       21.46530       19.33321    
  -97.59600       18.91410       229.8416    
  -90.99040       16.74210       3.696386    
  -124.6410       49.29050       218.3787    
  -78.13120       21.48560       27.36773    
  -76.72990       21.01630       8.971300    
  -76.71000       20.99610       9.365932    
  -76.48840       20.43230       3.573214    
  -76.04050       20.39160       20.92865    
  -72.55840       19.31690       36.94569    
  -92.95020       18.32540       5.725452    
  -99.71050       17.70750       261.7004    
  -90.53530       16.61880       62.95496    
  -90.62040       16.46420       87.25301    
  -92.52290       16.29680       128.6166    
  -83.81310       15.09970       37.03573    
  -79.10850       21.87600       2.841350    
  -98.41340       21.50400       7.169148    
  -71.42090       18.43090       26.17743    
  -90.71470       17.95360       91.72461    
  -90.69440       17.95330       63.79057    
  -90.60030       16.46390       14.04890    
  -92.54330       16.29710       36.01979    
  -107.8818       24.94270       9.510633    
  -77.87130       21.30230       3.562211    
  -78.12450       21.22220       18.20861    
  -72.73350       19.23710       33.24380    
  -94.12290       16.30250       51.20168    
  -91.71700       15.16180       48.75171    
  -85.36990       31.46470       16.83878    
  -80.89960       26.49300       5.616929    
  -77.53150       19.99410       8.439487    
  -88.82330       19.77220       32.77879    
  -90.53730       16.63830       94.52583    
  -86.40480       31.36730       23.50028    
  -80.70230       22.91010       20.33511    
  -78.68020       22.07800       3.288600    
  -78.66040       22.07790       3.275445    
  -77.55090       19.99420       13.65756    
  -92.85850       16.37980       40.92709    
  -80.70330       22.93080       61.85160    
  -78.63510       21.89420       4.009461    
  -78.15080       21.48570       24.90128    
  -78.15030       21.46540       25.28276    
  -87.74570       21.10590       55.69949    
  -104.4553       21.14300       188.3925    
  -88.76600       19.61140       51.72041    
  -88.70280       18.37890       43.75260    
  -94.13990       17.26140       23.34608    
  -118.8310       35.26190       240.3221    
  -98.10310       21.84520       4.077864    
  -77.98860       21.28240       3.130747    
  -87.54640       21.14370       50.07613    
  -72.53730       19.41630       103.5239    
  -95.89280       18.22140       50.44820    
  -91.40180       17.00200       3.018935    
  -89.97510       16.20300       53.69017    
  -84.53070       15.25870       23.98890    
  -123.8020       48.36460       264.8422    
  -90.04580       31.86650       81.97833    
  -89.43300       30.78420       99.70302    
  -96.66300       29.39170       3.301754    
  -81.23520       22.76980       8.747676    
  -77.88400       20.99910       35.56950    
  -88.47100       19.08910       60.42350    
  -88.93740       18.52050       31.99623    
  -95.49030       18.51130       5.564312    
  -93.11760       17.85400       6.077333    
  -79.23760       21.61210       3.911242    
  -78.08280       21.12100       3.683232    
  -76.53460       21.03610       7.968277    
  -91.12140       18.67160       26.82952    
  -91.01700       18.11600       50.85781    
  -89.97710       16.00900       37.28934    
  -89.41350       19.60090       25.68646    
  -98.75460       18.78030       168.6862    
  -98.73250       18.77980       60.69321    
  -90.65290       18.13020       53.03654    
  -98.41840       17.85740       237.2117    
  -94.83400       17.76600       14.43324    
  -92.18200       16.52540       82.50382    
  -90.67580       16.21220       19.31310    
  -108.4721       41.80490       48.71866    
  -83.19920       31.03800       22.32835    
  -89.50210       19.48240       24.53102    
  -90.40520       16.51970       76.67751    
  -85.35700       32.21240       46.44616    
  -80.92550       22.58240       6.945523    
  -80.30050       22.43450       5.538002    
  -80.28060       22.43440       5.143370    
  -89.63500       20.83090       63.32153    
  -89.63260       20.81060       54.29235    
  -89.17390       20.74270       77.24532    
  -90.76110       18.19100       50.88894    
  -98.56450       21.69270       8.813449    
  -77.91940       20.83790       4.962497    
  -90.42440       19.87690       101.4219    
  -71.65410       19.14110       31.18764    
  -105.8981       36.27320       113.0928    
  -85.45800       30.42960       79.35082    
  -89.56020       20.36550       72.43244    
  -90.28400       20.07530       44.09329    
  -89.77350       19.54640       48.65545    
  -92.19140       18.19390       4.354106    
  -90.81410       17.56170       51.60481    
  -111.4708       40.71410       63.27432    
  -85.38270       32.23630       53.72160    
  -83.09410       22.66250       4.627718    
  -79.12900       21.89650       3.332448    
  -77.91890       20.81780       4.475127    
  -76.86000       20.55340       6.458810    
  -89.56260       20.38560       36.52547    
  -88.71710       18.93360       51.14416    
  -69.02350       18.60000       175.3589    
  -95.43880       18.45070       4.669812    
  -109.9036       41.22180       38.57250    
  -89.41570       19.62090       30.22834    
  -91.89170       18.09020       48.44669    
  -89.34890       16.97360       18.01072    
  -108.6572       41.78870       41.26958    
  -69.04280       18.59990       17.14018    
  -95.56340       18.43320       13.66224    
  -105.2805       38.79350       138.2070    
  -84.71090       31.70970       60.16999    
  -82.69920       31.54070       15.17341    
  -99.00610       22.28190       103.3221    
  -89.68150       19.26570       50.85781    
  -80.92660       22.60300       5.952366    
  -76.86030       20.57350       11.33087    
  -77.22380       20.17330       17.57895    
  -77.20440       20.17330       3.818065    
  -89.82130       19.42730       22.49806    
  -69.02430       18.58030       12.83869    
  -92.28520       16.72210       25.61526    
  -85.36330       32.25950       95.90413    
  -106.8633       28.81900       36.81726    
  -81.09830       22.83050       4.652273    
  -89.66120       19.26540       133.3227    
  -98.07640       21.82390       3.670078    
  -78.12400       21.20200       308.9077    
  -72.08560       18.82320       4.840819    
  -95.48700       18.63050       4.656658    
  -95.70960       18.41630       3.893702    
  -88.83280       18.06500       50.73332    
  -90.03860       17.27610       56.99057    
  -92.22270       16.52610       72.25655    
  -121.1264       50.52860       184.8862    
  -107.8898       24.96460       8.366199    
  -80.28150       22.45490       9.602713    
  -79.41480       22.14280       5.899749    
  -78.14410       21.22230       139.4246    
  -77.08900       20.25310       2.949216    
  -90.63630       18.34720       22.70136    
  -106.0967       40.16990       96.60547    
  -98.67060       21.98370       3.604306    
  -95.46300       18.47100       13.63140    
  -90.91170       16.95580       38.67767    
  -107.6902       42.61560       44.28773    
  -79.43460       22.14290       4.143636    
  -78.04700       21.26240       2.788733    
  -77.37470       20.97740       57.79454    
  -95.93830       18.38110       16.16030    
  -113.0168       35.20270       134.2977    
  -90.61560       19.24020       53.12817    
  -93.33990       18.13430       26.09086    
  -98.01650       16.56810       73.82117    
  -106.4512       43.53100       46.74936    
  -108.9613       41.89480       47.17746    
  -109.1616       41.85130       140.6348    
  -79.12970       21.91690       9.966651    
  -79.10990       21.91680       12.14809    
  -87.73310       20.98420       15.78930    
  -89.38220       19.12190       14.09517    
  -92.94760       18.30550       47.16954    
  -92.28610       16.17660       5.274914    
  -92.53750       14.90310       8.458280    
  -108.8864       41.97550       44.95130    
  -108.6926       41.93380       58.05141    
  -108.4584       41.69010       46.57812    
  -81.83100       23.02200       36.40988    
  -80.49100       22.25140       8.962532    
  -105.4854       22.21060       4.183099    
  -88.86010       21.04140       28.94791    
  -88.70380       18.18160       6.077333    
  -95.61880       18.23590       54.37138    
  -108.5457       42.61520       49.74611    
  -79.01310       21.97750       11.15493    
  -77.37510       20.99760       14.83378    
  -92.86980       18.34380       32.99222    
  -80.11740       21.88150       42.95214    
  -79.95730       21.83980       130.0618    
  -78.45330       21.75090       4.048266    
  -78.43360       21.75090       2.893968    
  -88.57480       18.29830       14.90835    
  -105.9401       35.34160       25.94333    
  -78.40090       21.28400       59.38173    
  -103.7765       20.65080       5.932634    
  -91.92010       18.32790       84.71619    
  -107.7808       36.07350       84.81957    
  -87.66460       31.39230       28.15936    
  -105.9871       24.54730       49.95284    
  -98.11160       21.88650       7.892641    
  -95.97490       18.34210       15.23509    
  -87.64200       31.39180       37.22519    
  -92.32460       16.15770       21.83491    
  -110.5733       41.63550       42.63952    
  -109.8492       41.33080       41.61206    
  -83.12990       31.22180       13.63140    
  -103.9259       20.67570       51.01873    
  -88.59990       18.14080       4.117327    
  -115.8973       40.03860       142.3409    
  -80.78880       22.64310       3.301754    
  -98.93010       21.82580       3.446453    
  -95.75850       18.31800       3.446453    
  -95.83180       18.24010       3.604306    
  -90.91980       16.83870       19.44863    
