  -109.7974       34.14170       74.83929    
  -110.0188       34.05610       68.37455    
  -116.2271       32.34050       37.89309    
  -116.2102       32.31550       35.49382    
  -109.6423       30.50830       95.30983    
  -109.6117       27.19940       35.31889    
  -93.18470       17.89460       10.43980    
  -101.7799       31.37450       34.32447    
  -109.9610       27.23750       3.673836    
  -93.11510       17.83420       1.786415    
  -111.8716       25.50230       48.17563    
  -102.8414       32.98350       12.29281    
  -101.8407       31.47060       77.43486    
  -94.96040       32.74220       70.61522    
  -101.8153       31.75100       25.85554    
  -119.0482       34.32740       2043.227    
  -101.8073       31.86820       82.31570    
  -93.95860       29.89720       3.611674    
  -119.0099       34.32480       227.5108    
  -119.0694       34.35360       106.6228    
  -119.0866       34.33000       1292.702    
  -119.0270       34.30110       349.2698    
  -119.0654       34.30380       418.5925    
  -119.1038       34.30640       1193.174    
  -119.0442       34.27750       211.6070    
  -119.1250       34.33260       160.9911    
  -119.0825       34.28010       250.9049    
  -110.8616       33.42080       48.86446    
  -101.7973       31.35190       149.1091    
  -91.74710       30.52030       10.54008    
  -102.6355       31.99850       30.77147    
  -101.8494       31.49440       86.66717    
  -119.0311       34.35100       421.4359    
  -119.1079       34.35630       330.2030    
  -97.91140       27.69040       1.395306    
  -101.8065       31.72710       18.25638    
  -70.34600       18.92870       43.89492    
  -101.7984       31.84430       14.63319    
  -119.1209       34.28280       530.0554    
  -101.4139       26.88680       3.636377    
  -70.36530       18.92860       8.388302    
  -80.72080       26.62100       5.041148    
  -83.02220       30.57620       10.43144    
  -80.81930       26.53550       21.47362    
  -83.02440       30.59910       33.04935    
  -81.26160       26.64720       1.343628    
  -80.61340       26.55540       3.422493    
  -82.59580       31.84230       1.122822    
  -80.57940       26.68470       4.025012    
  -81.15080       26.86250       9.340194    
  -97.99670       30.80840       8.057597    
  -80.79980       26.55690       2.013093    
  -113.3554       52.40510       4.651020    
  -80.48320       26.81370       23.48476    
  -81.99940       28.73660       8.086802    
  -80.41360       26.68340      0.9959762    
  -80.63410       26.55550       2.287926    
  -80.51230       26.59770       3.377862    
  -80.50260       26.42520       4.955605    
  -80.57200       26.55510       41.45704    
  -80.52810       26.51160       2.753028    
  -98.42820       31.10210       29.74737    
  -80.88270       26.55760       1.517454    
  -81.00470       22.95350       1.328947    
  -112.3607       46.80300       16.20726    
  -95.95720       33.66470       89.21008    
  -98.40340       31.10120       50.54729    
  -97.50130       28.00900       2.571484    
  -80.78690       26.68630       12.97979    
  -85.06830       30.83570       6.910881    
  -80.95820       26.77430       61.60964    
  -80.41720       26.74820       30.14686    
  -105.1955       40.03370       7.313548    
  -89.71060       35.93100       1.589490    
  -83.06050       31.40620       30.41480    
  -99.08540       31.61660       11.92827    
  -99.24230       29.11890       9.587944    
  -109.8199       43.02460       246.9044    
  -99.07770       31.59290       10.40200    
  -99.26680       29.11980       7.105849    
  -105.3649       39.90670       42.15276    
  -83.25670       31.38560       1.160406    
  -80.90570       27.60070       12.73171    
  -98.63320       30.97060       14.97357    
  -98.08870       26.10140       84.20883    
  -88.05700       21.35400       1.202688    
  -98.11060       29.03420       1.559736    
  -109.7965       42.99370       113.7432    
  -81.88510       22.91920       41.30118    
  -73.78140       42.43160       7.987122    
  -80.52090       26.74900       1.942623    
  -80.51970       26.72740       2.217456    
  -81.88380       22.89860       17.98202    
  -102.3894       19.45350       16.69045    
  -106.0500       40.19460       44.52757    
  -96.27870       30.17460       8.748009    
  -97.51550       27.61150       11.86470    
  -102.2588       41.50840       23.63766    
  -106.2042       29.94960       15.77882    
  -112.3786       50.30800       28.98901    
  -80.50440       27.18280       2.100006    
  -99.04320       43.29990       1.465776    
  -89.29750       41.39630       1.639602    
  -92.20900       30.85480       1.550340    
  -98.06530       26.10060       5.718808    
  -102.2434       41.47930       100.9111    
  -102.2128       41.47760       113.1253    
  -98.75050       27.29940       13.15315    
  -116.1186       46.92600       258.4621    
  -80.48190       26.42500       85.51653    
  -98.84520       23.19210       53.59711    
  -104.9563       40.51560       2.358396    
  -122.0107       38.98900       77.86737    
  -99.27780       33.16550       24.79442    
  -105.1527       40.22350       12.55273    
  -102.1975       41.44840       118.2138    
  -97.84900       38.73400       10.21343    
  -80.88470       27.60050       4.129542    
  -80.52840       26.87900       1.841616    
  -107.8933       39.16400       101.1928    
  -98.04190       26.09990       6.920154    
  -105.1840       40.22530       12.01759    
  -83.52650       31.22730       25.22820    
  -98.07070       26.12240       4.632228    
  -98.04730       26.12170       30.79317    
  -108.4362       51.71470       36.26684    
  -109.0611       26.20640       22.35334    
  -97.92170       26.26940       3.361419    
  -102.2281       41.45010       73.40008    
  -106.6057       40.75470       41.41063    
  -105.4238       40.37750       40.86641    
  -99.17020       24.18920       15.20743    
  -102.1822       41.41930       92.92558    
  -98.83250       38.14260       2.076516    
  -123.6868       43.71110       960.3135    
  -85.66540       30.50170       1.101681    
  -88.31270       18.27510       11.36053    
  -116.9086       32.40670       66.39994    
  -123.6456       43.85620       1773.369    
  -105.0802       40.94050       12.41512    
  -80.93480       26.73080       3.767796    
  -80.61090       26.51220       2.311416    
  -102.2128       41.42100       106.9658    
  -108.4314       51.75150       32.00105    
  -97.85170       27.82110       2.370141    
  -105.9585       27.10650       25.21128    
  -117.2609       44.92290       130.1194    
  -121.7405       38.96740       4.237596    
  -77.39890       26.70980       26.85373    
  -98.45720       36.41750       9.479527    
  -94.21170       36.17400       31.96120    
  -80.52450       26.44690       2.644974    
  -105.9100       40.26870       89.66467    
  -122.1401       39.18850       145.3342    
  -80.52340       26.79230       5.304042    
  -80.59270       26.55520       25.60640    
  -122.2678       39.30720       4.505382    
  -80.48440       26.83530       116.5137    
  -80.60720       26.44750       4.622832    
  -97.55290       38.03300       1.893294    
  -122.1996       39.16620       8.094654    
  -81.66020       27.30180       6.953744    
  -80.54390       26.42550       13.55843    
  -92.56370       36.72770       13.86690    
  -119.4420       36.70790       32.61351    
  -80.90090       26.51460       1.851012    
  -80.88010       26.51440       2.043630    
  -80.41480       26.70500       2.471148    
  -116.7529       32.18130       91.79817    
  -97.72060       33.87640       16.29867    
  -109.9228       27.21360       2.565108    
  -109.8944       27.21230       1.979424    
  -105.9192       40.07670       14.70856    
  -122.0536       39.53460       5.172498    
  -121.9166       39.52350       7.164450    
  -119.5768       45.27810       104.1965    
  -106.9023       40.82900       19.78274    
  -119.4154       45.76010       4.829544    
  -111.7763       35.15090       60.06274    
  -123.6011       43.82230       777.5997    
  -123.6903       43.89010       619.8731    
  -123.6984       43.86100       746.4799    
  -97.80890       28.97900       1.277856    
  -108.6414       37.30530       37.68607    
  -114.9255       50.00570       101.1270    
  -111.6891       25.21190       44.51962    
  -92.57080       36.75350       16.11520    
  -116.1252       46.89440       159.8930    
  -121.8154       42.08590       6.339481    
  -97.78860       37.02880       2.151684    
  -122.8437       52.37480       375.8374    
  -121.8524       42.11780       93.63464    
  -112.3808       39.53950       21.45125    
  -92.48470       17.90260      0.9419490    
