  -121.1943       41.69020       534.5908    
  -122.1239       39.67670       289.6830    
  -120.5817       38.90260       322.9403    
  -80.34600       22.55790       5.427443    
  -80.61530       22.35460       40.46793    
  -78.35930       21.91350       4.558362    
  -98.52260       21.81500       9.019253    
  -98.50000       21.81440       23.75685    
  -78.04850       21.32310       417.0516    
  -78.04800       21.30290       14.49450    
  -103.7628       20.69120       92.26942    
  -97.78190       19.72070       793.2751    
  -97.75990       19.72020       528.4662    
  -99.04710       19.28800       9.291209    
  -88.64490       18.81360       15.44836    
  -90.89190       18.62830       33.79102    
  -95.86200       18.43920       10.27578    
  -93.18470       17.89460       49.19318    
  -93.11510       17.83420       53.12550    
  -89.47770       16.85820       147.9836    
  -86.64150       15.06550       94.28613    
  -78.86360       22.24230       4.419619    
  -98.11160       21.88650       3.366900    
  -88.61050       18.87260       8.255472    
  -69.04120       18.63940       163.0041    
  -98.54580       18.59590       21.27551    
  -92.28740       18.47260       10.85195    
  -88.68270       18.37870       57.15441    
  -99.03510       22.82220       5.737197    
  -99.27580       22.37210       129.0546    
  -103.6942       20.60740       58.22949    
  -77.47510       20.09390       4.511646    
  -69.04040       18.65910       226.2312    
  -69.02100       18.65920       16.96469    
  -69.02180       18.63950       247.5272    
  -98.39180       17.69840       17.18139    
  -99.27170       21.73210       4.403905    
  -96.36030       19.28740       61.92167    
  -92.30560       18.45310       19.76257    
  -98.98990       22.92500       5.427443    
  -90.62720       19.34010       39.15940    
  -88.48790       15.23810       5.615990    
  -98.43340       21.70980       38.71041    
  -101.9708       20.17090       96.49231    
  -96.43350       19.46940       85.83201    
  -88.55290       18.27820       3.232224    
  -79.23070       21.97850       4.740595    
  -78.76760       21.71160       21.29124    
  -103.8176       20.52940       66.10479    
  -96.39480       18.56930       133.9592    
  -95.82230       18.45830       3.420770    
  -78.13120       21.48560       28.07995    
  -98.37980       21.66730       8.067093    
  -69.17910       18.57940       17.11341    
  -96.67250       18.69460       41.15370    
  -88.47980       18.13920       9.353983    
  -99.21620       22.30840       197.7202    
  -96.29430       18.74650       13.82966    
  -99.03040       22.80120       6.216260    
  -78.11150       21.48550       19.56842    
  -78.13070       21.46530       17.96578    
  -98.56020       21.67200       4.047014    
  -96.37360       19.36780       29.68685    
  -98.56070       18.55630       5.871873    
  -96.63660       18.33570       7.407180    
  -99.04370       21.82890       10.70674    
  -104.6742       21.41760       84.60584    
  -77.07120       20.35320       6.797771    
  -103.8759       20.57200       712.8428    
  -96.71160       18.93480       68.97215    
  -88.71330       18.28040       2.666585    
  -92.49700       14.90250       41.13573    
  -99.11630       22.57500       99.31990    
  -99.30740       22.10410       148.0602    
  -103.9500       20.67640       35.87989    
  -90.17960       19.17360       28.91162    
  -96.51830       18.67140       31.05491    
  -96.51760       18.53210       109.7424    
  -98.96300       23.00760       26.73635    
  -80.76890       22.64300       3.144685    
  -96.09410       18.42400       18.18694    
  -84.61390       15.37470       11.92569    
  -98.83430       21.90560       32.28616    
  -98.96610       21.88860       4.828135    
  -99.28050       22.39300       113.7274    
  -78.76700       21.69120       13.93897    
  -76.00270       20.53200       3.993143    
  -99.03100       22.90530       60.87857    
  -98.54000       21.89780       4.370236    
  -82.77500       22.70060       68.98439    
  -80.88450       22.56160       22.59639    
  -80.86460       22.56150       20.43035    
  -80.88350       22.54110       19.57516    
  -99.30750       22.00090       22.92313    
  -80.86350       22.54090       14.93557    
  -75.24270       20.21070       4.567589    
  -104.1534       19.76590       209.6753    
  -96.37020       19.34770       75.10300    
  -92.16520       18.64900       31.94916    
  -96.75680       18.81600       85.52547    
  -88.65600       18.51670       3.393835    
  -88.73820       18.12290       28.72921    
  -99.24880       16.80920       76.45180    
  -88.00040       15.27130       6.188362    
  -107.4115       24.28160       158.1024    
  -96.39360       19.22800       84.29930    
  -71.63480       19.14120       16.91841    
  -96.47210       18.65060       21.12610    
  -96.12510       18.62350       21.69172    
  -96.25010       18.32780       36.11673    
  -77.96360       24.89710       19.92508    
  -103.2528       19.65920       31.73297    
  -103.4326       19.52260       49.84290    
  -77.98390       24.89710       26.17536    
  -101.4631       26.88850       30.31894    
  -102.4994       20.14500       24.62767    
  -104.1485       19.74550       106.3704    
  -96.33670       18.60790       28.84816    
  -98.90190       22.73520       20.39716    
  -98.85770       21.80330       85.52547    
  -96.40030       19.52890       25.21784    
  -90.70690       19.32140       7.456555    
  -90.59880       19.61930       38.04841    
  -98.87900       22.73460       69.10645    
  -99.08920       22.65730       112.3839    
  -104.2885       19.83070       48.23051    
  -99.25380       22.57890       132.1200    
  -99.04300       22.55220       109.4358    
  -101.8279       21.45430       178.2917    
  -110.8616       33.42080       79.29098    
  -101.8230       21.43360       25.85974    
  -92.47350       16.21830       10.22191    
  -99.21150       22.08080       231.7464    
  -99.30290       21.98020       5.656393    
  -90.53410       19.41850       21.10759    
  -71.28730       18.39210       3.845000    
  -98.89420       23.00570       3.286095    
  -92.47570       16.23770       283.2318    
  -109.6423       30.50830       355.3273    
  -75.16500       20.17060       5.167885    
  -102.2042       17.92530       11.73159    
  -90.59400       19.57930       29.87538    
  -98.64710       19.03790       600.3702    
  -98.80700       18.58180       74.11428    
  -88.64690       18.00350       3.353432    
  -104.2164       19.82860       89.01475    
  -90.67060       19.36080       3.407303    
  -92.42310       16.31480       2.868599    
  -92.41030       16.19790       44.18827    
  -96.71250       17.72300       41.83181    
  -92.38990       16.19760       83.68621    
  -92.34920       16.19700       2.989808    
  -98.94760       22.73650       32.33235    
  -92.32460       16.15770       30.05898    
  -94.39840       16.52160       92.78032    
  -92.30640       16.17690       3.940620    
  -92.28400       16.15710       3.555446    
  -87.88290       15.27010       39.01841    
  -87.88430       15.28940       9.919881    
  -94.40080       16.54120       53.54578    
  -93.51940       17.92010       15.28485    
  -78.23320       21.62810       5.759645    
  -90.17500       19.49270       44.75308    
  -90.19550       19.49300       34.95260    
  -98.61980       18.51780       80.78381    
  -76.90800       21.15810       2.545377    
  -98.57570       18.51680       110.6620    
  -101.4576       19.18710       26.55875    
  -102.0082       19.08070       98.19591    
  -81.15360       26.90590       108.5233    
  -81.15220       26.88420       86.51428    
  -70.63940       44.43920       15.96273    
  -81.13280       26.90570       63.02282    
  -80.21360       22.27010       4.727128    
  -75.18440       20.17060       3.636252    
  -77.62410       20.73630       33.55744    
  -71.97900       19.29870       29.41324    
  -80.21450       22.29060       8.255638    
  -77.51160       20.97780       2.531909    
  -80.98170       26.81770       59.95954    
  -81.10230       26.75390       11.55520    
  -80.55010       26.53330       27.24496    
  -80.52940       26.53310       12.96930    
  -80.59270       26.55520       129.5901    
  -80.61340       26.55540       12.37149    
  -71.13500       18.33360       55.56588    
  -71.25910       44.73890       16.23146    
  -71.18770       43.89000       20.05270    
  -81.00250       26.81790       62.95966    
  -90.30470       19.55470       6.875210    
  -90.58390       19.31950       40.74218    
  -80.53920       26.70590       11.48786    
  -80.91900       26.47160       12.67571    
  -80.19470       22.29040       6.525053    
  -75.94240       20.27120       3.111016    
  -99.14290       18.60950       39.40006    
  -80.62470       26.74990       10.55186    
  -69.05560       18.75770       26.29804    
  -70.25890       44.50420       36.35955    
  -83.16390       42.30190       10.53759    
  -83.34930       22.85040       103.7648    
  -70.85590       44.07360       31.92546    
  -79.79420       22.69840       3.859216    
  -77.64360       20.73640       10.62594    
  -80.57120       26.90100       4.841603    
  -80.95960       26.79590       8.296041    
  -80.74280       26.64280       10.76735    
  -80.91760       26.45010       209.8345    
  -77.38590       21.56440       18.68358    
  -77.43690       21.15940       19.22258    
  -70.43030       44.68570       16.66143    
  -80.45520       27.05190       205.8946    
  -81.46940       26.64910       53.80305    
  -81.44860       26.64890       72.05314    
  -80.76350       26.64290       10.39699    
  -81.44710       26.62730       58.60238    
  -80.71570       26.53460       7.487986    
  -80.19560       22.31090       6.679931    
  -101.7702       20.30760       38.52663    
  -101.7470       20.30700       85.50361    
  -70.66460       44.77520       16.50019    
  -80.90560       22.97350       6.582290    
  -90.70380       16.89420       28.35664    
  -91.85910       17.45960       16.14886    
  -69.78580       44.93900       18.06744    
  -78.59680       21.93480       14.69484    
  -103.0205       23.23600       100.0936    
  -90.45780       16.44250       5.758857    
  -81.13000       26.86230       57.17100    
  -81.10920       26.86220       14.35646    
  -90.68570       19.66080       10.85195    
  -91.05240       17.32970       18.42876    
  -87.93440       15.17440       35.41012    
  -70.70290       44.95950       23.33360    
  -81.21720       27.55970       93.80512    
  -81.92010       26.84810       149.1550    
  -90.15150       17.19930       28.25471    
  -80.92570       22.97360       328.3574    
  -96.62290       18.65370       115.5667    
  -95.52420       16.52150       101.2358    
  -92.57540       15.07710       38.23811    
  -80.59540       22.35450       9.262342    
  -78.40820       21.54750       8.322978    
  -96.23300       18.76520       4.309632    
  -71.12810       43.98070       62.10416    
  -81.21580       27.53780       78.33297    
  -80.61620       22.37510       9.380184    
  -89.87860       20.97660       21.63784    
  -76.90530       20.97630       5.871873    
  -104.0320       20.90410       101.4243    
  -70.42530       44.13830       23.86347    
  -69.48170       43.99860       39.52676    
  -78.70910       21.73170       18.41059    
  -77.85550       21.46440       53.12204    
  -88.13290       21.11150       39.81232    
  -88.81910       19.73210       27.36938    
  -72.08560       18.82320       4.121086    
  -69.53100       18.47880       429.2112    
  -69.51170       18.47890       57.02293    
  -81.23820       27.55990       93.86118    
  -78.68940       21.73160       25.08547    
  -78.70840       21.71130       22.46863    
  -78.42790       21.54760       8.632731    
  -77.87510       21.46440       10.85758    
  -78.30440       21.34430       8.349913    
  -76.97850       20.65420       66.62441    
  -71.61350       19.22060       163.2852    
  -78.68870       21.71120       24.57406    
  -77.98860       21.28240       5.467845    
  -69.53030       18.49850       42.49936    
  -117.7883       36.71770       122.2957    
  -80.45650       27.07370       66.62231    
  -80.65730       26.59890       21.03639    
  -80.63660       26.59870       30.54452    
  -77.98810       21.26220       7.494720    
  -71.21550       18.19570       39.60527    
  -92.08050       17.95510       3.851734    
  -69.79120       44.35750       45.14590    
  -71.02440       43.95160       61.32997    
  -75.12610       20.13060       4.915675    
  -71.33800       17.90100       46.17194    
  -81.94090       26.84830       7.108200    
  -81.40420       26.60530       34.10052    
  -70.08080       43.84120       30.27851    
  -81.55230       26.95290       314.7429    
  -80.63790       26.62030       128.5001    
  -89.37140       20.32230       85.52547    
  -81.37200       27.05980       63.84376    
  -81.37050       27.03800       60.24425    
  -81.34960       27.03780       43.06769    
  -80.60970       26.49070       10.63941    
  -80.58900       26.49050       185.2350    
  -80.56830       26.49030       117.1741    
  -80.60840       26.46910       11.74375    
  -80.58780       26.46890       19.55226    
  -80.56710       26.46880       12.04677    
  -77.41730       21.15930       7.245569    
  -91.46690       18.47890       58.78339    
  -92.49820       16.25750       4.929142    
  -81.89860       27.69770       37.30565    
  -81.53150       26.95270       69.43245    
  -82.19890       22.79830       9.631764    
  -104.1724       19.74620       30.19220    
  -102.2472       18.90620       39.26326    
  -70.65980       44.19630       35.21935    
  -69.63510       44.05690       47.12806    
  -81.89700       27.67570       39.53135    
  -80.65610       26.57730       6.195096    
  -80.63540       26.57710       7.959352    
  -80.81670       26.49230       14.99393    
  -80.79600       26.49220       18.59427    
  -80.79470       26.47060       11.05690    
  -76.37140       20.41210       4.828135    
  -81.23680       27.53800       90.34840    
  -81.77490       22.75350       10.59410    
  -77.03160       20.31300       72.69165    
  -77.01220       20.31300       14.67182    
  -71.19670       18.90530       114.6470    
  -99.19470       18.65060       95.90084    
  -91.33700       18.41740       13.51501    
  -69.90730       44.26510       49.48137    
  -108.3509       30.76830       129.8089    
  -80.89820       26.47150       11.66294    
  -81.75490       22.75330       65.35065    
  -78.46610       21.50720       7.396407    
  -78.24010       21.14170       8.654616    
  -104.7855       21.37990       227.4548    
  -76.84520       20.87530       19.61780    
  -99.26140       18.89210       48.11708    
  -99.23910       18.89160       27.72246    
  -83.47260       14.77160       289.3271    
  -70.11240       44.35370       36.73962    
  -69.58650       44.26900       17.57513    
  -111.5243       31.54340       64.17975    
  -81.44660       26.93020       88.59155    
  -107.3176       24.38470       14.11854    
  -81.30430       22.93520       63.05687    
  -77.38630       21.58470       6.007111    
  -98.40930       18.69250       79.70758    
  -83.88300       14.96600       185.7738    
  -70.40820       44.93180       17.75965    
  -81.32430       22.93530       143.1555    
  -79.10850       21.87600       12.32285    
  -76.23670       20.57250       5.225430    
  -71.83860       19.51770       9.454255    
  -89.00220       49.58260       71.57890    
  -81.99760       28.71430       4.174956    
  -81.89220       27.32590       13.65166    
  -77.41110       20.83640       5.261343    
  -104.0444       20.57700       52.33311    
  -90.41330       19.25700       11.85060    
  -93.89940       16.66960       13.06041    
  -112.2868       46.76490       1353.856    
  -70.64330       44.07570       66.85034    
  -69.31540       44.06100       41.68046    
  -90.08890       38.70880       4.956077    
  -81.46750       26.93040       58.96079    
  -77.01250       20.33300       10.16579    
  -102.1668       20.21700       215.4997    
  -102.1855       20.19720       55.98344    
  -102.1621       20.19650       213.0473    
  -71.00370       44.22320       63.05788    
  -81.14390       22.93400       6.565455    
  -90.20220       20.75930       18.25211    
  -76.35200       20.41200       5.306235    
  -90.33920       19.67520       274.1075    
  -80.77460       27.51210       20.33401    
  -81.44640       27.23450       19.44993    
  -88.01390       21.33310       10.86910    
  -98.89460       18.94350       46.78810    
  -84.01790       14.98610       8.155608    
  -123.6394       42.53330       507.6670    
  -77.01440       20.45340       44.28858    
  -77.03200       20.33310       12.78412    
  -88.01610       21.35340       23.18167    
  -103.7477       20.34370       162.2789    
  -98.01710       19.44460       44.44370    
  -99.22810       18.59150       244.1094    
  -69.61010       44.29900       78.93639    
  -70.28200       43.95900       46.51396    
  -81.91150       27.30430       77.40392    
  -81.89060       27.30410       57.04470    
  -81.32950       22.29830       44.88396    
  -76.82560       20.87530       16.22172    
  -76.84490       20.85520       13.94065    
  -76.82530       20.85520       11.57540    
  -99.89650       19.75170       126.5388    
  -99.87400       19.75110       38.57047    
  -94.37880       16.36520       117.2780    
  -87.95400       15.17460       16.77725    
  -70.66360       44.46940       59.32715    
  -83.11430       22.66270       5.265831    
  -69.44540       44.08940       49.39722    
  -81.46730       27.23460       21.91274    
  -80.09790       22.35130       9.878486    
  -99.91510       19.73200       195.9218    
  -88.57190       48.90600       78.26134    
  -69.83050       43.96420       82.91162    
  -77.07150       20.37330       213.3538    
  -77.04980       20.23290       4.583473    
  -90.26840       19.59410       22.25108    
  -66.85000       18.22120       8.987813    
  -89.52360       38.03170       125.0849    
  -91.75720       36.11720       63.76092    
  -81.33060       22.31870       468.0566    
  -78.44640       21.50710       355.2522    
  -72.03870       19.21920       33.57384    
  -90.98070       17.60340       14.38050    
  -93.76570       16.58920       198.3568    
  -87.93300       15.15520       47.51928    
  -69.31560       44.30280       12.79168    
  -98.82050       21.94650       4.282697    
  -87.57280       15.03610       179.6341    
  -87.59090       15.01710       143.5379    
  -87.57140       15.01690       126.0597    
  -76.27910       20.91470       9.952558    
  -76.25960       20.91460       7.797741    
  -103.5892       19.28460       116.6041    
  -103.5845       19.26430       204.3998    
  -98.41830       32.93950       21.21376    
  -81.09940       22.85120       12.27067    
  -90.27320       20.49790       4.013345    
  -90.88070       18.35100       28.10181    
  -69.73560       44.11590       36.73962    
  -70.09050       44.02130       41.31534    
  -103.6196       44.48980       8.892698    
  -97.35890       33.37870       23.40526    
  -98.98000       21.84770       5.589055    
  -90.33220       19.61510       31.56740    
  -69.65960       18.65560       158.1761    
  -77.98230       21.83060       47.01558    
  -88.43250       15.77760       7.955878    
  -70.17850       44.50510       14.56532    
  -81.93740       27.08690       25.68590    
  -80.41600       26.72660       131.9185    
  -80.39530       26.72640       122.3514    
  -80.41480       26.70500       15.91197    
  -80.39410       26.70480       70.00080    
  -78.10480       21.99410       5.413975    
  -78.84710       21.73230       4.329834    
  -103.8708       20.55140       86.45432    
  -103.8613       18.82880       44.29342    
  -91.02080       16.84010       17.59294    
  -99.61640       16.77760       160.3219    
  -90.01210       15.73840       42.44322    
  -83.81220       15.08050       71.41261    
  -70.89950       44.19390       55.45615    
  -96.26080       39.30810       36.11598    
  -80.72600       27.40250       254.5421    
  -81.11950       22.85130       12.51589    
  -81.09830       22.83050       18.53063    
  -78.66900       21.71120       10.10407    
  -102.1774       20.66540       49.79097    
  -98.60410       18.67700       30.24275    
  -93.76340       16.56970       196.3305    
  -82.19760       22.77770       10.84142    
  -81.04110       22.50110       159.7088    
  -78.24360       22.01500       4.219849    
  -78.68810       21.69090       8.700069    
  -102.1540       20.66470       42.16453    
  -102.0874       20.17410       100.7084    
  -81.12530       22.58390       8.807811    
  -81.10530       22.58370       7.178231    
  -100.3636       20.90080       68.81329    
  -70.76320       18.55170       281.1509    
  -99.06910       18.56790       52.25980    
  -99.06550       18.54780       32.43425    
  -93.11760       17.85400       11.30268    
  -72.43080       44.39430       35.97948    
  -80.50640       26.85720       24.77365    
  -80.67550       26.55590       11.62254    
  -82.17880       22.79810       7.743870    
  -78.15920       21.81090       4.188424    
  -77.87460       21.44410       8.080561    
  -78.18650       21.34390       10.19610    
  -77.93850       20.81780       4.185730    
  -76.99430       20.41320       92.57596    
  -98.33350       19.37160       117.9950    
  -96.71890       18.71550       90.56541    
  -96.69730       18.71500       208.7557    
  -90.01380       15.75770       37.15311    
  -84.56260       15.48970       20.16665    
  -89.46030       15.32620       11.18483    
  -81.02320       46.49280       15.34607    
  -92.37980       36.13700       30.65858    
  -103.0009       35.94420       38.78085    
  -80.74690       27.40270       304.3971    
  -81.94870       27.52300       8.700069    
  -91.90820       18.22880       18.89763    
  -98.21840       16.33700       70.45498    
  -94.46150       40.13180       9.013192    
  -80.50760       26.87880       21.78644    
  -101.1039       21.53620       38.21982    
  -101.5570       20.99520       25.28996    
  -90.31230       19.79490       44.53483    
  -90.32980       19.59500       22.51981    
  -93.74270       16.56930       207.2230    
  -98.22140       16.35670       140.4733    
  -77.01720       20.63420       3.862508    
  -77.03230       20.35310       8.917048    
  -90.33280       19.79520       91.63707    
  -98.33720       19.39170       75.65587    
  -98.90640       19.36500       63.20426    
  -88.47240       18.69230       26.63404    
  -96.66060       18.75410       21.47070    
  -88.66660       17.57150       13.78080    
  -94.37640       16.34560       230.9852    
  -119.7581       41.85510       86.43290    
  -110.2456       31.19240       234.2060    
  -107.3119       28.86190       47.24882    
  -107.1861       28.42800       56.27782    
  -80.51110       26.57610       15.22288    
  -79.13110       21.95760       8.071583    
  -89.77660       19.20730       108.8227    
  -98.66920       19.03840       343.2882    
  -96.82160       17.17310       28.12241    
  -92.85630       16.36030       315.9798    
  -95.22900       16.18450       27.45082    
  -110.2157       31.19080       593.0261    
  -106.9991       28.75740       66.88469    
  -80.48560       26.85700       261.8926    
  -80.49040       26.57600       18.71996    
  -80.50990       26.55460       20.13070    
  -80.48920       26.55440       18.97585    
  -81.11840       22.83070       18.10831    
  -76.29850       20.89450       49.07215    
  -101.2411       20.41510       114.2328    
  -101.1969       20.10930       50.75494    
  -101.1738       20.10860       42.52930    
  -72.51580       19.53560       5.023415    
  -91.06900       18.21550       26.60094    
  -91.77520       17.97000       5.211962    
  -110.2580       31.21650       133.7694    
  -110.2332       31.16830       300.9277    
  -110.2033       31.16670       121.6723    
  -107.0085       28.78040       79.21555    
  -81.46470       27.80310       118.3972    
  -78.18700       21.36420       10.45624    
  -77.43030       20.81630       7.003153    
  -104.4334       21.06020       59.04857    
  -77.05170       20.35320       6.657484    
  -101.2365       20.39470       204.6614    
  -90.30990       19.77480       29.88309    
  -92.74760       15.17600       25.76484    
  -91.22240       15.02040       127.3218    
  -95.74610       39.36750       42.32232    
  -81.09720       22.80990       13.41373    
  -78.51250       21.75120       104.0713    
  -104.0187       22.03770       42.56321    
  -88.03650       21.35370       8.457653    
  -102.6497       19.78410       88.78694    
  -72.31560       18.88180       2.558844    
  -98.02990       16.37250       322.2652    
  -81.46320       27.78110       105.5229    
  -80.73260       26.47010       29.82400    
  -80.71190       26.46990       83.79887    
  -76.37100       20.37190       7.959352    
  -92.51430       16.21890       88.37652    
  -81.48580       27.80330       16.27964    
  -107.0019       28.10600       61.36210    
  -79.01520       22.03870       14.10644    
  -78.51190       21.73080       4.411387    
  -100.3591       20.88030       46.37222    
  -75.88380       20.23110       3.743993    
  -89.43600       19.62120       16.02324    
  -83.90210       14.96610       28.25039    
  -79.03500       22.03880       12.65954    
  -79.01450       22.01830       17.29016    
  -100.3362       20.87970       179.7135    
  -89.96440       19.96980       29.26500    
  -98.02690       16.35290       29.80638    
  -84.43770       15.31560       8.188895    
  -80.55040       26.90080       17.39116    
  -77.73890       21.52480       87.54324    
  -76.83600       20.23250       3.636252    
  -93.78070       37.69950       29.40998    
  -75.18470       20.39100       7.356691    
  -101.0737       20.69570       50.61813    
  -99.35900       19.17500       223.3324    
  -122.2633       39.22550       21.72324    
  -114.9105       32.38020       26.78706    
  -107.0075       28.71260       143.6312    
  -97.76520       16.03520       66.34343    
  -99.78200       19.62780       202.7293    
  -98.86620       19.50470       116.8707    
  -99.26140       18.65220       87.36472    
  -90.44500       41.15120       39.01352    
  -80.71200       22.70430       9.117565    
  -77.60430       21.66660       3.090814    
  -102.2131       21.01400       158.4827    
  -102.2082       20.99340       46.13846    
  -99.78600       19.64810       202.6100    
  -118.1403       52.63900       94.76061    
  -89.47340       38.03030       93.09443    
  -80.67300       26.51270       17.50788    
  -79.87400       22.69890       2.612715    
  -76.63130       20.95560       6.302837    
  -76.86440       20.85520       9.359982    
  -99.34000       16.83070       5.314652    
  -88.62720       16.45820       26.36065    
  -83.70160       14.77320       12.48834    
  -91.42590       18.47830       5.045860    
  -90.71250       16.58230       18.06182    
  -84.45690       15.31580       27.37918    
  -84.03700       14.98630       75.93505    
  -78.61720       21.95530       6.446492    
  -77.83070       21.24140       2.733923    
  -76.07630       20.01130       12.28334    
  -91.13710       18.09810       3.656454    
  -94.06240       38.60460       4.834869    
  -76.95560       20.43320       52.71582    
  -69.62170       18.63610       163.6939    
  -82.37570       22.73810       28.88402    
  -98.35930       19.39220       83.59856    
  -69.42830       18.63710       33.80812    
  -89.07040       37.67920       108.8059    
  -79.88150       21.92080       77.86189    
  -90.13880       20.57640       6.141225    
  -84.47620       15.31590       111.8410    
  -79.77520       22.71890       3.107168    
  -78.54660       21.56840       4.188424    
  -98.93170       19.14480       191.2828    
  -91.42750       18.14210       4.249990    
  -71.66150       17.99790       79.76209    
  -96.06980       18.12580       31.32196    
  -88.62890       16.47760       8.188895    
  -83.90980       15.11960       64.54900    
  -69.60230       18.63620       20.86312    
  -107.1124       30.36030       204.6658    
  -112.2777       30.50740       70.30344    
  -77.69250       21.20060       3.357922    
  -76.04050       20.39160       5.233510    
  -93.51690       17.90030       3.366900    
  -96.85180       15.90130       84.76736    
  -90.08950       14.81400       305.8276    
  -78.19530       20.91950       4.242294    
  -90.26880       17.94710       12.64951    
  -80.54790       26.85750       6.989685    
  -80.06440       22.49460       3.144685    
  -78.33980       21.20280       57.47195    
  -90.47980       18.02900       48.15563    
  -84.54340       15.48950       32.28616    
  -119.3490       43.29960       152.9670    
  -99.35510       19.15480       276.5613    
  -69.66330       18.55690       52.12300    
  -92.48470       17.90260       3.299562    
  -90.10110       38.65600       14.50335    
  -89.47950       38.05670       26.57158    
  -121.2448       35.99280       609.8743    
  -79.05820       22.14100       2.666585    
  -95.49000       18.65050       3.703590    
  -121.8136       45.48060       212.3900    
  -79.22780       21.89700       478.5401    
  -78.21200       21.56710       5.828778    
  -99.91910       19.75230       112.8897    
  -99.02040       18.90640       147.4471    
  -88.88910       18.02640       8.555067    
  -121.1574       38.27880       106.1613    
  -80.29680       22.35250       7.312907    
  -79.22850       21.91730       184.3770    
  -79.24760       21.89710       27.04294    
  -76.02360       20.71290       5.050350    
  -76.00410       20.71290       5.851672    
  -95.59750       18.23550       68.51234    
  -83.77300       15.06110       32.83339    
  -104.6394       21.10770       117.9266    
  -104.6150       21.10690       123.5356    
  -70.74040       18.67010       80.31424    
  -99.25030       18.59200       32.52192    
  -70.19250       18.31800       7.423267    
  -84.36400       15.37270       2.397233    
  -81.48420       27.78130       225.7751    
  -90.06150       19.39110       18.50447    
  -88.66070       18.35860       8.753941    
  -83.47350       14.79080       59.77587    
  -81.44220       27.78090       33.68765    
  -77.62400       21.66670       2.774326    
  -107.3372       30.18650       65.92043    
  -88.37690       18.94880       15.94169    
  -98.43010       18.93280       45.14590    
  -95.60940       18.31500       30.27870    
  -81.92030       22.83710       3.622785    
  -76.21430       20.25150       4.064522    
  -96.92820       18.93950       31.92241    
  -98.43480       18.71310       32.14935    
  -95.81950       18.29930       32.69658    
  -77.96560       21.14080       5.121056    
  -90.95400       36.65100       25.94693    
  -107.3476       30.21010       180.8510    
  -88.58430       18.39710       4.107618    
  -116.4713       52.13680       263.2160    
  -99.25980       19.81660       76.77634    
  -103.6082       19.26490       26.69251    
  -95.64010       18.23630       3.070613    
  -90.60180       17.65680       30.37088    
  -100.9679       20.00180       67.58205    
  -99.31800       16.83030       21.63612    
  -99.56570       16.73720       31.23032    
  -120.5671       47.36120       378.4972    
  -98.51400       21.77360       6.572189    
  -101.6120       20.73100       25.42244    
  -104.5447       19.41260       26.23379    
  -96.17670       18.40580       135.7985    
  -80.99930       22.85040       8.331059    
  -79.77600       22.73940       2.733923    
  -103.3949       19.35990       43.21645    
  -87.22070       15.01340       11.75073    
  -92.51920       14.92210       4.053748    
  -96.72150       18.99500       125.6826    
  -92.28490       18.45270       23.45385    
  -88.56230       18.37710       35.31877    
  -96.03310       18.16470       8.413884    
  -97.32650       34.52070       109.9258    
  -98.92860       19.36550       10.31098    
  -93.09360       16.98900       350.0720    
  -99.23240       20.01790       34.61186    
  -98.45420       18.57390       3.717058    
  -90.08190       19.39140       23.44909    
  -99.58470       19.42160       43.45863    
  -88.82980       18.24240       17.23971    
  -92.50090       14.94110       11.54173    
  -92.48070       14.94080       8.989623    
  -97.33470       34.54560       34.71342    
  -96.00580       18.12460       15.28209    
  -96.08210       18.06660       33.02699    
  -96.02780       17.11860       31.96566    
  -80.84570       22.58190       2.962872    
  -98.35560       19.37210       265.7727    
  -102.4140       18.93060       100.8715    
  -92.51270       15.05690       18.69214    
  -115.9961       45.09220       64.69319    
  -88.48780       18.43530       7.922590    
  -98.50170       18.59490       5.279300    
  -103.9018       20.67500       39.01627    
  -103.1814       20.44940       24.79138    
  -69.42670       18.67660       25.99310    
