  -123.3832       45.16340       243.1749    
  -122.7281       38.72370       3428.974    
  -93.18470       17.89460       9.561721    
  -93.11510       17.83420       9.331355    
  -115.9479       46.65470       176.3894    
  -108.9039       26.28710       48.33558    
  -122.7599       38.75310       2924.101    
  -93.49100       17.86040      0.7695324    
  -122.7742       38.72740       491.1146    
  -81.02320       46.49280       2.350250    
  -122.6821       38.72000       1029.849    
  -70.34600       18.92870       111.0256    
  -93.11760       17.85400       11.10807    
  -101.4631       26.88850       4.817724    
  -109.6423       30.50830       136.5538    
  -92.16520       18.64900       15.60736    
  -118.8359       34.28810       1151.820    
  -118.7978       34.28560       22.54488    
  -118.8150       34.26200       1297.195    
  -118.7769       34.25940       24.85517    
  -80.86720       26.64380      0.7844407    
  -81.39400       27.38660      0.4231332    
  -80.79730       26.51370      0.6343344    
  -80.56000       26.70610       1.828462    
  -80.63410       26.55550       3.258119    
  -80.57080       26.53350       2.866319    
  -80.95820       26.77430       26.20942    
  -80.41600       26.72660       4.666906    
  -80.54540       26.81420       1.384501    
  -80.57200       26.55510       64.06207    
  -96.52840       19.39120       21.52916    
  -118.8531       34.26450       669.1570    
  -80.51230       26.59770       1.214590    
  -106.7195       36.83090       4.209725    
  -80.59450       26.94450       24.96135    
  -80.72210       26.64260       2.205554    
  -80.70130       26.64240       2.747077    
  -80.72080       26.62100       3.652539    
  -80.70010       26.62080       4.270795    
  -81.15220       26.88420       14.72109    
  -81.13140       26.88400       9.025918    
  -81.15080       26.86250       13.66224    
  -81.13000       26.86230       7.607265    
  -118.8321       34.23840       18.38545    
  -103.8765       28.10770       34.24976    
  -71.00230       19.62030      0.7943796    
  -80.52090       26.74900       1.067699    
  -80.80630       26.66490       1.050160    
  -116.4332       47.21190       463.9923    
  -80.64670       26.77170       1.993988    
  -97.93640       26.42160       40.23141    
  -97.93090       26.39970      0.6796440    
  -96.20120       18.42610       2.310964    
  -105.0470       24.68320       42.54689    
  -115.8571       46.45560       915.9299    
  -99.22980       22.16400       40.97822    
  -116.4732       47.24780       592.4332    
  -112.5385       37.55160       40.48187    
  -80.41360       26.68340       1.814211    
  -80.39290       26.68320       2.701768    
  -110.6156       41.10200       336.7849    
  -117.4617       34.02320       147.9562    
  -80.50380       26.44670       12.24673    
  -123.3214       46.15230       228.4243    
  -123.2663       46.14700       167.3053    
  -118.2521       48.36260       275.4721    
  -113.1425       46.73840       20.76201    
  -96.32860       42.11950       1.236514    
  -118.6937       34.15480       3.564572    
  -76.79990       20.43290      0.6971832    
  -106.8731       37.69580       36.50597    
  -109.8621       43.61770       79.62446    
  -80.61090       26.51220       2.420409    
  -80.59020       26.51210       2.248306    
  -91.31730       17.15730       24.85734    
  -80.52450       26.44690       3.641577    
  -71.12200       18.09790       9.202002    
  -112.3607       46.80300       2.166822    
  -109.7965       42.99370       296.6153    
  -106.5024       36.97310       48.72149    
  -114.9997       47.70660       167.9815    
  -93.92320       44.16130       1.045775    
  -80.87880       26.49280       14.94603    
  -105.3139       35.68490       57.50294    
  -112.5578       37.57900       49.44569    
  -90.58110       16.26920       11.37236    
  -80.52330       26.42540       2.874237    
  -80.50260       26.42520       3.242012    
  -72.23030       19.29800       3.729294    
  -117.4984       34.02560       188.8561    
  -80.54670       26.83580      0.5195989    
  -80.48190       26.42500       102.3891    
  -117.5179       34.05150       11.62060    
  -80.58900       26.49050       34.30160    
  -97.89830       26.26860       19.20776    
  -116.2651       47.35940       163.6893    
  -117.8614       33.95110       78.43678    
  -77.37830       26.70970       78.49328    
  -78.12860       21.38420      0.4845205    
  -89.66170       15.36710       5.989497    
  -123.7924       43.72070       428.9247    
  -80.62790       26.44770       1.598260    
  -112.5233       37.57670       310.6920    
  -78.14820       21.38430       2.898646    
  -71.40870       19.65850      0.9646561    
  -117.8620       49.65080       372.3684    
  -89.62370       15.38600       19.84557    
  -92.21950       46.03850       25.10540    
  -112.3194       46.79970       2.034234    
  -115.6890       46.79240       157.4079    
  -118.9530       35.32080       83.35717    
  -115.1665       49.99250       218.3818    
  -105.5428       39.26520       75.84744    
  -123.0125       51.25710       1394.711    
  -109.5698       33.78600       188.4928    
  -116.7056       31.91580       246.2445    
  -94.04100       18.08740      0.7639411    
  -123.0830       51.30050       2453.949    
  -118.0365       45.48260       3.447184    
  -118.6368       43.89160       17.42398    
  -120.9201       43.64230       182.2727    
  -116.7405       31.91790       129.1999    
  -116.6360       31.91150       269.9566    
  -116.6192       31.88660       33.44841    
  -108.7775       30.83630       43.02927    
  -116.6012       31.90940       468.2730    
  -116.5844       31.88450       21.50157    
  -116.6540       31.88880       81.38506    
  -101.4197       24.64180       36.72604    
  -97.73320       20.52820       2.950386    
  -88.08020       15.29140       11.59660    
  -105.0404       37.40950       59.61961    
  -116.9970       32.38820       71.62993    
  -116.8760       32.16500       245.4406    
  -116.5524       31.78740       226.9167    
  -121.8371       42.03040       4.647490    
  -116.8409       32.16280       462.2512    
  -116.8058       32.16070       126.7172    
  -116.8237       32.13790       208.6824    
  -116.2809       31.62840       71.39387    
  -116.6830       42.72760       136.7018    
  -108.5278       25.81280       9.132964    
  -90.14050       15.83680       5.074071    
  -97.90080       24.74530       36.85468    
  -109.4407       26.99250       1.661401    
  -120.6622       43.67910       18.50852    
  -116.5330       31.85760       661.7039    
  -122.1340       46.04030       367.5624    
  -116.4983       31.85540       248.2384    
  -109.5559       33.76080       547.2334    
  -92.48470       17.90260      0.5020596    
  -116.9553       42.80790       9.375558    
  -118.3751       34.43050       185.4311    
  -124.3669       52.68810       1569.160    
  -113.5656       47.91330       266.8772    
  -122.8628       47.22380       268.8174    
  -110.7215       42.10270       12.20107    
  -109.4664       34.61600       283.0670    
  -116.9301       33.20540       124.3907    
  -116.8208       33.00430       136.9026    
  -116.4674       32.69200       388.2283    
  -116.4500       32.66680       414.2774    
  -69.97310       19.60530      0.5481001    
  -113.1763       46.77330       21.71933    
  -122.1817       46.07610       101.3472    
  -110.6726       41.13400       11.64453    
  -109.5865       33.76250       436.1228    
  -118.0694       34.03880       6.709512    
  -116.5677       31.85970       245.6426    
  -116.5510       31.83490       206.2768    
  -116.5163       31.83270       2391.232    
  -108.0996       25.31810       1.199974    
  -110.8929       33.42260       40.61732    
  -101.7799       31.37450       7.960557    
  -116.4817       31.83060       147.1358    
