  -107.9463       43.78060       3.119071    
  -114.0880       38.02390       95.88720    
  -114.0520       38.02150       869.1237    
  -114.1029       37.99860       347.8592    
  -114.0669       37.99610       917.7514    
  -114.0310       37.99360       398.3918    
  -114.0818       37.97070       184.8973    
  -114.0459       37.96830       212.5813    
  -98.46950       36.80120      0.6681601    
  -121.0033       36.69410       70.09979    
  -120.9771       36.66630       75.46627    
  -120.6081       36.22730       634.2316    
  -120.5668       36.22430       425.4921    
  -120.5830       36.19990       422.8157    
  -120.5417       36.19690       490.9722    
  -120.5080       36.11760       202.0692    
  -112.0561       34.49610       67.43710    
  -112.0236       34.49410       78.76666    
  -112.0402       34.47040       114.4446    
  -112.0077       34.46840       192.9393    
  -101.8153       31.75100       1.778540    
  -99.24300       31.41230       22.95618    
  -99.21780       31.41130       13.63910    
  -99.23530       31.38870       16.22108    
  -99.21020       31.38770       15.74711    
  -115.9629       31.44360       21.12365    
  -70.40130       18.41540       15.19440    
  -88.26900       18.01830       4.105670    
  -93.18470       17.89460       2.656758    
  -93.11510       17.83420       3.446831    
  -93.05880       17.71500      0.1334232    
  -108.8996       39.41640       22.54543    
  -98.12040       37.06890      0.8631793    
  -98.09350       37.06770      0.7917696    
  -120.4831       36.09020       71.29537    
  -101.8065       31.72710       1.774948    
  -110.2727       27.56320      0.4996584    
  -92.88020       17.77110      0.1488744    
  -102.2042       17.92530      0.3860357    
  -107.8759       43.77570       5.444443    
  -120.5242       36.09320       19.46969    
  -115.9789       31.46820       19.95576    
  -110.2440       27.56180      0.4825368    
  -108.7949       25.67200      0.1785240    
  -110.7359       49.22730       3.420784    
  -109.5307       48.41650       2.580878    
  -100.7365       37.73390      0.2267568    
  -98.59180       35.28980      0.9696671    
  -106.8272       50.35080       1.671249    
  -112.2566       49.84020       3.074221    
  -98.04490       37.22050      0.4459968    
  -97.35040       36.90740      0.8047152    
  -109.9882       27.17230      0.4159296    
  -108.8445       25.93520      0.5142745    
  -94.52780       17.97760       7.324184    
  -111.0020       49.66430       3.216924    
  -108.1922       48.71770       1.936678    
  -111.8481       34.31060       43.74805    
  -111.8158       34.30870       25.31833    
  -108.8259       25.95620      0.8247600    
  -109.1028       38.35720       10.16051    
  -106.5019       46.35960       3.977080    
  -105.0962       45.66380       3.025294    
  -108.9575       38.37470       18.40195    
  -98.47930       36.82730      0.4741848    
  -108.8533       25.95730      0.8487720    
  -107.7724       49.96360       1.894473    
  -101.5482       45.81530       1.981527    
  -104.8372       45.77190       2.809202    
  -108.9984       45.31400       3.225078    
  -97.91770       37.16330      0.5127085    
  -98.00560       37.11550      0.3968244    
  -99.27320       35.99660       3.731672    
  -107.7320       49.96040       1.747615    
  -111.9519       49.22550       28.45600    
  -109.4816       47.25490       18.64569    
  -101.9830       44.87850       1.683890    
  -97.72060       37.69990      0.2377188    
  -118.8923       36.84890       28.15133    
  -93.00950       33.95270       6.660614    
  -101.9332       32.20420       24.42701    
  -109.0677       25.74880      0.3942144    
  -123.6714       49.43030       10.72113    
  -102.4869       45.93560       1.761358    
  -105.0170       45.59600       2.189465    
  -98.04230       37.14290      0.4535136    
  -119.3433       37.48090       13.40129    
  -118.9321       36.85180       24.96135    
  -121.6596       36.92490       30.09104    
  -111.4539       35.73470       18.52382    
  -109.1693       47.23100       10.50401    
  -122.8830       47.77880       40.44049    
  -104.9823       45.59370       3.070144    
  -97.73060       37.72640       1.351097    
  -108.4962       46.98550       2.258778    
  -99.77790       46.15410      0.2468016    
  -108.1092       40.10250       25.47025    
  -110.0603       39.38320       3.421980    
  -114.4325       43.96380       17.82308    
  -114.6467       40.30390       3.714344    
  -110.0895       39.33100       2.617573    
  -113.7214       39.06480       3.147611    
  -113.2430       37.70330       16.75699    
  -113.3157       50.63950      0.4585248    
  -104.0740       45.56550       1.773589    
  -108.8954       45.18280       2.964136    
  -113.6424       50.66860      0.5393304    
  -104.6109       43.97860       2.042685    
  -110.8149       39.48740       3.714344    
  -118.8214       36.89550       23.61475    
  -109.9869       51.62180       4.064984    
  -110.5803       48.94070       2.805125    
  -112.8155       36.86830       21.50956    
  -110.4989       49.34550       4.330004    
  -108.6996       45.19950       3.029372    
  -105.7390       42.83750       3.755116    
  -104.6050       42.01530       1.431103    
  -116.3269       38.07590       25.95771    
  -118.6361       37.19370       12.56237    
  -107.0421       50.11880       2.352554    
  -123.0948       47.14940       24.62998    
  -105.4524       39.53050       9.400263    
  -111.0308       52.23380      0.6683688    
  -108.3620       45.39180       2.584955    
  -113.6075       39.27270       3.441171    
  -114.0130       39.08530       4.754034    
  -111.0426       36.47240       1.863288    
  -110.0549       27.19750      0.9115338    
  -110.0265       27.19620      0.4466233    
  -98.90370       21.70170      0.1616112    
  -110.9949       52.04310       2.276305    
  -111.3798       49.24620       4.827424    
  -101.6688       45.26070       1.325095    
  -106.2529       45.21310       14.45131    
  -110.8177       45.10970       2.886669    
  -116.0399       38.93490       2.821434    
  -98.49640       36.80240       7.097074    
  -119.6446       37.47710       16.75699    
  -111.3394       33.30260       16.60441    
  -108.2543       45.47730       2.238392    
  -111.9904       37.51560       12.24765    
  -110.8875       36.02920       14.95920    
  -93.96940       32.35410       13.03902    
  -108.6265       50.99630       4.297386    
  -107.7055       49.71290       2.743967    
  -111.7108       49.10240       3.049758    
  -112.7414       48.51060       3.037526    
  -122.9412       47.75170       44.95778    
  -108.1191       45.43650       23.70317    
  -110.1988       44.87900       20.68696    
  -108.4638       39.52430       3.070638    
  -82.16180       37.40540       1.140195    
  -82.15890       37.37950       1.086448    
  -110.8981       38.04830       19.77296    
  -110.3833       48.31650       2.996754    
  -110.7793       45.10680       20.65880    
  -115.7017       38.82980       18.58475    
  -104.8917       36.78120       25.47025    
  -115.1263       32.51320       19.95576    
  -107.4098       49.93540       3.632799    
  -113.5806       49.43410       2.629805    
  -111.9754       48.85180       4.146529    
  -108.3110       47.98790       2.213928    
  -113.9604       39.67790       22.72823    
  -112.8842       36.87280       3.029372    
  -115.0354       32.17230       26.27762    
  -109.2087       50.57510       3.139457    
  -108.9871       44.94330       25.47025    
  -110.4034       44.95550       13.63791    
  -96.75380       41.22950      0.2330208    
  -114.0161       38.01900       642.7657    
  -116.6084       38.06980       4.101679    
  -108.9613       45.31130       2.772507    
  -114.8884       40.29410       2.772507    
  -109.8415       27.40960       12.12579    
  -98.16800       21.39520      0.1522152    
  -93.01580       33.97720       3.366080    
  -109.7324       27.09420      0.3132000    
  -77.09550       20.65440       18.86933    
  -114.0731       38.04930       656.7153    
  -97.46790       20.52180       1.677656    
  -110.1817       27.35870      0.4882162    
  -114.1091       38.05180       258.5633    
  -114.0372       38.04680       670.8879    
  -97.48990       20.52240      0.6123322    
  -125.6905       49.02550       63.30658    
  -114.9026       32.66790       32.11963    
  -120.5491       36.12060       112.1025    
  -113.9951       37.99120       12.65364    
  -112.0242       34.44470       45.78484    
  -107.8407       43.77330       6.345213    
  -114.0583       38.07470       214.0845    
  -114.0013       38.04440       182.5776    
  -113.9802       38.01650       110.7468    
  -112.5834       36.33950       15.65240    
  -69.22180       18.48050      0.8276749    
  -107.9238       43.74920       4.911007    
  -115.0925       32.51110       17.71137    
  -101.7799       31.37450       1.713397    
  -112.8737       41.06530       3.832583    
  -107.8056       43.77090       6.905220    
  -93.89250       18.22320       1.319040    
  -122.0080       42.36150       85.15285    
  -110.1517       27.29070      0.2758248    
  -70.34600       18.92870       13.93725    
  -120.6242       36.20290       242.2370    
  -93.11760       17.85400       1.856076    
  -96.23600       19.18460       8.079596    
  -92.16520       18.64900      0.5326111    
  -109.6423       30.50830       16.35625    
  -90.04860       35.16580      0.3952584    
  -97.83730       33.54180       1.429713    
  -97.88270       27.49110      0.4169649    
  -112.8605       41.09240       2.637959    
  -121.9596       42.35730       33.51348    
  -99.25380       22.57890       8.605096    
  -76.76470       37.66900       48.70591    
  -99.68580       28.57330       1.486697    
  -82.38790       32.45010       3.374831    
  -115.0425       32.48410      0.5487264    
  -92.48470       17.90260      0.7182460    
  -90.16600       35.04520      0.2048328    
  -82.38570       32.42650       10.81457    
  -85.35570       31.69720       1.186072    
  -69.49160       18.49870      0.4429900    
  -92.48230       17.88280      0.5665005    
  -76.76400       37.64300       20.44192    
  -78.09030       21.42460       1.087711    
  -81.83410       32.72710       1.088755    
  -85.35270       31.67380       10.60857    
  -84.06690       31.32770       10.84505    
  -84.13070       31.30550      0.2022750    
  -92.21450       34.14700       15.78258    
  -84.16810       30.66090       8.440877    
  -84.06430       31.30450      0.7754124    
  -99.83450       30.32390       4.390318    
  -79.62240       35.07600       14.39084    
  -92.62700       34.06230       1.592828    
  -81.36470       26.95120       3.874859    
  -81.84130       26.91230       19.88987    
  -65.82270       18.13150       1.740971    
  -92.60280       34.06160       4.551857    
  -92.88080       33.63390       5.915804    
  -81.50750       33.08000       1.141621    
  -72.59560       19.39620       8.296292    
  -98.91170       22.88110      0.2825064    
  -71.79750       19.61730       1.626809    
  -67.04870       18.49530      0.2787480    
  -96.61670       32.49080       1.276169    
  -108.1885       25.34340      0.4240728    
  -96.92030       19.27940       4.845225    
  -69.78910       18.81290       6.947778    
  -95.84110       18.16090      0.1795263    
  -92.50090       30.81680       1.831991    
  -101.6106       32.37990       13.55773    
  -96.51280       49.25550      0.3388377    
  -98.53280       26.20180      0.1710072    
  -99.28060       25.10650       1.355165    
  -87.33190       32.69930       2.211711    
  -80.12010       27.00600       16.38910    
  -78.59860       21.99600      0.5393304    
  -78.57890       21.99590       28.37711    
  -78.59800       21.97560      0.5349457    
  -78.57830       21.97550      0.3889944    
  -98.19040       21.39580      0.2866407    
  -92.22060       34.17160       2.145756    
  -82.87840       32.66930       22.27519    
  -99.80950       30.32290       4.028769    
  -107.3215       24.47030      0.6442785    
  -84.86240       31.85220       5.485280    
  -82.55710       32.35790       1.185111    
  -82.71960       31.75050      0.8341557    
  -99.86690       30.57810       2.674654    
  -99.30410       25.10730       6.237324    
  -120.5006       36.19380       75.22253    
  -120.5167       36.16940       88.29530    
  -92.41750       29.89920       13.52318    
  -120.5579       36.17240       77.97137    
  -84.64500       30.23400       4.839952    
  -107.3561       24.64280       12.01936    
  -98.40790       21.58590      0.2154816    
  -82.35440       33.25760       24.12930    
  -100.7121       29.12800       1.147736    
  -98.78530       26.27480       7.342499    
  -98.55970       21.34380      0.1705896    
  -121.8817       39.14060       1.830132    
  -82.12270       30.74850       19.05865    
  -114.1240       38.02640       401.9172    
  -99.64110       30.56950       1.711072    
  -108.7897       25.93280      0.2687257    
  -98.80130       34.35920       3.869278    
  -104.6015       25.24570       1.863288    
  -98.78280       21.55470      0.6197425    
  -71.19680       18.17610       1.451489    
  -90.49400       35.32730      0.2311416    
  -112.8991       32.76500       32.59948    
  -112.8668       32.76310       29.52233    
  -98.50920       26.20100      0.1331100    
  -98.20090       20.66150      0.9398938    
  -71.55780       18.33210       3.845398    
  -104.0815       40.18860       2.821434    
  -94.41970       33.78050       7.878219    
  -108.7922       25.80230      0.6697000    
  -90.17110       35.39290      0.2649672    
  -108.8195       25.80350      0.3756312    
  -101.5787       40.46390      0.6304508    
  -101.5489       40.46230       4.035085    
  -71.57710       18.33200       29.72544    
  -82.12070       30.72550       12.46915    
  -93.20270       31.04460      0.2223720    
  -82.10090       30.74820       20.90022    
  -99.82710       30.30060       3.954084    
  -99.80210       30.29970       3.185122    
  -69.10660       18.46150       8.864281    
  -82.35670       33.28150       2.670577    
  -82.37690       33.25790       21.51931    
  -109.9118       27.12450      0.5474736    
  -82.09570       27.52450       4.061926    
  -82.07470       27.52430       2.011960    
  -82.09410       27.50270      0.3955716    
  -81.82050       26.91210       8.247510    
  -94.39510       33.77960       13.31769    
  -81.82200       26.93380      0.6965568    
  -112.6015       36.36630       174.5513    
  -84.29010       31.91320      0.1716336    
  -84.15020       31.28260      0.2073384    
  -81.84290       26.93400       2.549462    
  -108.8009       25.82440      0.3639384    
  -108.0961       25.16680      0.2461752    
  -76.31190       36.35870       1.412767    
  -81.10370       28.99510       4.039502    
  -80.52340       27.86060       29.10789    
  -81.38700       26.97310       3.905973    
  -81.36620       26.97290       5.652381    
  -81.38560       26.95140       4.413095    
  -80.52480       27.88250       13.34589    
  -80.54860       27.22660      0.2248776    
  -116.9391       38.54550       2.515642    
  -120.6333       36.25480       397.9835    
  -120.5919       36.25180       297.8113    
  -120.5991       36.17550       87.13506    
  -81.10530       29.01740       2.827024    
  -81.12500       28.99530       4.696953    
  -80.56930       27.57600       1.882725    
  -88.27460       17.86100       6.602218    
  -82.05200       29.65570       1.238506    
  -80.65400       28.61250       11.38602    
  -80.56800       27.55410       1.145496    
  -109.4070       27.81270       3.253618    
  -112.9214       27.80340       3.503800    
  -87.26310       32.69790       16.37865    
  -82.17310       27.43790      0.1866672    
  -80.12130       27.02770       12.64489    
  -88.29450       17.86130       5.314243    
  -88.29270       17.84160       3.573338    
  -88.27280       17.84140       4.519197    
  -69.73560       44.11590       4.030992    
  -80.67520       28.61270       48.02870    
  -93.27100       16.23040       7.519207    
  -102.9415       32.77250       1.887751    
  -102.9685       32.77370       3.596104    
  -87.85130       18.90220      0.6015652    
  -90.62420       18.78290       1.103266    
  -120.6494       36.23040       137.6761    
  -80.67660       28.63490       7.129203    
  -105.5492       45.78820       4.651763    
  -106.6582       43.93220       12.95989    
  -98.10740       23.65290      0.3128868    
  -114.1451       38.05430       9.584175    
  -98.87120       31.49140       1.614577    
  -97.40910       21.60150       13.05134    
  -99.22040       19.61400      0.4584997    
  -105.5722       45.82120       6.863616    
  -84.30210       32.57200       2.672616    
  -98.89630       31.49240       1.268014    
  -87.61990       20.05590      0.9059144    
  -92.40060       44.28020      0.2715444    
  -96.50850       29.52240      0.1741392    
  -97.90850       28.73550      0.5008068    
  -97.88450       28.73470      0.4178088    
  -104.5373       26.71940       26.63814    
  -98.31480       20.56270       10.87464    
  -97.31820       47.08010      0.4253256    
  -76.28820       36.33330       1.224799    
  -76.28770       36.30800      0.2737368    
  -93.20660       44.46450      0.3200904    
  -93.97560       44.22400      0.5925744    
  -99.26820       31.41330       10.38411    
  -99.25070       31.43590       7.158134    
  -99.20250       31.36410       3.059135    
  -108.7648       25.80110      0.5178763    
  -100.8976       24.73120       13.31399    
  -103.3177       23.35080       1.842902    
  -99.03350       22.19990       18.73075    
  -92.32400       17.76200      0.1296648    
  -106.6798       43.96360       25.11062    
  -99.27590       31.43690       480.8584    
  -99.22550       31.43500       4.038811    
  -95.24040       32.70400       8.572253    
  -108.1864       25.40810      0.6435910    
  -90.16810       18.51820      0.7061853    
  -96.28060       43.99640       1.023538    
  -96.25090       43.99500       1.053605    
  -116.3588       38.15760       25.71398    
  -84.35910       30.41210       12.09154    
  -119.9788       41.02430       33.08695    
  -107.3291       24.49190      0.3996432    
  -100.9069       21.88080       20.05325    
  -92.48370       17.72520      0.1601496    
  -105.5218       28.78220       9.993111    
  -108.9030       27.27800       44.72527    
  -111.7574       25.04180       18.49335    
  -99.16260       22.68020       1.559636    
  -98.30180       37.96090       1.504493    
  -106.4276       29.38860       16.60441    
  -107.3554       24.49300      0.4653458    
  -95.61540       18.35480      0.1866672    
  -90.25140       18.53930       5.291451    
  -106.6452       43.96130       16.03212    
  -99.26050       31.38960       2.854927    
  -96.30160       18.92620      0.5402352    
  -96.29840       18.90610       12.39871    
  -101.1681       43.98130      0.4929768    
  -97.80140       38.33370       8.149714    
  -100.9215       24.73200       9.627510    
  -92.95550       17.71330      0.1768014    
  -106.7143       43.96590       11.18788    
  -92.95790       17.73300      0.2386102    
  -99.56380       36.87570       5.732566    
  -108.3509       30.76830       137.7404    
  -108.3222       30.76690       18.71850    
  -98.31320       24.05850      0.2668464    
  -104.1222       27.20850       11.63832    
  -110.3027       33.38910       12.20991    
  -103.6655       24.95390       13.40539    
  -107.2801       24.27650      0.5861713    
  -99.53650       36.87440       6.446078    
  -109.7026       26.96010      0.3387258    
  -120.0153       41.25220       5.833249    
  -110.4844       32.96400       32.93462    
  -109.6930       26.93760      0.3050568    
  -102.2610       18.64580       11.41840    
  -97.70860       36.66620      0.4391064    
  -89.25940       33.41220       6.369686    
  -99.25840       31.45960       53.28896    
  -91.99610       17.93410       1.167443    
  -99.52600       36.84830       4.403393    
  -107.3817       24.49400       8.557487    
  -107.3893       24.51570      0.5812993    
  -107.3630       24.51470      0.5430889    
  -107.3139       24.29910      0.4115448    
  -107.2876       24.29810      0.5762880    
  -107.3064       24.27750       10.83428    
  -104.4341       27.37540       18.09728    
  -101.7564       49.63710      0.3353328    
  -101.9423       32.22830       1.781744    
  -108.2611       25.32470      0.5380776    
  -108.2342       25.32360      0.5293081    
  -105.9872       32.99010       11.86142    
  -97.70380       31.21500       1.075004    
  -106.6668       43.99270       9.829353    
  -74.21690       40.64610      0.6877497    
  -106.6313       35.17890       2.036899    
  -106.6017       35.17730       3.129129    
  -107.5843       24.84490      0.5562432    
  -107.5765       24.82310      0.4618657    
  -107.5500       24.82200      0.2724840    
  -103.8320       19.00910       7.138330    
  -122.8701       44.77940       4.119206    
  -122.8176       44.77460       117.6431    
  -122.8246       44.74480       30.69624    
  -122.7723       44.74000       121.5321    
  -108.1417       25.14710       17.43311    
  -68.71790       18.50330       16.38089    
  -121.3061       45.93200       100.0149    
  -105.8720       23.16540       24.12383    
  -93.75360       17.96370       6.552019    
  -121.3518       45.96750       19.29203    
  -119.0721       38.92000       4.687777    
  -99.28360       31.46060       13.10973    
  -103.1252       31.03580       27.51370    
  -89.91220       17.21560       1.772108    
  -103.1517       31.03700       19.95576    
  -103.1162       31.01220       18.21915    
  -107.4122       24.58080      0.3125736    
  -106.7912       24.27910       2.182930    
  -98.29140       37.93420       2.528690    
  -108.7562       25.77900      0.5315005    
  -109.1345       51.36630      0.6051024    
  -106.6885       44.02420       5.425144    
  -114.1548       42.38430       30.55820    
  -108.9888       26.09400      0.3075624    
  -98.36830       19.91600       18.59237    
  -96.13510       18.82290      0.8708704    
  -101.7926       49.63940      0.6483868    
  -107.8914       27.52130       8.985363    
  -96.47940       18.83010       7.652624    
  -88.61010       18.45670      0.1741392    
  -69.16100       44.48730       4.654836    
  -112.9426       33.34790       96.92506    
  -112.9100       33.34600       126.7267    
  -112.9256       33.37120       5.016335    
  -112.9270       33.32270       64.86383    
  -112.8945       33.32080       85.74373    
  -99.30110       31.43790       2.536028    
  -98.81310       21.69930       4.587879    
  -117.7022       34.65860       19.77295    
  -112.9582       33.37320       38.44910    
  -112.8775       33.34410       34.64075    
  -109.6857       27.11420      0.4497553    
  -115.4291       35.58510       14.46119    
  -108.1393       25.21170      0.2842604    
  -115.4486       35.61170       84.36257    
  -115.4648       35.58750       68.85497    
  -109.3709       27.41020       2.242817    
  -111.7896       38.95880       9.106277    
  -93.69680       45.75330      0.2837592    
  -122.7793       44.71020       168.2921    
  -115.0000       35.78440       11.94565    
  -109.3664       50.94810       4.207687    
  -104.1481       46.77540       1.809296    
  -90.52700       45.22070      0.8077213    
  -112.5676       36.36410       5.182141    
  -114.9840       35.80870       30.71054    
  -99.62970       31.14770       2.275828    
  -108.1990       25.30060      0.3664441    
  -108.5478       50.95360       4.546096    
  -114.9646       35.78200       28.80636    
  -107.2614       24.44660      0.5797333    
  -107.6619       51.17360       5.231069    
  -108.5057       50.95020       4.330004    
  -112.1835       45.09150       5.129138    
  -113.4948       32.96900       4.990372    
  -97.74610       31.19330       1.647195    
  -108.3774       27.45410       3.058677    
  -69.89230       18.63460       7.148100    
  -108.1594       25.40700      0.6286371    
  -105.5003       49.72160       2.158819    
  -113.5104       32.99410       218.9576    
  -113.4776       32.99210       453.2445    
  -113.4620       32.96710       452.0741    
  -98.60040       26.00920       11.09654    
  -108.8544       25.89200       1.178885    
  -108.8270       25.89080      0.6461316    
  -108.8457       25.86990      0.5812993    
  -97.08830       43.37910      0.2699784    
  -115.1651       40.61950       4.900814    
  -115.3928       33.79120       6.750109    
  -115.3581       33.78900       7.847453    
  -113.5261       33.01920       86.67805    
  -113.4932       33.01730       49.29529    
  -113.5432       32.99610       319.1398    
  -113.4448       32.99020       35.81372    
  -113.5276       32.97100       70.36959    
  -113.5119       32.94590       120.6181    
  -113.4791       32.94390       602.8923    
  -113.4464       32.94200       167.6131    
  -109.7042       27.09290      0.2442960    
  -113.4292       32.96510       35.61569    
  -101.8494       31.49440       19.67140    
  -108.2856       51.26020       4.244382    
  -111.5230       41.05300       4.162838    
  -121.3004       45.96280       152.5777    
  -111.5455       41.08270       2.360708    
  -111.4737       40.49200       10.76385    
  -121.2548       45.92730       103.0802    
  -122.6973       45.06910       3.628109    
  -122.6514       45.03420       111.7295    
