  -107.9463       43.78060       904.5304    
  -114.0880       38.02390       27807.29    
  -114.0520       38.02150       39979.70    
  -114.1029       37.99860       16001.52    
  -114.0669       37.99610       19884.61    
  -114.0310       37.99360       8631.822    
  -114.0818       37.97070       4006.107    
  -114.0459       37.96830       4605.928    
  -98.46950       36.80120       193.7664    
  -121.0033       36.69410       1518.829    
  -120.9771       36.66630       1635.102    
  -120.6081       36.22730       13741.68    
  -120.5668       36.22430       9218.993    
  -120.5830       36.19990       9161.007    
  -120.5417       36.19690       10637.73    
  -120.5080       36.11760       4378.167    
  -112.0561       34.49610       1461.137    
  -112.0236       34.49410       1706.611    
  -112.0402       34.47040       2479.633    
  -112.0077       34.46840       4180.352    
  -101.8153       31.75100       515.7766    
  -99.24300       31.41230       6657.292    
  -99.21780       31.41130       3955.337    
  -99.23530       31.38870       4704.113    
  -99.21020       31.38770       4566.661    
  -115.9629       31.44360       457.6791    
  -70.40130       18.41540       329.2120    
  -88.26900       18.01830       1026.418    
  -93.18470       17.89460       770.4598    
  -93.11510       17.83420       999.5809    
  -93.05880       17.71500       38.69273    
  -108.8996       39.41640       488.4844    
  -98.12040       37.06890       250.3220    
  -98.09350       37.06770       229.6132    
  -120.4831       36.09020       1544.733    
  -101.8065       31.72710       514.7350    
  -110.2727       27.56320       144.9009    
  -92.88020       17.77110       43.17358    
  -102.2042       17.92530       111.9503    
  -107.8759       43.77570       1578.888    
  -120.5242       36.09320       5646.211    
  -115.9789       31.46820       432.3747    
  -110.2440       27.56180       139.9357    
  -108.7949       25.67200       51.77196    
  -110.7359       49.22730       992.0274    
  -109.5307       48.41650       748.4545    
  -100.7365       37.73390       65.75947    
  -98.59180       35.28980       281.2035    
  -106.8272       50.35080       484.6621    
  -112.2566       49.84020       891.5241    
  -98.04490       37.22050       129.3391    
  -97.35040       36.90740       233.3674    
  -109.9882       27.17230       120.6196    
  -108.8445       25.93520       149.1396    
  -94.52780       17.97760       158.6907    
  -111.0020       49.66430       932.9078    
  -108.1922       48.71770       561.6365    
  -111.8481       34.31060       947.8743    
  -111.8158       34.30870       1164.643    
  -108.8259       25.95620       239.1804    
  -109.1028       38.35720       467.3835    
  -106.5019       46.35960       1153.353    
  -105.0962       45.66380       877.3353    
  -108.9575       38.37470       398.7089    
  -98.47930       36.82730       137.5136    
  -108.8533       25.95730       246.1439    
  -107.7724       49.96360       549.3973    
  -101.5482       45.81530       574.6428    
  -104.8372       45.77190       814.6686    
  -108.9984       45.31400       935.2725    
  -97.91770       37.16330       148.6854    
  -98.00560       37.11550       115.0791    
  -99.27320       35.99660       1082.185    
  -107.7320       49.96040       506.8083    
  -111.9519       49.22550       616.5465    
  -109.4816       47.25490       403.9898    
  -101.9830       44.87850       488.3282    
  -97.72060       37.69990       68.93845    
  -118.8923       36.84890       609.9454    
  -93.00950       33.95270       306.3883    
  -101.9332       32.20420       529.2519    
  -109.0677       25.74880       114.3222    
  -123.6714       49.43030       2680.283    
  -102.4869       45.93560       510.7936    
  -105.0170       45.59600       634.9448    
  -98.04230       37.14290       131.5189    
  -119.3433       37.48090       616.4594    
  -118.9321       36.85180       540.8292    
  -121.6596       36.92490       651.9725    
  -111.4539       35.73470       401.3493    
  -109.1693       47.23100       483.1847    
  -122.8830       47.77880       1860.263    
  -104.9823       45.59370       890.3417    
  -97.73060       37.72640       391.8182    
  -108.4962       46.98550       655.0455    
  -99.77790       46.15410       71.57246    
  -108.1092       40.10250       551.8553    
  -110.0603       39.38320       992.3742    
  -114.4325       43.96380       386.1667    
  -114.6467       40.30390       1077.160    
  -110.0895       39.33100       759.0960    
  -113.7214       39.06480       912.8071    
  -113.2430       37.70330       770.8217    
  -113.3157       50.63950       132.9722    
  -104.0740       45.56550       514.3408    
  -108.8954       45.18280       859.5994    
  -113.6424       50.66860       156.4058    
  -104.6109       43.97860       592.3787    
  -110.8149       39.48740       1077.160    
  -118.8214       36.89550       511.6529    
  -109.9869       51.62180       1178.845    
  -110.5803       48.94070       813.4861    
  -112.8155       36.86830       466.0405    
  -110.4989       49.34550       1255.701    
  -108.6996       45.19950       878.5177    
  -105.7390       42.83750       1088.984    
  -104.6050       42.01530       415.0198    
  -116.3269       38.07590       562.4172    
  -118.6361       37.19370       577.8689    
  -107.0421       50.11880       682.2405    
  -123.0948       47.14940       1132.979    
  -105.4524       39.53050       432.4121    
  -111.0308       52.23380       193.8270    
  -108.3620       45.39180       749.6370    
  -113.6075       39.27270       997.9394    
  -114.0130       39.08530       1378.670    
  -111.0426       36.47240       540.3535    
  -110.0549       27.19750       264.3448    
  -110.0265       27.19620       129.5207    
  -98.90370       21.70170       46.86725    
  -110.9949       52.04310       660.1285    
  -111.3798       49.24620       1399.953    
  -101.6688       45.26070       384.2776    
  -106.2529       45.21310       313.1117    
  -110.8177       45.10970       837.1340    
  -116.0399       38.93490       818.2156    
  -98.49640       36.80240       2058.151    
  -119.6446       37.47710       770.8217    
  -111.3394       33.30260       359.7621    
  -108.2543       45.47730       649.1336    
  -111.9904       37.51560       265.3658    
  -110.8875       36.02920       324.1160    
  -93.96940       32.35410       282.5121    
  -108.6265       50.99630       1246.242    
  -107.7055       49.71290       795.7503    
  -111.7108       49.10240       884.4297    
  -112.7414       48.51060       880.8825    
  -122.9412       47.75170       2068.058    
  -108.1191       45.43650       513.5687    
  -110.1988       44.87900       448.2175    
  -108.4638       39.52430       890.4849    
  -82.16180       37.40540       285.0487    
  -82.15890       37.37950       271.6121    
  -110.8981       38.04830       428.4140    
  -110.3833       48.31650       869.0586    
  -110.7793       45.10680       447.6074    
  -115.7017       38.82980       402.6696    
  -104.8917       36.78120       551.8553    
  -115.1263       32.51320       432.3747    
  -107.4098       49.93540       1053.512    
  -113.5806       49.43410       762.6432    
  -111.9754       48.85180       1202.493    
  -108.3110       47.98790       642.0392    
  -113.9604       39.67790       492.4451    
  -112.8842       36.87280       878.5177    
  -115.0354       32.17230       569.3484    
  -109.2087       50.57510       910.4424    
  -108.9871       44.94330       551.8553    
  -110.4034       44.95550       627.3439    
  -96.75380       41.22950       67.57603    
  -114.0161       38.01900       13926.59    
  -116.6084       38.06980       1189.487    
  -108.9613       45.31130       804.0270    
  -114.8884       40.29410       804.0270    
  -109.8415       27.40960       262.7253    
  -98.16800       21.39520       44.14241    
  -93.01580       33.97720       154.8397    
  -109.7324       27.09420       90.82800    
  -77.09550       20.65440       867.9890    
  -114.0731       38.04930       14228.83    
  -97.46790       20.52180       486.5203    
  -110.1817       27.35870       141.5827    
  -114.1091       38.05180       5602.205    
  -114.0372       38.04680       14535.90    
  -97.48990       20.52240       177.5763    
  -125.6905       49.02550       2912.103    
  -114.9026       32.66790       695.9252    
  -120.5491       36.12060       2428.888    
  -113.9951       37.99120       3669.556    
  -112.0242       34.44470       992.0048    
  -107.8407       43.77330       1840.112    
  -114.0583       38.07470       4638.497    
  -114.0013       38.04440       8398.571    
  -113.9802       38.01650       2399.515    
  -112.5834       36.33950       4539.196    
  -69.22180       18.48050       240.0257    
  -107.9238       43.74920       1424.192    
  -115.0925       32.51110       383.7463    
  -101.7799       31.37450       496.8850    
  -112.8737       41.06530       1111.449    
  -107.8056       43.77090       2002.514    
  -93.89250       18.22320       329.7600    
  -122.0080       42.36150       3917.031    
  -110.1517       27.29070       79.98920    
  -70.34600       18.92870       641.1133    
  -120.6242       36.20290       11142.90    
  -93.11760       17.85400       538.2618    
  -96.23600       19.18460       175.0579    
  -92.16520       18.64900       133.1528    
  -109.6423       30.50830       354.3854    
  -90.04860       35.16580       114.6249    
  -97.83730       33.54180       414.6167    
  -97.88270       27.49110       120.9198    
  -112.8605       41.09240       765.0080    
  -121.9596       42.35730       726.1254    
  -99.25380       22.57890       186.4437    
  -76.76470       37.66900       1055.295    
  -99.68580       28.57330       431.1420    
  -82.38790       32.45010       978.7009    
  -115.0425       32.48410       159.1306    
  -92.48470       17.90260       208.2913    
  -90.16600       35.04520       59.40151    
  -82.38570       32.42650       497.4704    
  -85.35570       31.69720       343.9608    
  -69.49160       18.49870       128.4671    
  -92.48230       17.88280       164.2851    
  -76.76400       37.64300       940.3283    
  -78.09030       21.42460       315.4361    
  -81.83410       32.72710       315.7389    
  -85.35270       31.67380       229.8524    
  -84.06690       31.32770       234.9760    
  -84.13070       31.30550       58.65974    
  -92.21450       34.14700       341.9559    
  -84.16810       30.66090       182.8857    
  -84.06430       31.30450       224.8696    
  -99.83450       30.32390       1273.192    
  -79.62240       35.07600       661.9786    
  -92.62700       34.06230       398.2070    
  -81.36470       26.95120       1123.709    
  -81.84130       26.91230       430.9471    
  -65.82270       18.13150       504.8816    
  -92.60280       34.06160       209.3854    
  -92.88080       33.63390       272.1270    
  -81.50750       33.08000       331.0699    
  -72.59560       19.39620       179.7530    
  -98.91170       22.88110       81.92686    
  -71.79750       19.61730       471.7747    
  -67.04870       18.49530       80.83692    
  -96.61670       32.49080       370.0889    
  -108.1885       25.34340       122.9811    
  -96.92030       19.27940       222.8804    
  -69.78910       18.81290       150.5352    
  -95.84110       18.16090       52.06261    
  -92.50090       30.81680       457.9978    
  -101.6106       32.37990       293.7507    
  -96.51280       49.25550       98.26291    
  -98.53280       26.20180       49.59208    
  -99.28060       25.10650       392.9977    
  -87.33190       32.69930       552.9278    
  -80.12010       27.00600       355.0971    
  -78.59860       21.99600       156.4058    
  -78.57890       21.99590       614.8374    
  -78.59800       21.97560       155.1342    
  -78.57830       21.97550       112.8084    
  -98.19040       21.39580       83.12579    
  -92.22060       34.17160       536.4389    
  -82.87840       32.66930       482.6291    
  -99.80950       30.32290       1168.343    
  -107.3215       24.47030       186.8408    
  -84.86240       31.85220       252.3229    
  -82.55710       32.35790       343.6821    
  -82.71960       31.75050       241.9052    
  -99.86690       30.57810       775.6495    
  -99.30410       25.10730       286.9169    
  -120.5006       36.19380       1629.822    
  -120.5167       36.16940       1913.065    
  -92.41750       29.89920       622.0665    
  -120.5579       36.17240       1689.380    
  -84.64500       30.23400       222.6378    
  -107.3561       24.64280       260.4195    
  -98.40790       21.58590       62.48966    
  -82.35440       33.25760       522.8015    
  -100.7121       29.12800       332.8435    
  -98.78530       26.27480       159.0875    
  -98.55970       21.34380       49.47098    
  -121.8817       39.14060       530.7383    
  -82.12270       30.74850       876.6982    
  -114.1240       38.02640       8708.206    
  -99.64110       30.56950       496.2108    
  -108.7897       25.93280       77.93044    
  -98.80130       34.35920       1122.091    
  -104.6015       25.24570       540.3535    
  -98.78280       21.55470       179.7253    
  -71.19680       18.17610       420.9317    
  -90.49400       35.32730       67.03107    
  -112.8991       32.76500       706.3220    
  -112.8668       32.76310       639.6505    
  -98.50920       26.20100       38.60190    
  -98.20090       20.66150       272.5692    
  -71.55780       18.33210       1115.165    
  -104.0815       40.18860       818.2156    
  -94.41970       33.78050       1969.555    
  -108.7922       25.80230       194.2130    
  -90.17110       35.39290       76.84048    
  -108.8195       25.80350       108.9330    
  -101.5787       40.46390       182.8307    
  -101.5489       40.46230       1170.175    
  -71.57710       18.33200       644.0513    
  -82.12070       30.72550       573.5810    
  -93.20270       31.04460       64.48788    
  -82.10090       30.74820       452.8382    
  -99.82710       30.30060       1146.684    
  -99.80210       30.29970       923.6852    
  -69.10660       18.46150       192.0594    
  -82.35670       33.28150       774.4671    
  -82.37690       33.25790       466.2517    
  -109.9118       27.12450       158.7673    
  -82.09570       27.52450       1177.958    
  -82.07470       27.52430       583.4684    
  -82.09410       27.50270       114.7158    
  -81.82050       26.91210       2061.877    
  -94.39510       33.77960       612.6137    
  -81.82200       26.93380       202.0015    
  -112.6015       36.36630       3781.945    
  -84.29010       31.91320       49.77374    
  -84.15020       31.28260       60.12813    
  -81.84290       26.93400       739.3440    
  -108.8009       25.82440       105.5421    
  -108.0961       25.16680       71.39081    
  -76.31190       36.35870       353.1917    
  -81.10370       28.99510       1171.455    
  -80.52340       27.86060       630.6709    
  -81.38700       26.97310       1132.732    
  -81.36620       26.97290       1639.190    
  -81.38560       26.95140       1279.797    
  -80.52480       27.88250       289.1609    
  -80.54860       27.22660       65.21451    
  -116.9391       38.54550       729.5363    
  -120.6333       36.25480       8622.975    
  -120.5919       36.25180       6452.578    
  -120.5991       36.17550       1887.926    
  -81.10530       29.01740       819.8370    
  -81.12500       28.99530       1362.116    
  -80.56930       27.57600       545.9901    
  -88.27460       17.86100       1650.554    
  -82.05200       29.65570       359.1667    
  -80.65400       28.61250       523.7568    
  -80.56800       27.55410       332.1937    
  -109.4070       27.81270       943.5493    
  -112.9214       27.80340       1016.102    
  -87.26310       32.69790       753.4181    
  -82.17310       27.43790       54.13349    
  -80.12130       27.02770       273.9727    
  -88.29450       17.86130       1328.561    
  -88.29270       17.84160       893.3345    
  -88.27280       17.84140       1129.799    
  -69.73560       44.11590       185.4256    
  -80.67520       28.61270       1040.622    
  -93.27100       16.23040       162.9161    
  -102.9415       32.77250       547.4478    
  -102.9685       32.77370       1042.870    
  -87.85130       18.90220       150.3913    
  -90.62420       18.78290       275.8165    
  -120.6494       36.23040       2982.981    
  -80.67660       28.63490       1782.301    
  -105.5492       45.78820       1349.011    
  -106.6582       43.93220       3758.367    
  -98.10740       23.65290       90.73717    
  -114.1451       38.05430       2779.411    
  -98.87120       31.49140       468.2274    
  -97.40910       21.60150       282.7790    
  -99.22040       19.61400       132.9649    
  -105.5722       45.82120       1990.449    
  -84.30210       32.57200       775.0584    
  -98.89630       31.49240       367.7241    
  -87.61990       20.05590       226.4786    
  -92.40060       44.28020       78.74787    
  -96.50850       29.52240       50.50037    
  -97.90850       28.73550       145.2340    
  -97.88450       28.73470       121.1646    
  -104.5373       26.71940       577.1597    
  -98.31480       20.56270       500.2334    
  -97.31820       47.08010       123.3444    
  -76.28820       36.33330       355.1917    
  -76.28770       36.30800       79.38367    
  -93.20660       44.46450       92.82623    
  -93.97560       44.22400       171.8466    
  -99.26820       31.41330       3011.392    
  -99.25070       31.43590       2075.859    
  -99.20250       31.36410       887.1491    
  -108.7648       25.80110       150.1841    
  -100.8976       24.73120       288.4698    
  -103.3177       23.35080       534.4415    
  -99.03350       22.19990       405.8328    
  -92.32400       17.76200       37.60279    
  -106.6798       43.96360       7282.078    
  -99.27590       31.43690       10418.60    
  -99.22550       31.43500       1171.255    
  -95.24040       32.70400       185.7321    
  -108.1864       25.40810       186.6414    
  -90.16810       18.51820       176.5463    
  -96.28060       43.99640       296.8259    
  -96.25090       43.99500       305.5454    
  -116.3588       38.15760       557.1363    
  -84.35910       30.41210       556.2106    
  -119.9788       41.02430       716.8839    
  -107.3291       24.49190       115.8965    
  -100.9069       21.88080       434.4871    
  -92.48370       17.72520       46.44338    
  -105.5218       28.78220       216.5174    
  -108.9030       27.27800       969.0474    
  -111.7574       25.04180       400.6892    
  -99.16260       22.68020       452.2945    
  -98.30180       37.96090       436.3029    
  -106.4276       29.38860       359.7621    
  -107.3554       24.49300       134.9503    
  -95.61540       18.35480       54.13349    
  -90.25140       18.53930       114.6481    
  -106.6452       43.96130       4649.315    
  -99.26050       31.38960       827.9288    
  -96.30160       18.92620       156.6682    
  -96.29840       18.90610       268.6386    
  -101.1681       43.98130       142.9633    
  -97.80140       38.33370       176.5771    
  -100.9215       24.73200       208.5960    
  -92.95550       17.71330       51.27241    
  -106.7143       43.96590       3244.485    
  -92.95790       17.73300       69.19696    
  -99.56380       36.87570       1662.444    
  -108.3509       30.76830       2984.375    
  -108.3222       30.76690       5428.365    
  -98.31320       24.05850       77.38545    
  -104.1222       27.20850       252.1636    
  -110.3027       33.38910       264.5481    
  -103.6655       24.95390       290.4502    
  -107.2801       24.27650       169.9897    
  -99.53650       36.87440       1869.362    
  -109.7026       26.96010       98.23048    
  -120.0153       41.25220       1691.642    
  -110.4844       32.96400       713.5833    
  -109.6930       26.93760       88.46647    
  -102.2610       18.64580       247.3985    
  -97.70860       36.66620       127.3409    
  -89.25940       33.41220       293.0056    
  -99.25840       31.45960       1154.594    
  -91.99610       17.93410       338.5584    
  -99.52600       36.84830       1276.984    
  -107.3817       24.49400       393.6445    
  -107.3893       24.51570       168.5768    
  -107.3630       24.51470       157.4957    
  -107.3139       24.29910       119.3480    
  -107.2876       24.29810       167.1235    
  -107.3064       24.27750       234.7426    
  -104.4341       27.37540       392.1077    
  -101.7564       49.63710       97.24652    
  -101.9423       32.22830       516.7056    
  -108.2611       25.32470       156.0425    
  -108.2342       25.32360       153.4993    
  -105.9872       32.99010       3439.812    
  -97.70380       31.21500       311.7510    
  -106.6668       43.99270       2850.512    
  -74.21690       40.64610       199.4474    
  -106.6313       35.17890       590.7005    
  -106.6017       35.17730       907.4474    
  -107.5843       24.84490       161.3105    
  -107.5765       24.82310       133.9410    
  -107.5500       24.82200       79.02036    
  -103.8320       19.00910       154.6638    
  -122.8701       44.77940       1194.570    
  -122.8176       44.77460       5411.583    
  -122.8246       44.74480       7674.060    
  -122.7723       44.74000       2633.195    
  -108.1417       25.14710       377.7173    
  -68.71790       18.50330       354.9192    
  -121.3061       45.93200       4600.687    
  -105.8720       23.16540       522.6829    
  -93.75360       17.96370       141.9604    
  -121.3518       45.96750       5594.688    
  -119.0721       38.92000       1359.455    
  -99.28360       31.46060       3801.822    
  -103.1252       31.03580       596.1301    
  -89.91220       17.21560       443.0269    
  -103.1517       31.03700       432.3747    
  -103.1162       31.01220       394.7482    
  -107.4122       24.58080       90.64634    
  -106.7912       24.27910       545.7324    
  -98.29140       37.93420       733.3199    
  -108.7562       25.77900       154.1351    
  -109.1345       51.36630       175.4797    
  -106.6885       44.02420       1573.292    
  -114.1548       42.38430       662.0944    
  -108.9888       26.09400       89.19310    
  -98.36830       19.91600       402.8346    
  -96.13510       18.82290       252.5524    
  -101.7926       49.63940       188.0322    
  -107.8914       27.52130       413.3267    
  -96.47940       18.83010       165.8069    
  -88.61010       18.45670       50.50037    
  -69.16100       44.48730       214.1225    
  -112.9426       33.34790       2100.043    
  -112.9100       33.34600       2745.744    
  -112.9256       33.37120       1454.737    
  -112.9270       33.32270       1405.383    
  -112.8945       33.32080       1857.781    
  -99.30110       31.43790       735.4482    
  -98.81310       21.69930       99.40404    
  -117.7022       34.65860       428.4140    
  -112.9582       33.37320       833.0638    
  -112.8775       33.34410       750.5496    
  -109.6857       27.11420       130.4290    
  -115.4291       35.58510       4193.746    
  -108.1393       25.21170       82.43550    
  -115.4486       35.61170       1827.856    
  -115.4648       35.58750       1491.858    
  -109.3709       27.41020       650.4168    
  -111.7896       38.95880       197.3027    
  -93.69680       45.75330       82.29017    
  -122.7793       44.71020       3646.328    
  -115.0000       35.78440       3464.238    
  -109.3664       50.94810       1220.229    
  -104.1481       46.77540       524.6957    
  -90.52700       45.22070       234.2392    
  -112.5676       36.36410       1502.821    
  -114.9840       35.80870       665.3949    
  -99.62970       31.14770       659.9900    
  -108.1990       25.30060       106.2688    
  -108.5478       50.95360       1318.368    
  -114.9646       35.78200       624.1378    
  -107.2614       24.44660       168.1226    
  -107.6619       51.17360       1517.010    
  -108.5057       50.95020       1255.701    
  -112.1835       45.09150       1487.450    
  -113.4948       32.96900       1447.208    
  -97.74610       31.19330       477.6867    
  -108.3774       27.45410       764.6693    
  -69.89230       18.63460       154.8755    
  -108.1594       25.40700       182.3048    
  -105.5003       49.72160       626.0574    
  -113.5104       32.99410       4744.082    
  -113.4776       32.99210       9820.297    
  -113.4620       32.96710       9794.938    
  -98.60040       26.00920       240.4250    
  -108.8544       25.89200       341.8766    
  -108.8270       25.89080       187.3781    
  -108.8457       25.86990       168.5768    
  -97.08830       43.37910       78.29373    
  -115.1651       40.61950       1421.236    
  -115.3928       33.79120       1957.531    
  -115.3581       33.78900       2275.761    
  -113.5261       33.01920       1878.024    
  -113.4932       33.01730       1068.064    
  -113.5432       32.99610       6914.695    
  -113.4448       32.99020       775.9641    
  -113.5276       32.97100       20407.18    
  -113.5119       32.94590       2613.392    
  -113.4791       32.94390       13062.67    
  -113.4464       32.94200       3631.617    
  -109.7042       27.09290       70.84584    
  -113.4292       32.96510       771.6733    
  -101.8494       31.49440       426.2136    
  -108.2856       51.26020       1230.871    
  -111.5230       41.05300       1207.223    
  -121.3004       45.96280       3305.851    
  -111.5455       41.08270       684.6054    
  -111.4737       40.49200       3121.517    
  -121.2548       45.92730       4741.691    
  -122.6973       45.06910       1052.151    
  -122.6514       45.03420       5139.555    
