  -119.5398       49.26070      1.1329205E+08
  -113.4258       47.73650      3.4952204E+07
  -113.3826       47.73290      3.1044680E+07
  -118.5855       48.06120      1.8475547E+08
  -118.5891       48.02840      3.5018532E+07
  -118.5393       48.02380      2.3403562E+08
  -118.4895       48.01920      2.7353549E+08
  -118.5430       47.99110      3.4927232E+07
  -118.4933       47.98650      1.6685661E+08
  -118.4437       47.98190      2.9292874E+08
  -118.4971       47.95390      4.2025856E+07
  -118.4475       47.94930      1.1907664E+08
  -118.3980       47.94470      1.6404651E+08
  -118.4514       47.91670      3.8261068E+07
  -118.4019       47.91210      6.3781372E+07
  -115.0292       44.43310       5329240.    
  -120.2171       37.67770       7551136.    
  -118.0441       36.63280       8327999.    
  -94.97370       33.75100       3682922.    
  -105.7467       31.59970      1.3360201E+07
  -98.11080       23.46430      1.3564708E+07
  -88.57610       18.93170       2018062.    
  -92.48590       18.08020       156868.6    
  -93.18470       17.89460       1203524.    
  -93.11510       17.83420       2226958.    
  -113.3896       47.70060      2.4980106E+07
  -115.9432       45.27260      7.5848048E+07
  -88.96050       17.30090       660604.2    
  -115.9780       45.30640      5.0578620E+07
  -115.8999       45.26890      6.3728404E+07
  -111.5997       35.61740       4838331.    
  -117.4041       34.31580       5015344.    
  -109.6423       30.50830       7778306.    
  -92.89910       18.08720       165266.3    
  -118.4399       48.01460      1.0966570E+08
  -105.4181       45.40470       2055223.    
  -122.4245       41.68100       546408.8    
  -119.9891       38.21520       5096212.    
  -118.1155       34.46260       9794671.    
  -108.8223       25.67320       3164717.    
  -92.91980       18.08750       154069.3    
  -101.3973       45.77490       1145677.    
  -115.9345       45.30270      4.9829628E+07
  -101.2556       37.03240       4102186.    
  -101.7799       31.37450       981898.1    
  -109.0952       25.75000       1107780.    
  -91.60320       17.35760       148694.8    
  -118.3525       47.90760      3.2151052E+07
  -107.3584       46.16620       1454690.    
  -115.5800       45.30400       7875656.    
  -112.6831       39.80580       1792854.    
  -119.1128       34.63010       8682023.    
  -88.74580       18.20190       97860.90    
  -104.9277       47.11920       4745610.    
  -118.5356       48.05660      2.3825811E+08
  -110.2362       45.53010       2116442.    
  -112.3044       41.61670       2174746.    
  -113.6376       39.92810       2271213.    
  -121.2657       37.78410       411896.6    
  -117.6821       34.35910       4012128.    
  -110.6423       45.96790       2093120.    
  -112.8125       42.45640       1883225.    
  -119.4868       49.25560      3.9248596E+07
  -113.4691       47.74020      3.2745438E+07
  -120.4438       39.24270       4337128.    
  -119.2723       34.69100       9648566.    
  -118.9248       34.66700       8268994.    
  -110.2844       27.27470       3658250.    
  -99.32650       23.39420      1.7211952E+07
  -119.4877       49.22150      1.2388344E+08
  -112.8823       46.14440       3337915.    
  -110.5433       45.55340       250138.8    
  -112.8247       42.42840       2215559.    
  -115.7461       42.01830       2037732.    
  -121.0549       41.45140       6781440.    
  -120.0290       34.84370      1.0313526E+07
  -88.80790       18.22240       1496411.    
  -114.5748       51.73440       537899.1    
  -120.3769       46.82760      1.7970944E+07
  -116.6373       42.00240       7788534.    
  -122.0517       41.62070       7335302.    
  -112.9802       39.88140       1982342.    
  -101.2442       37.00600       4690572.    
  -88.58000       17.27650       201171.0    
  -114.5254       51.72980       433544.0    
  -113.4976       50.15890       2407963.    
  -112.7843       42.07990       2186407.    
  -121.7903       42.54510       7139424.    
  -116.6255       42.03010       2926870.    
  -97.69210       38.32890       279026.8    
  -120.8552       35.35490       9055715.    
  -92.48470       17.90260       812677.3    
  -113.5246       51.05370       621204.0    
  -118.3567       44.65080       6889511.    
  -119.5910       36.15330       7923400.    
  -118.8480       34.66180       2157255.    
  -110.3530       33.90370       4379840.    
  -111.6497       28.84420       3584746.    
  -111.7741       50.86290       2690738.    
  -113.9603       50.91260       575968.6    
  -81.02320       46.49280       371631.8    
  -108.4639       45.02840       5167068.    
  -118.3481       44.68050       7796481.    
  -117.1448       37.63440       1841059.    
  -119.6437       35.69840       7603092.    
  -111.9620       52.35400       2244980.    
  -110.7781       45.44680       6206290.    
  -114.7162       44.86390       8287676.    
  -112.2894       39.77840       1580044.    
  -121.2816       40.32280       6234332.    
  -88.48920       19.06950       843505.2    
  -112.1514       52.37100       345312.4    
  -112.0002       51.46440       453698.4    
  -110.1593       45.86810       2440030.    
  -111.7052       45.54940       2300100.    
  -115.3022       44.51590       3762214.    
  -118.5782       43.64840       3699401.    
  -118.3378       43.15560       7308072.    
  -121.0812       40.25110       7552796.    
  -119.6033       35.39180       6751748.    
  -118.5805       34.64340       5315730.    
  -81.05120       46.49320       378697.1    
  -111.0656       45.65570       333219.8    
  -115.3751       44.82620       5734504.    
  -119.6998       39.04930       9162484.    
  -118.4743       35.13650       6001554.    
  -112.2469       52.34190       2711197.    
  -112.2617       41.95560       1546519.    
  -111.5831       41.62160       1638348.    
  -121.1910       40.31540       9208208.    
  -120.3803       38.85990       6704382.    
  -119.9270       34.81150       8378036.    
  -123.3142       52.01730      1.0736154E+07
  -116.8608       44.31200       8993901.    
  -115.8014       42.28120       6515732.    
  -123.8625       53.12450      1.0557163E+07
  -110.8682       51.32930       2594536.    
  -121.8744       43.63740      1.0678744E+07
  -112.4349       42.42830       1559637.    
  -121.3015       40.37980      1.3675645E+07
  -117.7935       34.63980       4661320.    
  -123.6652       52.35080      1.2266033E+07
  -119.5535       48.85430      1.9073208E+07
  -114.9768       44.85460       7652762.    
  -116.3162       42.46620       2131018.    
  -121.8502       41.63200       7429866.    
  -118.4626       34.81000      1.6373667E+08
  -116.0618       34.50010       2959459.    
  -117.0101       34.43840       5981886.    
  -90.57260       17.18570       1937512.    
  -104.8396       41.26280       1609196.    
  -115.1401       39.95490       1623772.    
  -118.5011       35.21380       6606108.    
  -118.5983       34.84430       8399646.    
  -117.0157       34.53810       2625644.    
  -121.8863       41.66350       9115093.    
  -113.2269       38.54820       4797834.    
  -111.3185       52.03400       540586.3    
  -115.7984       45.01430       9246776.    
  -119.7016       38.03430       3617775.    
  -116.3058       44.11540       2588706.    
  -121.3706       40.63540       8260660.    
  -117.2231       43.89190       3953024.    
  -117.4580       43.34750       7105772.    
  -92.48350       18.06040       733626.2    
  -97.71280       38.38270       562532.2    
  -92.16520       18.64900       3619036.    
  -121.0140       43.06060       7704242.    
  -97.81590       37.59980       270248.4    
  -76.79980       36.36010       1614307.    
  -70.34600       18.92870       3219801.    
  -95.36650       28.99040       1737100.    
  -95.34310       28.98970       1140330.    
  -118.4859       48.05200      1.4954693E+08
  -94.01530       18.20560       727729.1    
  -97.48990       20.52240       1474433.    
  -97.46790       20.52180       1055301.    
  -102.2042       17.92530       329240.4    
  -92.48230       17.88280       657289.2    
  -118.5468       47.95840      7.0453240E+07
  -70.36530       18.92860       557524.6    
  -95.36100       28.96780       453955.0    
  -95.33760       28.96710       538842.6    
  -82.66760       32.12420       1290214.    
  -82.74290       31.30930       535519.2    
  -100.1795       32.10680       1437647.    
  -83.37510       30.39800       1257147.    
  -83.77060       30.63220       2044532.    
  -97.48620       20.50200       2108763.    
  -94.54310       33.25410       8804912.    
  -83.94460       31.41860       575544.1    
  -78.63100       34.47850       2175220.    
  -88.40440       32.67550       1472723.    
  -82.19550       31.81400       476717.1    
  -83.59270       31.22820       349853.3    
  -83.94720       31.44190       548119.6    
  -101.9423       32.22830       880393.3    
  -92.92920       33.63540       928203.1    
  -83.68050       30.81450       696174.8    
  -93.22170       32.21290       3659902.    
  -80.59520       22.76520       138841.5    
  -83.68300       30.83750       917894.2    
  -90.66850       30.83720       3156498.    
  -82.46590       30.20420       2132017.    
  -93.81670       31.45770      1.7913558E+07
  -87.56520       32.72810       2505587.    
  -101.9332       32.20420       2208437.    
  -82.01450       22.40620       2662050.    
  -97.38100       20.76350       154741.2    
  -86.69810       32.87630       5631548.    
  -85.49630       31.74630       2715598.    
  -99.46960       27.32360       2596178.    
  -71.44410       19.04290       2698782.    
  -103.0009       19.06690       3157666.    
  -65.82270       18.13150       888167.1    
  -85.75100       30.98540       701425.1    
  -85.72880       30.98500       3125862.    
  -110.0463       27.24150       191914.9    
  -71.46220       19.83770       2644260.    
  -94.56760       33.25490       2985175.    
  -93.79300       31.45690       9315511.    
  -81.14280       28.32880       3507507.    
  -81.13050       27.51520       476717.1    
  -80.95500       26.04220       4189287.    
  -80.91670       25.74250       1823256.    
  -87.88510       19.26030       1450961.    
  -85.51870       31.74670       4000917.    
  -86.17490       31.47910       5082554.    
  -82.59990       31.42340       2008184.    
  -85.52180       31.77010       1719962.    
  -85.49940       31.76970       9938695.    
  -90.64560       30.83660       2482514.    
  -90.72840       30.67760       2167814.    
  -85.12190       29.65190      1.2403763E+07
  -88.82990       19.05430       1259667.    
  -94.53660       33.22990       5324030.    
  -95.40420       31.08960       3741088.    
  -90.30710       20.43790       483415.9    
  -106.3735       36.73420       2568300.    
  -104.7681       33.58160       3827670.    
  -104.7067       33.50580       9971683.    
  -104.6788       33.50450      1.4734152E+07
  -104.1813       32.16310       4636032.    
  -85.07200       31.04300       1200393.    
  -103.9717       31.58750       2195506.    
  -93.11760       17.85400       616650.6    
  -91.37510       17.31490       1374665.    
  -86.69080       34.27290       4613864.    
  -96.92020       28.30130       467761.7    
  -91.80010       17.47830       720325.8    
  -80.38880       35.50520       910232.6    
  -100.8811       30.91860       1151508.    
  -111.6624       29.27730       1156609.    
  -118.5009       47.92120      8.2885384E+07
  -81.12870       33.09970       632122.6    
  -111.7353       29.18970       2351732.    
  -111.8633       29.03680       2625680.    
  -111.8332       29.03530       2613036.    
  -96.91450       28.27890       399057.5    
  -92.18910       17.66140       150262.4    
  -81.54790       41.33490       1186542.    
  -95.93020       41.10860       838423.9    
  -81.41980       39.72800       3647587.    
  -81.43570       39.64670       2145640.    
  -81.16750       37.47000       2061680.    
  -77.55750       34.86490       153173.6    
  -89.16770       16.73720       945646.2    
  -86.29940       15.75540       1762119.    
  -81.23380       42.85160       363227.4    
  -81.13120       41.47030       2568548.    
  -96.94380       28.30200       1961936.    
  -93.81100       31.43420      4.6857584E+07
  -98.13750       27.47730       148784.4    
  -111.5208       26.25080       5740250.    
  -82.03450       22.40640       2618065.    
  -110.7149       28.09850       1320954.    
  -110.7227       28.05400       4736338.    
  -110.0179       27.24020       435335.5    
  -93.67560       17.84390       128540.4    
  -91.54000       17.33700       127420.7    
  -93.21590       32.18910       1791608.    
  -110.7256       28.12140       3539311.    
  -110.7333       28.07690       1494383.    
  -110.7042       28.07550       4249977.    
  -101.7973       31.35190       3472810.    
  -101.1712       30.95350       3198862.    
  -101.1373       30.92900       1295811.    
  -96.77980       20.10100       161011.4    
  -97.08320       47.92490       478552.5    
  -117.2302       40.77710      8.1493776E+07
  -110.9439       28.22190       2082000.    
  -110.9623       28.20030       3485453.    
  -110.9331       28.19890       2930534.    
  -110.9222       28.17590       2242154.    
  -110.6936       28.05260       4107404.    
  -110.7120       28.03100       224002.0    
  -110.6829       28.02960       1387640.    
  -89.64910       44.94250       315580.9    
  -110.6965       28.12000       4180858.    
  -110.6858       28.09710       1529027.    
  -110.6568       28.09570       2857482.    
  -89.14830       19.77700       897884.4    
  -90.58100       17.46010       1369357.    
  -96.26840       48.96600       1262768.    
  -88.61440       42.46190       287536.4    
  -88.15610       40.33120       180941.9    
  -86.88020       31.70210       1451303.    
  -100.8730       30.89510       1030526.    
  -111.1872       29.02530       2520316.    
  -111.1575       29.02380       2301158.    
  -111.1278       29.02230       2747902.    
  -111.4958       28.76840       799253.2    
  -111.2792       28.62170       8229998.    
  -111.2496       28.62030       3380089.    
  -111.2975       28.60000       2711777.    
  -111.2679       28.59860       3125382.    
  -111.3159       28.57830       3054901.    
  -111.2863       28.57690       8894628.    
  -111.2750       28.55370       1734955.    
  -111.2934       28.53200      1.1556799E+07
  -111.2343       28.52910       4718992.    
  -111.2526       28.50740      1.3349958E+07
  -93.34400       46.66140      5.7080044E+07
  -95.38010       31.08880       6252065.    
  -100.6872       30.19620       1826622.    
  -111.5072       28.79160       900799.8    
  -111.4775       28.79020       2741581.    
  -111.4477       28.78870       2865911.    
  -111.5256       28.76990       2044912.    
  -111.6220       28.72940       2250583.    
  -111.0612       28.58830       7750602.    
  -111.0317       28.58690       6947726.    
  -111.0501       28.56520       7716886.    
  -111.0206       28.56370       5415728.    
  -111.3342       28.55670       2964953.    
  -111.3046       28.55520      1.0680935E+07
  -111.0684       28.54350       7893055.    
  -111.2415       28.48430       4598844.    
  -111.2119       28.48290       3876806.    
  -110.6143       28.43100       5559867.    
  -110.6326       28.40930       1615026.    
  -110.8378       28.23920       3291582.    
  -110.1205       27.15620       8724168.    
  -111.7112       24.86690       2773190.    
  -111.7593       24.84740       2039854.    
  -111.7306       24.84620       2360162.    
  -111.7500       24.82540       2107287.    
  -92.10770       18.35070       4051258.    
  -105.8868       44.63590      9.4487760E+07
  -111.1605       29.20610       3405376.    
  -111.1307       29.20460       3346372.    
  -111.3088       28.62320       2402307.    
  -111.0429       28.61000       7341788.    
  -111.0134       28.60860       2235080.    
  -111.2567       28.57540       2504511.    
  -111.0867       28.52180       8193132.    
  -111.0573       28.52040       6865542.    
  -111.2822       28.50890      1.1280641E+07
  -110.6251       28.45400       4789442.    
  -111.2008       28.45970       3465146.    
  -110.6434       28.43240       5325536.    
  -110.7969       28.39480       6254428.    
  -110.7860       28.37170       2353802.    
  -111.0353       28.29380       4370514.    
  -110.7902       28.25940       3831048.    
  -110.8670       28.24060       2697328.    
  -110.8086       28.23780       1081543.    
  -110.9916       28.20170       4158942.    
  -110.1304       27.17880       9727238.    
  -110.1019       27.17750       9356355.    
  -99.07820       33.47050       4861442.    
  -86.92320       31.98360       5648912.    
  -111.4660       28.76690       2334874.    
  -111.4362       28.76540       1871271.    
  -111.3768       28.76240       2004732.    
  -111.1090       28.56810       8859035.    
  -111.0795       28.56660       8736812.    
  -111.0390       28.54200       2727176.    
  -111.2638       28.53060       4906756.    
  -111.0462       28.49720       2381332.    
  -110.6944       28.48000       4124663.    
  -110.6543       28.45550       4709787.    
  -110.6617       28.41070       4442162.    
  -110.4394       27.37070      1.1449594E+07
  -111.7867       24.97820       2676254.    
  -111.7486       24.95490       2832194.    
  -111.7967       24.93540       2562461.    
  -111.7586       24.91210       2764761.    
  -55.12430       48.86070       3280749.    
  -55.42710       48.26750       8735145.    
  -71.73500       43.58670       988475.9    
  -111.3230       28.53350      1.0388767E+07
  -110.7053       28.50310       3860550.    
  -110.6761       28.50160       3489668.    
  -110.6652       28.47850       1157338.    
  -110.6835       28.45690       3649821.    
  -110.6726       28.43380       5065918.    
  -111.2192       28.43810       4016958.    
  -111.2081       28.41500       2936154.    
  -111.0278       28.33850       3704611.    
  -111.0462       28.31690       3852121.    
  -110.1346       27.37870       146903.3    
  -111.6493       26.41050       4227218.    
  -111.6291       26.36560       3000777.    
  -111.7579       24.97690       3076640.    
  -71.29970       17.90110       825587.3    
  -77.56470       35.06230       1278055.    
  -105.6425       35.60170       5005027.    
  -105.3149       34.93470       4282008.    
  -105.2659       34.83290       7324930.    
  -93.82240       31.48110       8519579.    
  -83.61730       31.25170       860904.0    
  -95.41030       31.11300      1.1140425E+07
  -111.4160       29.31030       2823765.    
  -111.0276       28.99460       963476.9    
  -111.2670       28.89300       1745393.    
  -111.2739       28.84800       3829644.    
  -111.2991       28.78120       2510682.    
  -111.2581       28.75650       2969168.    
  -111.2171       28.73180       2208437.    
  -111.2312       28.64200       2570890.    
  -111.2383       28.59710       2788643.    
  -111.2455       28.55230       3508058.    
  -111.2231       28.50600       4130283.    
  -110.3569       27.50030       2781619.    
  -110.3467       27.47760       2832194.    
  -111.6594       26.43290       4699250.    
  -111.4570       28.92530       2733151.    
  -111.4272       28.92380       2881715.    
  -111.4157       28.90050       2853266.    
  -111.3859       28.89900       3300012.    
  -111.3744       28.87570       3638582.    
  -111.3447       28.87420       4236701.    
  -111.3150       28.87270       1394846.    
  -111.3333       28.85090       1748146.    
  -111.3036       28.84950       3666680.    
  -111.3218       28.82770       3840882.    
  -111.2087       28.59560       2473955.    
  -110.6984       28.36750       1811803.    
  -110.4221       28.01710       5571667.    
  -99.50170       27.52290       268950.3    
  -110.3856       27.50170       942897.5    
  -110.3282       27.49900       2423380.    
  -101.8194       29.17070      1.4834373E+07
  -111.5167       28.92830       2688898.    
  -111.4868       28.92680       2908056.    
  -111.3562       28.89750       3211506.    
  -111.4042       28.87720       2912271.    
  -111.2259       28.86820       1620820.    
  -111.3996       28.80890       3148889.    
  -111.3699       28.80740       3107948.    
  -97.01530       28.21540       2974972.    
  -111.3174       28.75950       2758018.    
  -111.2764       28.73480       2383763.    
  -111.0976       28.36450       4391586.    
  -110.4037       28.03860       2236730.    
  -110.9640       28.92320       4303080.    
  -111.3264       28.89600       2764761.    
  -111.2853       28.87120       4206146.    
  -111.4225       28.85540       2849052.    
  -111.3927       28.85390       3125862.    
  -111.4591       28.81190       2846945.    
  -111.4294       28.81040       1139478.    
  -111.3060       28.73620       2457097.    
  -111.2608       28.64340       2389196.    
  -82.27420       27.65770       143320.3    
  -111.1013       28.43230       3009206.    
  -111.0388       28.36160       1410962.    
  -110.5281       28.24670       6850088.    
  -110.5174       28.22370       5360939.    
  -111.0025       28.22470       1476554.    
  -110.9515       28.17730       1303099.    
  -110.3932       28.01570       4442162.    
  -110.4116       27.99420       4534317.    
  -110.1374       27.82450       6279716.    
  -110.1271       27.80170       6380866.    
  -110.4597       27.41620       5640179.    
  -110.4310       27.41480      1.3461350E+07
  -110.4495       27.39340       5289173.    
  -110.4208       27.39210      1.3166329E+07
  -110.4107       27.36940      1.1674372E+07
  -111.3094       29.21360       3700396.    
  -112.4147       29.01960       1358488.    
  -111.3882       28.78570       1140895.    
  -110.5098       28.26830       3078182.    
  -110.4991       28.24530       6009984.    
  -110.5358       28.20210       6456728.    
  -110.5251       28.17910       2594689.    
  -90.48530       30.83260       2725170.    
  -101.1455       30.95250      1.0906947E+07
  -99.56670       28.90550       156308.8    
  -111.6743       29.30070       3467190.    
  -111.0162       28.97130       2301158.    
  -110.9345       28.92180       3312655.    
  -110.9527       28.90000       3784688.    
  -110.4435       27.81670       2430313.    
  -110.3321       27.63280       258424.4    
  -86.94580       31.98400       9602859.    
  -111.7044       29.30220       3321085.    
  -111.8816       29.01500       3961700.    
  -111.0754       28.97420       2056712.    
  -110.9753       28.94650       3118785.    
  -111.2947       28.71300       1989279.    
  -111.2834       28.68980       1930275.    
  -110.4870       28.40220       3819767.    
  -110.4472       28.37780       8361715.    
  -111.0134       28.24780       4269364.    
  -110.3423       27.65560       289775.8    
  -111.6303       26.43160       5108064.    
  -77.89000       21.26190       120366.7    
  -93.32760       33.31070       4396204.    
  -104.4792       30.14740       3481238.    
  -111.6925       29.27880       1634585.    
  -111.0914       29.06600       2132574.    
  -111.9774       29.08820       4568598.    
  -111.9472       29.08670       1847942.    
  -111.0049       28.94800       2941773.    
  -80.52480       27.88250       1188207.    
  -111.2904       28.64490       2014566.    
  -110.4289       28.39940       6203853.    
  -111.0243       28.27080       6052129.    
  -110.7363       28.14440       3624534.    
  -110.7072       28.14300       4855190.    
  -110.6539       28.02820       5105957.    
  -110.6249       28.02680       5542166.    
  -80.48060       25.65370       2871481.    
  -80.49990       25.63260       2072714.    
  -80.47940       25.63240       3107613.    
  -93.78720       31.43350       3965700.    
  -111.1720       29.22950       3708826.    
  -111.9591       29.11000       5428372.    
  -111.3951       28.74070       1963992.    
  -80.52870       27.59750       912482.5    
  -111.2303       28.46120       4990056.    
  -111.1086       28.38750       4585457.    
  -111.0866       28.34140       4400016.    
  -81.78580       27.30310       2095035.    
  -80.54860       27.22660       192437.4    
  -82.99070       22.62030       263833.4    
  -100.2554       35.66260       2220200.    
  -111.7364       29.07590       3051352.    
  -111.6764       29.07280       3730500.    
  -111.7848       29.05560       2765604.    
  -111.7547       29.05400       2879022.    
  -111.7247       29.05250       2540920.    
  -111.6947       29.05100       3121314.    
  -111.6647       29.04950       3278939.    
  -111.6347       29.04790       2849052.    
  -111.7730       29.03220       2221080.    
  -111.7130       29.02920       2223188.    
  -111.6830       29.02760       2249646.    
  -111.6530       29.02610       2425296.    
  -111.1346       28.97720       3607676.    
  -111.3014       28.96290       2849052.    
  -111.1232       28.95390       3177789.    
  -111.2602       28.93810       3394137.    
  -111.2305       28.93660       3663870.    
  -111.2784       28.91630       3802828.    
  -111.2487       28.91480       4043181.    
  -111.2556       28.86970       4400016.    
  -111.2145       28.84500       1691066.    
  -111.1849       28.84350       3852121.    
  -69.59810       19.24960       525787.0    
  -93.30340       33.30990      1.0331700E+07
  -111.7430       29.03070       2107287.    
  -111.2190       28.91330       3986988.    
  -111.2373       28.89150       1215642.    
  -110.5194       28.47140       3262119.    
  -88.07650       19.16340       1873932.    
  -88.38530       18.19710       647964.6    
  -100.2655       35.68820       4059429.    
  -98.76930       34.77620       1148741.    
  -99.74410       28.68740       1145677.    
  -111.8568       29.08200       2551924.    
  -111.8450       29.05870       2815336.    
  -110.6888       28.16460       5537950.    
  -89.25880       19.85870       2237340.    
  -89.41160       18.82430       3095082.    
  -88.38720       18.21690       2847577.    
  -88.36530       18.19690       397116.7    
  -88.38350       18.17740       499083.1    
  -86.91960       31.96010       3857467.    
  -85.16550       29.65260       1933664.    
  -111.8149       29.05710       2787238.    
  -110.6909       28.77360       2918164.    
  -110.6616       28.77220       6364007.    
  -110.6799       28.75040       2976666.    
  -111.2425       28.66520       1980850.    
  -110.6752       28.07410       6431440.    
  -110.6461       28.07270       6562092.    
  -76.10460       21.05570       347551.8    
  -89.40950       18.80440       1511878.    
  -88.26000       17.91980       1354024.    
  -90.51630       17.42000       776161.7    
  -111.3974       28.92230       2638324.    
  -87.97310       21.33250       1289300.    
  -76.08520       21.07580       302316.3    
  -88.88100       19.93330       920556.1    
  -90.16810       18.51820       1662159.    
  -92.12830       18.35110       2628500.    
  -90.87500       17.56260       1471209.    
  -90.17870       16.86750       1988576.    
  -86.00170       15.65620       109729.6    
  -100.2926       35.68940       1556722.    
  -82.98920       22.59980       264246.9    
  -92.10530       18.33090       349791.2    
  -92.56250       18.20010       1793964.    
  -90.87280       17.54290       919981.6    
  -90.17680       16.84790       1326986.    
  -100.2384       35.68690       1577128.    
  -110.6434       28.79390       2166001.    
  -89.07230       19.05780       3526007.    
  -90.66750       17.12830       2019916.    
  -111.6230       29.02460       1105073.    
  -110.6838       28.81860       2116358.    
  -103.0780       27.01400       3287368.    
  -97.99460       24.26050       1247710.    
  -92.26000       17.74130       223042.3    
  -110.8616       33.42080       3427467.    
  -111.5748       29.04490       2629894.    
  -88.80050       18.55820       1709043.    
  -101.1198       30.95140       3868979.    
  -98.80240       26.34040       1612111.    
  -92.73290       18.24250       7627725.    
  -91.25220       17.48960       180494.0    
  -98.53350       34.69230       240733.4    
  -98.50740       34.69130       1729853.    
  -93.66790       33.41770       7351227.    
  -98.99160       23.13360       2371656.    
  -89.31050       19.95970       1089824.    
  -88.48510       17.98170       4563370.    
  -88.46510       17.98150       4880676.    
  -78.62960       21.71100       329935.3    
  -92.75360       18.24280       487195.8    
  -111.3813       28.83070       3144072.    
  -89.40090       18.52690       2818580.    
  -92.11450       17.89650       198767.4    
  -88.65210       16.51680       2640229.    
  -90.94410       18.54990       1226052.    
  -92.56670       18.39800       1535441.    
  -116.3634       47.59660      1.0374795E+07
  -101.1674       33.26930       4597374.    
  -100.6950       30.21940       1828509.    
  -100.4836       24.95240       1241879.    
  -92.93800       18.06810       224385.9    
  -116.3227       47.56020      1.5182978E+07
  -117.2584       40.80720      1.4184438E+07
  -117.2175       40.80400      4.2136320E+07
  -101.1767       33.29380       5386226.    
  -102.0610       25.13330       3607675.    
  -89.16710       18.40500       7513522.    
  -89.14690       18.40470       6827074.    
  -88.26540       17.97890       597047.5    
  -103.1891       34.95170       7842480.    
  -85.19760       33.20560       2523599.    
  -89.40290       18.54670       2513142.    
  -88.48690       18.00140       8278065.    
  -96.30140       48.96780       4475260.    
  -120.9578       47.69150      2.6220674E+07
  -89.16510       18.38520       4214224.    
  -89.14490       18.38490       4220416.    
  -119.0228       47.77200       8529903.    
  -118.9766       47.73490       8008080.    
  -117.1894       40.77390      3.0058346E+07
  -121.9827       39.04070      1.1658374E+07
  -116.6658       32.15200      3.9524628E+07
  -116.6309       32.14990      5.3038612E+07
  -101.1817       30.39950       1202888.    
  -96.35660       18.86740       979890.8    
  -92.72220       18.32150       749198.4    
  -88.46690       18.00120       5617000.    
  -116.6829       32.17700      2.2940986E+07
  -89.68380       18.53100       1005718.    
  -96.93420       47.06000       234687.0    
  -122.7711       38.99630      1.7824920E+07
  -116.6479       32.17480      1.5320323E+08
  -80.48610       25.37720       4407102.    
  -80.48500       25.35590       1855404.    
  -101.1049       31.48670       5137360.    
  -116.6488       32.12710      1.3301197E+07
  -104.2492       35.10390       3236793.    
  -96.28620       49.00140       1113196.    
  -98.14810       21.51770       135258.5    
  -88.94960       18.44150       274548.0    
  -88.94770       18.42180       2040647.    
  -89.43060       16.99420       604751.3    
  -96.31930       49.00310       1648632.    
  -92.75110       18.22300       3670976.    
  -92.73040       18.22270       7919786.    
  -103.3628       30.97640       4627602.    
  -103.3537       30.95280      1.0646015E+07
  -92.21330       18.03620       137318.8    
  -113.5302       36.76050      1.6787958E+07
  -116.6130       32.17270      4.7677796E+07
  -116.5960       32.14770       7769740.    
  -107.3640       31.46710       8172059.    
  -107.3813       31.44450       8016120.    
  -107.3529       31.44300       8551372.    
  -107.9893       43.93300       9083793.    
  -107.9539       43.93060      1.0366485E+07
  -113.4955       36.75820       5787338.    
  -107.3925       31.46850       7965546.    
  -99.93780       25.38430       1525626.    
  -104.4939       23.45390       3051352.    
  -101.1133       31.51040       8650733.    
  -89.26780       18.60420       2172572.    
  -115.7231       51.62130      2.3085332E+07
  -88.60000       19.56910       1727564.    
  -88.43420       18.71160       469934.2    
  -83.60820       44.44250       2593328.    
  -99.04670       24.05880       223311.0    
  -89.13750       20.78260       834432.6    
  -101.1392       31.51150       3925140.    
  -99.94350       25.40600       1122356.    
  -116.6650       32.19980      1.6671653E+07
  -98.08800       23.46370       6613681.    
  -108.4379       41.66030       1361403.    
  -91.91370       17.40160       4029998.    
  -121.5414       37.77900       515505.3    
  -103.1636       35.44920       1268116.    
  -101.7984       31.84430       1256455.    
  -88.52610       18.83180       1142016.    
  -116.6301       32.19770      1.7845910E+07
  -100.6645       28.58660       1632518.    
  -94.41200       17.89650       1146439.    
  -101.1307       31.48770       7934640.    
  -116.5343       31.81010      5.0755928E+07
  -116.4997       31.80790      6.1594452E+07
  -116.5177       31.78530      3.0587036E+07
  -116.4831       31.78310      1.3401703E+07
  -88.53360       18.49530       238773.9    
  -120.4465       37.95880      1.2121799E+07
  -88.20180       19.00600       1159428.    
  -88.53550       18.51510       2751099.    
  -95.09370       33.82780       2404506.    
  -93.48080       17.78130       615321.9    
  -93.83470       31.43490       3396380.    
  -88.61430       18.08190       97816.12    
  -104.2695       46.11260       1667500.    
  -114.1941       38.16340       6684316.    
  -114.7389       33.60340      1.6698144E+07
  -101.1218       31.53420      1.0006080E+07
  -83.16390       42.30190       396595.7    
  -96.74240       33.71770       1253540.    
  -116.5690       31.81220      1.7864176E+07
  -101.4670       48.51670       195721.8    
  -115.4756       33.23510       5562178.    
  -115.7028       32.74090       2502060.    
  -115.6866       32.66760       1561520.    
  -115.6522       32.66550       1944678.    
  -115.6697       32.64250      2.8541100E+07
  -115.6354       32.64040      2.9228072E+07
  -101.1476       31.53520      2.3342904E+07
  -116.5524       31.78740      1.7490482E+07
  -101.3745       48.47700       191690.9    
  -115.4929       33.26050       4463278.    
  -115.5101       33.23730      1.1210768E+07
  -115.7197       32.76610       1577420.    
  -115.6853       32.76400       781095.7    
  -115.7372       32.74310      3.2399378E+07
  -115.6684       32.73880      1.8813860E+07
  -92.62300       18.02320       535416.8    
  -112.9182       30.68200       4467448.    
  -98.43220       22.66000       159219.9    
  -88.68900       18.85380       1360511.    
  -93.07830       41.13230       130331.9    
  -118.4414       34.78360      1.6240440E+08
  -118.4034       34.78100      5.8822328E+07
  -112.6780       33.01730      1.1202338E+07
  -112.6458       33.01540       9786241.    
  -88.54920       18.23870       223154.2    
  -118.5006       34.81260      7.8112928E+07
  -118.4246       34.80740      5.6770316E+07
  -118.5174       34.78880      1.9558152E+08
  -118.4794       34.78620      1.5724576E+08
  -118.3654       34.77840      2.0432258E+07
  -118.4582       34.75980      7.9158136E+07
  -118.4202       34.75720      2.1960040E+08
  -118.3822       34.75460      5.0853052E+07
  -118.3233       34.72560      1.8577844E+07
  -117.9597       34.62620      1.2239123E+07
  -117.9766       34.60240      1.7431480E+07
  -117.9392       34.59990       9849521.    
  -93.02550       18.26730       109729.6    
  -118.5769       34.81790      6.6194104E+07
  -118.5387       34.81530      2.6694270E+08
  -118.5556       34.79140      1.0651914E+08
  -115.3928       33.79120       7152600.    
  -120.0749       35.37480      1.4197552E+08
  -120.0348       35.37190      1.4288587E+08
  -115.3581       33.78900       8944909.    
  -120.0984       35.40170      4.3612988E+07
  -120.0583       35.39880      1.1183373E+08
  -120.1151       35.37760      6.3909804E+07
  -120.0515       35.34790      1.2265535E+08
  -120.0115       35.34500      5.2033132E+07
  -114.0161       38.01900       5343042.    
  -120.1386       35.40460      5.3314372E+07
  -120.0182       35.39600      2.1005438E+07
  -119.9948       35.36910      2.8928842E+07
  -120.0916       35.35070      1.0051760E+08
  -88.25440       18.92730       1377319.    
  -120.3591       40.99930      5.3975632E+07
  -98.68440       50.18720       190795.2    
  -105.1125       47.42570       1102540.    
  -104.6486       22.89210       1935812.    
  -104.3287       50.73870       216324.1    
  -105.1433       50.65390       1432251.    
  -107.1050       50.58680       1488953.    
  -101.2265       48.77350       194826.1    
  -119.5406       49.22660      2.5415998E+07
  -114.7521       37.72760       2381726.    
  -120.3144       40.99560      3.7399224E+07
  -112.3906       37.15120       5731822.    
