  -102.0381       51.01400       1.660828    
  -100.6064       49.18100       1.188281    
  -89.20260       36.83080       1.267207    
  -98.14230       35.77160       4.134533    
  -117.6466       34.90440       143.0772    
  -109.2570       33.42780       124.8437    
  -110.8709       32.52910       142.3375    
  -110.8400       32.52740       259.0627    
  -110.8572       32.50440       177.5440    
  -110.8264       32.50270       293.8119    
  -110.7856       32.42870       1817.133    
  -110.7241       32.42530       1174.191    
  -110.6934       32.42360       559.6927    
  -110.6627       32.42190       676.3500    
  -110.7106       32.40070       436.7802    
  -110.6799       32.39900       513.8030    
  -107.3015       30.60080       124.9393    
  -107.2734       30.59940       338.3491    
  -86.26310       15.79370       14.30355    
  -115.6217       51.61170       89.43530    
  -122.1907       40.12130       69.85644    
  -89.22740       37.16540       18.98279    
  -97.82490       35.60780       74.43678    
  -116.6681       35.54190       118.5717    
  -116.6110       35.51280       20.63536    
  -117.6260       34.87800       124.0710    
  -117.6673       34.93080       121.5625    
  -106.2218       29.92750       113.5548    
  -69.25810       18.53950       1.501246    
  -115.4185       50.90240       220.4867    
  -103.5239       46.99280       7.092318    
  -116.9252       35.33230       148.5200    
  -116.8884       35.32980       57.58624    
  -116.9047       35.30580       21.99982    
  -117.6507       34.95470       145.0067    
  -117.6300       34.92830       163.0482    
  -115.7705       45.56790       144.6393    
  -93.82210       38.91530       1.586749    
  -117.5017       34.94460       149.8306    
  -90.18570       36.62830       18.95037    
  -116.2911       35.36510       53.80795    
  -117.6008       35.02650       145.3927    
  -117.6174       35.00260       143.3666    
  -118.1305       34.66260       9.882119    
  -100.5128       44.18500       6.578588    
  -89.34280       36.91150       44.82789    
  -116.5947       35.53690       23.83595    
  -116.5743       35.51030       123.5886    
  -117.5635       35.02400       150.3130    
  -116.3168       34.94030       118.6682    
  -117.5801       35.00000       151.3261    
  -117.5927       34.92580       159.8644    
  -88.64880       18.02320       5.387932    
  -103.0003       49.02610       4.389598    
  -112.9997       47.30810       134.7615    
  -112.1583       43.16560       8.990262    
  -90.19170       36.65400       5.132334    
  -116.6033       35.63870       136.2272    
  -116.5461       35.60950       21.49446    
  -116.9461       35.13270       24.78770    
  -117.5222       34.97110       153.7862    
  -117.5761       34.94970       153.0145    
  -109.9794       39.21570       10.29241    
  -117.0033       35.16160       154.2686    
  -116.3625       35.09350       22.96000    
  -117.5429       34.99750       165.8460    
  -117.5908       34.65110       166.6661    
  -117.6076       34.62730       75.47878    
  -117.5705       34.62480       26.76701    
  -110.6870       34.16830       97.71973    
  -118.6102       34.54590       143.2157    
  -102.1141       51.57180       1.332979    
  -115.7561       47.12030       100.3649    
  -116.5623       35.58530       27.12076    
  -116.3754       35.52210       59.19308    
  -116.9829       35.13510       26.92704    
  -117.5967       34.97610       182.5368    
  -117.6134       34.95220       165.3636    
  -117.6222       34.82780       154.4616    
  -117.5166       34.64610       150.9884    
  -117.5334       34.62230       157.7419    
  -114.9700       32.12070       134.8765    
  -106.7285       26.72050       30.16163    
  -115.6054       47.66090       188.2075    
  -105.1667       38.20260       77.08216    
  -108.3767       37.68040       48.77035    
  -116.4159       35.57540       27.07022    
  -117.0605       35.19060       154.8475    
  -117.0237       35.18810       166.6178    
  -117.0401       35.16410       152.2426    
  -116.9626       35.10870       66.40221    
  -116.9057       35.07980       26.73332    
  -116.7192       35.01710       153.6898    
  -117.5056       34.99500       161.0221    
  -117.5595       34.97360       171.2488    
  -117.6094       34.90190       178.5811    
  -117.6650       34.65610       180.3178    
  -117.6279       34.65360       176.9410    
  -119.0290       34.07860       76.42280    
  -105.0715       21.53360       27.46094    
  -104.6771       47.00480       8.776208    
  -104.6626       46.20200       9.775126    
  -103.3766       39.30440       5.265725    
  -111.4553       37.58530       9.389830    
  -113.2636       37.54750       8.961721    
  -116.3794       35.57290       30.37188    
  -116.9424       35.08220       25.01576    
  -116.8690       35.07730       163.5306    
  -116.8855       35.05330       186.2994    
  -116.7557       35.01960       175.0115    
  -117.4645       34.94210       180.9931    
  -117.5183       34.92070       163.5306    
  -117.4811       34.91820       164.9777    
  -117.5683       34.84910       202.7972    
  -117.6351       34.75380       169.2228    
  -117.6147       34.72750       172.5995    
  -117.5775       34.72500       179.7389    
  -108.3604       33.16130       51.20976    
  -100.4930       48.72780       1.286939    
  -100.7787       48.27120       1.120317    
  -108.3930       37.70750       34.73400    
  -117.4851       34.96850       164.7848    
  -118.5682       34.49330       82.97126    
  -106.2452       30.62000       17.45728    
  -97.47750       36.60540       18.54880    
  -116.3429       35.57050       151.5673    
  -106.2554       30.64360       144.7173    
  -116.9391       49.94630       211.8436    
  -113.1895       38.67910       133.7481    
  -113.1539       38.67660       116.1749    
  -113.1685       38.65090       1414.359    
  -113.1329       38.64850       716.9072    
  -121.8607       38.01520       8.914889    
  -117.5404       34.72250       169.0298    
  -117.5034       34.72000       172.5995    
  -118.1682       34.66520       3.942703    
  -115.0802       46.32600       121.3559    
  -115.1767       45.95550       140.5823    
  -112.1863       37.13790       77.76143    
  -97.99290       36.29600       2.418217    
  -116.3427       35.06720       181.1861    
  -106.6551       34.09210       39.65254    
  -110.8537       32.55210       283.5109    
  -114.9899       32.55290       2.656312    
  -100.9358       50.54210      0.8944992    
  -116.5525       49.04880       3.551688    
  -115.2877       48.16150       158.6622    
  -121.8927       45.89240       159.6646    
  -112.8717       37.41690       9.632423    
  -116.6557       35.38970       118.6682    
  -106.3991       33.85870       8.005613    
  -101.9332       32.20420       84.30710    
  -115.0513       32.19720       115.2191    
  -69.68190       18.57660      0.4077864    
  -92.16520       18.64900       27.92085    
  -112.3040       46.70220       116.7698    
  -98.01950       36.29710       2.903286    
  -109.0639       49.96030       11.87285    
  -121.4699       49.79350       265.2896    
  -116.5140       48.94330       2.238441    
  -112.9046       47.52880       177.6241    
  -114.6704       46.03890       139.7004    
  -111.1360       43.29590       79.40157    
  -110.5649       38.55680       66.44132    
  -111.1317       37.77400       67.34179    
  -97.45100       36.60430       11.70991    
  -116.2548       35.36270       29.05795    
  -116.2711       35.33860       30.25396    
  -118.0711       33.71920       3.887367    
  -115.2420       48.15750       149.4900    
  -108.1066       37.58570       91.01692    
  -110.8400       37.62420       50.65106    
  -112.7762       37.51500       56.43975    
  -112.3922       38.59800       100.0479    
  -110.7067       38.43300       41.67859    
  -108.1232       37.66510       76.90577    
  -97.46020       36.63020      0.9273852    
  -97.49350       36.50400       1.876694    
  -116.3237       35.31700       190.2550    
  -116.3400       35.29290       33.53878    
  -116.2874       35.31460       188.7114    
  -110.8092       32.52570       250.6021    
  -112.5130       47.36570       9.589612    
  -111.8688       37.71700       50.65074    
  -117.6482       34.67990       108.5380    
  -110.6320       32.42020       917.9975    
  -116.4196       50.92430       240.4187    
  -114.5715       48.60070       142.8754    
  -113.2398       38.65580       138.5112    
  -111.8159       37.68730       7.734479    
  -122.2613       38.04660       19.57411    
  -114.5627       49.79830       239.1840    
  -113.2041       38.65340       168.1461    
  -113.1831       38.62520       1402.119    
  -113.1475       38.62280       63.11938    
  -100.0076       36.51190       7.341028    
  -108.6649       49.85820       7.411944    
  -121.5215       49.69490       144.2558    
  -114.5313       48.56350       126.4568    
  -112.9105       47.69330       132.8212    
  -120.3117       40.21640       109.5992    
  -113.2187       38.62770       1953.779    
  -107.4582       33.64640       165.0112    
  -116.8200       32.90730       49.10740    
  -115.0738       32.58200       1.788998    
  -109.3425       50.05310       12.27242    
  -101.9423       32.22830       5.351346    
  -107.3706       24.53630      0.8287272    
  -120.3816       40.16680       82.48887    
  -121.4760       49.89810       409.9097    
  -108.3972       30.74740       89.40772    
  -88.39310       18.90930       14.10333    
  -107.7344       30.09040       16.03501    
  -113.1621       38.59710       83.87257    
  -115.0249       32.50700       1.175126    
  -108.1772       30.87600       57.21158    
  -113.1977       38.59950       191.8935    
  -120.3839       36.57070       139.6522    
  -97.51330       36.63240       1.413002    
  -109.6423       30.50830       200.2104    
  -114.8539       32.59280       1.799960    
  -123.4232       46.22490       335.1920    
  -123.3722       46.18860       135.3335    
  -122.9925       46.12100       10.93351    
  -98.15150       35.79710       36.00386    
  -92.48470       17.90260       4.723161    
  -124.7018       48.15640       1332.798    
  -113.1767       38.57140       75.90180    
  -66.17670       45.37100       43.75738    
  -114.9329       32.21400       48.81797    
  -93.18470       17.89460       6.177518    
  -93.11510       17.83420       5.439895    
  -70.34600       18.92870       89.06385    
  -78.36560       22.13800       120.9468    
  -111.3032       33.76300       801.7406    
  -97.48990       20.52240       4.413545    
  -110.7548       32.42700       1797.655    
  -114.9906       37.45600       93.91463    
  -115.0270       37.45860       15.95786    
  -94.04100       18.08740       1.522805    
  -72.29110       44.51690       3.145707    
  -72.59880       43.64060       8.108053    
  -110.7413       32.40240       1425.003    
  -98.16180       36.96770       6.217075    
  -93.89250       18.22320       10.11156    
  -98.27660       36.92120       3.601800    
  -77.88230       21.76920       10.88461    
  -97.55320       36.37920       2.227479    
  -80.64120       22.88910       1.132405    
  -98.34840       19.57290       38.49481    
  -98.58620       35.48930       18.49068    
  -93.92850       18.02610       1.409713    
  -72.39030       44.66910       23.05919    
  -98.06470       37.27310       1.746612    
  -97.54400       36.35340      0.7834176    
  -101.2169       35.00730       60.92228    
  -111.2191       28.25780       93.05323    
  -97.46790       20.52180       3.036170    
  -92.48230       17.88280       3.180991    
  -78.38540       22.13800       20.68861    
  -94.52780       17.97760       59.48994    
  -77.71830       41.07160       12.96444    
  -88.55130       38.13600       4.112035    
  -85.24200       29.92530       70.55576    
  -88.54560       38.10960       3.659711    
  -98.11870       37.27540       8.876100    
  -98.33390       35.65410       3.379310    
  -85.26390       29.92570       39.15845    
  -98.30750       35.65290       19.78428    
  -98.61260       35.49040       26.56408    
  -111.2486       28.25930       71.87626    
  -77.71700       35.45990       3.644291    
  -86.80790       39.10040       20.94580    
  -98.30350       36.92240       3.519898    
  -98.66550       35.49270       23.11782    
  -74.16620       18.38560      0.6116797    
  -86.35650       15.73670       21.57545    
  -97.42450       36.60320       3.109490    
  -98.63900       35.49150       35.53294    
  -81.13560       27.90980       35.04990    
  -97.69310       36.76790       3.936235    
  -97.39800       36.60210       5.865218    
  -80.90990       27.66640       182.6043    
  -76.49380       36.18210       85.77863    
  -80.95350       28.01820       67.62965    
  -98.01080       37.27070       2.937816    
  -97.71980       36.76900       6.500467    
  -113.1412       38.56900       19.63409    
  -97.72920       36.79510       4.937285    
  -97.70260       36.79400       5.174064    
  -77.69400       35.45980       66.50178    
  -98.00090       37.24440       1.774748    
  -77.84820       35.86050       2.847585    
  -98.55060       35.46280       168.7179    
  -98.52420       35.46170       5.206403    
  -80.93240       28.01800       6.323112    
  -107.4319       24.71010       2.451788    
  -93.53500       18.19700       1.199043    
  -89.21690       16.62100       12.70981    
  -107.4055       24.70900       1.911529    
  -89.44150       36.91420       1.032620    
  -77.87560       35.41100       10.12589    
  -77.85270       35.41090       11.45202    
  -77.87460       35.38610       1.843808    
  -77.85170       35.38600       9.354880    
  -98.55180       35.53790       1.780229    
  -107.9392       30.72470       104.6306    
  -107.9108       30.72330       90.88246    
  -78.15550       21.66840       34.37122    
  -75.72790       38.16310       7.758040    
  -76.60030       35.78010      0.8138189    
  -82.09910       27.56830       8.091236    
  -76.97320       35.93190       65.00352    
  -107.4242       24.68830       1.595470    
  -107.3978       24.68730       1.305574    
  -72.45970       41.01460       10.89520    
  -98.83530       34.01840       5.365616    
  -82.21600       27.17680       68.90372    
  -82.21430       27.15500       46.80155    
  -108.9220       27.32320       69.42375    
  -97.43370       36.62910       2.442334    
  -97.40720       36.62800       2.490566    
  -97.37150       36.60100       2.622110    
  -97.41520       36.57730       12.53176    
  -97.38880       36.57620       15.35118    
  -115.0119       37.48370       36.28160    
  -97.59370       36.12720       6.198999    
  -98.32470       35.62860       5.253867    
  -89.21860       16.64050       10.12199    
  -87.01740       31.12430       55.40503    
  -76.51700       36.18220      0.7278768    
  -97.84170       36.23880       9.914262    
  -97.81530       36.23770       2.126628    
  -98.36030       35.65520       2.396293    
  -98.29830       35.62750       18.12323    
  -80.88890       27.66620       65.73155    
  -82.19340       27.15480       7.853988    
  -98.34310       35.67950       1.832846    
  -98.35100       35.62970       23.33187    
  -81.33450       29.24340       26.41743    
  -108.9039       26.28710       71.49035    
  -108.1587       30.59620       307.0419    
  -108.1301       30.59480       32.73597    
  -81.39740       28.04430       22.98524    
  -98.27190       35.62640       2.198977    
  -81.15520       27.88800       21.53713    
  -93.61050       18.13900       1.167818    
  -106.7649       23.89520       36.97458    
  -119.0309       38.30180       58.66978    
  -110.4163       27.56990       2.754385    
  -107.3935       24.60150       1.724871    
  -97.93840       36.21750       1.802701    
  -97.92910       36.19180       1.981930    
  -109.1422       26.47280       45.73067    
  -109.1145       26.47160       57.59749    
  -107.8552       24.94170       73.53197    
  -97.96490       36.21870       1.466716    
  -97.95560       36.19290       1.359288    
  -77.83270       34.91560       4.230257    
  -107.5044       33.62450       75.34850    
  -107.4750       33.62290       224.7041    
  -107.4918       33.59950       58.84565    
  -107.4625       33.59800       241.8226    
  -108.0891       25.36090       1.507641    
  -75.49020       44.17470       19.60263    
  -104.1736       40.13890       19.55739    
  -104.1581       40.11060       18.05901    
  -79.09900       34.33530       29.84973    
  -76.49440       36.20740       77.04762    
  -97.86960       36.31620       2.217613    
  -78.07350       35.21350      0.9273852    
  -104.1428       40.13720       10.14615    
  -97.46820       36.57950       1.569758    
  -97.44170       36.57840       2.582647    
  -72.55800       19.33680       39.84550    
  -75.59190       38.93120       5.633489    
  -107.1916       29.53770       126.6397    
  -107.1639       29.53640       21.30549    
  -96.35370       19.50780       4.800879    
  -97.51190       36.55580       7.390582    
  -97.48540       36.55470       6.927531    
  -97.89540       35.66090       1.703495    
  -97.88640       35.63540       38.50115    
  -97.86010       35.63430       30.15305    
  -97.87740       35.61000       15.59739    
  -97.85110       35.60890       12.41512    
  -107.4457       33.62140       243.2410    
  -107.5313       24.84280       23.08803    
  -109.1403       25.79540       1.220071    
  -107.5564       25.27440       127.3463    
  -107.5298       25.27330       12.29699    
  -71.93630       19.47760       10.66759    
  -72.57740       19.33670       45.76247    
  -97.95630       16.31240       19.83311    
  -78.62840       21.67030       1.397929    
  -77.96840       34.89170       17.35887    
  -114.4476       32.71260       2.440141    
  -81.95530       30.31210       6.517577    
  -81.10350       28.37270       14.34262    
  -71.93680       19.45770       43.99438    
  -76.33520       36.35870       34.13914    
  -79.12690       21.83530       1.470217    
  -78.60870       21.67020       1.611414    
  -113.2106       38.70730       33.62072    
  -113.1750       38.70480       39.01488    
  -81.45090       27.29990       2.834099    
  -79.00210       34.62800       1.134392    
  -81.45240       27.32170       16.61605    
  -76.51760       36.20740       4.348477    
  -81.43450       27.67120       44.96510    
  -79.10710       21.83530       1.144433    
  -85.58870       15.86470       21.70359    
  -78.43220       42.09720       1.535579    
  -114.9755       37.48110       440.8571    
  -111.3349       33.76480       235.7107    
  -108.3883       26.54960       91.46134    
  -78.14570       21.28300       13.78562    
  -87.42810       15.72800       20.54111    
  -113.2252       38.68150       86.13677    
  -81.10530       29.01740       10.78381    
  -81.12500       28.99530       10.54572    
  -81.10370       28.99510       15.44755    
  -80.90850       27.64450       1.647290    
  -88.62410       19.40980       7.401867    
  -88.26010       18.98700       23.71377    
  -86.29940       15.75540       30.19281    
  -88.69590       15.62600       6.983387    
  -80.46990       35.65580       1.452575    
  -98.13310       35.74610       7.035236    
  -82.05200       29.65570       11.32180    
  -89.48510       36.88980       1.953428    
  -81.91050       29.76700       75.50807    
  -81.88900       29.76680       87.88474    
  -82.05390       29.67830       9.288060    
  -82.07350       29.65590       10.56793    
  -88.59640       17.23760      0.5678316    
  -90.42540       17.12490       7.009542    
  -86.30070       15.77470       39.26828    
  -93.66220       37.30560       18.57987    
  -90.32280       18.81790       16.04944    
  -93.15560       39.37410       4.571155    
  -93.12910       39.37320       3.412471    
  -89.66840       37.04890       1.493024    
  -89.36180       36.88640       2.115666    
  -96.28290       34.72670       110.4304    
  -81.47330       27.32190       7.675799    
  -81.43140       27.32150       8.977944    
  -81.47180       27.30000       1.525910    
  -81.42990       27.29970       103.9016    
  -88.07740       20.58510       10.93743    
  -90.17280       19.11380       15.54489    
  -88.40330       17.96100       5.361777    
  -97.52120       36.58170       3.227213    
  -97.49470       36.58060       3.899184    
  -77.80880       35.46040       22.63498    
  -77.84960       35.33630       11.00997    
  -82.77610       30.27630       4.739120    
  -88.27700       19.36510       44.88078    
  -76.33570       36.38410       3.500370    
  -76.49610       36.28320       1.248206    
  -115.0294       36.19340       3.573795    
  -87.14220       21.36130       9.520423    
  -89.11260       18.46360       22.09413    
  -93.27100       16.23040       25.42201    
  -87.14420       21.38160       9.128099    
  -89.20520       18.58350       21.42443    
  -98.91420       49.32090       1.902455    
  -87.96970       21.10920       15.28411    
  -115.0332       37.51130       1189.351    
  -114.9968       37.50870       459.8473    
  -87.67780       20.43840       19.47717    
  -88.76120       19.95160       17.40692    
  -97.05680       20.06700       2.945245    
  -92.50290       17.88310       1.254287    
  -90.45870       17.83170       43.05833    
  -88.27900       19.38510       24.02611    
  -89.87350       16.18230       29.29984    
  -87.98750       20.30190       11.83686    
  -88.76560       18.81520       12.29285    
  -90.62690       18.44600       22.14006    
  -88.24720       17.99840       5.204846    
  -76.35890       36.38410      0.8002260    
  -77.73800       35.41030       11.23100    
  -88.12100       19.82230       35.61286    
  -89.87170       16.16280       23.18520    
  -93.01790       44.73140       3.120882    
  -93.08260       44.67290       1.795576    
  -113.2543       38.63010       1316.467    
  -94.35440       16.50130       29.19782    
  -76.56340       36.18230       11.56510    
  -80.77320       27.49020      0.9098461    
  -90.58840       18.46520       54.88098    
  -90.42870       17.92970       4.085307    
  -93.92850       45.66920       5.623208    
  -77.73890       35.43520       2.089358    
  -108.0772       30.17610       15.96842    
  -106.7336       27.49300       40.42437    
  -80.76990       22.66350       1.002126    
  -87.96730       20.30160       9.700994    
  -91.47600       17.49300       7.846502    
  -94.71290       45.42280       1.740766    
  -99.28040       35.94640       8.662045    
  -78.31700       21.08140      0.4404289    
  -95.33780       45.63930       1.357826    
  -119.0046       38.27320       45.14396    
  -111.3182       33.78830       639.9707    
  -105.2965       30.27590       11.01188    
  -81.07890       22.46040      0.5875632    
  -98.74760       38.40280       1.006312    
  -101.5923       35.97660       11.27826    
  -101.6090       35.95210       14.74118    
  -101.5813       35.95080       3.256810    
  -102.2540       38.07200       12.25815    
  -77.31770       35.18490      0.7914564    
  -99.59080       34.61360       9.047343    
  -99.58160       34.58860       27.72711    
  -99.55520       34.58750       11.73015    
  -80.96250       22.91200      0.5343192    
  -78.16120       21.12120       1.335172    
  -78.14160       21.12120       9.389830    
  -88.11900       19.80230       24.28239    
  -89.98030       17.29490       16.65490    
  -107.6389       28.67360       7.577506    
  -103.4454       25.44000       47.46728    
  -103.4387       25.41820       7.445575    
  -88.32820       21.03340       7.820347    
  -90.60880       18.46550       59.44061    
  -89.59420       37.04690       2.893968    
  -106.9298       28.19230       4.537941    
  -107.3554       24.49300       1.164165    
  -90.61100       18.48530       85.18060    
  -90.59060       18.48500       38.28561    
  -93.62090       17.90210      0.9175194    
  -101.7590       50.30910       11.23565    
  -98.87980       49.31890       3.176788    
  -118.9900       38.29870       383.6938    
  -111.3014       33.81170       170.9594    
  -77.84890       21.18080      0.3968244    
  -76.29020       36.43470       2.464258    
  -79.10040       34.35970       5.952171    
  -77.84850       21.16060      0.4099788    
  -88.79760       19.91200       18.92297    
  -115.5546       45.70550       227.9539    
  -76.63530       36.28360       6.065252    
  -107.3291       24.49190       1.022755    
  -89.49080       16.35220       10.23512    
  -87.87880       15.73280       1.106963    
  -76.31340       36.43470       13.29216    
  -109.4070       27.81270       12.32950    
  -107.6061       24.75990       1.563181    
  -80.54050       22.45660      0.5244220    
  -79.52250       22.36850      0.4757509    
  -96.12790       18.08730      0.6555276    
  -86.12830       15.81170       16.21762    
  -89.87870       37.10640       4.109289    
  -76.20920       35.80410      0.8846334    
  -101.8494       31.49440       47.14569    
  -106.6881       28.58570       5.750913    
  -108.0482       25.25120       51.42288    
  -107.5796       24.75880       1.622376    
  -107.5983       24.73810       1.331883    
  -107.5718       24.73710       1.443696    
  -100.4777       21.10840       23.53303    
  -90.34760       17.92850       5.204846    
  -121.3624       40.55130       229.6590    
  -98.01260       38.18470       26.11457    
  -90.07260       36.88080      0.9515017    
  -111.2716       33.76110       163.0214    
  -109.1008       25.96800       37.04763    
  -88.15940       19.80280       11.98903    
  -91.73660       17.45770      0.7768404    
  -80.27560       22.76310      0.8095802    
  -88.14520       19.86270       6.120272    
  -90.00380       16.92370       14.83212    
  -89.51080       16.35240       8.709618    
  -89.60000       37.07270       19.81487    
  -107.4742       30.12400       7.848641    
  -79.22490       21.81550      0.4625964    
  -87.88640       20.50170       11.48641    
  -89.87270       37.08050       4.432485    
  -101.7973       31.35190       39.50093    
  -80.25570       22.76290       8.583560    
  -86.20480       15.79310       9.991214    
  -97.54730       50.91450       3.744776    
  -89.84790       37.07980       2.470835    
  -99.48470       35.65330       8.305289    
  -103.8590       35.15900       17.05296    
  -104.1602       30.20230       54.22075    
  -76.80960       21.11740      0.7476084    
  -99.27980       16.73120       35.20590    
  -89.31820       36.91080       6.500467    
  -79.21370       34.36060       3.885873    
  -106.8137       32.79180       60.97422    
  -107.1940       28.31610       40.23141    
  -88.76640       17.35720       32.94781    
  -107.6373       24.84700      0.8638057    
  -88.18780       19.68320       5.884877    
  -88.67800       18.53670       16.40765    
  -87.69000       15.82740       9.598888    
  -76.21540       36.15620       8.134047    
  -118.2645       34.69670       191.0268    
  -88.49060       18.67280       12.37345    
  -79.22090       34.48270       2.420961    
  -112.4494       30.65630       143.1254    
  -71.17810       18.15650       42.28595    
  -88.66130       17.94470      0.6138721    
  -115.5897       45.73970       274.6383    
  -76.29380       35.40480       3.439132    
  -77.90000       34.89130       42.33029    
  -78.22160       21.18210      0.4735584    
  -71.89900       19.41810       10.42818    
  -85.39020       15.78570       14.79639    
  -76.47400       36.33380       7.997909    
  -76.35740       36.30810      0.9920611    
  -79.21230       34.33610       3.855033    
  -104.0681       26.52610       6.007778    
  -107.3814       24.34440       1.010696    
  -93.51680       18.21650      0.5174064    
  -101.2912       18.14190       42.22628    
  -66.10910       46.96600       59.12442    
  -100.7316       37.78600       2.390264    
  -89.66040       37.22910       2.949874    
  -100.7035       37.78460       15.09080    
  -89.65440       37.20310       4.020862    
  -76.35690       36.28280       18.04045    
  -76.28580       36.20680       10.30407    
  -110.6455       32.44490       262.0027    
  -110.6148       32.44320       308.9956    
  -110.6014       32.41850       656.2206    
  -109.0040       25.72440       1.194858    
  -108.1221       25.44880       1.168549    
  -100.7200       37.75930       8.481072    
  -89.89750       37.08120       3.047436    
  -76.30900       36.20690       2.624303    
  -115.0212       32.09990       131.7892    
  -78.09030       21.42460       4.455421    
  -89.32570       36.83410       1.841616    
  -107.8019       24.93950       1.138325    
  -88.51570       18.93080       11.20456    
  -66.08050       46.96660       40.76677    
  -110.5707       32.41680       158.9961    
  -107.7752       24.93850       2.066337    
  -101.9758       49.75670       1.317632    
  -112.3666       39.42990       34.25813    
  -98.61830       36.70530       1.808730    
  -77.96940       34.91630       3.865313    
  -107.1676       31.76330       30.87302    
  -85.40950       15.78590       13.26059    
  -88.37600       15.31390      0.5678316    
  -77.83370       34.94020       2.693383    
  -112.9426       33.34790       436.5087    
  -112.9100       33.34600       441.9253    
  -109.1647       32.36440       54.31723    
  -105.7717       29.67820       46.21306    
  -87.75180       37.61850       5.214990    
  -97.45900       36.55360       2.143071    
  -111.2865       33.78640       164.0853    
  -112.9270       33.32270       248.1998    
  -115.2713       32.18650       71.36172    
  -108.5122       25.70350       1.727611    
  -108.4307       25.70010       1.486447    
  -108.5037       25.68140       1.115932    
  -108.4222       25.67800       1.187341    
  -91.61570       17.10300       12.32540    
  -77.80300       35.88540       3.803633    
  -112.9582       33.37320       128.5090    
  -112.9256       33.37120       22.70398    
  -116.7413       33.55900       185.5662    
  -112.8945       33.32080       322.9769    
  -87.74660       37.59240       3.755581    
  -113.2754       38.65830       58.03714    
  -113.2333       38.60200       517.7503    
  -115.8483       33.91840       94.16273    
  -109.2873       33.42950       64.79536    
  -78.22210       21.20230      0.5404267    
  -78.20250       21.20230      0.5031558    
  -88.27580       21.11370       9.608162    
  -87.77650       37.61910       3.025512    
  -87.72720       37.61790       3.540726    
  -98.36720       36.95090       5.009634    
  -98.34030       36.94970       2.185823    
  -98.35730       36.92470       2.177053    
  -104.5585       36.68630       7.848641    
  -108.4619       25.91890       8.110263    
  -113.6582       49.20020       81.91000    
  -113.5770       48.31330       155.0463    
  -89.67920       37.20380       1.615799    
  -71.20930       18.43170       31.25894    
  -111.2884       33.73770       80.36635    
  -110.8616       33.42080       20.26477    
  -71.22860       18.43160      0.8199577    
  -89.33280       16.58350       9.850706    
  -105.7134       36.69760       46.69545    
  -79.23640       34.36070       3.986104    
  -89.35270       16.58380       11.86890    
  -102.0008       49.79350       1.034813    
  -116.7770       33.56130       166.8108    
  -116.7598       33.58460       155.5229    
  -109.8924       33.29330       40.81028    
  -108.3090       25.52150       1.004119    
  -97.83390       35.63320       3.174595    
  -97.79870       35.60670       68.23187    
  -113.4948       32.96900       2.702352    
  -110.3158       31.10240       9.004532    
  -107.6659       24.99860       2.930362    
  -96.72740       40.25460      0.7147224    
  -89.98220       17.31450       9.236832    
  -113.5104       32.99410       58.15955    
  -113.4776       32.99210       64.64040    
  -113.4620       32.96710       89.33881    
  -109.6256       28.67650       63.82034    
  -114.2359       38.35190       516.6122    
  -109.6248       33.39970       48.72149    
  -107.6738       25.02040       2.791656    
  -95.55030       39.11710       4.794806    
  -114.2722       38.35450       392.1272    
  -116.0082       48.35880       212.0200    
  -77.78480       35.43540       1.199243    
  -108.5726       26.40410       67.98501    
  -107.9192       25.11650       2.066337    
  -120.1237       35.98740       141.9194    
  -120.0831       35.98450       104.4859    
  -110.0645       28.83350       10.94529    
  -107.6393       24.99750       60.48036    
  -116.0222       48.25990       110.4540    
  -110.0753       28.85670       64.15800    
