  -102.0381       51.01400       52.19744    
  -100.6064       49.18100       37.34597    
  -89.20260       36.83080       39.82652    
  -98.14230       35.77160       129.9425    
  -117.6466       34.90440       97.89491    
  -109.2570       33.42780       85.41936    
  -110.8709       32.52910       97.38883    
  -110.8400       32.52740       177.2534    
  -110.8572       32.50440       121.4775    
  -110.8264       32.50270       444.3008    
  -110.7856       32.42870       2747.859    
  -110.7241       32.42530       1775.605    
  -110.6934       32.42360       382.9477    
  -110.6627       32.42190       462.7658    
  -110.7106       32.40070       298.8496    
  -110.6799       32.39900       776.9703    
  -107.3015       30.60080       85.48477    
  -107.2734       30.59940       231.5020    
  -86.26310       15.79370       78.01935    
  -115.6217       51.61170       61.19257    
  -122.1907       40.12130       47.79651    
  -89.22740       37.16540       596.6018    
  -97.82490       35.60780       2339.442    
  -116.6681       35.54190       81.12802    
  -116.6110       35.51280       648.5399    
  -117.6260       34.87800       84.89068    
  -117.6673       34.93080       83.17437    
  -106.2218       29.92750       77.69543    
  -69.25810       18.53950       47.18202    
  -115.4185       50.90240       333.4189    
  -103.5239       46.99280       222.9014    
  -116.9252       35.33230       101.6190    
  -116.8884       35.32980       39.40111    
  -116.9047       35.30580       691.4230    
  -117.6507       34.95470       99.21515    
  -117.6300       34.92830       111.5593    
  -115.7705       45.56790       218.7228    
  -93.82210       38.91530       49.86927    
  -117.5017       34.94460       102.5157    
  -90.18570       36.62830       103.3656    
  -116.2911       35.36510       36.81597    
  -117.6008       35.02650       99.47919    
  -117.6174       35.00260       98.09296    
  -118.1305       34.66260       310.5809    
  -100.5128       44.18500       206.7556    
  -89.34280       36.91150       1408.876    
  -116.5947       35.53690       749.1296    
  -116.5743       35.51030       84.56062    
  -117.5635       35.02400       102.8458    
  -116.3168       34.94030       81.19403    
  -117.5801       35.00000       103.5389    
  -117.5927       34.92580       109.3809    
  -88.64880       18.02320       29.38872    
  -103.0003       49.02610       137.9588    
  -112.9997       47.30810       203.7857    
  -112.1583       43.16560       282.5511    
  -90.19170       36.65400       161.3019    
  -116.6033       35.63870       93.20810    
  -116.5461       35.60950       675.5403    
  -116.9461       35.13270       779.0419    
  -117.5222       34.97110       105.2222    
  -117.5761       34.94970       104.6941    
  -109.9794       39.21570       323.4758    
  -117.0033       35.16160       105.5522    
  -116.3625       35.09350       721.5999    
  -117.5429       34.99750       113.4736    
  -117.5908       34.65110       114.0347    
  -117.6076       34.62730       51.64338    
  -117.5705       34.62480       841.2488    
  -110.6870       34.16830       147.7713    
  -118.6102       34.54590       97.98972    
  -102.1141       51.57180       41.89363    
  -115.7561       47.12030       151.7713    
  -116.5623       35.58530       852.3666    
  -116.3754       35.52210       40.50053    
  -116.9829       35.13510       846.2784    
  -117.5967       34.97610       124.8936    
  -117.6134       34.95220       113.1435    
  -117.6222       34.82780       105.6843    
  -117.5166       34.64610       103.3079    
  -117.5334       34.62230       107.9286    
  -114.9700       32.12070       92.28395    
  -106.7285       26.72050       20.63691    
  -115.6054       47.66090       284.6064    
  -105.1667       38.20260       116.5633    
  -108.3767       37.68040       266.0201    
  -116.4159       35.57540       850.7784    
  -117.0605       35.19060       105.9483    
  -117.0237       35.18810       114.0017    
  -117.0401       35.16410       104.1660    
  -116.9626       35.10870       45.43310    
  -116.9057       35.07980       840.1900    
  -116.7192       35.01710       105.1562    
  -117.5056       34.99500       110.1730    
  -117.5595       34.97360       117.1702    
  -117.6094       34.90190       122.1871    
  -117.6650       34.65610       123.3753    
  -117.6279       34.65360       121.0649    
  -119.0290       34.07860       52.28929    
  -105.0715       21.53360       149.7869    
  -104.6771       47.00480       275.8237    
  -104.6626       46.20200       307.2182    
  -103.3766       39.30440       165.4942    
  -111.4553       37.58530       295.1089    
  -113.2636       37.54750       281.6541    
  -116.3794       35.57290       954.5449    
  -116.9424       35.08220       786.2096    
  -116.8690       35.07730       111.8893    
  -116.8855       35.05330       127.4680    
  -116.7557       35.01960       119.7447    
  -117.4645       34.94210       123.8374    
  -117.5183       34.92070       111.8893    
  -117.4811       34.91820       112.8795    
  -117.5683       34.84910       138.7560    
  -117.6351       34.75380       115.7840    
  -117.6147       34.72750       118.0944    
  -117.5775       34.72500       122.9792    
  -108.3604       33.16130       35.03826    
  -100.4930       48.72780       40.44665    
  -100.7787       48.27120       35.20995    
  -108.3930       37.70750       189.4582    
  -117.4851       34.96850       112.7475    
  -118.5682       34.49330       56.76981    
  -106.2452       30.62000       548.6573    
  -97.47750       36.60540       582.9623    
  -116.3429       35.57050       103.7039    
  -106.2554       30.64360       99.01711    
  -116.9391       49.94630       320.3489    
  -113.1895       38.67910       4203.512    
  -113.1539       38.67660       3651.211    
  -113.1685       38.65090       967.7194    
  -113.1329       38.64850       490.5155    
  -121.8607       38.01520       280.1822    
  -117.5404       34.72250       115.6520    
  -117.5034       34.72000       118.0944    
  -118.1682       34.66520       123.9135    
  -115.0802       46.32600       183.5138    
  -115.1767       45.95550       212.5879    
  -112.1863       37.13790       53.20519    
  -97.99290       36.29600       76.00111    
  -116.3427       35.06720       123.9694    
  -106.6551       34.09210       27.13069    
  -110.8537       32.55210       193.9811    
  -114.9899       32.55290       83.48410    
  -100.9358       50.54210       28.11283    
  -116.5525       49.04880       111.6245    
  -115.2877       48.16150       239.9283    
  -121.8927       45.89240       241.4441    
  -112.8717       37.41690       302.7333    
  -116.6557       35.38970       81.19403    
  -106.3991       33.85870       251.6050    
  -101.9332       32.20420       57.68380    
  -115.0513       32.19720       78.83412    
  -69.68190       18.57660       12.81614    
  -92.16520       18.64900       152.2955    
  -112.3040       46.70220       176.5787    
  -98.01950       36.29710       91.24613    
  -109.0639       49.96030       373.1468    
  -121.4699       49.79350       401.1697    
  -116.5140       48.94330       70.35099    
  -112.9046       47.52880       268.6023    
  -114.6704       46.03890       211.2542    
  -111.1360       43.29590       54.32739    
  -110.5649       38.55680       45.45986    
  -111.1317       37.77400       46.07596    
  -97.45100       36.60430       368.0258    
  -116.2548       35.36270       913.2500    
  -116.2711       35.33860       950.8389    
  -118.0711       33.71920       122.1744    
  -115.2420       48.15750       226.0581    
  -108.1066       37.58570       137.6353    
  -110.8400       37.62420       34.65599    
  -112.7762       37.51500       38.61667    
  -112.3922       38.59800       68.45383    
  -110.7067       38.43300       28.51693    
  -108.1232       37.66510       116.2965    
  -97.46020       36.63020       29.14639    
  -97.49350       36.50400       58.98182    
  -116.3237       35.31700       130.1745    
  -116.3400       35.29290       1054.076    
  -116.2874       35.31460       129.1183    
  -110.8092       32.52570       171.4646    
  -112.5130       47.36570       301.3878    
  -111.8688       37.71700       34.65577    
  -117.6482       34.67990       74.26283    
  -110.6320       32.42020       628.1036    
  -116.4196       50.92430       363.5601    
  -114.5715       48.60070       216.0555    
  -113.2398       38.65580       4353.209    
  -111.8159       37.68730       243.0836    
  -122.2613       38.04660       615.1863    
  -114.5627       49.79830       361.6929    
  -113.2041       38.65340       5284.593    
  -113.1831       38.62520       959.3448    
  -113.1475       38.62280       1983.752    
  -100.0076       36.51190       230.7180    
  -108.6649       49.85820       232.9468    
  -121.5215       49.69490       98.70133    
  -114.5313       48.56350       191.2273    
  -112.9105       47.69330       200.8516    
  -120.3117       40.21640       74.98896    
  -113.2187       38.62770       1336.796    
  -107.4582       33.64640       112.9024    
  -116.8200       32.90730       33.59981    
  -115.0738       32.58200       56.22566    
  -109.3425       50.05310       385.7047    
  -101.9423       32.22830       168.1852    
  -107.3706       24.53630       26.04571    
  -120.3816       40.16680       56.43976    
  -121.4760       49.89810       619.8634    
  -108.3972       30.74740       61.17371    
  -88.39310       18.90930       76.92725    
  -107.7344       30.09040       503.9575    
  -113.1621       38.59710       2635.995    
  -115.0249       32.50700       36.93254    
  -108.1772       30.87600       39.14476    
  -113.1977       38.59950       6030.938    
  -120.3839       36.57070       95.55151    
  -97.51330       36.63240       44.40862    
  -109.6423       30.50830       136.9861    
  -114.8539       32.59280       56.57018    
  -123.4232       46.22490       506.8757    
  -123.3722       46.18860       738.1825    
  -122.9925       46.12100       343.6245    
  -98.15150       35.79710       1131.550    
  -92.48470       17.90260       148.4422    
  -124.7018       48.15640       2015.451    
  -113.1767       38.57140       2385.485    
  -66.17670       45.37100       66.16969    
  -114.9329       32.21400       33.40177    
  -93.18470       17.89460       194.1506    
  -93.11510       17.83420       170.9681    
  -70.34600       18.92870       134.6819    
  -78.36560       22.13800       82.75305    
  -111.3032       33.76300       548.5594    
  -97.48990       20.52240       138.7114    
  -110.7548       32.42700       2718.405    
  -114.9906       37.45600       64.25739    
  -115.0270       37.45860       501.5327    
  -94.04100       18.08740       47.85958    
  -72.29110       44.51690       98.86507    
  -72.59880       43.64060       44.22575    
  -110.7413       32.40240       2154.883    
  -98.16180       36.96770       195.3938    
  -93.89250       18.22320       55.15397    
  -98.27660       36.92120       113.1994    
  -77.88230       21.76920       7.447364    
  -97.55320       36.37920       70.00647    
  -80.64120       22.88910       35.58988    
  -98.34840       19.57290       26.33855    
  -98.58620       35.48930       581.1358    
  -93.92850       18.02610       44.30526    
  -72.39030       44.66910       34.87000    
  -98.06470       37.27310       54.89352    
  -97.54400       36.35340       24.62170    
  -101.2169       35.00730       41.68367    
  -111.2191       28.25780       63.66800    
  -97.46790       20.52180       95.42247    
  -92.48230       17.88280       99.97399    
  -78.38540       22.13800       112.8470    
  -94.52780       17.97760       40.70365    
  -77.71830       41.07160       70.71512    
  -88.55130       38.13600       129.2354    
  -85.24200       29.92530       106.6941    
  -88.54560       38.10960       115.0195    
  -98.11870       37.27540       278.9631    
  -98.33390       35.65410       106.2069    
  -85.26390       29.92570       59.21521    
  -98.30750       35.65290       621.7917    
  -98.61260       35.49040       834.8711    
  -111.2486       28.25930       49.17850    
  -77.71700       35.45990       114.5349    
  -86.80790       39.10040       114.2498    
  -98.30350       36.92240       110.6254    
  -98.66550       35.49270       726.5599    
  -74.16620       18.38560       19.22422    
  -86.35650       15.73670       117.6843    
  -97.42450       36.60320       97.72682    
  -98.63900       35.49150       1116.749    
  -81.13560       27.90980       23.98151    
  -97.69310       36.76790       123.7103    
  -97.39800       36.60210       184.3354    
  -80.90990       27.66640       124.9398    
  -76.49380       36.18210       58.69064    
  -80.95350       28.01820       46.27292    
  -98.01080       37.27070       92.33137    
  -97.71980       36.76900       204.3004    
  -113.1412       38.56900       617.0714    
  -97.72920       36.79510       155.1718    
  -97.70260       36.79400       162.6134    
  -77.69400       35.45980       100.5637    
  -98.00090       37.24440       55.77778    
  -77.84820       35.86050       89.49551    
  -98.55060       35.46280       115.4386    
  -98.52420       35.46170       163.6298    
  -80.93240       28.01800       198.7263    
  -107.4319       24.71010       77.05621    
  -93.53500       18.19700       37.68422    
  -89.21690       16.62100       69.32626    
  -107.4055       24.70900       60.07663    
  -89.44150       36.91420       32.45378    
  -77.87560       35.41100       318.2421    
  -77.85270       35.41090       359.9206    
  -77.87460       35.38610       57.94827    
  -77.85170       35.38600       294.0105    
  -98.55180       35.53790       55.95005    
  -107.9392       30.72470       71.58937    
  -107.9108       30.72330       62.18274    
  -78.15550       21.66840       23.51715    
  -75.72790       38.16310       243.8241    
  -76.60030       35.78010       25.57717    
  -82.09910       27.56830       254.2960    
  -76.97320       35.93190       44.47609    
  -107.4242       24.68830       50.14333    
  -107.3978       24.68730       41.03233    
  -72.45970       41.01460       59.42833    
  -98.83530       34.01840       168.6337    
  -82.21600       27.17680       47.14465    
  -82.21430       27.15500       255.2812    
  -108.9220       27.32320       47.50046    
  -97.43370       36.62910       76.75906    
  -97.40720       36.62800       78.27494    
  -97.37150       36.60100       82.40919    
  -97.41520       36.57730       393.8552    
  -97.38880       36.57620       482.4658    
  -115.0119       37.48370       1140.279    
  -97.59370       36.12720       194.8257    
  -98.32470       35.62860       165.1215    
  -89.21860       16.64050       55.21085    
  -87.01740       31.12430       83.78322    
  -76.51700       36.18220       22.87613    
  -97.84170       36.23880       311.5911    
  -97.81530       36.23770       66.83688    
  -98.36030       35.65520       75.31207    
  -98.29830       35.62750       569.5871    
  -80.88890       27.66620       44.97422    
  -82.19340       27.15480       246.8396    
  -98.34310       35.67950       57.60374    
  -98.35100       35.62970       733.2873    
  -81.33450       29.24340       18.07508    
  -108.9039       26.28710       48.91445    
  -108.1587       30.59620       210.0813    
  -108.1301       30.59480       1028.845    
  -81.39740       28.04430       15.72675    
  -98.27190       35.62640       69.11072    
  -81.15520       27.88800       14.73594    
  -93.61050       18.13900       36.70286    
  -106.7649       23.89520       201.6795    
  -119.0309       38.30180       1843.907    
  -110.4163       27.56990       86.56639    
  -107.3935       24.60150       54.21023    
  -97.93840       36.21750       56.65632    
  -97.92910       36.19180       62.28922    
  -109.1422       26.47280       31.28941    
  -109.1145       26.47160       39.40881    
  -107.8552       24.94170       50.31135    
  -97.96490       36.21870       46.09678    
  -97.95560       36.19290       42.72048    
  -77.83270       34.91560       132.9509    
  -107.5044       33.62450       51.55424    
  -107.4750       33.62290       153.7449    
  -107.4918       33.59950       40.26282    
  -107.4625       33.59800       165.4576    
  -108.0891       25.36090       47.38299    
  -75.49020       44.17470       106.9234    
  -104.1736       40.13890       614.6607    
  -104.1581       40.11060       567.5688    
  -79.09900       34.33530       45.13861    
  -76.49440       36.20740       116.5110    
  -97.86960       36.31620       69.69640    
  -78.07350       35.21350       29.14639    
  -104.1428       40.13720       318.8791    
  -97.46820       36.57950       49.33526    
  -97.44170       36.57840       81.16891    
  -72.55800       19.33680       27.26271    
  -75.59190       38.93120       177.0525    
  -107.1916       29.53770       86.64822    
  -107.1639       29.53640       669.6012    
  -96.35370       19.50780       150.8848    
  -97.51190       36.55580       232.2754    
  -97.48540       36.55470       217.7224    
  -97.89540       35.66090       53.53841    
  -97.88640       35.63540       1210.036    
  -97.86010       35.63430       947.6673    
  -97.87740       35.61000       490.2037    
  -97.85110       35.60890       390.1896    
  -107.4457       33.62140       367.8278    
  -107.5313       24.84280       125.9347    
  -109.1403       25.79540       38.34508    
  -107.5564       25.27440       192.5724    
  -107.5298       25.27330       386.4768    
  -71.93630       19.47760       58.18688    
  -72.57740       19.33670       31.31117    
  -97.95630       16.31240       108.1806    
  -78.62840       21.67030       43.93492    
  -77.96840       34.89170       94.68473    
  -114.4476       32.71260       76.69016    
  -81.95530       30.31210       204.8381    
  -81.10350       28.37270       9.813371    
  -71.93680       19.45770       30.10142    
  -76.33520       36.35870       23.35836    
  -79.12690       21.83530       46.20682    
  -78.60870       21.67020       50.64444    
  -113.2106       38.70730       1056.651    
  -113.1750       38.70480       1226.182    
  -81.45090       27.29990       89.07168    
  -79.00210       34.62800       35.65231    
  -81.45240       27.32170       522.2187    
  -76.51760       36.20740       136.6664    
  -81.43450       27.67120       30.76559    
  -79.10710       21.83530       35.96789    
  -85.58870       15.86470       118.3832    
  -78.43220       42.09720       48.26105    
  -114.9755       37.48110       301.6391    
  -111.3349       33.76480       161.2758    
  -108.3883       26.54960       62.57881    
  -78.14570       21.28300       9.432268    
  -87.42810       15.72800       14.05444    
  -113.2252       38.68150       2707.156    
  -81.10530       29.01740       338.9198    
  -81.12500       28.99530       331.4369    
  -81.10370       28.99510       485.4945    
  -80.90850       27.64450       51.77196    
  -88.62410       19.40980       40.37382    
  -88.26010       18.98700       129.3478    
  -86.29940       15.75540       164.6881    
  -88.69590       15.62600       38.09121    
  -80.46990       35.65580       45.65234    
  -98.13310       35.74610       221.1074    
  -82.05200       29.65570       355.8281    
  -89.48510       36.88980       61.39346    
  -81.91050       29.76700       51.66343    
  -81.88900       29.76680       60.13168    
  -82.05390       29.67830       291.9105    
  -82.07350       29.65590       332.1350    
  -88.59640       17.23760       17.84614    
  -90.42540       17.12490       38.23386    
  -86.30070       15.77470       214.1906    
  -93.66220       37.30560       583.9388    
  -90.32280       18.81790       87.54242    
  -93.15560       39.37410       143.6649    
  -93.12910       39.37320       107.2491    
  -89.66840       37.04890       46.92362    
  -89.36180       36.88640       66.49236    
  -96.28290       34.72670       75.55766    
  -81.47330       27.32190       241.2394    
  -81.43140       27.32150       282.1639    
  -81.47180       27.30000       47.95718    
  -81.42990       27.29970       71.09058    
  -88.07740       20.58510       59.65868    
  -90.17280       19.11380       84.79033    
  -88.40330       17.96100       29.24605    
  -97.52120       36.58170       101.4267    
  -97.49470       36.58060       122.5458    
  -77.80880       35.46040       123.4635    
  -77.84960       35.33630       346.0278    
  -82.77610       30.27630       148.9438    
  -88.27700       19.36510       244.8042    
  -76.33570       36.38410       110.0116    
  -76.49610       36.28320       39.22934    
  -115.0294       36.19340       112.3193    
  -87.14220       21.36130       51.92958    
  -89.11260       18.46360       15.11704    
  -93.27100       16.23040       17.39401    
  -87.14420       21.38160       49.78963    
  -89.20520       18.58350       116.8605    
  -98.91420       49.32090       59.79144    
  -87.96970       21.10920       83.36788    
  -115.0332       37.51130       813.7666    
  -114.9968       37.50870       314.6324    
  -87.67780       20.43840       106.2391    
  -88.76120       19.95160       94.94682    
  -97.05680       20.06700       92.56485    
  -92.50290       17.88310       39.42044    
  -90.45870       17.83170       29.46096    
  -88.27900       19.38510       131.0515    
  -89.87350       16.18230       159.8173    
  -87.98750       20.30190       64.56471    
  -88.76560       18.81520       67.05193    
  -90.62690       18.44600       120.7640    
  -88.24720       17.99840       28.39007    
  -76.35890       36.38410       25.14996    
  -77.73800       35.41030       352.9742    
  -88.12100       19.82230       24.36670    
  -89.87170       16.16280       126.4647    
  -93.01790       44.73140       98.08485    
  -93.08260       44.67290       56.43238    
  -113.2543       38.63010       900.7404    
  -94.35440       16.50130       44.15280    
  -76.56340       36.18230       363.4745    
  -80.77320       27.49020       28.59516    
  -90.58840       18.46520       299.3508    
  -90.42870       17.92970       128.3954    
  -93.92850       45.66920       176.7294    
  -77.73890       35.43520       65.66552    
  -108.0772       30.17610       501.8645    
  -106.7336       27.49300       27.65878    
  -80.76990       22.66350       31.49539    
  -87.96730       20.30160       6.637523    
  -91.47600       17.49300       42.79910    
  -94.71290       45.42280       54.70978    
  -99.28040       35.94640       272.2357    
  -78.31700       21.08140       13.84205    
  -95.33780       45.63930       42.67455    
  -119.0046       38.27320       1418.810    
  -111.3182       33.78830       437.8747    
  -105.2965       30.27590       346.0877    
  -81.07890       22.46040       18.46627    
  -98.74760       38.40280       31.62694    
  -101.5923       35.97660       354.4595    
  -101.6090       35.95210       463.2941    
  -101.5813       35.95080       102.3569    
  -102.2540       38.07200       385.2561    
  -77.31770       35.18490       24.87434    
  -99.59080       34.61360       284.3451    
  -99.58160       34.58860       871.4233    
  -99.55520       34.58750       368.6619    
  -80.96250       22.91200       16.79289    
  -78.16120       21.12120       41.96254    
  -78.14160       21.12120       295.1089    
  -88.11900       19.80230       132.4494    
  -89.98030       17.29490       90.84491    
  -107.6389       28.67360       238.1502    
  -103.4454       25.44000       32.47761    
  -103.4387       25.41820       234.0038    
  -88.32820       21.03340       42.65644    
  -90.60880       18.46550       324.2215    
  -89.59420       37.04690       90.95329    
  -106.9298       28.19230       142.6210    
  -107.3554       24.49300       36.58802    
  -90.61100       18.48530       58.28147    
  -90.59060       18.48500       208.8306    
  -93.62090       17.90210       28.83632    
  -101.7590       50.30910       353.1203    
  -98.87980       49.31890       99.84189    
  -118.9900       38.29870       262.5274    
  -111.3014       33.81170       116.9722    
  -77.84890       21.18080       12.47162    
  -76.29020       36.43470       77.44810    
  -79.10040       34.35970       187.0682    
  -77.84850       21.16060       12.88505    
  -88.79760       19.91200       103.2162    
  -115.5546       45.70550       344.7107    
  -76.63530       36.28360       190.6222    
  -107.3291       24.49190       32.14371    
  -89.49080       16.35220       55.82795    
  -87.87880       15.73280       34.79026    
  -76.31340       36.43470       417.7534    
  -109.4070       27.81270       387.4987    
  -107.6061       24.75990       49.12855    
  -80.54050       22.45660       16.48183    
  -79.52250       22.36850       14.95217    
  -96.12790       18.08730       20.60230    
  -86.12830       15.81170       88.45977    
  -89.87870       37.10640       129.1491    
  -76.20920       35.80410       27.80276    
  -101.8494       31.49440       32.25758    
  -106.6881       28.58570       180.7430    
  -108.0482       25.25120       35.18408    
  -107.5796       24.75880       50.98896    
  -107.5983       24.73810       41.85918    
  -107.5718       24.73710       45.37329    
  -100.4777       21.10840       16.10155    
  -90.34760       17.92850       28.39007    
  -121.3624       40.55130       347.2892    
  -98.01260       38.18470       820.7436    
  -90.07260       36.88080       29.90434    
  -111.2716       33.76110       111.5409    
  -109.1008       25.96800       25.34838    
  -88.15940       19.80280       65.39471    
  -91.73660       17.45770       24.41498    
  -80.27560       22.76310       25.44395    
  -88.14520       19.86270       33.38330    
  -90.00380       16.92370       80.90248    
  -89.51080       16.35240       47.50700    
  -89.60000       37.07270       622.7531    
  -107.4742       30.12400       246.6716    
  -79.22490       21.81550       14.53874    
  -87.88640       20.50170       62.65314    
  -89.87270       37.08050       139.3067    
  -101.7973       31.35190       27.02696    
  -80.25570       22.76290       269.7690    
  -86.20480       15.79310       54.49753    
  -97.54730       50.91450       117.6929    
  -89.84790       37.07980       77.65481    
  -99.48470       35.65330       261.0234    
  -103.8590       35.15900       535.9500    
  -104.1602       30.20230       37.09841    
  -76.80960       21.11740       23.49626    
  -99.27980       16.73120       24.08825    
  -89.31820       36.91080       204.3004    
  -79.21370       34.36060       122.1274    
  -106.8137       32.79180       41.71921    
  -107.1940       28.31610       27.52676    
  -88.76640       17.35720       179.7153    
  -107.6373       24.84700       27.14818    
  -88.18780       19.68320       32.09933    
  -88.67800       18.53670       89.49626    
  -87.69000       15.82740       52.35757    
  -76.21540       36.15620       255.6414    
  -118.2645       34.69670       130.7026    
  -88.49060       18.67280       67.49153    
  -79.22090       34.48270       76.08734    
  -112.4494       30.65630       97.92791    
  -71.17810       18.15650       230.6507    
  -88.66130       17.94470       19.29312    
  -115.5897       45.73970       415.3067    
  -76.29380       35.40480       108.0870    
  -77.90000       34.89130       28.96283    
  -78.22160       21.18210       14.88326    
  -71.89900       19.41810       7.135073    
  -85.39020       15.78570       80.70757    
  -76.47400       36.33380       251.3629    
  -76.35740       36.30810       31.17906    
  -79.21230       34.33610       121.1582    
  -104.0681       26.52610       188.8159    
  -107.3814       24.34440       31.76474    
  -93.51680       18.21650       16.26134    
  -101.2912       18.14190       28.89167    
  -66.10910       46.96600       89.40766    
  -100.7316       37.78600       75.12259    
  -89.66040       37.22910       92.71033    
  -100.7035       37.78460       474.2822    
  -89.65440       37.20310       126.3699    
  -76.35690       36.28280       12.34346    
  -76.28580       36.20680       323.8423    
  -110.6455       32.44490       179.2650    
  -110.6148       32.44320       211.4181    
  -110.6014       32.41850       448.9931    
  -109.0040       25.72440       37.55268    
  -108.1221       25.44880       36.72583    
  -100.7200       37.75930       266.5480    
  -89.89750       37.08120       95.77657    
  -76.30900       36.20690       82.47809    
  -115.0212       32.09990       90.17159    
  -78.09030       21.42460       140.0275    
  -89.32570       36.83410       57.87936    
  -107.8019       24.93950       35.77594    
  -88.51570       18.93080       7.666279    
  -66.08050       46.96660       61.64730    
  -110.5707       32.41680       108.7868    
  -107.7752       24.93850       64.94202    
  -101.9758       49.75670       41.41130    
  -112.3666       39.42990       1076.684    
  -98.61830       36.70530       56.84580    
  -77.96940       34.91630       121.4813    
  -107.1676       31.76330       21.12365    
  -85.40950       15.78590       72.33049    
  -88.37600       15.31390       17.84614    
  -77.83370       34.94020       84.64919    
  -112.9426       33.34790       298.6639    
  -112.9100       33.34600       302.3700    
  -109.1647       32.36440       37.16442    
  -105.7717       29.67820       31.61946    
  -87.75180       37.61850       163.8997    
  -97.45900       36.55360       67.35366    
  -111.2865       33.78640       112.2689    
  -112.9270       33.32270       169.8209    
  -115.2713       32.18650       48.82644    
  -108.5122       25.70350       54.29636    
  -108.4307       25.70010       46.71692    
  -108.5037       25.68140       35.07214    
  -108.4222       25.67800       37.31644    
  -91.61570       17.10300       67.22943    
  -77.80300       35.88540       119.5427    
  -112.9582       33.37320       87.92719    
  -112.9256       33.37120       713.5536    
  -116.7413       33.55900       126.9663    
  -112.8945       33.32080       220.9842    
  -87.74660       37.59240       118.0326    
  -113.2754       38.65830       1824.024    
  -113.2333       38.60200       354.2502    
  -115.8483       33.91840       64.42713    
  -109.2873       33.42950       44.33368    
  -78.22210       21.20230       16.98484    
  -78.20250       21.20230       15.81347    
  -88.27580       21.11370       6.574005    
  -87.77650       37.61910       95.08752    
  -87.72720       37.61790       111.2800    
  -98.36720       36.95090       157.4456    
  -98.34030       36.94970       68.69729    
  -98.35730       36.92470       68.42168    
  -104.5585       36.68630       246.6716    
  -108.4619       25.91890       254.8940    
  -113.6582       49.20020       56.04369    
  -113.5770       48.31330       234.4602    
  -89.67920       37.20380       50.78225    
  -71.20930       18.43170       21.38770    
  -111.2884       33.73770       54.98750    
  -110.8616       33.42080       636.8926    
  -71.22860       18.43160       25.77010    
  -89.33280       16.58350       53.73113    
  -105.7134       36.69760       31.94952    
  -79.23640       34.36070       125.2776    
  -89.35270       16.58380       64.73945    
  -102.0008       49.79350       32.52269    
  -116.7770       33.56130       114.1337    
  -116.7598       33.58460       106.4104    
  -109.8924       33.29330       27.92282    
  -108.3090       25.52150       31.55803    
  -97.83390       35.63320       99.77299    
  -97.79870       35.60670       46.68497    
  -113.4948       32.96900       84.93107    
  -110.3158       31.10240       282.9995    
  -107.6659       24.99860       92.09708    
  -96.72740       40.25460       22.46270    
  -89.98220       17.31450       6.319938    
  -113.5104       32.99410       39.79338    
  -113.4776       32.99210       44.22764    
  -113.4620       32.96710       61.12656    
  -109.6256       28.67650       43.66655    
  -114.2359       38.35190       781.2184    
  -109.6248       33.39970       33.33576    
  -107.6738       25.02040       87.73776    
  -95.55030       39.11710       150.6939    
  -114.2722       38.35450       268.2976    
  -116.0082       48.35880       320.6156    
  -77.78480       35.43540       37.69049    
  -108.5726       26.40410       46.51606    
  -107.9192       25.11650       64.94202    
  -120.1237       35.98740       97.10278    
  -120.0831       35.98450       71.49036    
  -110.0645       28.83350       343.9947    
  -107.6393       24.99750       41.38130    
  -116.0222       48.25990       75.57377    
  -110.0753       28.85670       43.89759    
