  -97.90110       36.90500       2596.021    
  -98.05080       36.09560       1898.352    
  -101.1659       34.88090       8369.517    
  -101.1558       34.85570       5031.051    
  -97.07290       34.36360       3829.508    
  -82.58620       22.88420       351.7863    
  -98.86660       22.98400       513.3975    
  -78.19480       20.89930       245.4236    
  -101.8803       21.08630       1475.137    
  -103.3442       20.53580       1237.843    
  -90.15690       19.15340       88235.84    
  -88.68650       18.41820       2113.800    
  -93.18470       17.89460       4452.510    
  -92.43390       16.41230       17211.77    
  -93.84530       16.39540       564.3344    
  -92.57760       16.23930       8573.621    
  -91.93070       15.68640       4721.308    
  -93.31990       39.81420       505.8807    
  -97.57430       36.58390       281.8800    
  -81.23090       23.05850       155.5978    
  -98.95700       22.77840       3031.818    
  -99.16600       22.38980       700.5658    
  -77.71210       21.20060       225.5040    
  -98.63830       18.49820       3990.866    
  -93.11510       17.83420       2540.936    
  -96.83410       40.17680       378.0951    
  -95.97470       38.81330       2700.748    
  -97.92780       36.90620       4566.456    
  -97.87430       36.90390       45116.25    
  -97.91820       36.88010       2445.967    
  -97.89140       36.87890       5170.305    
  -98.02460       36.52630       2795.009    
  -82.58490       22.86360       1223.165    
  -80.57160       22.27240       2324.710    
  -98.54000       21.89780       339.5088    
  -77.69250       21.20060       169.8797    
  -101.8366       21.39290       4351.814    
  -101.8131       21.39220       1702.645    
  -77.32070       20.15350       1295.295    
  -90.35530       20.15690       1663.481    
  -101.5876       19.79560       5234.493    
  -96.78320       18.97630       2832.785    
  -95.80410       18.33870       3038.059    
  -96.17660       18.26680       1410.809    
  -94.04100       18.08740       1310.456    
  -92.57550       16.21980       15859.76    
  -91.93270       15.70580       180.4032    
  -81.56510       22.58730       8646.936    
  -98.49680       21.69090       342.7661    
  -96.32100       19.04640       1826.113    
  -96.14620       18.48470       2407.725    
  -96.09100       18.40400       247.1148    
  -93.53460       16.72220       2997.004    
  -98.93930       22.90270       1174.238    
  -90.33470       20.15650       1005.303    
  -102.5613       19.59960       4953.952    
  -96.67170       18.95400       9511.040    
  -88.70850       18.43830       3189.757    
  -98.71510       18.55980       5802.419    
  -96.05130       18.28410       887.0248    
  -97.18170       18.24770       6500.351    
  -95.74060       18.19860       485.5853    
  -102.1974       18.00480       2969.635    
  -78.51960       21.99570       163.8662    
  -78.16430       21.24260       138.3091    
  -77.34010       20.15360       998.9827    
  -97.51130       19.55350       7965.799    
  -98.56430       18.57630       206.3362    
  -95.88950       18.34040       188.6717    
  -95.87440       18.24090       202.9536    
  -96.73510       40.06270       414.5515    
  -98.88030       21.80390       204.0811    
  -96.77190       18.77640       12069.54    
  -96.76860       18.75640       4064.430    
  -96.40690       18.50990       7964.641    
  -96.32960       18.28970       993.9377    
  -96.61560       37.41910       3455.441    
  -98.99460       22.94600       5121.427    
  -81.60400       22.56700       5870.844    
  -96.61100       18.71320       3741.245    
  -99.05420       18.60740       2928.579    
  -98.56780       18.59640       1526.510    
  -96.24130       18.54630       902.2981    
  -96.13990       18.30570       182.2824    
  -122.8216       39.73390       9821.877    
  -98.33320       36.43760       4799.699    
  -98.85260       21.88550       189.4234    
  -96.52710       18.59200       3982.321    
  -96.06420       17.94750       192.4301    
  -98.38960       22.03810       1616.739    
  -98.98000       21.84770       172.8864    
  -98.12140       21.82510       354.7930    
  -104.0108       20.82150       8854.162    
  -96.09710       18.30490       181.9066    
  -96.18880       18.20750       1378.119    
  -100.5127       34.01620       4531.937    
  -115.6354       32.64040       8505.316    
  -98.92470       22.73590       2381.886    
  -75.96300       20.43160       2435.921    
  -103.6771       20.72960       196.1885    
  -103.7765       20.65080       296.9136    
  -96.39360       19.48860       1282.554    
  -96.76810       19.01600       3756.519    
  -96.76340       18.85610       3407.553    
  -96.55180       18.61240       3120.169    
  -96.29950       18.50770       1374.165    
  -96.38190       19.28780       3441.765    
  -92.48470       17.90260       1210.393    
  -96.96020       37.35560       4668.296    
  -82.62380       22.84330       180.0274    
  -98.92010       22.71500       2172.341    
  -99.10270       22.61620       1267.199    
  -78.41950       21.24350       200.8238    
  -96.42200       19.52930       768.3632    
  -96.36660       18.38980       3065.429    
  -98.95750       22.88240       1321.018    
  -99.07150       22.78160       3566.722    
  -102.7055       20.72140       1680.669    
  -75.18440       20.21070       315.7056    
  -103.6360       20.56480       1940.566    
  -90.50900       19.37810       5508.454    
  -103.3380       19.62110       4961.382    
  -96.61970       18.63370       4160.225    
  -96.30840       18.42830       1096.151    
  -98.67530       18.45920       4885.527    
  -96.30530       18.40840       209.7187    
  -95.71890       18.33700       227.0074    
  -98.06810       16.19720       1047.029    
  -98.99450       21.70410       213.4771    
  -104.2014       19.76730       20136.21    
  -96.26220       18.26850       1325.306    
  -96.03920       18.20450       6021.378    
  -95.97210       18.18340       1469.759    
  -99.32210       22.47710       298.4170    
  -104.0874       20.55790       2947.921    
  -96.76480       18.99590       1557.387    
  -96.74180       18.45710       1868.629    
  -96.44040       18.45090       2290.275    
  -96.15530       18.40530       1730.212    
  -92.48230       17.88280       1330.833    
  -98.19520       22.07420       425.7014    
  -98.12980       21.86640       355.5446    
  -98.84450       21.74120       1156.069    
  -96.55510       19.03140       4495.506    
  -96.04360       18.92080       161.6112    
  -94.91450       40.12260       378.0951    
  -97.96980       34.84210       1942.386    
  -103.3996       19.38020       2157.663    
  -96.61330       18.59380       2154.114    
  -96.29630       18.48770       4207.999    
  -95.97490       18.34210       1122.586    
  -96.05740       18.32390       972.7901    
  -98.27680       22.03510       335.2493    
  -103.7528       20.36420       1722.856    
  -103.9468       20.75820       4317.313    
  -103.8124       20.50880       3311.758    
  -90.60440       19.31980       722.3538    
  -96.67830       18.99410       3571.772    
  -96.63260       18.71370       11002.70    
  -98.53520       18.53580       1262.306    
  -99.07620       22.80250       304.4304    
  -80.53180       22.27210       204.6718    
  -96.69630       18.57560       1868.629    
  -103.3521       19.58100       1801.683    
  -81.02320       46.49280       780.6354    
  -90.47040       19.39750       1651.249    
  -96.66280       18.63460       1441.346    
  -96.39480       18.56930       6035.063    
  -107.2765       24.48990       421.3167    
  -98.98440       21.86850       211.9738    
  -96.37530       19.50820       1392.218    
  -96.12770       18.36510       2003.227    
  -98.07090       21.90610       227.0074    
  -104.1115       20.55860       976.4323    
  -92.36630       16.35290       210.4704    
  -107.3551       24.34340       294.6586    
  -99.22980       22.16400       4826.226    
  -96.70510       18.89480       1368.792    
  -107.3627       24.36510       214.2288    
  -81.23200       23.07910       25570.64    
  -103.3475       19.45960       4803.417    
  -84.47060       14.85530       1368.396    
  -99.23890       22.20560       4103.219    
  -99.32580       21.98080       211.2221    
  -103.3143       19.62040       2181.642    
  -96.62840       18.55430       4214.965    
  -99.24370       22.32980       9757.370    
  -79.24690       21.87670       173.4502    
  -96.57980       18.65280       6568.776    
  -96.36390       18.50900       1829.855    
  -92.56370       16.29740       1730.639    
  -79.24760       21.89710       252.0383    
  -96.60130       18.65330       2326.920    
  -99.14390       22.59660       2167.448    
  -99.30290       21.98020       204.4570    
  -90.56640       19.51890       742.3267    
  -96.44360       18.47090       1380.272    
  -93.82470       16.39510       318.0681    
  -104.1584       19.78630       5013.129    
  -104.1534       19.76590       11399.56    
  -96.72540       18.75550       2969.635    
  -96.27220       18.60660       208.5912    
  -96.43410       18.41100       2024.348    
  -90.46340       19.33750       672.4215    
  -81.89010       23.00180       160.8595    
  -98.05130       36.52750       1403.334    
  -99.31270       22.43530       5720.309    
  -96.25860       18.92530       1612.505    
  -92.53250       16.19970       2617.983    
  -103.8982       20.47050       367.5716    
  -98.41090       21.70920       175.1414    
  -98.38840       21.70860       169.1280    
  -99.36850       22.58210       877.6259    
  -99.34560       22.58150       176.6448    
  -99.13930       18.58940       4519.476    
  -104.2835       19.81030       7296.011    
  -99.14290       18.60950       6559.348    
  -103.2906       19.61980       7773.051    
  -98.93830       22.69470       4642.619    
  -81.87000       23.00170       378.0951    
  -92.16520       18.64900       3100.769    
  -88.68840       18.43800       190.1750    
  -92.59800       16.23960       1821.048    
  -92.41240       16.21730       5248.178    
  -99.05330       22.80190       2361.528    
  -92.45530       16.23740       430.3368    
  -80.86910       22.25400       221.7456    
  -92.45740       16.25690       11695.68    
  -98.14690       21.94920       229.2624    
  -92.47570       16.23770       4794.294    
  -92.28400       16.15710       672.7537    
  -92.28190       16.13760       538.5788    
  -103.1940       47.85710       2308.614    
  -75.08730       20.21060       189.4234    
  -93.51690       17.90030       785.6253    
  -102.2042       17.92530       543.0851    
  -99.29410       22.35190       429.2093    
  -98.92810       18.76430       2235.732    
  -98.46830       18.65400       2106.290    
  -99.27120       22.35130       3503.347    
  -94.52780       17.97760       2791.730    
  -90.60270       19.47950       189.4234    
  -98.71940       18.46020       2601.752    
  -92.42960       16.37330       649.9001    
  -71.27010       18.31340       172.8864    
  -81.28610       32.29580       4433.924    
  -99.06550       18.54780       1115.526    
  -89.76330       20.87340       1391.438    
  -92.51270       15.05690       743.6910    
  -80.41600       26.72660       5061.329    
  -80.41480       26.70500       1986.534    
  -80.50990       26.55460       1584.970    
  -79.99010       38.53080       1569.400    
  -80.45520       27.05190       8087.805    
  -80.62980       26.83650       9669.826    
  -80.71440       26.51310       676.1362    
  -80.59020       26.51210       1279.735    
  -80.73000       22.66330       1126.737    
  -80.61470       26.57700       15745.98    
  -80.56950       26.51190       973.4567    
  -104.2064       19.78770       2050.301    
  -96.32390       17.26190       3006.243    
  -80.45650       27.07370       1240.660    
  -80.92820       26.62270       7371.626    
  -76.05880       20.25130       197.8172    
  -91.36630       14.84900       421.2750    
  -81.82800       33.15540       1599.900    
  -80.64920       26.81500       5282.901    
  -80.49650       26.68400       1530.118    
  -80.92290       26.53630       2295.691    
  -90.53880       19.45850       2745.966    
  -100.5751       34.04330       25567.56    
  -81.19100       26.84120       3415.339    
  -81.17020       26.84100       668.9953    
  -80.99840       26.75300       3499.930    
  -99.21690       18.65110       3886.526    
  -69.12210       48.03610       1286.480    
  -84.49630       31.21850       1478.571    
  -81.12720       26.81900       8554.208    
  -81.10640       26.81880       810.3111    
  -81.18270       26.71130       4691.245    
  -81.16190       26.71110       19802.12    
  -80.62220       26.70660       1404.138    
  -80.80760       26.68650       13780.75    
  -80.78690       26.68630       10457.55    
  -80.62090       26.68500       1379.333    
  -80.80630       26.66490       1056.111    
  -80.78560       26.66470       1162.473    
  -80.79190       22.70480       360.5058    
  -96.64020       18.89340       6931.427    
  -92.43180       16.39280       32792.05    
  -91.44510       39.20660       494.6055    
  -97.99290       33.93580       1931.066    
  -80.62850       26.81480       1674.743    
  -82.92150       22.78430       3510.483    
  -96.75820       18.95580       12685.95    
  -77.70570       34.57100       6462.702    
  -81.31400       32.36670       9387.875    
  -80.20280       22.47490       437.9684    
  -78.19530       20.91950       361.3076    
  -103.5370       19.36390       3722.307    
  -78.17570       20.91940       365.3165    
  -90.27770       18.77750       1592.538    
  -96.48490       18.73050       3544.402    
  -90.91080       18.07490       1720.993    
  -88.78280       17.31820       260.0813    
  -89.96180       16.90360       385.4239    
  -92.50030       15.13390       2801.047    
  -83.06110       29.62260       534.4445    
  -81.22370       27.34140       1074.902    
  -98.82110       21.84350       335.4372    
  -87.95320       15.42490       246.5510    
  -77.70480       34.54650       5136.608    
  -101.8737       21.35290       3091.617    
  -81.03590       26.68840       4359.932    
  -81.01520       26.68820       13329.14    
  -101.8972       21.35360       3787.097    
  -104.3306       19.71020       3263.195    
  -71.24780       18.43160       356.2964    
  -96.57660       18.63280       3090.345    
  -78.30560       34.79520       2262.514    
  -82.01440       33.22930       1004.008    
  -84.49910       31.24170       2033.695    
  -80.47730       27.07380       2189.953    
  -95.51840       18.27360       1436.863    
  -92.69690       15.27180       366.4977    
  -88.67570       42.49270       217.9872    
  -76.89680       42.00210       1666.143    
  -81.11900       32.98040       956.9294    
  -80.93660       32.64620       9285.238    
  -84.63790       30.73690       3640.197    
  -83.05900       29.60000       2372.057    
  -96.32640       18.94670       7964.641    
  -92.57540       15.07710       5018.896    
  -92.55520       15.07680       820.0829    
  -86.75610       30.86560       13798.99    
  -82.58680       30.34230       16508.30    
  -78.90900       21.81400       242.0410    
  -98.36710       22.03750       259.1793    
  -62.34220       50.75440       5829.788    
  -78.76670       37.00820       1375.912    
  -83.69760       30.76880       2276.893    
  -82.56500       30.34200       49039.53    
  -96.49360       18.65100       1477.583    
  -96.38600       18.64880       2199.672    
  -95.95070       18.18290       432.4039    
  -92.71720       15.27210       2016.072    
  -79.73050       34.29160       3814.379    
  -79.46680       33.68360       7280.394    
  -79.19320       33.60920       2335.005    
  -81.44720       32.36820       5906.058    
  -81.42500       32.36800       10898.07    
  -81.44530       32.34460       4758.213    
  -81.42310       32.34440       4180.177    
  -81.08850       32.31720       5911.898    
  -81.29630       22.79090       733.5645    
  -80.79300       22.72540       503.6256    
  -80.77300       22.72530       472.0551    
  -80.77200       22.70470       441.2362    
  -83.05250       22.64150       334.3097    
  -98.79840       21.84290       5293.589    
  -78.23610       41.35600       1488.780    
  -101.9220       35.41400       4330.004    
  -107.3927       24.30220       553.2365    
  -81.31640       22.79100       864.2816    
  -90.64070       19.28050       4205.305    
  -104.5745       19.53490       1624.568    
  -92.41140       16.39250       4266.019    
  -77.12300       34.78930       5795.011    
  -81.31520       22.77040       784.5660    
  -81.29520       22.77030       666.5254    
  -78.04980       36.23940       2510.732    
  -77.10030       34.78920       14784.27    
  -77.68210       34.54640       6148.354    
  -90.44570       17.51710       2719.256    
  -75.65870       40.64590       1254.758    
  -80.40480       32.66460       21524.85    
  -82.56710       30.36490       8173.683    
  -80.68060       26.64230       532.1895    
  -82.10360       22.87990       302.6034    
  -81.56030       22.85470       464.5383    
  -77.85500       21.44410       5952.953    
  -89.18360       21.00590       3215.963    
  -78.62690       34.84640       4384.337    
  -78.30450       34.77060       6097.193    
  -79.85720       33.47030       1497.956    
  -82.58890       30.36510       23670.59    
  -82.58470       30.31950       7837.596    
  -81.92760       27.52280       2641.941    
  -81.12500       22.95440       236.0275    
  -80.87730       22.41790       372.1608    
  -77.99860       20.87850       7586.025    
  -77.99810       20.85830       408.1623    
  -95.84010       38.35630       5481.149    
  -97.17470       35.05790       33935.92    
  -78.05000       34.13380       3065.616    
  -82.54330       30.34180       7912.034    
  -82.56300       30.31920       23199.01    
  -82.39850       22.77940       223.2490    
  -82.81950       22.76270       1590.114    
  -98.96150       18.70510       793.3984    
  -98.93940       18.70460       367.5716    
  -98.95790       18.68510       6481.820    
  -98.93570       18.68460       3310.211    
  -90.51860       18.38500       818.8895    
  -92.45430       16.41260       1619.864    
  -74.74310       39.68490       6033.442    
  -101.9328       35.43950       5371.441    
  -78.32720       34.77070       4724.074    
  -82.17290       23.02490       352.9138    
  -81.58040       22.85490       478.0685    
  -80.58860       22.21110       747.3579    
  -79.37140       22.04050       1238.121    
  -102.1855       20.19720       3948.591    
  -90.62660       18.62420       768.9573    
  -105.9691       37.61770       9614.075    
  -77.10100       34.81380       12159.83    
  -100.6017       34.04450       17086.80    
  -96.47140       18.51120       5227.651    
  -105.9995       37.61950       12505.64    
  -77.26560       34.98690       2804.824    
  -81.65340       32.70130       2453.123    
  -77.57320       21.11930       288.6452    
  -94.80980       16.48950       1797.510    
  -74.52040       40.01210       3603.235    
  -121.4289       40.61240       12248.31    
  -98.81000       36.79050       395.7596    
  -77.24290       34.98680       6854.450    
  -81.94870       27.52300       544.9680    
  -82.04850       27.17500       3591.212    
  -90.38820       19.03750       2700.710    
  -98.45620       17.02880       5350.083    
  -98.45300       17.00900       6301.520    
  -91.82330       15.82050       1213.221    
  -74.49810       39.73950       5199.185    
  -77.07830       34.81370       15756.59    
  -77.07760       34.78910       12103.05    
  -81.59880       29.06700       21031.03    
  -81.57750       29.06680       22439.52    
  -81.59720       29.04460       7049.161    
  -81.57580       29.04440       19091.03    
  -82.21580       23.06660       1066.600    
  -87.86620       15.30840       701.3175    
  -81.52280       31.94640       5241.188    
  -90.60910       19.35980       269.3520    
  -92.04020       18.13210       405.8344    
  -77.72840       34.57110       5192.261    
  -79.18910       33.53710       988.6594    
  -81.55500       33.36750       26966.06    
  -81.53250       33.36730       14660.30    
  -80.42710       32.66480       60163.84    
  -80.38260       32.66440       35197.70    
  -81.91150       27.30430       2588.489    
  -81.84120       22.85700       4817.103    
  -79.39120       22.04060       1928.011    
  -79.39050       22.02020       837.4955    
  -79.37070       22.02000       649.3764    
  -90.01010       20.01070       2355.641    
  -86.73040       30.84210       20431.63    
  -94.00410       29.69420       2671.972    
  -80.58950       22.23160       6466.139    
  -91.70300       18.22550       4651.960    
  -77.05560       34.81360       19383.83    
  -80.17770       22.80360       337.1627    
  -89.70770       20.75120       1923.831    
  -104.3237       20.54460       3673.214    
  -105.4451       37.95480       2421.866    
  -86.73380       30.86520       20459.00    
  -81.55620       29.06650       9573.168    
  -81.55450       29.04420       14861.86    
  -81.13720       27.29700       3855.707    
  -82.74180       22.80320       315.7056    
  -99.14780       22.41000       537.4513    
  -77.57370       21.13950       490.7011    
  -76.85630       20.29260       246.5510    
  -90.37080       19.59570       3100.679    
  -98.89110       18.80340       317.1339    
  -90.44780       17.53670       2073.854    
  -93.08830       16.59790       3684.280    
  -92.46710       16.15980       1899.934    
  -77.05480       34.78900       5858.722    
  -79.14430       33.53670       1631.302    
  -81.22020       33.12460       2240.080    
  -82.21470       29.02880       2484.844    
  -80.49770       26.70560       1015.520    
  -79.52720       22.49150       2370.004    
  -75.63380       40.64580       2550.637    
  -74.30310       39.65820       2786.738    
  -74.89040       39.41420       3828.942    
  -81.54490       31.94670       3858.235    
  -82.21660       29.05120       2315.663    
  -80.47700       26.70550       4718.948    
  -80.47580       26.68380       482.5786    
  -78.21950       21.85180       296.9136    
  -90.38600       19.01760       2461.584    
  -88.58870       18.02250       7075.120    
  -107.8888       48.35690       2348.477    
  -78.46020       34.69790       19918.45    
  -81.67950       22.83510       650.2033    
  -81.65940       22.83490       500.6189    
  -82.68000       22.78200       251.8128    
  -79.89400       22.22720       214.9805    
  -78.35760       21.85230       13712.32    
  -96.87470       20.02250       216.4838    
  -90.36850       19.57570       2732.321    
  -90.55840       18.92090       2246.887    
  -93.01080       16.63570       4292.485    
  -90.29500       15.12430       6787.735    
  -114.6154       50.32960       12364.47    
  -76.34640       35.75430       7130.533    
  -78.02240       34.01230       3864.378    
  -78.37730       21.85240       555.9927    
  -78.35700       21.83200       589.3171    
  -88.97700       21.34770       1956.375    
  -101.9857       20.74160       2480.578    
  -98.88740       18.78340       1917.923    
  -93.48550       18.13680       172.1347    
  -90.75320       17.93450       4191.378    
  -96.11280       17.98800       2220.499    
  -93.69370       15.98420       2447.568    
  -75.91540       42.72130       1854.256    
  -81.21140       27.47220       3415.076    
  -99.32580       22.18730       5617.672    
  -88.97470       21.32740       1290.004    
  -90.71170       18.11130       1368.058    
  -90.75110       17.91480       2968.213    
  -114.2161       49.97690       9241.082    
  -97.14890       35.05690       14706.35    
  -77.68300       34.57090       7532.197    
  -81.65800       26.37050       7188.943    
  -77.43030       20.81630       650.2033    
  -77.42990       20.79620       8963.643    
  -90.50670       19.35810       3385.061    
  -91.70530       18.24530       3037.170    
  -107.4753       45.08150       3977.732    
  -104.3184       20.52400       3488.399    
  -90.32250       18.99670       4170.934    
  -121.8709       41.12480       10299.42    
  -101.9052       35.43820       3129.523    
  -119.1395       35.58660       581.8004    
  -80.75100       22.68400       401.0213    
  -80.73100       22.68380       495.9418    
  -100.9351       21.90230       11171.16    
  -89.66160       21.05410       1727.109    
  -101.4677       20.70660       1674.893    
  -99.01320       18.74630       4310.759    
  -96.14930       18.50460       344.2694    
  -107.4394       45.07900       3028.556    
  -75.57800       42.51720       1660.769    
  -98.59080       38.68760       350.7840    
  -120.4172       36.85750       928.8080    
  -81.95430       30.03920       16708.20    
  -81.95250       30.01650       27094.76    
  -81.65660       26.34900       4469.178    
  -80.67900       22.43700       403.3789    
  -91.53200       17.80850       200.6986    
  -100.0493       25.53830       3145.311    
  -81.19620       22.79010       268.7256    
  -90.13650       19.15310       13967.18    
  -93.57660       18.03960       230.3900    
  -95.97730       16.60780       384.4092    
  -96.21680       16.04580       5282.390    
  -119.7277       36.26560       535.1962    
  -81.97590       30.03950       19272.22    
  -81.97410       30.01680       23226.04    
  -79.41100       22.04070       978.3887    
  -89.72820       20.75150       5483.104    
  -75.72960       20.45140       413.6746    
  -101.5282       20.46370       3678.139    
  -90.48370       19.85780       373.5850    
  -90.17730       19.15370       11558.65    
  -90.72180       18.56620       8539.409    
  -90.71960       18.54640       1671.067    
  -93.01300       16.65530       5612.682    
  -80.20180       34.54010       1314.676    
  -100.3973       34.67340       24521.16    
  -90.41230       30.80770       8566.778    
  -82.86130       30.02720       4285.916    
  -97.58210       29.10630       319.4640    
  -80.69920       28.65730       8595.390    
  -80.69780       28.63510       22388.58    
  -82.87420       22.68090       1247.709    
  -79.99850       22.35070       389.3703    
  -79.99770       22.33020       450.2564    
  -102.1436       21.11440       1153.689    
  -90.24040       20.39650       202.9536    
  -90.15470       19.13340       12174.30    
  -98.74150       18.46070       6609.831    
  -92.04260       18.15190       309.6922    
  -91.80310       15.82020       793.0225    
  -109.7227       44.81320       7889.375    
  -75.19210       42.37210       1553.276    
  -97.94500       36.09120       5487.933    
  -119.7035       36.23820       524.6727    
  -79.74180       33.06260       8687.405    
  -81.69950       31.94840       4651.019    
  -82.86340       30.05000       4162.555    
  -81.93080       30.01630       14636.05    
  -81.97220       29.99410       41605.67    
  -81.95060       29.99380       25950.09    
  -80.72040       28.65750       5945.272    
  -80.43680       26.72680       4879.812    
  -80.43550       26.70510       790.0157    
  -82.30460       22.88160       1709.984    
  -89.82340       19.98770       3842.482    
  -88.95050       16.07390       652.4486    
  -88.01800       15.50270       1358.108    
  -109.6627       44.87000       7464.366    
  -95.25980       40.10930       1417.812    
  -79.74330       33.08650       19531.16    
  -83.66600       31.09060       317.9606    
  -81.79310       30.97460       2971.250    
  -81.13860       27.31880       4511.032    
  -80.87830       22.43840       3735.386    
  -98.87980       18.98320       5172.911    
  -92.15140       18.37130       2168.794    
  -90.69550       17.77620       3160.002    
  -116.4187       52.13180       11435.19    
  -95.26980       40.13720       2437.698    
  -95.23240       40.10820       1259.064    
  -75.86270       35.72830       6905.433    
  -82.15740       22.77730       757.9440    
  -91.57770       18.20370       361.5939    
  -93.49330       18.03810       1149.020    
  -89.64350       15.38620       1071.880    
  -96.47320       39.80520       500.9948    
  -119.5296       36.63690       691.0194    
  -119.6000       36.46170       877.3986    
  -119.0196       35.04880       689.2905    
  -80.53060       26.55470       2000.221    
  -81.33980       22.85300       1223.083    
  -78.30060       21.20260       4885.527    
  -90.74560       16.31030       1357.694    
  -104.6273       45.25940       2612.680    
  -98.42830       36.33990       9834.013    
  -120.0422       36.70030       580.1467    
  -97.48030       26.73370       8697.519    
  -82.17750       22.77750       650.0154    
  -82.15610       22.75670       4400.132    
  -81.38960       22.66810       2907.014    
  -79.84970       22.59600       279.2492    
  -89.84390       19.98800       2914.149    
  -89.82110       19.96760       4536.348    
  -99.15760       18.68970       2641.451    
  -90.60680       17.89290       2987.740    
  -81.51290       30.46700       4897.465    
  -81.08850       22.64530       882.7764    
  -78.23920       21.85190       211.2221    
  -101.8922       21.33290       8220.094    
  -101.8687       21.33220       3434.647    
  -89.84160       19.96790       1441.379    
  -90.64610       19.50010       4495.506    
  -90.77170       18.82490       3369.305    
  -90.75120       18.82450       8607.834    
  -90.76940       18.80500       5872.265    
  -90.74890       18.80470       3798.183    
  -93.49590       18.05790       195.9379    
  -121.2317       38.07220       10578.47    
  -100.4069       34.69850       11192.45    
  -100.3802       34.69730       10403.02    
  -100.3705       34.67220       12456.71    
  -81.06820       27.84330       2070.263    
  -82.69530       23.00900       2873.378    
  -81.34100       22.87360       879.2778    
  -81.35990       22.85310       6413.831    
  -77.86070       20.83770       583.3037    
  -77.86030       20.81760       532.1895    
  -96.70310       17.09210       528.0652    
  -90.44720       16.53970       1595.188    
  -94.05250       40.58440       497.6122    
  -97.55850       39.44580       771.5057    
  -97.54770       39.41830       5639.363    
  -100.6004       39.42850       336.7527    
  -98.40160       36.33880       27013.90    
  -75.83970       35.72820       19697.49    
  -78.02140       33.98800       3485.932    
  -79.32790       33.22650       4796.931    
  -81.92900       29.99360       16401.41    
  -80.82470       22.56120       833.8636    
  -80.84360       22.54080       578.9816    
  -80.82360       22.54060       1047.842    
  -80.79350       22.33530       2739.889    
  -100.8891       22.29390       6855.896    
  -78.33950       21.91340       776.4049    
  -103.5968       20.50240       6377.245    
  -103.5917       20.48190       10122.95    
  -90.19000       19.97340       4489.966    
  -98.77780       18.54130       4095.156    
  -98.75570       18.54080       8883.183    
  -96.30220       18.38850       1462.710    
  -93.67810       18.02160       2819.100    
  -93.27130       17.26630       4858.157    
  -93.03130       16.63600       4769.880    
  -90.06630       16.53460       1945.207    
  -90.22500       14.77720       7077.400    
  -90.20520       14.77690       2495.061    
  -96.56210       39.10570       3289.824    
  -96.67930       38.84290       1957.064    
  -75.86300       35.75330       8839.810    
  -75.84000       35.75330       5602.403    
  -119.6735       36.54430       759.1968    
  -81.08960       22.66580       784.4095    
  -80.74990       22.66340       490.6592    
  -80.84460       22.56130       495.7329    
  -79.39270       22.08140       732.1364    
  -88.91070       20.39580       1185.060    
  -90.48080       16.67650       233.7725    
  -75.93890       36.25660       6743.667    
  -86.04430       30.53120       799.6623    
  -80.79450       22.35580       1069.084    
  -80.28490       22.08650       2779.369    
  -88.90850       20.37560       1862.242    
  -120.0598       37.01250       7107.883    
  -99.58870       32.96240       13097.65    
  -99.56290       32.96130       17437.44    
  -81.83100       23.02200       3325.480    
  -81.10960       22.66600       3012.655    
  -81.10850       22.64540       512.6458    
  -79.65110       22.10320       510.3907    
  -79.39350       22.10180       470.0506    
  -79.65030       22.08280       766.2842    
  -79.41250       22.08150       537.4513    
  -100.9124       22.29460       3352.262    
  -100.8841       22.27310       4075.425    
  -89.99220       20.55380       1917.923    
  -89.97160       20.55350       1861.120    
  -90.35030       19.59540       3713.876    
  -102.6544       19.80450       8019.380    
  -90.15920       19.17330       13010.25    
  -91.58000       18.22350       564.5117    
  -93.71330       16.66650       8696.762    
  -93.71090       16.64690       13167.87    
  -94.51770       35.68110       6076.118    
  -118.9809       35.04610       11560.07    
  -81.06960       22.66570       2098.901    
  -81.06850       22.64510       2322.713    
  -95.51760       18.55160       240.5376    
  -91.70720       18.08730       241.7403    
  -89.92650       17.15710       1900.466    
  -94.64410       40.58040       394.3313    
  -93.93540       39.18770       1024.973    
  -119.6490       36.51680       607.8586    
  -119.3168       35.75130       655.5276    
  -85.93670       30.55220       8689.943    
  -80.50640       26.85720       823.4655    
  -80.16500       22.06540       2067.119    
  -101.9446       19.32060       3646.422    
  -92.46930       16.17930       6330.267    
  -92.24320       14.78360       2137.590    
  -92.22300       14.78330       4803.417    
  -96.98530       38.29830       1996.205    
  -80.48690       26.87870       5752.802    
  -80.48560       26.85700       22215.38    
  -103.1751       23.78850       14008.38    
  -103.1691       23.76720       4936.123    
  -81.28960       22.66730       748.6320    
  -80.30050       22.43450       204.4570    
  -93.52460       17.95970       1730.579    
  -96.75260       16.99480       6163.180    
  -93.28490       16.69870       1034.151    
  -92.45210       16.39310       756.1901    
  -92.44680       16.15950       62021.01    
  -73.96260       42.34440       1048.058    
  -96.83900       39.19830       4794.806    
  -80.77030       32.50260       4242.961    
  -81.06820       32.34060       1822.516    
  -82.28580       22.90210       278.8733    
  -81.33410       22.75000       336.7527    
  -81.67230       22.71150       2765.440    
  -80.81190       22.70500       280.3766    
  -78.35930       21.91350       607.4828    
  -78.21900       21.08100       1945.626    
  -76.82530       20.85520       266.3766    
  -102.1474       21.03260       2077.423    
  -101.4871       20.99320       5842.107    
  -102.2113       20.80930       3475.301    
  -88.80980       18.24220       945.3846    
  -105.8251       39.44400       5227.149    
  -98.43790       36.36580       11776.63    
  -98.45500       36.34110       10411.58    
  -80.50390       26.81380       782.1231    
  -80.48320       26.81370       7968.919    
  -98.64940       27.09860       4638.242    
  -97.48570       26.75570       19955.76    
  -80.81300       22.72550       217.7993    
  -83.13010       22.60110       196.1885    
  -79.67010       22.08290       476.5652    
  -78.35980       21.93390       511.8941    
  -78.34010       21.93380       4474.337    
  -78.35870       21.89310       629.1561    
  -78.33900       21.89300       838.1233    
  -101.4823       20.97260       17270.40    
  -90.93550       18.11470       1378.131    
  -92.47270       17.80380       1811.262    
  -93.28260       16.67910       6137.492    
  -88.45160       15.27620       320.9673    
  -79.76560       33.08670       25032.51    
  -81.69230       22.71160       744.9150    
  -80.45050       22.66140       4953.952    
  -80.28220       22.02520       3246.694    
  -101.4638       20.99260       15658.32    
  -89.36230       20.24170       862.1641    
  -90.17960       19.17360       6059.185    
  -94.04370       18.10720       151.8394    
  -90.67730       17.79560       1258.294    
  -93.83900       40.10730       263.8397    
  -81.86000       22.83660       2465.459    
  -81.84000       22.83640       432.5919    
  -78.68020       22.07800       430.7127    
  -101.4590       20.97200       742.2840    
  -102.2161       20.82990       4264.118    
  -90.17510       19.13370       7578.800    
  -90.77850       18.88460       629.1468    
  -92.84650       18.32360       2550.263    
  -93.60780       18.11920       690.8220    
  -93.68330       18.06120       198.4436    
  -95.75360       17.27080       2093.556    
  -93.28720       16.71820       4727.778    
  -93.26430       16.69830       16152.15    
  -93.26200       16.67880       6818.861    
  -95.03360       41.21060       245.0477    
  -93.68410       40.84800       419.4375    
  -96.82190       39.22440       9236.055    
  -84.56520       30.30110       5210.608    
  -80.98650       22.21390       1238.090    
  -98.11290       21.78370       439.3570    
  -90.03240       19.85060       2557.577    
  -90.15240       19.11350       5422.961    
  -91.73890       18.00880       1630.676    
  -92.46500       16.14040       7584.197    
  -109.2849       51.56280       2020.668    
  -95.02320       41.18210       1492.085    
  -93.92670       39.16050       531.1833    
  -96.46720       38.40860       2221.267    
  -96.44020       38.40750       3832.583    
  -76.61460       21.17770       368.0100    
  -102.1715       20.23740       7962.080    
  -90.13430       19.13310       15106.48    
  -90.17280       19.11380       6062.268    
  -82.26180       27.76720       2040.745    
  -104.5306       24.06820       33623.92    
  -104.5056       24.06740       31092.21    
  -104.5241       24.04680       20500.06    
  -104.4991       24.04590       22355.02    
  -81.30960       22.66750       531.4379    
  -100.4090       21.00420       284.8867    
  -102.6075       19.80320       9374.191    
  -93.61820       18.04030       942.0558    
  -88.77000       17.39640       10207.17    
  -92.44460       16.14010       4528.300    
  -96.30780       39.58060       1404.554    
  -122.4209       39.75570       27311.90    
  -102.7147       38.14860       4148.456    
  -102.7017       38.12160       650.2033    
  -80.89870       27.81980       2182.110    
  -82.08090       22.83850       616.7289    
  -81.51020       22.32010       1529.772    
  -80.27050       22.20910       318.7124    
  -79.50690       21.95960       587.8138    
  -89.79170       20.06750       675.7503    
  -98.94270       18.96470       8970.243    
  -93.52720       17.97940       332.9943    
  -122.3414       39.72180       19673.38    
  -94.92890       35.79640       4693.938    
  -84.01330       30.24730       3318.833    
  -80.48190       26.79200       705.8275    
  -98.50140       26.98430       2847.528    
  -101.9321       21.10830       2040.239    
  -101.9086       21.10760       6997.897    
  -101.9037       21.08700       2544.183    
  -101.5104       20.99390       11323.49    
  -101.9333       20.41390       2436.544    
  -89.41350       19.60090       1599.084    
  -90.13210       19.11320       2549.875    
  -98.96490       18.96520       14383.81    
  -98.93900       18.94460       7127.336    
  -93.49070       18.01830       296.9136    
  -88.76820       17.37680       6455.161    
  -96.81160       39.19710       1247.037    
  -96.95830       38.29710       1805.391    
  -97.95420       36.11690       934.1235    
  -84.56260       30.27830       9433.263    
  -100.0436       25.51660       2578.432    
  -82.98920       22.59980       263.0880    
  -83.16310       22.49870       1166.650    
  -80.81440       22.35600       791.0181    
  -80.77460       22.35570       11472.55    
  -80.53080       22.25170       9716.314    
  -103.6993       20.62800       7752.525    
  -102.1201       20.21570       4464.457    
  -89.61270       19.56390       1660.570    
  -95.90810       18.73860       4234.871    
  -93.69020       16.64660       29717.59    
  -94.33980       16.38400       2191.911    
  -92.44890       16.17900       11668.70    
  -92.42640       16.15920       12491.79    
  -95.60210       40.67580       672.7537    
  -84.09880       30.43100       1905.509    
  -81.80770       26.43650       1325.250    
  -77.64400       20.75650       257.0746    
  -102.0801       20.84640       9996.100    
  -95.88670       18.73810       6713.221    
  -100.5445       18.24350       2435.105    
  -88.75010       17.39610       9883.032    
  -92.31520       14.90000       6130.858    
  -94.03140       40.91750       695.6800    
  -80.74580       28.06040       909.3472    
  -80.82980       22.66400       351.8441    
  -77.43110       20.85660       248.8061    
  -102.1524       21.05320       8580.464    
  -102.1288       21.05250       2108.736    
  -102.1239       21.03190       1712.431    
  -102.1084       20.86770       13065.71    
  -102.0849       20.86700       8787.217    
  -102.1035       20.84710       5056.913    
  -93.59740       18.03990       316.7392    
  -88.79000       17.39660       2789.551    
  -88.74830       17.37650       2659.727    
  -100.7051       41.82120       3341.687    
  -98.74640       35.57120       1949.105    
  -81.95290       23.04370       1001.369    
  -81.95170       23.02300       625.2475    
  -82.35280       23.00590       221.3698    
  -81.60630       22.60810       5241.629    
  -102.0614       20.86640       3508.037    
  -102.0566       20.84580       12045.49    
  -96.68980       16.85620       2015.776    
  -93.73150       16.64730       3307.438    
  -91.19150       15.32840       2616.239    
  -95.62980       40.67690       759.1968    
  -97.20890       35.08410       3115.852    
  -82.26350       27.78920       4146.925    
  -80.29880       26.85550       1531.777    
  -82.24560       22.90170       220.2422    
  -82.97200       22.64070       840.0024    
  -80.79550       22.37630       24112.88    
  -78.10490       21.22210       282.6317    
  -90.76550       18.23060       2086.802    
  -88.74390       18.18210       960.6471    
  -100.5670       18.24410       808.0561    
  -90.48170       16.48180       659.1062    
  -114.8922       42.47000       4854.741    
  -74.25190       39.84860       1875.088    
  -82.97340       22.66130       867.4387    
  -79.30400       21.81590       1046.807    
  -90.95590       18.11500       2061.877    
  -96.40100       39.82940       573.5319    
  -80.88920       26.32070       1298.816    
  -81.97180       23.02320       653.2099    
  -82.48970       22.94520       189.4234    
  -88.25080       18.03780       1429.554    
  -90.76060       17.81650       1368.058    
  -92.31320       14.88080       1559.049    
  -92.29300       14.88050       300.4214    
  -110.4692       44.47240       9077.601    
  -97.57540       39.41960       552.4849    
  -77.77370       34.57130       2972.248    
  -81.83380       22.73340       248.9940    
  -102.4290       20.04150       2705.641    
  -88.74580       18.20190       203.7053    
  -91.22230       17.58740       954.0685    
  -90.48200       17.47830       1859.949    
  -93.73390       16.66690       8929.430    
  -93.69260       16.66620       25952.46    
  -94.34220       16.40360       7225.653    
  -93.31910       16.11440       2731.114    
  -89.30530       15.82640       1096.430    
  -109.3003       45.11980       2710.534    
  -110.1723       44.84640       7845.201    
  -100.6749       41.81960       4273.738    
  -82.50570       22.88350       177.3965    
  -80.86030       22.87000       730.7833    
  -80.84030       22.86990       658.9728    
  -78.45800       21.91390       271.3565    
  -76.25640       20.59260       260.0813    
  -90.03470       19.87070       1151.771    
  -102.4478       20.02170       4660.780    
  -90.34800       19.57530       2858.076    
  -93.37890       18.11520       778.9437    
  -90.66350       16.89370       1337.308    
  -100.6895       41.84890       5088.366    
  -95.85450       41.41490       341.2628    
  -98.07770       38.21400       1590.114    
  -81.97300       23.04380       653.9617    
  -80.85920       22.84940       623.5186    
  -82.95180       22.64050       777.2372    
  -76.25620       20.57250       159.3562    
  -102.1250       20.03310       5557.734    
  -91.21890       16.80390       2281.510    
  -97.19230       39.13300       263.8397    
  -97.56020       36.25250       2565.851    
  -82.29110       22.98470       1360.159    
  -81.29070       22.68790       810.3111    
  -77.56950       19.95430       413.4240    
  -98.42650       18.91270       411.0688    
  -94.47910       16.50340       2444.996    
  -92.42430       16.13980       9877.113    
  -89.50980       15.44250       3448.608    
  -96.94490       38.90780       3499.882    
  -82.02700       22.94110       1198.365    
  -82.00690       22.94090       274.3632    
  -81.36100       22.87380       6304.783    
  -81.35870       22.83250       13014.39    
  -81.33870       22.83240       13219.66    
  -102.6720       20.67960       6222.090    
  -96.65570       17.34700       1585.222    
  -96.35130       39.04310       1379.730    
  -95.49170       38.87360       2076.445    
  -97.56930       36.27820       504.8283    
  -91.20070       16.82320       1788.853    
  -96.37340       39.82820       363.8132    
  -81.82260       29.74350       2197.109    
  -81.98810       22.96140       218.3630    
  -81.41190       22.70940       295.4103    
  -97.82380       17.13390       3800.024    
  -90.05150       16.37880       735.6690    
  -110.5635       44.63130       6918.503    
  -97.59230       39.39330       657.9707    
  -105.4016       36.98910       1927.708    
  -94.74080       35.83980       1208.938    
  -78.45970       21.97500       155.5978    
  -78.08530       21.22210       245.7994    
  -88.71520       18.30010       302.9270    
  -99.59960       18.32090       5099.925    
  -79.84680       22.04310       233.0208    
  -98.05580       22.04990       1581.817    
  -102.8602       20.58290       5348.108    
  -102.8553       20.56240       2264.925    
  -98.18000       19.00720       614.4951    
  -99.09450       18.82820       1905.509    
  -96.52390       18.57200       3319.372    
  -96.52070       18.55200       2023.122    
  -95.54220       18.43280       278.8733    
  -94.57470       16.60270       1291.662    
  -95.99930       38.28350       281.1283    
  -84.58450       30.27860       26250.47    
  -83.35690       22.39800       1245.910    
  -79.39200       22.06100       1404.514    
  -89.45420       19.60150       1437.606    
  -99.26890       18.57250       1413.979    
  -92.86720       18.32400       5911.898    
  -80.51040       22.66180       234.9000    
  -77.55410       21.13950       145.0742    
  -92.92690       18.30520       4100.011    
  -98.23940       37.59220       6647.465    
  -82.76610       22.86530       6181.036    
  -81.37530       22.77090       1025.012    
  -92.92430       18.28530       2043.676    
  -93.50890       18.15700       185.6650    
  -100.1403       22.25150       2191.030    
  -90.69010       19.00250       163.8662    
  -98.62260       18.65750       9141.548    
  -93.66960       16.64630       4745.450    
  -95.43810       39.32780       2240.838    
  -95.03520       38.77520       1908.137    
  -84.58190       30.25580       11303.92    
  -99.05570       23.11460       9582.507    
  -79.41180       22.06110       1271.091    
  -101.0344       22.31890       5957.423    
  -78.29950       21.89290       946.7295    
  -95.50530       18.61100       1101.438    
  -93.73630       16.68640       5643.238    
  -93.71570       16.68610       12959.65    
  -107.3229       40.30060       397.6387    
  -97.89080       37.16220       252.5645    
  -97.02990       34.92830       2513.848    
  -115.6150       35.69860       6550.362    
  -81.54510       22.58710       3708.176    
  -80.21180       22.22920       318.7124    
  -101.0294       22.29810       11928.60    
  -101.8286       21.06440       1862.855    
  -75.76720       20.23100       172.8864    
  -75.74780       20.23100       182.6583    
  -91.73180       17.77220       3833.243    
  -90.66050       17.63800       755.6420    
  -110.2700       44.79250       9460.494    
  -82.30590       22.90230       186.4167    
  -90.13880       19.17300       9199.951    
  -91.72350       18.22580       2992.609    
  -93.48810       18.15660       197.6918    
  -89.05490       17.24340       828.8760    
  -91.82130       15.80110       367.5245    
  -94.46010       40.04940       393.1287    
  -81.89520       22.75450       263.4639    
  -87.54200       20.90060       1091.853    
  -102.4401       20.59120       3051.744    
  -92.46180       15.15270       4789.733    
  -94.31930       41.66140       573.5319    
  -92.15580       39.60890       333.7460    
  -97.90930       39.43470       475.0618    
  -93.96200       39.18870       348.7796    
  -96.75530       35.86600       5534.802    
  -81.37190       22.70910       341.3880    
  -101.0578       22.31960       6168.228    
  -77.87460       21.44410       152.5910    
  -88.73520       18.30040       265.3430    
  -97.92040       39.46220       3901.734    
  -97.91340       35.71180       491.5988    
  -81.23400       22.74920       228.5107    
  -98.53480       21.98010       212.2243    
  -103.7868       20.69200       5172.911    
  -90.28850       19.41460       4173.910    
  -93.51940       17.92010       158.6045    
  -95.45940       39.46370       405.1555    
  -110.8837       34.45090       7083.431    
  -99.66360       24.77710       1673.290    
  -79.00700       21.79410       2691.015    
  -78.98730       21.79400       3268.520    
  -77.36030       20.19370       626.4000    
  -90.69580       19.40110       3164.872    
  -109.1106       44.16200       2030.454    
  -109.1589       44.04520       6194.917    
  -93.82980       40.07950       892.9959    
  -98.21220       37.59100       2368.047    
  -81.79740       22.79480       257.0746    
  -90.18130       20.07370       1058.807    
  -93.40220       18.13540       1058.564    
  -95.46910       39.49120       242.7926    
  -116.8486       33.56590       8505.316    
  -81.71240       22.71180       216.8597    
  -99.27620       22.47580       13668.53    
  -79.00770       21.81440       1565.374    
  -78.98790       21.81430       2001.223    
  -78.98660       21.77360       792.2708    
  -101.9146       20.43370       3072.590    
  -91.62290       18.06620       207.2324    
  -93.41530       18.07630       169.1280    
  -93.39270       39.54520       1163.119    
  -95.69140       38.53560       5245.898    
  -80.00120       22.41220       169.1280    
  -99.29910       22.47640       728.3028    
  -78.24920       21.48600       244.8598    
  -105.3528       21.74960       266.0948    
  -90.67530       19.40080       12015.39    
  -90.59410       18.14900       2198.608    
  -88.82630       17.35790       6179.953    
  -89.96670       16.74760       1302.652    
  -89.80900       14.77230       1929.502    
  -105.5263       39.07570       3210.866    
  -84.58400       29.89240       875.4794    
  -79.00630       21.77370       759.1968    
  -100.0041       21.85520       4265.352    
  -98.87160       21.76250       214.9805    
  -96.36190       19.42770       3913.896    
  -96.62610       18.67370       22634.90    
  -96.60460       18.67320       9209.973    
  -93.37630       18.09540       186.4167    
  -96.92360       15.96110       902.2980    
  -102.7540       20.82500       3599.258    
  -96.00880       18.14440       833.5683    
  -88.82810       17.37750       4417.343    
  -88.84620       17.35820       3179.022    
  -110.9374       46.43390       3209.584    
  -79.83200       22.16550       143.1950    
  -96.66190       18.49530       4563.931    
  -88.76770       18.22190       180.4032    
  -95.34270       18.23050       249.5578    
  -93.42560       18.15560       849.4291    
  -92.55940       16.25850       5160.046    
  -95.55340       38.82270       348.7795    
  -80.59150       22.27250       487.9656    
  -96.36530       19.44780       976.3147    
  -88.76370       18.79540       2084.447    
  -94.36690       40.40320       527.3787    
  -97.81020       36.44080       856.9153    
  -81.17070       22.68700       1306.984    
  -90.62470       18.42620       692.3943    
  -97.19170       17.49570       3514.597    
  -91.32630       16.86410       1318.961    
  -93.09070       16.44190       3928.491    
  -92.55720       16.23900       19172.62    
  -94.28620       40.87180       320.2157    
  -83.03380       22.66190       366.9272    
  -80.08790       22.57690       177.3965    
  -98.43050       22.01850       4369.845    
  -89.03160       21.28760       1174.746    
  -78.15510       20.87900       6760.366    
  -102.4596       20.67340       3435.870    
  -90.35560       16.42170       725.6826    
  -101.0641       20.02460       484.3325    
  -96.40510       18.76870       4038.890    
  -88.49610       18.10000       1151.771    
  -96.21410       17.81200       1011.561    
  -95.91900       16.48940       8287.834    
  -90.35370       16.40220       812.2319    
  -97.88100       37.13590       323.9741    
  -98.87500       35.77760       490.8471    
  -78.15560       20.89920       184.1616    
  -93.43350       18.05680       223.2490    
  -96.15550       17.98890       1698.858    
  -93.07010       16.44160       13903.91    
  -93.08840       16.42240       4848.625    
  -93.06790       16.42200       12685.95    
  -98.32810       35.20400       1780.928    
  -103.8707       35.18450       3211.709    
  -79.03290       21.97760       264.2155    
  -76.29700       20.75350       184.1616    
  -98.99080       18.86570       8210.971    
  -95.99340       18.18380       3448.608    
  -91.19330       15.34780       4119.170    
  -97.84440       35.80950       2705.641    
  -77.93310       21.42410       178.1482    
  -96.42840       18.51030       1936.046    
  -96.27450       18.20920       1110.250    
  -96.74240       16.77870       2352.927    
  -92.47220       15.05640       2209.925    
  -94.76290       41.14310       497.2364    
  -98.86210       21.82400       309.6922    
  -76.53070       20.71370       151.8394    
  -96.42790       18.37120       5350.815    
  -95.94010       16.48980       5308.535    
  -92.45200       15.05610       189.4234    
  -78.10110       21.85140       746.4183    
  -76.61440       21.15750       257.0746    
  -78.17980       21.08090       227.0074    
  -102.4360       20.67280       7410.370    
  -77.49370       20.05400       638.9280    
  -101.0598       20.00430       3426.251    
  -95.63420       18.19650       1772.875    
  -96.26220       18.12970       1247.709    
  -95.87320       17.80530       708.4449    
