  -78.29290       21.64860       11.74542    
  -88.71900       18.33960       2.512490    
  -88.69890       18.33940       6.320689    
  -93.18470       17.89460       69.38536    
  -93.11510       17.83420       67.95369    
  -94.24480       16.28500       4.637715    
  -84.37380       14.83540       5.672347    
  -69.17830       18.59910       5.577466    
  -94.04100       18.08740       20.68609    
  -109.6423       30.50830       40.50411    
  -92.19560       29.71180       114.3721    
  -78.29340       21.66900       15.12427    
  -88.60050       18.35780       2.683497    
  -88.56710       33.44340       31.59173    
  -78.31260       21.64870       15.73266    
  -88.56730       18.21920       7.563780    
  -101.8494       31.49440       10.34348    
  -77.83160       21.28190       2.722960    
  -90.53180       19.39850       9.227118    
  -92.41670       16.25630       45.33003    
  -115.4242       33.15910       7.708478    
  -92.16520       18.64900       8.063096    
  -92.48010       15.13360       3.406990    
  -89.80840       16.76500       7.048388    
  -89.78840       16.76470       4.159275    
  -96.74690       38.95280       47.69120    
  -96.30920       19.10620       17.63804    
  -103.2443       31.81340       16.46782    
  -92.48230       17.88280       3.538534    
  -84.37280       14.81630       4.094448    
  -92.48470       17.90260       4.775412    
  -96.40680       19.30840       14.90565    
  -91.96900       15.86140       23.28906    
  -92.38780       16.17810       18.56500    
  -92.33950       16.29410       2.486181    
  -69.68480       18.49770       19.09360    
  -94.52780       17.97760       23.91811    
  -92.40280       16.31450       6.122058    
  -92.49610       16.23800       31.62985    
  -78.50720       21.56820       3.896333    
  -92.45740       16.25690       8.774791    
  -92.43490       16.23710       4.301489    
  -93.51690       17.90030       17.52723    
  -114.9032       36.38950       21.04240    
  -114.8676       36.38710       23.74380    
  -82.97550       46.42960       23.82124    
  -77.43690       20.13380       12.93300    
  -110.8616       33.42080       40.32739    
  -81.02320       46.49280       10.18186    
  -98.31930       22.44950       28.60313    
  -83.16390       42.30190       23.93772    
  -93.51940       17.92010       14.66058    
  -92.32460       16.15770       15.79022    
  -92.90170       16.40000       55.46868    
  -98.94340       22.81960       3.143902    
  -70.34600       18.92870       31.88776    
  -71.36760       18.25410       5.232821    
  -68.66390       45.89130       17.22961    
  -85.47550       30.56710       30.84178    
  -92.43710       16.25660       7.471983    
  -81.71270       28.60020       14.27904    
  -78.38680       21.48660       56.55424    
  -85.15310       30.63050       6.137624    
  -79.29750       21.63270       4.547375    
  -85.33290       30.13120       79.62678    
  -81.21850       22.83150       12.85448    
  -78.38800       21.52710       23.45977    
  -78.40760       21.52720       16.20147    
  -78.38740       21.50680       19.50868    
  -71.62440       43.26130       19.31805    
  -81.19850       22.83130       10.77345    
  -80.40780       22.16900       17.03952    
  -78.40710       21.50690       18.55132    
  -74.87370       20.19060       60.10632    
  -85.47260       30.54420       7.410312    
  -69.36900       45.03690       17.36014    
  -71.19010       18.43180       6.550891    
  -92.42740       16.35380       3.959474    
  -70.03270       46.54300       12.22340    
  -77.45390       40.15520       4.919746    
  -84.46020       31.28740       12.10844    
  -92.55120       15.03820       16.26925    
  -82.83410       29.73260       12.06258    
  -69.63630       44.81770       8.518830    
  -97.32570       34.05570       34.93358    
  -81.85430       31.95020       16.48945    
  -68.82220       47.47360       20.42753    
  -69.02820       46.97780       25.45284    
  -82.74600       32.24270       105.5881    
  -83.15870       30.19010       32.16639    
  -81.57390       27.56310       32.38228    
  -78.06680       24.96080       9.272399    
  -80.40870       22.18950       13.40214    
  -74.87370       20.21070       10.91815    
  -69.57480       44.63450       22.77703    
  -83.50230       31.62140       4.485650    
  -86.86980       30.72980       30.23722    
  -82.18740       32.44760       3.566227    
  -82.74360       32.21920       8.213435    
  -85.65140       31.23770       4.525114    
  -90.00200       31.28290       27.65575    
  -83.03480       30.02940       48.52959    
  -78.40650       21.48660       66.16453    
  -69.46380       44.66650       19.31805    
  -69.70460       44.41930       8.706944    
  -80.20350       34.56460       66.21369    
  -85.09420       31.04340       3.268868    
  -81.93040       30.79220       9.541149    
  -80.63620       22.78610       8.873194    
  -79.61710       21.73610       4.235717    
  -66.05470       45.43600       24.27809    
  -81.48330       33.31880       116.2148    
  -82.18520       32.42400       10.82480    
  -80.99520       27.68910       17.64063    
  -80.97420       27.68890       58.01950    
  -80.42760       22.16920       13.23990    
  -76.81850       20.37270       3.650346    
  -69.01990       47.04320       24.60441    
  -71.27440       43.41210       26.10547    
  -80.20530       34.58910       40.75105    
  -81.40370       33.43770       36.44593    
  -81.93230       30.81520       25.34590    
  -90.71140       29.76460       31.55954    
  -88.46910       18.23770       6.857368    
  -69.59600       44.17810       26.17074    
  -82.99330       33.12280       32.17776    
  -78.51660       21.89370       3.731465    
  -85.36060       33.88230       10.47009    
  -86.96530       32.97700       27.96141    
  -86.35880       32.89330       59.21749    
  -80.26510       32.56870       8.550361    
  -82.56500       30.34200       64.74459    
  -82.44380       29.95410       22.09413    
  -81.24960       22.66700       27.75286    
  -81.22960       22.66690       57.15572    
  -99.09510       19.77220       16.81260    
  -81.17840       22.83110       12.54140    
  -80.61620       22.78590       15.31830    
  -81.15840       22.83100       50.51670    
  -81.17730       22.81050       9.576403    
  -86.78600       32.85430       13.76450    
  -84.70030       32.34240       18.70870    
  -83.31320       30.64880       17.87964    
  -80.97280       27.66700       47.17747    
  -77.60430       21.66660       7.055326    
  -76.87570       20.29270       5.296838    
  -98.83590       18.74220       22.51846    
  -92.90390       16.41950       55.18307    
  -81.51160       33.12780       12.12760    
  -81.07430       32.98000       31.64211    
  -87.00890       31.21670       45.00014    
  -82.56290       33.09300       26.66088    
  -87.17180       32.27050       20.02192    
  -81.85840       31.99700       107.0727    
  -83.08720       30.34860       58.60794    
  -90.67030       30.37820       45.95208    
  -78.41910       21.93410       6.366730    
  -77.93020       21.30250       7.151609    
  -77.91060       21.30240       6.914830    
  -77.91010       21.28220       7.633938    
  -119.6680       41.96200       77.12359    
  -78.50430       39.53500       7.228912    
  -117.7883       36.71770       129.4090    
  -84.14820       32.97310       135.9314    
  -83.41390       31.20260       12.95291    
  -86.84750       30.72940       41.99637    
  -82.48320       30.63810       17.35341    
  -90.69310       30.37870       19.29897    
  -97.91790       27.53630       108.1400    
  -82.70570       22.86470       4.256764    
  -78.13530       21.64800       15.78918    
  -77.99110       21.38370       6.445656    
  -77.92970       21.28220       6.511428    
  -77.54710       20.79650       9.076536    
  -92.92220       16.40030       22.39962    
  -82.54040       33.09270       12.97060    
  -84.36390       32.52570       25.15949    
  -83.55600       30.03630       28.72602    
  -78.43880       21.93420       4.367260    
  -78.28030       21.91320       22.00761    
  -98.81060       18.60190       9.730310    
  -98.65680       18.47870       12.37667    
  -84.72280       32.34280       38.52292    
  -82.50500       30.63840       26.87430    
  -83.93110       30.49720       27.28191    
  -119.8586       41.94920       31.70578    
  -85.06780       32.91700       86.51937    
  -84.13090       32.83010       9.057789    
  -81.09780       32.15280       86.10671    
  -82.46540       29.95440       29.84076    
  -83.00940       22.60000       4.643503    
  -78.15500       21.64810       30.42758    
  -78.24860       21.46570       5.896460    
  -77.56670       20.79650       7.754519    
  -77.54670       20.77630       7.861069    
  -93.47510       18.05760       3.091284    
  -120.4647       40.09090       27.85708    
  -81.48120       33.29480       52.45715    
  -84.52440       32.55200       18.17813    
  -84.23960       31.09900       5.024981    
  -83.29190       31.08540       16.65374    
  -108.2158       30.59900       61.81874    
  -80.88190       27.88560       55.58978    
  -80.63410       22.74490       6.869704    
  -76.97600       20.49340       15.04316    
  -79.61920       35.02660       34.81954    
  -86.44710       33.46910       92.24168    
  -82.33420       33.28120       41.84311    
  -89.84170       33.40290       12.08928    
  -83.89400       32.92150       51.47934    
  -88.10500       31.19300       11.90467    
  -84.50750       31.12630       37.85642    
  -83.09450       30.64590       17.98706    
  -78.24810       21.44550       5.551157    
  -77.84120       20.83770       5.748472    
  -94.55980       16.48530       13.37181    
  -77.47970       40.18280       4.406724    
  -85.02670       32.08920       23.14399    
  -81.85220       31.92680       191.9117    
  -84.41320       31.26350       11.58903    
  -84.50480       31.10310       38.99751    
  -82.00700       30.15340       4.788201    
  -82.86980       30.11820       19.38884    
  -89.49920       21.07180       5.842077    
  -90.62180       18.03110       6.391333    
  -64.72110       48.60060       18.07804    
  -87.29830       34.28600       58.67664    
  -87.21800       32.98230       9.274509    
  -85.46220       30.63560       10.82863    
  -81.20470       27.99840       21.74679    
  -81.95550       23.08500       4.623772    
  -78.13950       21.81080       2.946586    
  -78.15450       21.62780       12.54601    
  -77.84210       20.87800       6.898884    
  -81.95410       30.81540       9.387657    
  -80.33740       22.80460       5.140082    
  -81.33070       22.68820       11.51540    
  -78.63630       21.93500       4.262026    
  -80.74180       32.71520       22.09035    
  -84.80790       31.59480       18.01071    
  -82.87540       22.99010       5.858093    
  -82.01940       22.81730       4.735584    
  -78.52400       21.46680       5.499090    
  -77.72260       20.77690       10.26043    
  -77.70300       20.77680       11.58903    
  -76.89520       20.29270       5.732687    
  -90.94930       18.05570       41.89340    
  -120.5176       36.63220       71.65876    
  -85.59990       33.79000       89.36090    
  -81.59550       31.76030       7.568225    
  -82.47190       31.70080       14.92669    
  -83.48020       31.62110       23.31524    
  -88.80210       31.69650       12.60861    
  -88.52220       30.99400       6.156260    
  -86.47500       30.60770       17.27539    
  -81.27180       22.70830       6.439078    
  -80.15940       22.39260       7.464836    
  -78.42390       21.40560       31.21034    
  -81.27070       22.68780       17.58790    
  -82.98780       22.57920       7.366464    
  -90.18050       19.89300       20.87040    
  -99.14940       19.59210       14.74709    
  -94.58060       16.48560       63.91647    
  -82.33650       33.30520       51.97227    
  -82.99580       33.14670       7.954492    
  -85.81490       32.90670       8.484821    
  -88.34100       30.85180       16.33300    
  -84.72800       30.00790       40.16039    
  -82.86070       29.55240       14.69346    
  -82.88010       29.53020       101.9579    
  -82.85860       29.52990       118.4266    
  -78.18750       21.38440       11.99071    
  -90.68710       19.50080       8.725121    
  -91.29550       16.57100       3.878074    
  -106.3246       40.29390       62.75161    
  -120.0809       36.91020       13.58445    
  -81.73390       33.10650       13.40359    
  -92.90840       30.04920       4.682966    
  -82.82990       29.68740       15.67201    
  -78.18700       21.36420       9.291391    
  -90.16000       19.89270       24.67700    
  -69.52520       45.09680       7.739505    
  -82.43630       33.40240       5.695854    
  -82.49560       32.64060       14.00866    
  -82.40100       32.12080       31.39539    
  -81.22860       23.01710       5.916191    
  -78.16790       21.38440       20.50006    
  -87.32170       34.28650       15.26653    
  -89.40000       31.47740       9.119651    
  -84.74980       30.00830       30.69252    
  -83.02640       29.71240       9.464512    
  -81.12390       22.93380       23.70343    
  -78.48010       21.99550       9.918419    
  -77.80160       20.81740       18.37341    
  -88.72400       34.51490       69.05135    
  -85.19130       33.32520       10.44162    
  -82.23480       32.00150       27.20111    
  -82.26180       31.81480       42.24105    
  -84.02060       31.69890       23.25356    
  -89.05440       30.68360       46.80177    
  -82.91840       29.71100       34.91118    
  -78.44000       21.97500       22.93672    
  -77.84160       20.85780       6.083910    
  -96.48590       36.05710       36.43197    
  -77.98190       35.21290       25.65910    
  -120.1645       36.11810       9.995152    
  -82.78230       31.93830       25.04229    
  -81.00260       22.91230       3.459607    
  -82.78200       22.80360       21.93225    
  -81.33190       22.70880       10.54325    
  -89.78280       21.03580       5.301223    
  -67.60700       46.29060       17.70231    
  -118.8906       44.12290       31.15243    
  -84.94990       33.39290       23.10610    
  -90.01340       31.93600       64.59303    
  -89.10530       31.61020       8.142604    
  -82.48530       30.66110       10.15290    
  -86.47180       30.58470       53.99753    
  -83.08940       30.37140       29.85338    
  -83.01310       30.02920       82.56965    
  -81.31070       22.68810       11.20755    
  -77.63200       21.11950       4.411109    
  -89.49590       31.13170       22.27631    
  -86.49400       30.58510       48.14563    
  -84.07690       30.43070       11.66779    
  -82.29240       30.20210       4.044320    
  -81.83720       27.43450       6.481173    
  -82.76190       22.80340       14.75924    
  -82.78060       22.78300       106.8043    
  -78.44060       21.99540       23.34380    
  -76.76090       20.43280       6.056871    
  -90.16170       20.25430       5.509023    
  -93.02900       16.61650       29.95499    
  -85.59640       33.76580       89.89454    
  -82.83130       31.98570       18.57988    
  -89.58320       32.08960       10.19255    
  -86.49720       30.60810       48.50190    
  -84.48450       30.55110       4.634295    
  -84.22010       30.34150       27.50592    
  -82.57360       29.95570       34.23269    
  -82.13290       29.07260       36.17563    
  -78.46030       21.99540       19.55358    
  -78.45970       21.97500       25.60559    
  -78.36830       21.52710       16.23146    
  -78.35840       21.16240       4.130482    
  -76.95990       20.71450       4.451486    
  -77.71930       40.01970       3.459607    
  -120.0398       36.90720       14.63208    
  -80.50700       33.76520       33.02342    
  -82.47290       33.09180       33.78551    
  -83.13470       32.34210       18.62752    
  -89.51870       31.13230       104.4929    
  -89.62140       30.94990       15.40147    
  -98.87130       18.32420       21.86149    
  -90.32270       17.10390       9.856531    
  -85.12600       33.18040       25.99554    
  -82.94560       33.09820       33.79694    
  -84.56950       32.55270       16.55332    
  -88.82430       31.04690       12.14676    
  -89.13600       30.89250       38.62243    
  -120.0144       36.54350       12.77840    
  -86.47010       33.46950       100.7189    
  -82.21430       32.25950       44.16326    
  -83.03260       30.00670       73.21478    
  -83.01100       30.00640       69.74012    
  -82.80210       22.80380       12.20728    
  -78.35760       21.85230       17.37715    
  -78.78800       21.73200       4.963593    
  -88.97700       21.34770       9.049109    
  -92.75780       15.27270       71.85782    
  -84.15110       32.99700       40.16841    
  -83.07140       31.73190       8.827049    
  -82.76040       31.26320       26.27590    
  -85.26920       30.67820       15.19808    
  -81.56980       23.01980       17.38993    
  -77.99570       20.75760       4.393570    
  -76.74150       20.43270       6.235186    
  -80.81520       33.38340       28.67361    
  -81.07240       32.95610       12.54746    
  -86.37810       32.86990       36.76167    
  -86.56060       31.20800       33.81380    
  -87.44840       31.01750       22.45172    
  -89.82220       30.93160       46.84429    
  -88.33710       30.82870       4.926653    
  -84.19820       30.34120       11.97431    
  -82.86190       29.80070       31.53931    
  -81.14390       22.93400       18.13115    
  -78.19480       20.89930       5.735318    
  -76.99550       20.49350       43.89924    
  -76.09880       20.39160       4.841915    
  -93.03130       16.63600       12.79134    
  -79.59630       35.02640       7.018136    
  -120.5690       36.68760       63.57321    
  -84.36750       30.87060       15.85190    
  -88.58800       19.05100       10.41714    
  -119.9761       36.66960       12.81604    
  -79.34100       34.21540       6.564046    
  -79.31830       34.21520       28.68145    
  -79.34750       33.17880       316.3910    
  -82.55380       31.86510       25.35069    
  -84.41100       31.05550       19.42937    
  -81.95220       30.79240       16.48945    
  -84.67930       30.71460       17.52608    
  -84.72530       29.98520       20.35929    
  -79.02950       21.87560       4.044157    
  -90.18490       20.61750       4.886860    
  -84.99720       32.72570       11.87854    
  -89.23510       31.19500       32.87867    
  -81.54860       22.99900       15.20649    
  -83.07400       22.66230       8.586535    
  -72.19920       18.92170       4.446187    
  -94.56230       16.50480       72.92386    
  -119.8605       36.58370       11.91204    
  -80.18070       34.56440       42.80105    
  -84.77010       30.73900       10.40011    
  -83.09570       30.21200       46.78468    
  -82.73130       30.02560       18.51958    
  -82.66130       22.80250       20.33511    
  -78.02350       21.10060       7.710305    
  -76.99520       20.47340       13.60240    
  -90.20660       20.11420       19.73777    
  -88.62870       18.85300       4.610415    
  -87.95660       34.69280       13.35308    
  -79.34890       33.20270       20.65598    
  -82.93620       31.70680       3.525379    
  -85.42600       31.72170       22.35919    
  -90.00640       31.30620       8.687166    
  -87.81550       31.07120       22.77703    
  -90.68860       30.35570       16.98248    
  -83.09350       30.18920       16.19307    
  -81.26960       22.66720       28.51217    
  -78.48460       21.46670       5.998406    
  -77.97140       21.38370       10.08942    
  -77.97090       21.36340       7.813714    
  -78.22310       21.24280       6.710059    
  -93.44130       18.11630       6.261494    
  -94.62000       37.26310       41.69769    
  -83.09300       31.94240       16.46870    
  -85.10400       30.76730       14.74164    
  -81.64690       27.41080       3.159133    
  -80.66620       22.17070       3.564842    
  -78.88920       21.81390       8.465084    
  -76.77850       20.29250       3.571420    
  -83.45350       15.17400       14.90565    
  -106.8655       36.12330       47.97791    
  -89.34640       30.80520       63.46208    
  -83.22340       30.62470       21.78864    
  -82.85650       29.50740       46.81552    
  -82.31940       22.79930       5.077598    
  -81.65700       22.79370       30.56689    
  -83.05390       22.66210       14.93024    
  -80.85630       22.39730       3.328063    
  -78.17470       21.64820       21.44423    
  -75.90430       20.39140       3.775313    
  -94.53900       16.48490       25.08287    
  -81.17150       33.07630       21.85305    
  -83.00380       31.05850       10.30793    
  -86.51620       30.58550       21.14504    
  -91.23670       30.25530       4.551422    
  -92.81090       30.02370       13.33418    
  -82.85450       29.48480       60.19194    
  -81.24850       22.64650       126.1527    
  -76.90770       21.13790       3.766543    
  -94.54150       16.50450       24.99278    
  -82.14660       33.90460       23.43845    
  -87.22190       33.00620       11.38833    
  -87.11430       32.76600       10.53741    
  -89.81790       30.90840       16.96856    
  -77.89430       21.44420       12.38944    
  -77.98860       21.28240       4.938538    
  -115.4470       52.26270       184.6345    
  -80.78100       32.64460       14.37156    
  -83.26830       31.92140       19.81034    
  -83.26590       31.89800       20.88324    
  -91.49000       30.60530       6.419347    
  -85.29420       30.70160       18.30261    
  -80.96030       27.79840       16.59206    
  -81.92760       27.52280       57.11617    
  -79.20240       21.73390       2.508106    
  -76.90800       21.15810       4.485650    
  -119.6598       36.69810       14.67749    
  -81.41790       33.07900       4.743567    
  -86.32880       32.84520       6.395841    
  -89.49750       31.01620       10.38414    
  -84.56060       30.82750       20.62333    
  -80.81500       22.76670       4.375154    
  -78.36160       21.28380       4.575100    
  -84.70130       30.71490       26.93746    
  -78.22390       22.01490       3.030774    
  -76.66280       20.37240       3.965112    
  -90.33920       19.67520       9.924326    
  -96.61010       18.97260       17.05145    
  -93.41790       18.09610       4.810144    
  -94.58310       16.50520       12.97979    
  -84.44510       32.45620       3.749004    
  -82.23200       31.48840       16.65374    
  -83.06750       31.47590       21.46482    
  -85.07780       31.08920       5.130217    
  -83.42110       30.42150       18.94826    
  -81.26850       22.64660       28.90927    
  -78.29790       21.10150       4.248871    
  -120.2406       37.00000       8.274117    
  -120.0394       36.57110       11.38842    
  -81.18830       33.82070       29.48329    
  -82.40660       31.23560       16.39160    
  -83.11630       30.64620       33.41542    
  -78.80770       21.73210       3.227213    
  -88.63060       18.87290       7.828145    
  -90.06130       17.10030       4.793500    
  -82.95670       32.12810       10.06226    
  -84.57680       30.96590       7.182302    
  -82.99140       30.02890       16.75871    
  -82.93030       29.37330       6.310166    
  -80.84980       22.66410       3.893702    
  -80.31390       22.29120       3.687617    
  -96.77480       19.05610       12.68321    
  -82.71760       33.28630       15.82105    
  -82.95430       32.10460       19.21006    
  -86.88130       30.96010       32.83586    
  -92.95460       30.05050       55.66993    
  -80.89400       22.74670       2.722961    
  -93.39450       18.07590       23.87037    
  -93.29150       16.23070       5.704625    
  -115.1251       51.85980       282.8942    
  -120.6007       36.63830       10.30647    
  -82.19680       33.95370       20.42753    
  -81.75630       33.10680       45.55066    
  -81.14910       33.07610       31.00465    
  -84.32650       31.65690       74.32504    
  -84.44660       31.17150       17.51727    
  -82.70320       31.12380       9.972223    
  -82.02860       30.15360       80.33485    
  -78.01910       20.91890       11.30377    
  -87.68040       36.63830       16.70289    
  -85.03050       31.06540       22.84236    
  -85.06910       31.01990       15.66685    
  -85.10110       30.74430       8.979153    
  -75.63160       20.31100       2.815042    
  -72.19880       18.94150       4.314643    
  -88.54990       18.45590       3.762158    
  -92.95020       18.32540       3.189942    
  -92.34160       16.31360       7.780828    
  -85.02770       31.04230       20.23121    
  -80.63510       22.76550       3.545111    
  -96.69080       18.67510       11.30377    
  -82.72370       32.24240       8.621519    
  -88.98660       30.68210       250.9798    
  -79.43380       22.12250       5.844939    
  -88.60410       19.01150       3.179023    
  -83.47270       15.17410       9.516088    
  -88.63360       31.25080       8.085069    
  -82.98190       31.05820       10.14798    
  -78.18490       21.28310       5.504385    
  -120.3308       36.38660       9.635598    
  -89.66550       31.06640       37.29990    
  -86.90370       30.96060       11.18115    
  -112.0711       31.00940       23.35280    
  -78.35510       21.04120       3.433298    
  -90.72180       18.92340       3.478616    
  -120.2834       41.27430       97.71112    
  -82.94310       33.07430       19.31805    
  -83.07180       30.18900       44.28662    
  -82.83200       29.71000       17.88735    
  -82.30460       22.88160       19.09360    
  -80.31300       22.27070       3.196519    
  -78.18540       21.30340       6.165029    
  -76.81960       20.45300       3.117593    
  -84.69940       31.61630       30.47018    
  -82.70540       31.14690       39.78656    
  -84.52960       31.12660       3.262291    
  -83.10210       30.94450       4.367261    
  -80.82980       22.66400       3.538534    
  -81.28850       22.64680       13.82966    
  -81.03370       22.35750       4.235717    
  -84.13990       31.77060       43.54645    
  -84.11760       31.77030       47.55568    
  -84.30430       31.65660       38.24192    
  -85.12540       30.58420       6.213262    
  -82.06210       22.85890       4.104173    
  -81.28960       22.66730       15.59235    
  -78.17520       21.66850       42.57114    
  -88.63770       17.90500       13.87812    
  -105.4261       37.53500       67.01793    
  -83.99040       31.62850       15.60517    
  -89.10480       31.09950       25.22199    
  -89.27000       31.01090       9.772949    
  -89.03180       30.68310       216.3029    
  -78.34040       21.22300       4.429087    
  -77.60870       19.97440       6.379884    
  -92.98570       16.59630       32.96429    
  -84.64860       31.01310       4.564577    
  -89.27420       31.03410       12.94186    
  -89.02780       30.66000       26.41999    
  -90.15470       19.13340       6.992327    
  -93.08000       17.04750       25.13651    
  -84.02320       31.72220       11.81660    
  -89.47450       30.25820       14.78431    
  -78.24330       21.26310       47.47050    
  -96.18580       18.18760       3.143902    
  -93.07770       17.02790       21.03651    
  -80.68490       36.84650       10.03405    
  -120.5275       36.68450       49.84202    
  -120.0236       36.59570       11.21281    
  -80.14760       34.10070       17.76399    
  -84.42390       31.72840       26.02918    
  -77.72220       20.75670       13.23047    
  -84.68200       30.73760       4.360684    
  -79.43460       22.14290       7.182302    
  -96.21410       18.64520       9.175194    
  -92.55520       15.07680       15.15387    
  -117.4322       48.15420       84.69273    
  -81.93780       22.79600       20.72041    
  -78.54180       22.07740       4.498805    
  -90.63740       19.60000       8.429930    
  -88.42130       35.14820       17.64063    
  -85.09050       32.91740       10.43144    
  -96.14310       18.46470       29.11321    
  -82.16930       33.90490       17.81699    
  -89.49710       30.25880       21.84118    
  -76.64540       20.53290       7.593689    
  -96.35730       18.33000       4.104173    
  -81.95790       22.79620       3.906857    
  -80.89190       22.70550       4.354106    
  -76.64510       20.51290       23.30333    
  -91.21380       30.25480       4.689544    
  -81.80350       22.89790       3.827930    
  -72.42240       19.35700       5.192699    
  -96.33040       18.56800       14.77154    
  -83.07020       32.36480       54.03214    
  -68.79530       18.50280       10.92802    
  -103.2803       32.69240       14.43111    
  -80.71200       22.70430       6.419347    
  -75.96580       20.81350       3.404797    
  -88.86920       18.44050       12.15861    
  -76.76340       20.61350       8.008433    
  -96.58220       18.53340       7.931798    
  -92.49180       16.19910       7.816844    
  -84.68170       29.98450       102.8307    
  -96.12160       18.32520       3.196519    
  -92.56310       15.15410       28.49641    
  -89.00920       30.68260       42.74136    
  -84.70350       29.98490       21.41620    
  -72.42280       19.33710       3.683232    
  -88.98260       30.65900       52.85527    
  -96.19260       18.64480       33.56364    
  -96.68910       18.39640       8.259648    
  -80.84880       22.64350       14.59910    
  -96.14930       18.50460       3.380681    
  -96.32680       18.40880       4.548792    
  -82.60910       22.92570       10.86553    
  -89.00520       30.65950       21.94021    
  -96.37250       18.29060       13.19963    
  -92.52460       15.17280       5.043161    
  -98.45330       18.69350       10.98685    
  -96.28110       18.52720       15.48181    
  -78.34970       21.56760       10.38634    
  -88.54610       18.41640       4.011228    
  -105.8453       37.71530       26.28581    
  -78.24280       21.24290       68.74295    
  -96.42210       18.47040       9.962644    
  -81.84240       22.87760       33.90613    
  -96.30220       18.38850       16.53038    
  -90.54120       19.47850       10.84186    
  -96.65640       18.59470       10.30750    
  -96.35370       19.24720       4.138375    
  -96.75350       18.79600       10.88227    
  -91.05310       15.13380       6.180855    
  -78.33000       21.56750       18.36354    
  -78.26290       21.26320       63.71599    
  -96.32750       19.08650       10.99723    
  -96.18630       17.91030       16.34534    
  -96.43150       18.53030       4.240979    
  -96.05150       18.14530       3.762158    
