  -80.69920       28.65730       255.2884    
  -81.95290       23.04370       35.85305    
  -82.08090       22.83850       25.68396    
  -82.97200       22.64070       21.63586    
  -80.08790       22.57690       15.66418    
  -79.39120       22.04060       147.3781    
  -101.0344       22.31890       261.7101    
  -78.10110       21.85140       38.85421    
  -76.61440       21.15750       16.07760    
  -76.29700       20.75350       68.19617    
  -102.4596       20.67340       159.5516    
  -102.4360       20.67280       153.7710    
  -103.7868       20.69200       84.52361    
  -101.0641       20.02460       36.36408    
  -89.41350       19.60090       273.8917    
  -90.69580       19.40110       69.14093    
  -90.15920       19.17330       1000.225    
  -90.17730       19.15370       1550.851    
  -90.15690       19.15340       444.3117    
  -90.13650       19.15310       1715.115    
  -90.17510       19.13370       1120.096    
  -90.15470       19.13340       1355.131    
  -96.40510       18.76870       215.5973    
  -88.68650       18.41820       243.9850    
  -92.94760       18.30550       167.0645    
  -92.92690       18.30520       50.79050    
  -95.81050       18.23960       119.5427    
  -95.63420       18.19650       110.8194    
  -91.62290       18.06620       138.4702    
  -93.18470       17.89460       456.7455    
  -93.11510       17.83420       244.4324    
  -95.91900       16.48940       186.9978    
  -93.09070       16.44190       742.3958    
  -93.07010       16.44160       221.2035    
  -93.08840       16.42240       603.7287    
  -93.06790       16.42200       71.01942    
  -92.44680       16.15950       110.8107    
  -92.42640       16.15920       97.84740    
  -92.46500       16.14040       105.3564    
  -92.44460       16.14010       501.2665    
  -92.57540       15.07710       276.5094    
  -90.97930       41.16900       38.03501    
  -97.84100       38.92050       230.1272    
  -98.54000       21.89780       27.66496    
  -98.51740       21.89720       333.6868    
  -102.0801       20.84640       155.6496    
  -96.63580       18.73370       20.77923    
  -96.29950       18.50770       15.11704    
  -96.06960       18.26460       8.320722    
  -90.95590       18.11500       104.8412    
  -94.04100       18.08740       111.7049    
  -88.66690       18.00380       15.36559    
  -92.55940       16.25850       372.0197    
  -92.44890       16.17900       112.5067    
  -92.42850       16.17870       641.7946    
  -88.50750       15.23830       185.9184    
  -94.56760       40.43890       40.03323    
  -94.46010       40.04940       21.49805    
  -97.16110       39.75370       312.4265    
  -96.75530       35.86600       20.79359    
  -116.3495       33.48510       28.05026    
  -82.07960       22.81780       9.432268    
  -82.97340       22.66130       27.21708    
  -99.29910       22.47640       91.57341    
  -99.27620       22.47580       179.3988    
  -99.29450       22.45550       92.91705    
  -99.27160       22.45490       71.26777    
  -98.41840       21.85340       34.08451    
  -98.12140       21.82510       183.2339    
  -98.09890       21.82450       16.19244    
  -78.17980       21.08090       112.4590    
  -104.7911       21.40070       21.77549    
  -102.7540       20.82500       156.8618    
  -102.8553       20.56240       143.0695    
  -101.0598       20.00430       17.59420    
  -90.13880       19.17300       678.0101    
  -96.77520       18.79650       30.88420    
  -92.15380       18.39110       114.3539    
  -96.37250       18.29060       184.4835    
  -96.01480       18.18420       8.955892    
  -96.21410       17.81200       91.43404    
  -93.69260       16.66620       34.51345    
  -96.97230       38.90900       72.85449    
  -96.17070       35.16800       23.71109    
  -81.08850       22.64530       209.2548    
  -96.56140       18.67230       300.4281    
  -96.14310       18.46470       87.23389    
  -96.36350       18.36980       95.63419    
  -81.54510       22.58710       68.93311    
  -98.95700       22.77840       843.2373    
  -80.37450       22.31210       94.34184    
  -76.53070       20.71370       33.14282    
  -76.51120       20.71360       45.80738    
  -96.49850       19.47080       26.82798    
  -95.67370       18.17750       86.66848    
  -96.19200       18.08860       73.98726    
  -93.51940       17.92010       115.0860    
  -92.49390       16.21860       31.52465    
  -99.38930       22.87380       10.63909    
  -78.16460       22.01470       15.10720    
  -98.38960       22.03810       28.40223    
  -76.31650       20.75360       113.0404    
  -96.32100       19.04640       13.38620    
  -96.69330       18.95440       13.37032    
  -96.19640       18.80430       17.54137    
  -96.10320       18.34470       22.66942    
  -96.26840       18.30830       22.62943    
  -96.00250       18.24350       91.57764    
  -87.86760       15.32770       77.84461    
  -92.30780       39.50590       315.0113    
  -98.11830       36.70920       41.75582    
  -76.31630       20.73340       90.33315    
  -76.29680       20.73340       184.7316    
  -103.7818       20.38550       23.34105    
  -96.31380       19.26630       64.94078    
  -96.10340       18.48380       134.5664    
  -96.02990       18.28370       6.161145    
  -92.57980       16.25880       1099.738    
  -94.64430       36.51980       527.6031    
  -114.6523       36.96480       256.5384    
  -80.79450       22.35580       14.95217    
  -98.38530       22.01730       21.15353    
  -88.63390       18.49660       22.32489    
  -88.69700       18.31960       22.32490    
  -95.93840       18.24220       17.43463    
  -98.75800       16.87760       19.64064    
  -92.57760       16.23930       132.7166    
  -92.55720       16.23900       151.6457    
  -99.39890       22.91580       30.03026    
  -100.1403       22.25150       10.57557    
  -99.36690       21.96130       66.25158    
  -98.45600       21.71040       16.05463    
  -105.3528       21.74960       25.06383    
  -102.7590       20.84560       144.5317    
  -103.8227       20.55000       347.2997    
  -96.36030       19.28740       15.65558    
  -99.19470       18.65060       7.431485    
  -96.29910       18.36850       498.9648    
  -94.29470       40.42800       62.04805    
  -96.56660       39.83650       30.93790    
  -81.83380       22.73340       16.46806    
  -104.0034       20.69850       25.14996    
  -96.37200       19.22750       15.77902    
  -96.75160       18.91570       18.21741    
  -95.17020       18.20740       66.55623    
  -96.95030       16.00050       97.77164    
  -78.19940       21.08100       56.81824    
  -96.47010       19.43000       22.41595    
  -96.78320       18.97630       62.76466    
  -93.51690       17.90030       133.4633    
  -98.05070       16.51000       107.7039    
  -118.8534       37.73320       38.15459    
  -78.55070       21.71070       99.26310    
  -78.53100       21.71060       78.19226    
  -99.30790       21.79480       21.98038    
  -96.35190       19.36730       94.66492    
  -96.57020       18.99170       6.955108    
  -98.56430       18.57630       17.22600    
  -96.12770       18.36510       8.670066    
  -95.80410       18.33870       20.28110    
  -96.02110       18.08520       110.4963    
  -97.17200       39.78140       38.99966    
  -97.83030       38.89330       686.6325    
  -99.07690       22.90660       105.4345    
  -75.65100       20.29100       16.64032    
  -96.41680       19.36870       19.35600    
  -88.58430       18.39710       13.64299    
  -96.06050       18.20490       15.08998    
  -99.22980       22.26740       46.99253    
  -104.6252       21.41610       22.70059    
  -96.14600       18.34560       18.50072    
  -98.93830       22.69470       44.61842    
  -98.85260       21.88550       63.04716    
  -103.7233       20.62870       40.10213    
  -103.5968       20.50240       126.7258    
  -104.4741       19.61300       11.52833    
  -96.55510       19.03140       18.81042    
  -96.30840       18.42830       164.9367    
  -96.66130       18.35610       87.55698    
  -96.07280       18.14570       17.29490    
  -80.27880       22.39340       37.27707    
  -99.14780       22.41000       21.84257    
  -99.31200       22.12490       17.98394    
  -99.22060       22.12240       51.87691    
  -78.20140       21.16180       22.77277    
  -96.02150       17.94660       21.32579    
  -78.20200       21.18200       16.19244    
  -103.9207       20.65510       20.67120    
  -104.1115       20.55860       21.15353    
  -89.41570       19.62090       126.9889    
  -99.15680       22.34810       18.32846    
  -79.29000       21.97880       20.51237    
  -75.80620       20.25100       19.01423    
  -96.08490       18.36420       98.70353    
  -96.23470       18.08950       100.4805    
  -92.43180       16.39280       44.76074    
  -88.16450       15.36940       16.22488    
  -88.14490       15.36920       104.0506    
  -88.50600       15.21900       51.78691    
  -78.53040       21.69020       73.45167    
  -90.50900       19.37810       481.9532    
  -90.50670       19.35810       395.0588    
  -99.10270       22.61620       223.3499    
  -78.17840       21.79060       28.19897    
  -103.7610       20.58900       498.0170    
  -103.3759       19.68290       22.27362    
  -95.20100       18.12870       12.32229    
  -96.41860       19.50920       28.03773    
  -80.97390       22.74730       14.81436    
  -80.42380       22.51740       164.4461    
  -103.6709       20.32110       182.7479    
  -96.20430       18.44610       15.98573    
  -98.90770       22.96440       322.2428    
  -96.43410       18.41100       145.3378    
  -96.09410       18.28500       9.146441    
  -81.78220       22.87710       26.80366    
  -78.17790       21.77020       45.33883    
  -95.99950       18.22360       111.1424    
  -96.68220       18.75460       14.51700    
  -98.92010       22.71500       219.7619    
  -99.24370       22.32980       44.47609    
  -96.27770       18.36810       16.12354    
  -96.11850       18.30530       6.923349    
  -80.82260       22.52010       205.6344    
  -104.1534       19.76590       40.45545    
  -96.14300       18.32570       35.55447    
  -79.28930       21.95840       20.60230    
  -99.32680       22.49790       30.31490    
  -92.53900       16.25810       86.11434    
  -82.96910       22.59960       22.66942    
  -76.80580       20.85510       20.51043    
  -103.3616       19.62180       246.9706    
  -82.17620       22.75690       19.01750    
  -75.80630       20.27110       15.98573    
  -103.3380       19.62110       105.6665    
  -92.42430       16.13980       23.03607    
  -99.14390       22.59660       141.2755    
  -96.73150       19.05520       22.48711    
  -87.99250       15.42530       153.5114    
  -104.3497       19.69050       9.082925    
  -92.21460       16.07840       24.49537    
  -97.19230       39.13300       24.52982    
  -76.37510       20.75370       16.84211    
  -92.21670       16.09780       27.35489    
  -81.35990       22.85310       474.3376    
  -76.39460       20.75370       16.26134    
  -90.13430       19.13310       143.9182    
  -96.47450       18.53120       11.62360    
  -103.7477       20.34370       155.5823    
  -104.0874       20.55790       119.3850    
  -87.95320       15.42490       20.36113    
  -78.17420       21.62790       26.73475    
  -99.15380       22.74230       123.7843    
  -76.78630       20.85510       19.56874    
  -99.32020       22.87190       115.6770    
  -91.64340       18.06650       19.87880    
  -104.2494       19.76870       17.56244    
  -104.1874       19.80750       302.5789    
  -94.52780       17.97760       52.33167    
  -100.2049       22.23270       223.2119    
  -93.16400       17.89420       118.4109    
  -98.93410       22.77770       20.74011    
  -92.30850       16.19640       26.94146    
  -92.45960       16.27640       76.91747    
  -92.86040       16.57480       17.36346    
  -92.30640       16.17690       51.02341    
  -87.88720       15.32790       21.36024    
  -92.32680       16.17720       30.80009    
  -92.16520       18.64900       162.2973    
  -99.29410       22.35190       22.60051    
  -99.27120       22.35130       32.59208    
  -99.25270       22.26800       23.62570    
  -98.80350       18.56180       41.48729    
  -98.51320       18.53530       12.81614    
  -104.3025       19.79050       77.34282    
  -104.1584       19.78630       169.4145    
  -103.3286       19.68150       121.9799    
  -98.55720       18.53630       7.018624    
  -79.39200       22.06100       98.66002    
  -92.43710       16.25660       24.47964    
  -80.52990       22.23120       21.20620    
  -80.53080       22.25170       32.44975    
  -89.76460       14.71420       175.8119    
  -79.79250       22.65730       29.55982    
  -78.69560       21.93520       18.29401    
  -76.82530       20.85520       15.05552    
  -79.79170       22.63670       22.46270    
  -76.27590       20.59260       115.5673    
  -75.92510       20.57210       56.51374    
  -102.2042       17.92530       44.05814    
  -92.55520       15.07680       16.26134    
  -92.53490       15.07650       7.071994    
  -80.59020       26.51210       130.4353    
  -99.06550       18.54780       144.4150    
  -80.49770       26.70560       34.38309    
  -81.01520       26.68820       49.74206    
  -80.92290       26.53630       211.7845    
  -99.33200       22.62260       25.68939    
  -97.05680       19.06220       17.70833    
  -81.19240       26.86290       100.4805    
  -81.17160       26.86270       171.2369    
  -80.64920       26.81500       32.20310    
  -80.62850       26.81480       78.55057    
  -80.66750       26.77180       77.03468    
  -80.62220       26.70660       61.49682    
  -94.01530       18.20560       26.25012    
  -100.9618       18.07420       1183.987    
  -80.99980       26.77460       49.24339    
  -80.50990       26.55460       81.92686    
  -96.77990       19.21630       21.20620    
  -109.9446       41.14020       224.6954    
  -82.50440       22.86280       36.73962    
  -76.27610       20.61270       72.41811    
  -76.29540       20.59260       88.88616    
  -76.25640       20.59260       175.9808    
  -76.27570       20.57250       88.33492    
  -76.25620       20.57250       45.40774    
  -96.67830       18.99410       21.27736    
  -72.77980       44.33160       83.23596    
  -82.52450       22.86300       54.29636    
  -93.73320       16.49110       29.03850    
  -95.76480       39.93870       31.97146    
  -81.12720       26.81900       196.1147    
  -79.99800       22.80250       27.92048    
  -76.80610       20.87530       29.40823    
  -101.8013       19.72050       77.11864    
  -90.73520       17.58020       258.1387    
  -90.33430       14.89380       17.48207    
  -80.97900       26.77440       36.45022    
  -81.16190       26.71110       60.09609    
  -90.01410       17.43250       68.93311    
  -80.95390       22.74710       16.33025    
  -80.28710       22.57810       54.70692    
  -80.26720       22.57800       78.47208    
  -75.90560       20.57210       48.09499    
  -88.66860       17.37550       277.0429    
  -77.91890       20.81780       41.10506    
  -90.71490       17.57990       296.9628    
  -75.94450       20.57210       55.53662    
  -80.64290       26.70680       97.22355    
  -80.92820       26.62270       81.94275    
  -80.92680       26.60110       66.46507    
  -90.91920       18.33180       174.2611    
  -92.49840       15.11460       118.5735    
  -67.30810       45.88260       78.77710    
  -73.64240       44.90900       92.36729    
  -96.77560       40.58820       27.44676    
  -94.54050       38.06790       167.2882    
  -94.53200       38.04130       178.0520    
  -98.54220       18.57580       154.0613    
  -90.39140       16.98760       39.61597    
  -93.69370       15.98420       133.9507    
  -88.67030       17.39510       439.5094    
  -88.68850       17.37580       115.8429    
  -92.65850       15.09750       27.18263    
  -94.59210       38.22780       278.4398    
  -80.51260       26.96560       18.45168    
  -81.19100       26.84120       485.6020    
  -81.17020       26.84100       133.2603    
  -78.26450       22.05590       81.59090    
  -90.59880       19.61930       28.24741    
  -82.21850       27.48210       166.2846    
  -80.56370       26.77100       95.84547    
  -80.54290       26.77090       105.7676    
  -81.27180       22.70830       25.35667    
  -81.25180       22.70820       174.9126    
  -79.07520       22.05940       25.97681    
  -95.87740       18.26080       100.4759    
  -91.07860       15.40420       45.79504    
  -92.54920       15.01890       184.8066    
  -79.15650       22.12110       19.29312    
  -96.44360       18.47090       11.65536    
  -94.72100       36.93190       32.76998    
  -82.21680       27.46020       71.57404    
  -90.58690       19.51920       150.5023    
  -89.64000       17.09460       59.23528    
  -90.56250       17.08770       180.2945    
  -92.65650       15.07820       30.80009    
  -99.23890       22.20560       108.0731    
  -75.86450       20.25110       31.42022    
  -80.68690       26.75040       94.12287    
  -80.66620       26.75020       56.77690    
  -80.68060       26.64230       51.88472    
  -81.36100       22.87380       588.4962    
  -78.20570       22.07610       35.78702    
  -91.07150       18.05760       65.17629    
  -90.56460       17.10730       18.08645    
  -78.25820       21.08120       189.6002    
  -102.5275       43.49330       159.6638    
  -95.08510       37.82680       91.59558    
  -81.38100       22.87390       248.0680    
  -104.2445       19.74830       159.0559    
  -90.89440       18.29190       73.73833    
  -92.17910       38.61660       69.33306    
  -95.84000       37.51760       184.6673    
  -109.9132       28.69040       109.4325    
  -81.94400       27.74200       330.1964    
  -82.23950       27.48230       79.17070    
  -90.14030       20.75820       62.65782    
  -95.72520       18.23800       23.08284    
  -105.9704       41.19100       242.6351    
  -96.02550       39.02940       328.7459    
  -80.92420       26.55790       448.0453    
  -77.69040       21.09950       28.35400    
  -89.23180       21.06750       27.23184    
  -77.62650       20.85720       118.9350    
  -77.60700       20.85710       102.9215    
  -93.27680       38.92190       502.2949    
  -94.56580       38.22680       230.2005    
  -81.57750       29.06680       178.4723    
  -81.55620       29.06650       335.7540    
  -81.57580       29.04440       147.8107    
  -81.55450       29.04420       75.59749    
  -81.37990       22.85330       341.6576    
  -81.33980       22.85300       47.47486    
  -102.2624       21.50830       201.9530    
  -90.56640       19.51890       97.86729    
  -90.74960       19.16260       39.66050    
  -95.15230       16.39780       31.97152    
  -93.28510       38.94890       589.9596    
  -81.96510       27.74220       84.56818    
  -81.96340       27.72020       283.3486    
  -81.94240       27.72000       164.6059    
  -80.28810       22.59870       37.51028    
  -89.25230       21.06780       122.4240    
  -89.25000       21.04750       51.19567    
  -89.22940       21.04720       71.16812    
  -76.84460       20.83500       157.8492    
  -76.84430       20.81490       67.44324    
  -96.68160       19.01410       9.051167    
  -95.96270       18.40150       212.3473    
  -85.80540       48.44420       35.93668    
  -70.26030       44.77950       60.15847    
  -101.0508       39.42430       113.0810    
  -93.25050       38.92090       528.2496    
  -94.16790       38.60860       46.26904    
  -81.08960       22.66580       174.0314    
  -81.18630       22.60490       48.33251    
  -80.21910       21.94320       76.79619    
  -88.37690       17.45020       7.526760    
  -94.36690       40.40320       46.27956    
  -96.09690       38.26110       126.0268    
  -95.05880       37.82570       219.6498    
  -81.10960       22.66600       579.8425    
  -81.10850       22.64540       76.10446    
  -81.20630       22.60500       263.6022    
  -90.25870       20.03470       118.7982    
  -90.23810       20.03440       29.39445    
  -95.20420       41.67010       123.8511    
  -82.19750       27.48190       560.0159    
  -79.37220       22.06090       88.80863    
  -98.71510       18.55980       24.26615    
  -115.4809       35.56330       171.7947    
  -83.44340       31.06440       54.22744    
  -80.75820       22.82810       23.24362    
  -100.2840       22.27640       361.4860    
  -100.2608       22.27570       519.7445    
  -76.80640       20.89540       39.96432    
  -76.78680       20.89540       42.44486    
  -76.78660       20.87520       42.23816    
  -96.33660       38.56220       466.6750    
  -105.9691       37.61770       1173.484    
  -115.5005       35.58980       186.5482    
  -115.4614       35.53670       225.1319    
  -82.22020       27.50400       272.8886    
  -99.27980       18.75250       24.47964    
  -96.29010       18.44780       26.73475    
  -92.04260       18.15190       20.54717    
  -88.65040       17.39490       423.4275    
  -88.64860       17.37530       226.9812    
  -105.9995       37.61950       1728.495    
  -80.55420       26.96590       141.5128    
  -98.78400       21.98670       65.13150    
  -101.8122       20.28850       45.68584    
  -101.8075       20.26800       37.07526    
  -96.61300       20.01660       104.5542    
  -104.4641       19.57220       47.25140    
  -90.73100       18.46740       116.1503    
  -72.37250       42.90330       31.77574    
  -94.97420       38.90630       19.65850    
  -98.23670       37.93180       174.4641    
  -81.21310       22.35880       337.2186    
  -98.10740       21.86590       24.94325    
  -102.1084       20.86770       23.12757    
  -102.0849       20.86700       195.9918    
  -92.49510       14.88320       40.44665    
  -97.66060       38.80560       45.02877    
  -94.19430       38.60960       44.56366    
  -103.1746       38.04110       128.0621    
  -81.91150       27.30430       211.3900    
  -101.6228       21.07900       81.23219    
  -101.6180       21.05830       43.58657    
  -103.7012       20.44430       16.60968    
  -90.09450       20.03210       160.9317    
  -90.07400       20.03180       202.5008    
  -90.07160       20.01170       99.79570    
  -90.41410       19.61640       63.58120    
  -95.95970       18.38150       150.5592    
  -92.43390       16.41230       133.8871    
  -97.50730       37.76900       205.5195    
  -103.4065       20.10980       193.2384    
  -94.09080       40.69690       29.60116    
  -82.19920       27.50380       70.96606    
  -80.55290       26.94420       82.10101    
  -81.21420       22.37930       123.6823    
  -80.61330       22.31360       86.66212    
  -90.53480       19.59830       165.4853    
  -103.3380       19.52000       314.4757    
  -90.91700       18.31200       72.90114    
  -90.44750       17.34060       69.30004    
  -90.25490       16.20660       68.01574    
  -96.30960       38.56100       630.8065    
  -78.40930       21.58810       43.34061    
  -77.10490       21.21920       24.73654    
  -90.17960       19.17360       33.64994    
  -95.89780       17.09650       412.1809    
  -96.19410       38.60940       209.4466    
  -96.16720       38.60820       184.3309    
  -96.37170       37.69530       239.0472    
  -84.97920       30.28480       474.8652    
  -81.59330       27.54140       21.55342    
  -89.70770       20.75120       18.85606    
  -90.72210       19.10250       150.2506    
  -96.99880       18.58190       48.86295    
  -95.83760       18.41880       29.72059    
  -91.26560       16.86320       41.34780    
  -90.33480       15.12470       168.1852    
  -93.90470       40.38500       226.0004    
  -93.87760       40.38390       67.45795    
  -110.1094       40.67620       34.06189    
  -94.10400       39.14040       23.84078    
  -78.59440       21.85330       47.06144    
  -78.57460       21.85320       37.55268    
  -89.72820       20.75150       119.4299    
  -89.72580       20.73120       261.3481    
  -89.70530       20.73090       149.6193    
  -90.24280       20.41670       22.46270    
  -90.37310       19.61570       118.8960    
  -90.35270       19.61540       150.3788    
  -97.00160       19.50190       9.368752    
  -90.72440       19.12240       128.4960    
  -98.89110       18.80340       39.80833    
  -98.88740       18.78340       177.9524    
  -92.47470       16.41290       45.17519    
  -81.89060       27.30410       168.5804    
  -80.61470       26.57700       203.5190    
  -80.63410       26.55550       49.40417    
  -80.61340       26.55540       69.31743    
  -80.37270       22.27110       46.18197    
  -80.37170       22.25060       34.58981    
  -102.2573       21.48750       199.7719    
  -90.53720       19.61840       171.7711    
  -90.52250       19.31850       113.4251    
  -90.12060       19.19260       147.5640    
  -94.25470       17.18480       33.90077    
  -95.89510       17.07680       293.8271    
  -92.47220       15.05640       178.1833    
  -84.46150       14.68300       24.76428    
  -95.23230       41.67130       171.1575    
  -92.16180       37.46120       283.6358    
  -85.00120       30.28510       172.0888    
  -84.97650       30.26200       99.48412    
  -81.75090       27.10680       272.3636    
  -81.19320       22.35870       270.8902    
  -90.24530       20.43690       23.74430    
  -88.40280       19.00870       313.8382    
  -88.70660       18.41850       91.01942    
  -88.80030       18.14340       46.08037    
  -91.23240       18.04040       7.185356    
  -93.62920       17.64590       22.66942    
  -95.87670       17.09610       190.9824    
  -90.51420       17.00880       22.46270    
  -92.45200       15.05610       41.68692    
  -117.4425       48.48860       198.6253    
  -115.0653       48.10880       188.3150    
  -95.15800       40.35260       127.4348    
  -95.89010       39.02370       197.3373    
  -93.46620       38.60900       91.15717    
  -94.69720       38.39030       216.6225    
  -80.52520       22.97080       21.34170    
  -81.11070       22.68660       40.03323    
  -98.88000       22.94270       14.74652    
  -76.82500       20.83500       96.79633    
  -76.91730       20.47320       13.71190    
  -88.12530       19.04470       98.55074    
  -102.4358       19.03170       24.40848    
  -90.88070       18.35100       182.5548    
  -90.86030       18.35060       26.92060    
  -95.81620       18.41840       57.50039    
  -90.50220       17.47860       120.1742    
  -90.48200       17.47830       78.03703    
  -90.50020       17.45900       134.2841    
  -90.48000       17.45870       165.8239    
  -91.37940       17.35420       22.35935    
  -93.00620       16.59660       40.23994    
  -92.98570       16.59630       225.1439    
  -70.24610       47.48730       103.2265    
  -102.9954       43.28440       185.6764    
  -95.16800       40.38070       279.9570    
  -95.14060       40.37950       125.4397    
  -95.13050       40.35150       127.3777    
  -120.2297       40.87670       470.9184    
  -103.1168       36.56010       771.1851    
  -81.12110       27.69020       116.3961    
  -81.42400       27.51790       44.09856    
  -99.45840       22.87580       27.18379    
  -104.5855       19.67710       170.5494    
  -88.42290       19.00900       300.5011    
  -90.89040       18.07460       85.45555    
  -95.98070       16.78410       231.1238    
  -95.95950       16.78380       165.1685    
  -92.45430       16.41260       73.68134    
  -95.19330       41.64120       145.7320    
  -95.47570       38.97990       193.7493    
  -98.66890       38.61140       99.92229    
  -81.10010       27.69000       381.2444    
  -81.11960       27.66830       283.9948    
  -100.2657       22.29650       75.15399    
  -76.82480       20.81490       43.61623    
  -90.07630       20.05190       117.0139    
  -101.3350       19.68780       19.35680    
  -93.41270       18.05650       62.03106    
  -91.28850       17.45090       7.018624    
  -96.65460       17.05190       22.77176    
  -90.58600       16.52210       166.5665    
  -90.56590       16.52180       175.3469    
  -93.09290       16.46140       359.2161    
  -80.52420       22.95010       40.89452    
  -81.19430       22.37920       190.9824    
  -80.59340       22.31350       61.17049    
  -102.6247       20.67820       178.8843    
  -90.06690       19.97140       270.3521    
  -90.06460       19.95130       245.2364    
  -90.55740       16.63860       139.9106    
  -93.06100       16.53890       383.8440    
  -90.56390       16.50230       178.2301    
  -93.11340       16.46170       330.0914    
  -93.07240       16.46110       109.8263    
  -97.49740       37.74250       34.47497    
  -81.57230       27.54120       174.3692    
  -90.19770       19.15400       41.48405    
  -88.40090       18.98890       211.9103    
  -69.38800       18.67680       38.10391    
  -90.35600       18.38260       45.16398    
  -90.43550       17.41880       212.6030    
  -93.04040       16.53860       17.70413    
  -90.73800       16.23250       15.59987    
  -93.51880       39.27970       79.67600    
  -95.11140       38.14260       178.5005    
  -92.85610       38.03280       172.9871    
  -94.43310       37.56720       225.3681    
  -80.41480       26.70500       64.70085    
  -81.73840       22.81500       32.17817    
  -80.31390       22.29120       29.42201    
  -102.2387       21.50760       9.178202    
  -90.04410       19.95100       69.04922    
  -101.7720       19.90180       11.56009    
  -97.65460       19.37600       22.77394    
  -90.17280       19.11380       173.6105    
  -90.45570       17.41910       82.45960    
  -90.41530       17.41850       80.89031    
  -90.53730       16.63830       174.3859    
  -96.91630       40.45610       28.04393    
  -93.95880       38.44160       96.12109    
  -93.99970       37.57720       266.8538    
  -103.0882       36.55860       920.6082    
  -98.07260       36.29930       284.9732    
  -78.58630       22.24110       333.0514    
  -89.29980       20.94700       104.9475    
  -77.70390       20.81710       74.41629    
  -90.18610       20.11390       16.44509    
  -90.17350       19.83280       212.2314    
  -90.15300       19.83240       160.6953    
  -99.05420       19.20780       30.48814    
  -88.42100       18.98910       96.01266    
  -90.37850       18.40270       103.6356    
  -92.48470       17.90260       16.55074    
  -93.81250       37.46650       40.93953    
  -103.1004       36.58480       890.4524    
  -82.10070       27.59020       110.6943    
  -82.94170       22.78450       263.9386    
  -82.92150       22.78430       239.9442    
  -79.37140       22.04050       51.45250    
  -77.72340       20.81710       46.71692    
  -89.84390       19.98800       305.0880    
  -89.82340       19.98770       237.0722    
  -89.95950       19.74930       103.0814    
  -84.12390       14.81450       45.80490    
  -93.66900       38.51030       166.8397    
  -94.84820       37.89610       143.0695    
  -81.73150       27.12840       142.8051    
  -99.00070       21.08940       21.84257    
  -99.18200       19.87520       160.1123    
  -95.19720       18.24750       20.49894    
  -96.03620       17.17770       335.5374    
  -92.84920       16.47710       44.39082    
  -96.92750       40.48430       27.16540    
  -98.29110       36.81910       421.1356    
  -120.1836       37.02170       42.76020    
  -80.32370       22.06630       42.76821    
  -77.70430       20.83720       52.78046    
  -101.9976       21.08970       18.28857    
  -77.04980       20.23290       29.69763    
  -90.18370       20.09380       31.83077    
  -89.97610       20.07040       621.4945    
  -89.84620       20.00810       266.9782    
  -89.82570       20.00780       198.8051    
  -102.2744       20.17930       141.4075    
  -102.2463       20.15820       164.5972    
  -89.96180       19.76930       170.0913    
  -89.61270       19.56390       14.44113    
  -90.61220       19.55960       112.7043    
  -89.57770       19.24420       264.3905    
  -88.12720       19.06460       93.54167    
  -95.78580       18.35820       22.62943    
  -89.23180       18.24790       348.0446    
  -95.75800       17.15290       133.4735    
  -95.92000       16.80260       362.8465    
  -90.59960       16.65870       135.6820    
  -91.36810       14.86830       16.26134    
  -71.15440       44.34310       45.58092    
  -91.77670       44.10500       50.93638    
  -97.78630       39.53740       28.25064    
  -99.58260       39.21640       285.2872    
  -99.57070       39.18890       69.73086    
  -98.02680       38.63540       53.70575    
  -81.92300       27.74180       946.8036    
  -77.72390       20.83730       16.70496    
  -89.97850       20.09050       342.1030    
  -89.96410       19.78940       42.65644    
  -90.44410       19.69690       20.59008    
  -89.59800       19.24450       263.9649    
  -89.21160       18.24760       311.7038    
  -89.96670       16.74760       59.77608    
  -90.31740       16.44060       64.73945    
  -88.01800       15.50270       132.6092    
  -71.72220       44.21710       45.93795    
  -93.50090       39.30600       70.48878    
  -106.5411       39.73140       102.6930    
  -94.77210       37.58000       265.0598    
  -98.30090       36.84520       46.22119    
  -98.10380       36.09790       72.83405    
  -81.82260       29.74350       93.48027    
  -81.10160       22.89240       478.4409    
  -78.69060       21.77230       50.05876    
  -78.67090       21.77220       38.70108    
  -78.69000       21.75190       63.59839    
  -78.67020       21.75180       54.12901    
  -77.86160       20.87800       51.18117    
  -77.86120       20.85790       49.10559    
  -102.6198       20.65760       158.0209    
  -89.99900       20.09080       402.4223    
  -89.99660       20.07070       438.2475    
  -90.42360       19.69660       120.8361    
  -89.47670       19.62180       224.7534    
  -88.54540       19.22940       80.72774    
  -89.57550       19.22430       130.4749    
  -93.51410       18.03850       33.90077    
  -90.39340       17.00710       117.3847    
  -89.54250       16.04230       34.80994    
  -71.70140       44.12660       82.23224    
  -94.29090       37.77040       43.29467    
  -117.5326       33.97860       672.5735    
  -81.45330       31.36360       91.22935    
  -81.45140       31.34040       268.8690    
  -104.9952       27.15520       426.3680    
  -78.56650       22.24100       56.57018    
  -97.91500       19.24150       38.74870    
  -89.23370       18.26770       31.87417    
  -93.32940       18.21320       15.57230    
  -90.67310       17.75620       96.76369    
  -92.35550       14.90060       20.94682    
  -96.31680       39.09530       171.3246    
  -96.28960       39.09410       152.9364    
  -95.12900       37.80230       197.7858    
  -120.8512       37.35860       78.18538    
  -117.5131       33.95270       175.3589    
  -82.07970       27.59000       566.4476    
  -104.9692       27.15420       428.7600    
  -81.12170       22.89250       64.45587    
  -102.7453       20.88620       328.4826    
  -90.12290       19.21260       303.2532    
  -95.97210       18.18340       154.5171    
  -95.95070       18.18290       27.11372    
  -90.08790       16.96390       22.80259    
  -95.91720       16.78300       280.7571    
  -94.21060       39.22510       43.46694    
  -93.34500       39.05830       43.22578    
  -90.81220       38.46570       40.87531    
  -97.10500       36.36070       397.5150    
  -98.10860       36.32630       2400.787    
  -98.08200       36.32510       533.9370    
  -98.09920       36.30050       2135.727    
  -98.60690       36.04340       109.5574    
  -81.83100       23.02200       21.51108    
  -81.12280       22.91320       54.02074    
  -81.10270       22.91300       76.24659    
  -81.12060       22.87190       59.94648    
  -81.10050       22.87180       74.82974    
  -77.85360       21.38330       53.08666    
  -76.31450       20.55250       72.54731    
  -99.30950       18.67330       64.02380    
  -99.30580       18.65320       31.70256    
  -89.21360       18.26740       196.6297    
  -89.53240       17.01510       93.04948    
  -90.06780       16.96360       108.5107    
  -84.46250       14.70210       83.21771    
  -97.09600       36.33490       341.5045    
  -98.05540       36.32400       215.6006    
  -98.04600       36.29820       118.6527    
  -93.73610       35.65380       119.4588    
  -118.9809       35.04610       93.27412    
  -82.21190       23.00460       114.1417    
  -80.17840       22.37230       48.55764    
  -80.15850       22.37220       41.52943    
  -80.59440       22.33400       36.72583    
  -80.59150       22.27250       107.3524    
  -77.85410       21.40350       39.17454    
  -100.8190       20.99500       42.24730    
  -100.1907       20.73300       14.10077    
  -89.17450       20.01780       16.57263    
  -89.17230       19.99770       142.4792    
  -101.9055       20.18940       21.63586    
  -89.57990       19.26420       69.19188    
  -89.59580       19.22460       139.4388    
  -83.94420       14.66010       110.2143    
  -95.81770       40.74060       43.82294    
  -117.5497       33.95510       108.6203    
  -81.83230       23.04260       585.7328    
  -81.81090       23.02180       265.5083    
  -82.45080       22.96550       41.44673    
  -81.09070       22.68640       40.63039    
  -98.30800       22.07720       32.06792    
  -78.28960       21.52680       86.45155    
  -101.9541       21.39630       21.56201    
  -101.8617       21.10630       22.34209    
  -101.8803       21.08630       221.1075    
  -101.8568       21.08570       346.6857    
  -98.31880       20.23830       22.17983    
  -89.95560       20.07000       23.66840    
  -90.33680       19.65520       10.71416    
  -97.91060       19.46220       234.9244    
  -97.90700       19.44200       236.3868    
  -90.25690       18.95600       112.1801    
  -90.84260       18.19230       34.09662    
  -93.49590       18.05790       29.76653    
  -90.25910       16.45930       110.6449    
  -84.23390       40.59780       22.73832    
  -91.39020       35.72830       23.08284    
  -97.97990       35.31420       489.0825    
  -117.5693       33.98100       1993.872    
  -117.4960       33.97620       209.0581    
  -117.4765       33.95030       390.2044    
  -117.4936       33.92680       392.6102    
  -100.4744       20.78140       311.0304    
  -100.4515       20.78070       219.7619    
  -101.4538       20.54310       365.4103    
  -89.97380       20.05030       81.16458    
  -97.93260       19.46270       1137.324    
  -89.60020       19.26450       123.8437    
  -99.54180       19.19940       228.3383    
  -92.74910       16.49510       66.98948    
  -114.3906       48.88910       175.7785    
  -91.38400       39.63680       26.52804    
  -97.35690       39.62650       26.11462    
  -95.83200       38.40880       339.0613    
  -94.64060       37.65310       210.8691    
  -96.97540       36.58470       72.76262    
  -80.53550       26.64110       63.52948    
  -80.53430       26.61950       137.7391    
  -80.51360       26.61930       64.70085    
  -81.34100       22.87360       39.06857    
  -80.27000       22.63960       21.18798    
  -78.74280       22.18040       24.28866    
  -89.53790       21.05210       24.11640    
  -89.95800       20.09020       125.4287    
  -89.97990       19.74960       93.83285    
  -99.65820       19.90730       372.2498    
  -93.54530       18.11810       17.77723    
  -93.29150       16.58160       65.75739    
  -91.78730       16.44170       31.09768    
  -90.17810       15.37340       49.78963    
  -95.91930       39.10540       35.51312    
  -80.15760       22.35170       52.03975    
  -78.28420       22.05600       53.05608    
  -78.26390       22.03550       62.70264    
  -78.26990       21.52670       47.95030    
  -77.68820       20.99850       40.30258    
  -89.53550       21.03180       8.168282    
  -102.4770       20.44960       186.1249    
  -90.13310       20.01260       24.06472    
  -90.13080       19.99250       86.59885    
  -89.59230       19.56360       134.2295    
  -90.09100       19.47140       85.22668    
  -97.93630       19.48290       102.3177    
  -97.91430       19.48240       1859.455    
  -97.88860       19.46170       62.00050    
  -97.92900       19.44250       681.0378    
  -90.61380       16.60040       125.2197    
  -93.31210       16.58190       47.93251    
  -93.28920       16.56200       46.93117    
  -82.61600       23.02900       290.8185    
  -82.62510       22.86390       44.97422    
  -82.60500       22.86380       31.37888    
  -80.17750       22.35180       60.98004    
  -80.59240       22.29300       37.75939    
  -80.57160       22.27240       238.4079    
  -76.73100       21.09710       52.43595    
  -78.25770       21.06100       62.04805    
  -98.05290       20.69850       154.1132    
  -76.85770       20.39290       25.03512    
  -89.15410       20.01750       78.03703    
  -89.45420       19.60150       88.06661    
  -92.48230       17.88280       23.96998    
  -90.42530       16.51990       26.71179    
  -98.33650       38.59620       164.3730    
  -103.1289       36.58630       128.5242    
  -119.2774       35.74850       403.0464    
  -76.31470       20.57260       52.16033    
  -96.80990       18.87700       21.45527    
  -95.92640       18.71900       15.02176    
  -98.23810       44.03280       36.45022    
  -92.90410       39.14960       13.52911    
  -97.87910       38.04720       174.7908    
  -97.33470       37.00960       51.56316    
  -82.45210       22.98610       77.21841    
  -81.39310       22.72980       50.85115    
  -78.29010       21.54710       32.59159    
  -78.30930       21.52680       34.17638    
  -78.28900       21.50650       39.18915    
  -76.29500       20.55250       49.23880    
  -76.31430       20.53240       37.07526    
  -89.99700       20.59420       118.0774    
  -89.99460       20.57400       12.84844    
  -89.97400       20.57370       185.6764    
  -102.7769       20.13250       86.17688    
  -93.54790       18.13790       14.95217    
  -104.1910       48.93600       180.6065    
  -118.8139       42.61140       72.48053    
  -96.74530       37.71070       152.4879    
  -103.4884       25.65720       225.8257    
  -82.47090       22.96570       38.44843    
  -81.38220       22.89450       23.99353    
  -81.36210       22.89440       229.0781    
  -78.37000       21.58800       34.30558    
  -89.46760       21.15240       46.52917    
  -101.9517       21.19090       608.4633    
  -101.9468       21.17020       582.9564    
  -89.88690       20.87550       37.85804    
  -89.97640       20.59390       12.92570    
  -76.74010       20.33250       27.97502    
  -90.33450       19.63510       153.0170    
  -90.35820       18.40240       88.30882    
  -90.37630       18.38290       294.4756    
  -90.79060       16.95410       20.80901    
  -91.05140       15.53900       110.4952    
  -84.48170       14.70220       86.84972    
  -92.28160       14.76480       19.23988    
  -96.08640       38.60490       23.18369    
  -96.49850       35.55470       21.41969    
  -78.59140       21.75150       35.68462    
  -89.01250       20.94250       24.65041    
  -88.99200       20.94220       51.07360    
  -101.9752       21.19160       204.0647    
  -101.9282       21.19020       586.0020    
  -101.9703       21.17090       191.0583    
  -101.9233       21.16960       66.00252    
  -89.96210       19.94970       86.31390    
  -89.70290       19.82540       37.09256    
  -88.52880       18.65350       279.7950    
  -90.95320       18.62930       232.8037    
  -96.00640       41.59150       40.04701    
  -101.2130       23.13670       701.6685    
  -101.1894       23.13590       739.9531    
  -101.2077       23.11560       379.2015    
  -78.69870       22.03730       56.89939    
  -78.67900       22.03720       53.53841    
  -78.69810       22.01680       53.72216    
  -102.0145       20.86500       282.1026    
  -90.32410       19.89530       226.5226    
  -90.55770       19.61870       208.4767    
  -98.02550       19.12380       26.89943    
  -88.53070       18.67330       263.9050    
  -88.51070       18.67300       212.7840    
  -88.50870       18.65320       201.2427    
  -91.67280       17.79100       16.48528    
  -95.42020       17.14670       110.4632    
  -97.83160       41.78940       44.09856    
  -101.1841       23.11490       46.93411    
  -78.55550       21.87350       24.94325    
  -77.84210       20.87800       39.75761    
  -101.1121       20.35060       173.8532    
  -98.17690       20.07300       128.7177    
  -90.30360       19.89500       117.7050    
  -91.38080       17.55050       42.79910    
  -92.56150       16.27790       164.3990    
  -91.00950       15.51920       90.03240    
  -121.1154       48.83610       276.3376    
  -71.33980       44.73820       37.72625    
  -95.79400       40.82310       24.62170    
  -98.80170       37.93100       106.9849    
  -80.61430       22.33410       36.45022    
  -78.37050       21.60830       33.28063    
  -78.34750       21.48640       33.26817    
  -89.46000       20.20290       86.75361    
  -90.19630       19.85320       38.09121    
  -89.61710       19.60400       68.62123    
  -89.59670       19.60370       185.2033    
  -90.59450       16.40550       104.9395    
  -83.68060       14.73480       22.37392    
  -96.95730       44.27010       25.28777    
  -95.14370       39.85830       179.5564    
  -95.11650       39.85720       38.59484    
  -96.55850       37.10640       754.7590    
  -98.68380       36.24940       615.4082    
  -81.28760       22.99700       22.39380    
  -76.40860       20.25180       32.24707    
  -89.33620       19.26060       135.9004    
  -98.27460       19.28990       10.22623    
  -89.82980       16.35650       102.2202    
  -94.33960       40.40220       29.18084    
  -95.44880       40.03490       48.06054    
  -98.10520       39.17390       57.96205    
  -98.05430       38.29210       313.0487    
  -97.36130       37.01080       210.1691    
  -98.71050       36.25050       542.4655    
  -79.91390       22.22740       175.5106    
  -89.02400       19.17640       923.7708    
  -90.82940       18.07370       29.60328    
  -90.80990       17.52230       114.5902    
  -95.98820       17.13750       156.2549    
  -90.01880       16.45620       15.53785    
  -91.57690       15.37220       7.907862    
  -95.80210       41.78140       27.14818    
  -92.53060       39.02900       22.87613    
  -95.13930       38.46050       27.29977    
  -95.13030       38.43360       14.06901    
  -95.09380       38.16820       127.4584    
  -98.82920       37.93220       1138.277    
  -95.86550       37.28520       202.1710    
  -77.70350       20.79690       34.65872    
  -101.1307       20.33080       86.95965    
  -101.1076       20.33020       219.4743    
  -89.35650       19.26090       173.1191    
  -92.76950       16.49540       30.54618    
  -90.27540       16.42060       87.73900    
  -97.25370       39.43220       31.54425    
  -96.31720       38.50830       150.6939    
  -94.88310       37.92360       170.8761    
  -98.02110       36.37340       21.56695    
  -99.26860       35.56870       832.0681    
  -81.05720       22.80960       32.59159    
  -78.31980       21.91330       26.40746    
  -82.88600       21.65810       116.0413    
  -78.26080       21.18230       25.59784    
  -77.68860       21.01870       27.05630    
  -77.66860       20.99840       44.71870    
  -77.52800       20.81660       31.11016    
  -89.98490       19.97010       11.85650    
  -90.03470       19.87070       153.2648    
  -90.03240       19.85060       132.9005    
  -99.03580       19.81110       279.0045    
  -99.03190       19.79080       186.1249    
  -89.35860       19.28080       112.1768    
  -89.33840       19.28050       95.86999    
  -95.53620       18.39300       25.97681    
  -85.69060       14.69270       34.95260    
  -97.81900       41.76030       47.47486    
  -96.59830       39.91980       24.59873    
  -95.06740       38.16720       30.80009    
  -97.33900       38.10260       267.7508    
  -97.31190       38.10140       251.1565    
  -80.80090       27.59980       84.08205    
  -77.92080       20.89840       18.12175    
  -77.60740       20.87730       46.02787    
  -76.62270       20.27210       178.9490    
  -90.55530       19.59860       32.23627    
  -89.62420       19.48420       67.02963    
  -98.33720       19.27130       32.03754    
  -88.67800       18.53670       354.2213    
  -95.53920       18.41290       19.22422    
  -93.50890       18.15700       36.03679    
  -92.54110       16.27760       526.3395    
  -95.09630       38.64450       24.87434    
  -94.68440       37.62880       135.3741    
  -78.49040       21.66970       37.20816    
  -78.47070       21.66970       44.51198    
  -88.93280       20.77940       96.44190    
  -77.03420       20.47350       191.3352    
  -89.62640       19.50420       72.18781    
  -89.48180       19.48210       106.4925    
  -90.18180       19.19360       275.9582    
  -90.16140       19.19330       217.1524    
  -89.34330       15.80750       31.10068    
  -94.97850       40.45570       35.20995    
  -92.88010       39.49920       24.52982    
  -96.25570       38.55880       379.1267    
  -98.31800       36.82030       497.4544    
  -94.97750       36.20180       54.17188    
  -81.96800       27.50140       100.1574    
  -79.96050       22.39140       26.59694    
  -82.90600       21.65830       133.5132    
  -78.28790       21.46590       101.7695    
  -78.25870       21.10140       245.4428    
  -89.87600       20.08890       50.66716    
  -102.2184       20.34040       67.24785    
  -102.1950       20.33980       344.8459    
  -90.21810       19.15430       27.75308    
  -90.43730       18.38380       75.61175    
  -93.50630       18.13720       23.35846    
  -97.99160       41.37180       36.58802    
  -97.36630       38.95290       37.07273    
  -94.60050       38.33370       168.4094    
  -98.43950       35.65850       236.3562    
  -78.10640       21.28290       20.25778    
  -97.81270       21.05920       25.18441    
  -89.82130       19.42730       29.24605    
  -89.02610       19.19640       633.0142    
  -89.04430       19.17670       293.8780    
  -90.97360       18.62960       263.2659    
  -90.98520       17.26990       194.2183    
  -90.01730       15.35210       34.09662    
  -95.34730       39.67600       21.98038    
  -95.16400       37.98700       321.5700    
  -95.85860       36.56570       151.1424    
  -95.34340       35.91240       363.9527    
  -78.67830       22.01680       45.78671    
  -77.99860       20.87850       17.71927    
  -75.96110       20.17110       15.33535    
  -102.1997       20.36030       150.2020    
  -98.84500       20.08930       93.02384    
  -89.00380       19.17610       469.1644    
  -99.38900       19.21580       240.5951    
  -88.67990       18.55650       326.4056    
  -93.09520       16.48090       44.40493    
  -91.00720       39.67860       22.56606    
  -95.32010       39.67490       21.84257    
  -92.87170       39.47190       69.66194    
  -97.21860       38.91970       9.813371    
  -94.04410       37.97060       91.11095    
  -120.5385       38.89920       360.4482    
  -81.10380       22.93370       193.2573    
  -81.08270       22.91290       439.0754    
  -78.42020       21.97490       22.11819    
  -90.09330       19.49140       66.28538    
  -89.00590       19.19610       329.4926    
  -90.95550       18.64920       62.26343    
  -88.69810       18.53700       203.6541    
  -88.65790       18.53650       29.26544    
  -90.82680       17.67980       36.66457    
  -88.49200       16.49550       138.2856    
  -87.57700       15.09380       26.45913    
  -120.0242       49.06880       246.1966    
  -102.1398       40.93920       303.8545    
  -102.1250       40.91050       356.1040    
  -96.60900       39.94760       40.92898    
  -94.70840       37.86460       19.63764    
  -101.1327       38.06800       138.1640    
  -98.21220       37.59100       224.6954    
  -92.18930       37.10020       134.0996    
  -96.54950       37.08030       720.9537    
  -98.12560       21.84570       28.97414    
  -102.1389       20.39930       250.9003    
  -98.88720       18.90330       330.9553    
  -93.62080       18.06010       22.66942    
  -97.33880       38.95170       722.0750    
  -95.98050       38.23000       166.3912    
  -89.11560       21.12650       8.860617    
  -89.90660       21.03790       24.36905    
  -77.58790       20.87720       44.92540    
  -77.56830       20.87710       59.32634    
  -77.56630       20.77640       26.02849    
  -89.86630       20.87510       31.73813    
  -98.86730       20.08980       86.79950    
  -89.35330       19.42030       64.21524    
  -98.94270       18.96470       20.51598    
  -98.89090       18.92340       33.59650    
  -88.67600       18.51690       19.84905    
  -89.78440       14.71440       60.70097    
  -119.7515       49.34950       80.05696    
  -97.18840       39.05230       110.4963    
  -121.1517       39.46180       97.60228    
  -101.1612       38.06940       166.7132    
  -96.53210       37.10530       675.8801    
  -98.54290       21.26150       19.05196    
  -89.76710       21.07610       97.30650    
  -98.87130       20.11010       685.7051    
  -98.84890       20.10960       91.51822    
  -89.54720       19.52300       153.6502    
  -89.04630       19.19660       228.0624    
  -89.22980       18.22810       274.6840    
  -90.27730       16.44010       34.23928    
  -92.54760       16.33610       32.80556    
  -92.52720       16.33580       278.5146    
  -92.52510       16.31630       39.13896    
  -95.26950       37.91250       29.07749    
  -97.62440       37.51340       21.56695    
  -78.31920       21.89290       15.11294    
  -98.84100       20.06890       18.00706    
  -89.20970       18.22790       106.8551    
  -90.64340       17.28460       53.19389    
  -90.64130       17.26500       57.86873    
  -92.53680       16.23870       43.12401    
  -94.95950       39.71460       70.07537    
  -95.37750       39.00270       229.0697    
  -98.33650       35.80490       208.5496    
  -79.97810       22.80240       24.76980    
  -78.32780       21.48630       251.6859    
  -99.12070       20.90870       9.241717    
  -101.9911       20.86430       275.3196    
  -99.40820       20.44800       22.77394    
  -97.45220       19.71310       120.2662    
  -89.56750       19.52330       29.35190    
  -90.66150       17.26530       188.5394    
  -90.32430       16.30460       53.20691    
  -95.87620       38.38420       177.8540    
  -95.34850       37.75860       183.0976    
  -81.20740       22.99630       38.31062    
  -81.53670       22.79270       30.38666    
  -101.9959       20.88490       598.7744    
  -88.77730       18.32070       25.04893    
  -91.69320       17.79130       25.37144    
  -88.93190       16.98780       38.23349    
  -90.58400       16.50260       150.6344    
  -84.08860       14.87170       122.3008    
  -92.22870       14.84110       132.4663    
  -93.97080       39.21600       30.17995    
  -98.09420       39.14650       44.74166    
  -96.14990       38.63410       333.8475    
  -94.28260       37.74400       33.28063    
  -82.10240       27.61210       375.1057    
  -82.12180       27.59040       435.2463    
  -80.79960       27.57790       305.1141    
  -79.06760       21.83510       17.91504    
  -78.23860       21.08110       61.71502    
  -103.1952       20.40910       425.2527    
  -89.87370       20.06880       160.6199    
  -89.02200       19.15650       91.30476    
  -91.96730       16.23030       166.3912    
  -121.1478       41.68630       805.9432    
  -95.24740       39.99920       28.73297    
  -96.81840       39.14360       179.8460    
  -121.1826       39.49150       375.2964    
  -93.98020       37.68070       28.10625    
  -96.94110       34.57950       202.2707    
  -80.78000       27.59960       368.1593    
  -81.21080       27.14520       87.88007    
  -98.12980       21.86640       35.27885    
  -78.12550       21.26270       22.79344    
  -101.7675       19.88140       214.2388    
  -89.54940       19.54300       97.01130    
  -96.77190       18.77640       46.25513    
  -98.97250       18.76530       17.95942    
  -96.24050       16.06570       358.1550    
  -97.26380       41.45040       29.28420    
  -95.57080       40.36990       36.45022    
  -121.1073       39.45830       64.79277    
  -93.97210       37.65430       141.4998    
  -97.75480       37.64920       270.9995    
  -95.41010       37.47460       158.7936    
  -95.04730       37.07280       27.21708    
  -79.25950       21.67320       16.12354    
  -76.93920       20.63400       19.63764    
  -101.3238       20.78420       383.0777    
  -90.52950       19.37850       71.33184    
  -90.52710       19.35850       37.50224    
  -89.65680       19.22550       597.3419    
  -92.85370       39.49830       30.13402    
  -96.80810       39.11630       123.3037    
  -95.39120       38.73610       117.9273    
  -97.96120       34.81700       205.4101    
  -97.31930       18.94800       26.40100    
  -99.27820       35.59410       884.1307    
  -94.02660       35.36390       41.22251    
  -95.80860       34.73370       387.6481    
  -77.26130       20.09340       54.98540    
  -69.42830       18.63710       8.320722    
  -78.23910       21.10130       234.4886    
  -89.85550       20.08850       37.78688    
  -98.92050       18.96420       296.7238    
  -69.42910       18.61740       7.272692    
  -90.97590       18.64950       309.0122    
  -90.90280       17.81860       64.94078    
  -90.67520       17.77590       70.89887    
  -90.09680       16.22400       25.53680    
  -120.5193       43.66660       559.7950    
  -98.68120       37.89930       25.77010    
  -94.96310       37.69150       48.31882    
  -96.84330       36.50280       217.0710    
  -81.37080       22.68850       18.32846    
  -79.47190       22.08180       18.56274    
  -78.92410       21.67160       13.71190    
  -76.89550       20.31270       40.03323    
  -89.59450       19.58360       151.3208    
  -89.57190       19.56330       18.89630    
  -90.78780       18.96420       65.87523    
  -100.1100       18.19340       28.07331    
  -95.08070       16.80710       26.75682    
  -95.16320       39.91370       39.20638    
  -97.72780       37.64800       474.5064    
  -95.78700       37.43750       339.9583    
  -95.87560       36.61740       258.3324    
  -83.35540       22.37750       17.77723    
  -89.35130       21.21150       14.60765    
  -88.55600       18.93140       86.33018    
  -88.64450       18.39790       63.42894    
  -100.1438       18.01520       44.84969    
  -95.18160       37.88280       552.0958    
  -77.73850       21.50460       87.90479    
  -89.67710       19.22580       432.1143    
  -98.55110       19.11580       84.74081    
  -96.41260       18.94850       88.08990    
  -86.52100       15.29500       56.22111    
  -93.54990       41.01030       62.18586    
  -96.83550       39.11750       101.8057    
  -80.92550       22.58240       17.29490    
  -76.35430       20.63290       61.43940    
  -89.65900       19.24540       254.3710    
  -89.65460       19.20550       181.7423    
  -97.11730       19.16360       18.64438    
  -93.47770       18.07740       42.99610    
  -89.45430       17.03360       51.35892    
  -118.6363       48.59930       192.8495    
  -93.90860       39.67320       26.67963    
  -94.98500       37.19930       239.4957    
  -89.48820       21.15280       21.18382    
  -77.90120       20.89830       23.01394    
  -77.76300       20.83740       15.77902    
  -76.37380       20.63300       55.75100    
  -89.63650       19.22520       216.4597    
  -95.42090       38.20740       176.2448    
  -89.14540       19.93720       28.39007    
  -90.48440       19.51750       47.36434    
  -90.45260       18.52250       43.94041    
  -91.69550       17.81100       19.83057    
  -120.2954       41.24710       599.9155    
  -94.65160       36.95500       41.41613    
  -82.25390       22.71640       30.95802    
  -100.4247       19.90660       193.1513    
  -90.76290       18.38870       63.82209    
  -92.39850       16.27550       80.00739    
  -92.51860       16.25780       32.20310    
  -84.55530       15.70150       64.70245    
  -95.43000       38.23420       21.11908    
  -87.45890       21.08160       59.49739    
  -77.28250       20.19350       173.1754    
  -88.56750       19.24960       75.61672    
  -95.95050       18.32180       75.60270    
  -93.45950       18.09680       23.28955    
  -96.81740       17.42900       349.8251    
  -92.40060       16.29500       64.65044    
  -96.44210       38.11730       310.5072    
  -90.74250       18.38840       93.04658    
  -88.58050       18.35760       21.63586    
  -77.30300       17.91660       15.36559    
  -91.01470       16.78150       131.0188    
  -110.5820       46.27920       31.73813    
  -116.1560       45.97560       111.9690    
  -94.93020       41.60160       163.3714    
  -94.90220       41.60050       157.7902    
  -97.05120       39.04630       267.7508    
  -95.01490       37.85020       696.5108    
  -82.03570       22.75570       16.67477    
  -77.00090       18.21030       28.81806    
  -95.56980       18.33410       26.25242    
  -88.68690       18.00400       20.46449    
  -96.15230       18.10760       98.80046    
  -90.83650       17.58160       92.69711    
  -90.67020       17.53990       7.749069    
  -91.22050       38.66440       123.7429    
  -101.3119       19.68720       32.73440    
  -120.8067       42.95490       1382.538    
  -93.88180       39.67220       144.7436    
  -95.11270       38.45940       334.6884    
  -98.01400       38.39610       28.31954    
  -95.99430       37.96760       177.6035    
  -103.2091       20.36870       91.13002    
  -101.3490       18.88300       21.34852    
  -96.23240       18.62570       20.46449    
  -93.48030       18.09720       16.64032    
  -91.82130       15.80110       31.55803    
  -97.59710       38.98990       269.5447    
  -94.99100       37.45840       23.63407    
  -95.69920       37.40810       228.8813    
  -97.37820       37.34720       159.6638    
  -94.07160       36.80550       271.5630    
  -80.45790       22.39450       24.46092    
  -77.01470       20.47340       110.7991    
  -94.47850       18.07560       58.31792    
  -88.95180       16.98810       16.39532    
  -91.01670       16.80100       115.5576    
  -92.56370       16.29740       191.8752    
  -96.15220       18.38540       20.13877    
  -93.50370       18.11740       15.71011    
  -92.52080       16.27730       151.5819    
  -116.2526       48.68280       43.89185    
  -117.0260       43.81590       85.71658    
  -93.66070       38.48350       27.18379    
  -94.87450       37.89710       28.93968    
  -94.32770       37.64140       214.8285    
  -78.15290       21.56690       19.91326    
  -76.51210       20.79410       40.67059    
  -98.26880       20.43980       182.5370    
  -89.31920       20.22090       112.6286    
  -90.30450       20.07560       33.37486    
  -88.53740       18.53490       50.93093    
  -88.64500       17.98380       27.42379    
  -96.05740       17.17810       280.8505    
  -99.22490       35.59180       892.0540    
  -97.43030       19.71260       127.0984    
  -98.73610       18.79990       24.97777    
  -97.85790       38.89450       390.8623    
  -95.62450       38.18920       140.3785    
  -79.95810       22.80230       70.55770    
  -77.42990       20.79620       25.61823    
  -77.24430       20.23340       28.89375    
  -99.26690       20.07950       10.38502    
  -97.45580       19.73330       102.9177    
  -95.83150       18.37900       73.98726    
  -90.99450       16.78120       37.52055    
  -114.1735       48.80230       339.8206    
  -79.95720       22.78170       67.35366    
  -69.20170       18.50040       22.18709    
  -94.51230       38.38310       29.62872    
  -95.21690       37.98900       152.0394    
  -76.71280       21.19810       30.35221    
  -76.49260       20.79410       43.42675    
  -118.6003       47.93040       383.8297    
  -93.01490       39.34200       24.39202    
  -95.00800       37.51100       222.9014    
  -99.22420       18.81120       29.90434    
  -95.27720       18.64630       63.97152    
  -95.60050       18.25530       9.749854    
  -118.9973       48.00020       287.9330    
  -95.16500       38.30280       10.63909    
  -89.79840       19.58680       36.23657    
  -98.57070       18.73610       106.7415    
  -88.58240       18.37730       29.45646    
  -88.71520       18.30010       17.98394    
  -93.43090       18.03700       28.04393    
  -117.8986       47.96490       180.0182    
  -95.97700       38.52070       28.66406    
  -88.47930       19.96760       120.3927    
  -88.72570       18.20160       33.00502    
  -90.46980       17.36050       39.23251    
  -96.70600       17.11190       54.49295    
  -119.1001       47.19260       59.80868    
  -98.74640       35.57120       148.9438    
  -78.30760       21.46600       28.25064    
  -90.19320       20.17430       146.4332    
  -99.35040       18.77410       17.22114    
  -100.9657       18.09420       31.40914    
  -98.18770       21.92970       8.161929    
  -98.86210       21.82400       18.94860    
  -103.4800       19.42290       48.38998    
  -88.60360       18.18030       20.39558    
  -95.43540       38.71130       40.03323    
  -98.41370       37.83490       724.3174    
  -69.33080       18.65740       87.45628    
  -93.50120       17.93950       24.11640    
  -91.81820       17.81300       14.26313    
  -97.01140       15.98210       26.89914    
