  -80.40640       43.42960       90.45216    
  -117.8168       44.90930       2294.657    
  -105.8647       40.70900       71960.30    
  -105.8327       40.70710       56270.47    
  -120.0189       41.13990       13428.02    
  -119.9745       41.13630       11775.00    
  -120.0754       41.11640       14814.65    
  -119.9866       41.10910       20283.25    
  -119.9423       41.10550       18169.71    
  -120.0431       41.08570       10643.17    
  -108.6941       39.53890       734.5514    
  -108.6612       39.53680       9367.352    
  -120.8311       40.28600       56498.90    
  -120.7864       40.28240       65385.61    
  -120.7993       40.25580       59195.42    
  -120.7546       40.25220       54682.56    
  -97.82780       38.67970       1473.914    
  -120.8795       39.90440       15955.98    
  -120.8351       39.90080       31318.93    
  -120.8483       39.87440       15000.41    
  -120.8039       39.87090       51512.33    
  -98.04770       37.29820       166.9356    
  -91.92660       35.71980       7527.171    
  -121.5707       37.28270       8466.988    
  -118.4753       36.27810       121758.5    
  -118.4912       36.25360       50010.10    
  -118.4523       36.25080       68471.85    
  -118.5071       36.22910       40733.80    
  -118.4682       36.22640       48890.90    
  -118.4293       36.22360       50066.52    
  -118.4842       36.20190       18172.72    
  -118.4453       36.19910       12510.87    
  -121.5848       36.14580       42298.02    
  -91.48140       31.88070       133.7991    
  -97.68210       27.44060       2593.263    
  -70.34600       18.92870       1914.877    
  -115.4031       44.34260       2041.815    
  -122.7197       44.31130       3122.952    
  -123.9053       42.38330       4755.199    
  -120.1164       41.23240       15695.45    
  -120.0310       41.11280       18345.84    
  -119.9987       41.08200       27016.39    
  -108.7895       39.49070       16920.84    
  -121.5275       37.27940       14188.51    
  -121.4843       37.27610       9570.706    
  -118.5142       36.28090       11112.25    
  -118.4363       36.27530       73817.73    
  -118.4134       36.24810       64075.95    
  -118.3905       36.22080       76887.08    
  -118.4064       36.19640       52026.33    
  -118.4772       36.15030       40654.96    
  -113.2106       34.76540       8389.450    
  -110.9123       33.66710       11318.62    
  -107.4380       24.43210       955.3732    
  -120.0838       41.20150       9606.300    
  -118.2838       40.27630       2801.829    
  -108.6759       39.51060       7890.892    
  -108.6429       39.50850       25271.37    
  -121.0401       36.77450       1927.005    
  -120.9350       36.66320       2078.699    
  -107.4456       24.45370       1980.580    
  -111.8796       41.95640       2527.059    
  -118.3745       36.24530       34996.65    
  -90.26940       33.31800       187.6695    
  -122.6714       42.62190       5237.043    
  -97.48440       38.55820       2797.782    
  -97.45710       38.55700       6341.521    
  -97.46400       37.22140       516.4042    
  -110.2945       27.29730       4608.459    
  -97.83840       38.70680       1001.364    
  -97.47360       37.24770       1237.763    
  -118.4983       36.30540       13590.01    
  -118.4593       36.30260       6647.493    
  -118.4612       36.17470       16270.32    
  -121.5884       36.27420       2112.245    
  -113.7481       43.37490       1400.931    
  -118.4943       41.52420       1704.276    
  -97.63670       37.33230       2672.894    
  -118.4231       37.54380       2163.885    
  -121.4998       37.25120       9269.692    
  -118.4224       36.17190       68037.55    
  -119.0682       41.03460       1657.567    
  -98.45410       37.73220       874.1550    
  -104.4201       37.03910       1682.146    
  -118.3974       36.27250       20605.68    
  -90.24580       33.31740       134.8013    
  -99.97550       26.48750       765.4059    
  -97.66350       37.33340       4755.504    
  -97.43730       37.22030       2157.792    
  -109.7441       37.73830       872.5242    
  -97.86900       37.03230       85.10689    
  -113.2276       34.79140       9701.392    
  -113.1771       34.76330       12161.52    
  -98.48140       37.73340       1701.340    
  -119.3130       37.53100       2305.203    
  -91.95130       35.72050       374.7751    
  -119.0574       46.29330       301.1731    
  -109.6738       40.28690       1157.929    
  -91.92010       35.69450       3582.399    
  -118.4384       36.14750       31129.83    
  -121.6110       36.17330       13994.56    
  -90.88150       33.21460       716.1667    
  -99.96940       26.46560       471.3262    
  -116.7113       40.37590       1312.864    
  -119.4400       37.46190       2445.359    
  -97.69110       36.18190       81.68256    
  -121.0011       36.35900       3023.006    
  -91.34380       32.75010       72.22392    
  -122.8829       43.54950       6703.657    
  -123.0343       42.91590       4327.562    
  -112.8600       34.61950       2058.217    
  -91.34900       32.77400       81.55728    
  -122.7344       43.03560       2698.327    
  -119.2933       37.63450       1527.618    
  -119.2508       38.29180       1806.085    
  -123.8543       51.89100       10456.02    
  -98.32630       25.18420       713.5833    
  -96.92420       37.32820       506.3902    
  -118.1922       46.72430       2353.154    
  -98.07470       37.29940       4149.162    
  -112.6870       39.45210       4162.743    
  -112.6513       39.44960       2683.680    
  -121.0886       36.16020       1894.934    
  -93.76250       30.05080       156.5223    
  -116.4917       38.91430       1653.891    
  -93.35150       30.17580       176.9440    
  -97.38800       37.01190       192.3466    
  -117.8559       41.98530       2243.372    
  -99.65590       25.20390       572.4412    
  -88.71920       17.49370       205.9707    
  -119.6578       38.80380       5272.561    
  -121.1555       39.81700       21764.29    
  -122.2939       38.90390       30630.42    
  -109.6423       30.50830       4974.716    
  -55.18360       47.21580       1395.052    
  -122.6277       39.82750       5671.930    
  -122.9088       39.65910       35982.34    
  -122.5904       38.71270       33237.96    
  -122.9761       39.52820       22207.83    
  -120.1491       41.26320       6152.924    
  -108.7712       39.46240       5810.923    
  -118.5837       36.36270       5165.411    
  -116.1840       50.12100       9088.043    
  -120.2659       41.10390       7877.621    
  -110.6863       33.80050       10545.52    
  -108.8042       39.46450       17540.84    
  -121.4326       37.14170       28753.69    
  -122.5446       38.70900       75372.39    
  -115.0177       32.19520       260.0813    
  -122.7613       39.56510       6209.767    
  -113.2605       34.74370       31213.13    
  -119.9544       41.07840       23397.79    
  -65.98200       50.68650       2703.979    
  -93.45960       35.82000       545.3932    
  -113.2782       34.81940       9028.260    
  -113.2435       34.71770       7218.832    
  -113.2611       34.79350       13617.69    
  -122.8751       39.62900       65875.20    
  -87.84410       42.58440       207.4668    
  -113.8163       46.63400       3113.165    
  -108.8225       39.49280       6763.528    
  -110.5525       32.87140       4569.199    
  -110.5217       32.86970       7622.692    
  -97.82150       38.73270       541.4543    
  -111.4272       33.45330       7387.150    
  -81.02320       46.49280       678.2137    
  -122.3934       38.72370       9976.369    
  -110.8616       33.42080       992.0197    
  -106.4900       31.61210       1265.064    
  -113.7819       46.59920       2653.907    
  -122.5589       38.68330       18599.19    
  -122.7145       39.56120       4030.928    
  -122.7215       39.83520       13903.22    
  -119.6999       38.80710       1792.311    
  -110.6097       33.45500       3196.112    
  -119.6720       38.77810       1222.349    
  -122.6878       39.80510       3760.564    
  -121.6930       37.52770       6473.354    
  -110.6408       33.45680       26568.71    
  -110.6240       33.48010       15350.25    
  -120.5917       40.79450       21636.77    
  -122.4560       38.78240       6991.326    
  -120.8219       39.92720       4844.040    
  -110.6551       33.48190       16476.28    
  -81.49680       41.10920       530.7003    
  -122.3254       38.93340       28149.10    
  -122.3395       38.90760       15070.00    
  -93.11510       17.83420       414.3322    
  -98.80790       28.78870       900.5211    
  -93.18470       17.89460       212.0642    
  -112.0637       33.49050       245.5872    
  -92.02020       35.79800       4092.529    
  -98.81440       28.81140       733.8989    
  -75.16760       42.72030       398.2800    
  -98.99490       26.97860       687.1468    
  -94.53180       33.83270       8591.835    
  -100.3848       35.92020       975.0800    
  -97.86030       36.29040       137.0563    
  -91.98890       35.77190       3726.978    
  -91.99540       35.79720       2922.623    
  -100.3576       35.91900       1078.728    
  -92.01370       35.77270       2711.322    
  -71.50360       19.73780       44.34912    
  -80.93180       26.34260       354.1385    
  -94.55650       33.83360       3733.605    
  -101.8153       31.75100       1464.952    
  -94.53860       33.85720       1580.149    
  -73.25530       43.63750       456.8457    
  -89.62590       34.41550       562.7614    
  -121.6718       44.73090       83150.56    
  -91.73290       35.04110       66.64896    
  -111.9572       43.18000       2772.099    
  -97.60770       39.01720       1627.625    
  -90.86310       33.23810       196.6061    
  -110.6720       33.45860       24951.69    
  -102.5913       34.06130       2225.956    
  -102.5640       34.06000       1779.705    
  -102.5809       34.03640       1658.611    
  -110.6266       33.43170       4122.650    
  -106.1402       45.67180       3656.866    
  -80.91110       26.34240       705.7968    
  -101.7892       31.74980       661.0527    
  -106.1168       45.63890       18476.81    
  -113.8228       33.03700       989.6293    
  -97.75020       36.92430       1714.605    
  -97.72350       36.92320       1174.574    
  -91.80800       35.54080       1608.323    
  -91.80010       35.01840       514.0045    
  -91.70980       34.54750       936.4886    
  -91.54810       32.61330       194.9357    
  -91.54290       32.58940       1192.490    
  -101.8065       31.72710       875.1335    
  -97.60140       39.07060       341.0957    
  -113.8069       33.01180       1353.183    
  -95.52550       39.87410       84.97563    
  -77.07540       37.74830       1540.947    
  -77.07460       37.72220       621.2809    
  -90.90980       36.26830       128.6138    
  -91.70390       34.52280       149.3338    
  -71.13450       18.35330       592.0117    
  -121.7223       44.73550       57767.33    
  -95.11480       33.90140       153.2627    
  -90.85790       33.21400       198.9447    
  -97.74430       39.15750       1097.091    
  -110.6862       33.48370       23794.47    
  -110.6577       33.43350       3848.815    
  -101.7803       31.72600       680.8951    
  -78.29880       37.52090       545.8659    
  -106.0814       45.63650       2513.662    
  -98.58900       30.50720       1806.054    
  -71.93810       49.83530       1517.809    
  -113.2441       34.76750       10325.41    
  -80.74330       43.13840       190.2510    
  -113.2776       34.76960       3511.317    
  -111.9831       43.21130       2836.600    
  -105.8475       40.68020       18722.99    
  -92.94490       34.26730       1836.753    
  -123.5085       41.15140       18793.54    
  -92.93860       34.24270       2295.819    
  -116.0770       35.12470       919.2662    
  -105.8820       40.73790       8026.281    
  -105.8155       40.67820       30411.50    
  -121.4052       37.11360       21080.38    
  -98.58190       30.48390       1120.415    
  -105.8500       40.73600       6713.361    
  -98.10160       37.30060       1611.396    
  -102.5536       34.03510       2283.241    
  -80.12010       27.00600       950.3815    
  -98.11160       37.32690       3475.419    
  -95.09440       34.51100       1519.712    
  -116.0966       35.15110       924.0790    
  -72.64480       43.19560       454.1584    
  -98.74930       37.45880       2387.618    
  -68.79430       45.95270       677.2067    
  -91.72820       34.52350       189.4234    
  -98.61370       30.50810       135.9914    
  -109.5607       40.16920       2646.105    
  -91.83260       35.54160       1402.651    
  -91.50500       34.39440       146.4523    
  -90.44090       34.33960       163.6157    
  -110.7031       33.46030       25222.46    
  -68.94420       45.63500       842.5398    
  -105.8967       40.71100       7661.992    
  -105.8794       40.68210       11641.05    
  -77.09910       37.74840       634.0750    
  -98.75970       37.48530       2176.418    
  -98.77660       37.46010       2097.320    
  -97.79940       36.33860       398.8915    
  -97.77290       36.33750       677.0131    
  -97.74640       36.33640       1915.204    
  -97.79010       36.31280       417.4330    
  -97.76360       36.31170       712.0263    
  -97.73720       36.31060       402.4483    
  -121.4601       37.16990       22943.02    
  -92.96300       34.24350       1425.627    
  -90.57580       32.65800       64.39392    
  -96.30870       40.01660       613.7506    
  -88.54350       39.11840       220.2907    
  -98.38200       37.54650       489.2352    
  -121.4171       37.16660       24496.87    
  -92.85740       34.68120       4516.615    
  -100.3750       30.75950       1234.348    
  -100.3497       30.75850       1193.809    
  -98.60670       30.48480       1753.343    
  -96.97860       28.43680       78.92640    
  -105.9114       40.68410       6612.307    
  -96.54890       37.67640       469.6953    
  -82.27420       27.65770       71.66016    
  -120.0513       41.17070       5740.176    
  -120.2212       41.10030       4517.556    
  -106.0856       39.84030       4045.684    
  -111.7286       25.04050       1178.367    
  -106.0539       39.83840       4655.820    
  -122.9155       39.55050       85332.53    
  -90.54000       35.52810       77.42304    
  -94.96980       35.09880       2256.382    
  -94.94450       35.09790       2051.906    
  -96.33630       40.01780       143.5709    
  -89.02400       37.47000       511.0673    
  -118.4544       36.12310       7283.514    
  -104.8203       20.78490       699.1169    
  -68.77390       44.79870       177.6028    
  -122.9491       39.58050       129134.1    
  -122.9020       39.57660       178571.0    
  -122.9626       39.55430       20768.47    
  -122.8685       39.54660       76830.80    
  -121.4446       37.19480       7194.753    
  -118.5001       36.17750       6642.841    
  -110.7009       33.82580       4365.984    
  -111.8395       26.19970       1026.224    
  -110.7174       33.48550       31202.02    
  -115.3474       32.50260       1630.025    
  -97.72660       28.06070       628.0606    
  -100.5175       23.15730       510.4674    
  -121.7298       44.70580       9480.344    
  -97.75570       36.36220       1798.052    
  -91.77030       34.59840       195.6874    
  -111.7381       25.06250       1237.832    
  -122.8617       39.65520       13715.78    
  -98.40920       37.54770       2136.054    
  -98.36590       33.00920       815.4432    
  -115.3146       32.45260       1109.003    
  -93.26320       38.70800       98.72065    
  -93.77270       33.54150       1046.214    
  -122.3478       38.72010       6259.298    
  -93.79710       33.54230       146.5776    
  -107.1564       28.87740       875.9500    
  -97.80840       39.59260       160.6090    
  -99.37570       38.00990       2960.059    
  -99.34800       38.00860       3492.272    
  -99.33700       37.98180       1019.785    
  -122.5303       38.73470       23477.87    
  -121.5587       36.11820       12158.59    
  -75.57410       42.14190       483.3159    
  -122.4846       38.73100       24113.48    
  -97.72920       36.36110       217.4861    
  -110.8810       33.66530       3347.666    
  -110.6382       33.50530       8125.790    
  -114.8746       30.41860       1844.816    
  -121.6012       36.12140       11730.36    
  -110.5846       33.09020       15400.61    
  -89.35550       15.01690       357.0875    
  -106.1047       45.66940       2341.409    
  -105.9742       39.80630       3529.564    
  -110.6694       33.50700       51270.71    
  -97.48120       37.19630       133.7991    
  -110.6551       33.79870       1355.747    
  -110.6155       33.09200       3779.844    
  -110.5706       33.06530       2429.524    
  -105.8450       40.62440       20430.19    
  -105.8130       40.62250       12019.00    
  -122.8281       39.62510       19164.97    
  -118.5302       36.25640       8143.850    
  -121.6273       36.14890       12305.20    
  -113.2618       34.84330       4219.449    
  -90.28630       33.17470       126.2822    
  -110.5985       33.11520       4293.432    
  -110.6837       33.53220       32895.57    
  -110.6525       33.53040       18838.92    
  -97.67330       37.35980       169.6291    
  -96.50340       36.79570       1750.984    
  -96.49450       36.76980       2364.684    
  -98.21110       35.67400       230.7658    
  -98.18480       35.67290       2767.615    
  -98.20200       35.64850       578.0420    
  -98.17560       35.64740       1152.701    
  -98.14930       35.64630       383.8579    
  -99.95690       38.67210       190.4256    
  -96.29070       38.13730       818.1953    
  -104.3908       37.03750       256.0723    
  -121.2301       37.17850       1481.167    
  -120.2358       35.38630       2486.830    
  -91.13510       32.43610       292.0695    
  -89.19260       14.70770       782.1223    
  -120.1284       41.20520       8027.045    
  -98.80660       37.33170       1533.033    
  -96.52080       36.77080       1392.777    
  -96.46830       36.76870       1610.500    
  -76.22730       35.52920       730.1871    
  -76.11140       35.45420       284.1350    
  -118.3836       36.16920       35395.06    
  -93.28270       36.34430       2709.146    
  -90.04350       36.11670       166.6224    
  -120.5469       40.79080       17307.96    
  -84.37850       30.38950       1032.351    
  -86.81280       40.51680       424.4486    
  -98.39900       37.52120       2092.427    
  -98.37180       37.52000       411.9206    
  -92.08660       34.50980       442.7395    
  -100.8031       30.98500       632.7839    
  -100.0340       29.39650       191.3861    
  -102.3916       28.56290       541.4395    
  -90.68590       17.30480       332.2994    
  -98.12610       38.26890       92.20609    
  -110.8664       33.64010       4861.435    
  -96.44510       37.82890       1212.660    
  -97.47790       37.40330       184.6627    
  -97.44690       37.24660       263.4012    
  -91.46440       31.69300       343.7997    
  -98.76500       29.05690       120.1435    
  -101.2589       43.86660       1019.785    
  -98.08460       37.32570       1104.844    
  -121.4876       37.19800       8302.331    
  -121.3897       37.13850       15978.38    
  -110.7486       33.48720       8875.640    
  -110.7343       33.46210       8294.511    
  -110.6888       33.43520       7002.185    
  -91.48770       31.69370       268.3498    
  -123.0649       40.13870       4920.435    
  -118.5231       36.20470       5972.382    
  -108.7382       39.46030       4739.138    
  -122.8550       39.57280       30097.84    
  -122.9290       39.52430       12207.22    
  -122.5160       38.76040       11121.94    
  -122.9356       39.60670       45837.98    
  -123.0097       39.55820       10617.82    
  -97.70750       37.30940       1392.777    
  -91.46940       31.71650       3329.744    
  -109.9339       27.30280       182.9088    
  -89.84450       41.46990       90.70272    
  -122.9828       39.61060       13530.52    
  -91.11170       32.43550       147.8304    
  -111.7272       25.30030       1241.014    
  -111.6984       25.29910       2474.188    
  -111.7177       25.27820       879.3190    
  -111.6889       25.27690       1913.158    
  -78.12710       21.32340       61.10323    
  -97.52500       39.01350       1817.215    
  -94.97720       35.12380       2706.555    
  -121.7729       44.74010       20671.31    
  -96.37000       40.32150       99.22176    
  -97.51440       38.98630       230.3481    
  -98.81700       37.35810       1037.408    
  -110.5852       33.62390       39846.61    
  -110.5709       33.59880       35311.17    
  -100.3553       37.74170       1157.114    
  -97.71990       36.33530       1159.560    
  -121.2884       37.15680       2651.174    
  -104.4830       24.23640       826.6977    
  -116.7210       44.33050       1851.056    
  -122.8216       39.54280       9560.091    
  -97.69040       37.33460       327.7325    
  -97.68070       37.30830       1623.819    
  -97.65380       37.30710       373.8355    
  -99.06290       34.44370       2521.351    
  -99.03680       34.44260       4230.519    
  -99.05400       34.41880       456.5203    
  -99.02780       34.41770       4758.926    
  -110.5541       33.62220       11156.82    
  -110.6021       33.60050       12484.76    
  -110.5398       33.59700       6662.375    
  -116.7550       44.36350       3013.878    
  -118.3996       36.14480       6961.017    
  -98.39230       37.57290       3413.445    
  -89.58240       36.99510       119.0160    
  -110.6164       33.62570       3408.847    
  -110.5566       33.57360       3000.831    
  -98.41950       37.57420       367.3210    
  -98.10880       37.24910       244.8806    
  -121.3624       37.11030       6524.076    
  -91.36460       31.87750       91.64233    
  -110.8047       44.40650       3016.043    
  -98.08180       37.24790       220.4928    
  -122.4703       38.75670       13165.28    
  -110.7005       33.50880       11707.99    
  -121.6793       44.70120       20737.97    
  -92.86390       34.70600       4003.231    
  -92.88200       34.68200       1706.453    
  -110.7149       33.53400       8094.171    
  -95.13790       39.61320       102.9802    
  -120.6242       40.82510       8195.426    
  -120.5793       40.82140       18139.69    
  -96.67330       38.39080       988.3172    
  -122.4389       38.72740       9741.080    
  -90.27780       33.24630       263.8815    
  -121.2574       37.20660       3740.808    
  -121.2146       37.20340       3414.066    
  -97.11480       28.41890       103.7318    
  -108.5737       39.44990       2257.147    
  -118.5292       37.36850       2992.754    
  -121.4756       37.14500       5932.294    
  -110.3231       24.03520       2203.994    
  -121.9075       42.49730       235.5264    
  -95.12820       39.58560       565.1111    
  -96.64040       39.24350       493.7222    
  -107.1419       39.60480       2828.976    
  -121.1290       39.86970       12564.09    
  -121.0975       39.83970       16111.66    
  -97.49290       37.30030       1096.771    
  -98.02650       36.60300       325.8951    
  -97.99980       36.60190       737.3145    
  -97.82590       37.62620       675.1870    
  -111.6601       25.27570       849.6176    
  -110.3314       24.05690       1720.714    
  -121.1638       44.71550       403.9027    
  -98.03600       36.62890       268.0992    
  -98.00940       36.62780       501.1200    
  -97.99030       36.57590       229.7635    
  -106.4357       36.30290       790.9799    
  -108.6576       39.48230       9060.816    
  -108.6247       39.48020       14406.81    
  -122.8081       39.56890       9177.726    
  -97.72980       37.15530       195.4368    
  -92.89120       32.51010       928.7701    
  -110.2288       27.33870       2307.809    
  -110.5996       33.64910       9956.606    
  -122.3047       42.79330       3056.699    
  -107.7788       39.78050       1359.344    
  -98.02790       37.24560       241.5398    
  -98.31790       35.75380       112.7520    
  -110.2002       27.33740       2019.035    
  -122.2554       42.78890       3000.985    
  -98.47390       37.57660       1773.589    
  -122.6219       38.74200       12045.07    
  -122.5761       38.73840       16674.86    
  -122.4989       38.70530       11139.64    
  -97.74690       37.13020       994.2222    
  -97.72010       37.12900       678.1825    
  -110.6308       33.65090       5524.901    
  -91.25250       32.43930       98.47009    
  -115.6709       40.65750       1309.602    
  -98.46360       37.55010       2338.691    
  -110.8496       33.66350       3774.415    
  -91.69990       31.81640       934.6070    
  -97.69290       37.41250       185.9782    
  -98.03780       37.27190       420.1891    
  -118.7728       37.72720       1918.799    
  -110.8642       33.68870       4606.073    
  -91.69480       31.79280       961.6287    
  -112.0424       45.38930       176.8954    
  -121.6289       44.69660       16018.31    
  -122.5132       38.67970       9531.630    
  -97.57040       36.35450       89.19936    
  -108.2177       25.27970       108.3672    
  -117.3468       47.13100       2823.997    
  -108.1984       45.13260       1139.990    
  -121.5143       45.17540       19617.08    
  -96.64630       38.38960       2694.224    
  -111.7015       45.08490       1598.269    
  -97.31420       38.81700       2160.109    
  -97.85530       38.68100       1069.318    
  -97.75660       37.15640       584.5565    
  -120.6084       42.96700       2298.263    
  -110.3800       40.63890       750.2077    
  -97.68310       37.38610       229.4128    
  -97.77370       37.13130       5688.532    
  -97.73720       37.10400       2350.108    
  -97.53850       36.99250       1497.096    
  -116.2359       40.09150       1670.596    
  -97.54800       37.01860       452.0103    
  -97.56520       36.99360       666.2390    
  -106.9166       45.01190       3788.549    
  -121.5651       45.18010       14736.63    
  -115.9877       42.44010       1985.623    
  -97.34160       38.81820       2299.550    
  -97.83040       36.92770       449.3794    
  -113.4948       32.96900       138.3091    
  -103.0307       47.15570       234.5242    
  -121.5211       45.14530       18460.65    
  -121.4705       45.14070       22865.01    
  -122.3513       41.98870       3376.991    
  -118.9704       40.85870       2034.899    
  -97.80370       36.92660       2101.838    
  -97.84940       36.62100       146.3271    
  -95.58780       33.91810       544.6624    
  -108.4613       44.84410       1831.485    
  -119.7951       44.80680       2365.087    
  -123.4734       41.23290       6262.468    
  -97.55260       39.01470       2754.672    
  -122.9049       39.96020       12969.30    
  -114.5395       34.94920       2007.102    
  -114.5049       34.94700       1345.481    
  -109.0409       45.72180       1035.613    
  -122.6750       44.70070       6244.983    
  -123.0999       40.16920       3371.403    
  -122.6211       39.55360       5382.236    
  -114.5067       34.99710       2094.212    
  -108.5448       49.63900       1130.204    
  -120.3722       48.39540       2557.334    
  -121.4860       42.83840       3562.635    
