  -80.40640       43.42960       203.5173    
  -117.8168       44.90930       5162.978    
  -105.8647       40.70900       124388.5    
  -105.8327       40.70710       97267.53    
  -120.0189       41.13990       30213.05    
  -119.9745       41.13630       26493.75    
  -120.0754       41.11640       33332.95    
  -119.9866       41.10910       45637.31    
  -119.9423       41.10550       40881.83    
  -120.0431       41.08570       23947.12    
  -108.6941       39.53890       1652.741    
  -108.6612       39.53680       16192.14    
  -120.8311       40.28600       97662.39    
  -120.7864       40.28240       113023.7    
  -120.7993       40.25580       102323.5    
  -120.7546       40.25220       94522.72    
  -97.82780       38.67970       3316.306    
  -120.8795       39.90440       27581.05    
  -120.8351       39.90080       54137.01    
  -120.8483       39.87440       25929.28    
  -120.8039       39.87090       89042.75    
  -98.04770       37.29820       375.6051    
  -91.92660       35.71980       13452.82    
  -121.5707       37.28270       15132.49    
  -118.4753       36.27810       210468.3    
  -118.4912       36.25360       89379.75    
  -118.4523       36.25080       122375.2    
  -118.5071       36.22910       72800.84    
  -118.4682       36.22640       87379.48    
  -118.4293       36.22360       89480.58    
  -118.4842       36.20190       40888.63    
  -118.4453       36.19910       22359.86    
  -121.5848       36.14580       73115.14    
  -91.48140       31.88070       301.0478    
  -97.68210       27.44060       5834.842    
  -70.34600       18.92870       3310.002    
  -115.4031       44.34260       3529.423    
  -122.7197       44.31130       5398.246    
  -123.9053       42.38330       8219.702    
  -120.1164       41.23240       35314.75    
  -120.0310       41.11280       41278.14    
  -119.9987       41.08200       60786.89    
  -108.7895       39.49070       29248.89    
  -121.5275       37.27940       25358.18    
  -121.4843       37.27610       17105.09    
  -118.5142       36.28090       19860.19    
  -118.4363       36.27530       131929.6    
  -118.4134       36.24810       114518.7    
  -118.3905       36.22080       132904.8    
  -118.4064       36.19640       89931.23    
  -118.4772       36.15030       70275.00    
  -113.2106       34.76540       14993.91    
  -110.9123       33.66710       20229.02    
  -107.4380       24.43210       2149.590    
  -120.0838       41.20150       21614.17    
  -118.2838       40.27630       5007.524    
  -108.6759       39.51060       17754.50    
  -108.6429       39.50850       45165.86    
  -121.0401       36.77450       3444.010    
  -120.9350       36.66320       3715.121    
  -107.4456       24.45370       3423.574    
  -111.8796       41.95640       5685.882    
  -118.3745       36.24530       62547.21    
  -90.26940       33.31800       422.2563    
  -122.6714       42.62190       9052.604    
  -97.48440       38.55820       5000.290    
  -97.45710       38.55700       14268.42    
  -97.46400       37.22140       1161.909    
  -110.2945       27.29730       8236.395    
  -97.83840       38.70680       2253.070    
  -97.47360       37.24770       2784.967    
  -118.4983       36.30540       23491.31    
  -118.4593       36.30260       14956.86    
  -118.4612       36.17470       36608.22    
  -121.5884       36.27420       3775.076    
  -113.7481       43.37490       3152.096    
  -118.4943       41.52420       3834.621    
  -97.63670       37.33230       6014.012    
  -118.4231       37.54380       4868.742    
  -121.4998       37.25120       16567.11    
  -118.4224       36.17190       117607.8    
  -119.0682       41.03460       3729.525    
  -98.45410       37.73220       1966.849    
  -104.4201       37.03910       3784.828    
  -118.3974       36.27250       46362.77    
  -90.24580       33.31740       303.3029    
  -99.97550       26.48750       1367.959    
  -97.66350       37.33340       10699.88    
  -97.43730       37.22030       4855.031    
  -109.7441       37.73830       1963.179    
  -97.86900       37.03230       191.4905    
  -113.2276       34.79140       17338.66    
  -113.1771       34.76330       21735.48    
  -98.48140       37.73340       3828.016    
  -119.3130       37.53100       4119.937    
  -91.95130       35.72050       843.2440    
  -119.0574       46.29330       677.6395    
  -109.6738       40.28690       2605.341    
  -91.92010       35.69450       6402.585    
  -118.4384       36.14750       53810.14    
  -121.6110       36.17330       24190.60    
  -90.88150       33.21460       1611.375    
  -99.96940       26.46560       1060.484    
  -116.7113       40.37590       2953.943    
  -119.4400       37.46190       4226.978    
  -97.69110       36.18190       183.7858    
  -121.0011       36.35900       5402.818    
  -91.34380       32.75010       162.5038    
  -122.8829       43.54950       11587.75    
  -123.0343       42.91590       7480.501    
  -112.8600       34.61950       3678.515    
  -91.34900       32.77400       183.5039    
  -122.7344       43.03560       4664.252    
  -119.2933       37.63450       3437.141    
  -119.2508       38.29180       3227.896    
  -123.8543       51.89100       18073.98    
  -98.32630       25.18420       1275.340    
  -96.92420       37.32820       1139.378    
  -118.1922       46.72430       4205.637    
  -98.07470       37.29940       9335.613    
  -112.6870       39.45210       7439.796    
  -112.6513       39.44960       6038.279    
  -121.0886       36.16020       3386.690    
  -93.76250       30.05080       352.1752    
  -116.4917       38.91430       2955.889    
  -93.35150       30.17580       398.1240    
  -97.38800       37.01190       432.7798    
  -117.8559       41.98530       4009.431    
  -99.65590       25.20390       1287.993    
  -88.71920       17.49370       604.5374    
  -119.6578       38.80380       9423.300    
  -121.1555       39.81700       37621.12    
  -122.2939       38.90390       52946.88    
  -109.6423       30.50830       8890.981    
  -55.18360       47.21580       2493.285    
  -122.6277       39.82750       10137.07    
  -122.9088       39.65910       62198.05    
  -122.5904       38.71270       57454.19    
  -122.9761       39.52820       38387.82    
  -120.1491       41.26320       10996.71    
  -108.7712       39.46240       10385.48    
  -118.5837       36.36270       11622.17    
  -116.1840       50.12100       16242.46    
  -120.2659       41.10390       17724.64    
  -110.6863       33.80050       18847.30    
  -108.8042       39.46450       31349.58    
  -121.4326       37.14170       51389.57    
  -122.5446       38.70900       134708.1    
  -115.0177       32.19520       585.1829    
  -122.7613       39.56510       10734.03    
  -113.2605       34.74370       55785.18    
  -119.9544       41.07840       41817.32    
  -65.98200       50.68650       4832.644    
  -93.45960       35.82000       1600.765    
  -113.2782       34.81940       16135.61    
  -113.2435       34.71770       12901.74    
  -113.2611       34.79350       24338.00    
  -122.8751       39.62900       113870.0    
  -87.84410       42.58440       466.8001    
  -113.8163       46.63400       5381.328    
  -108.8225       39.49280       12088.01    
  -110.5525       32.87140       8166.228    
  -110.5217       32.86970       13623.53    
  -97.82150       38.73270       1218.272    
  -111.4272       33.45330       13202.56    
  -81.02320       46.49280       1525.981    
  -122.3934       38.72370       17830.11    
  -110.8616       33.42080       2232.044    
  -106.4900       31.61210       2260.965    
  -113.7819       46.59920       4587.469    
  -122.5589       38.68330       32150.02    
  -122.7145       39.56120       6967.747    
  -122.7215       39.83520       24032.71    
  -119.6999       38.80710       3203.279    
  -110.6097       33.45500       7191.251    
  -119.6720       38.77810       2750.286    
  -122.6878       39.80510       6500.404    
  -121.6930       37.52770       11569.40    
  -110.6408       33.45680       47484.50    
  -110.6240       33.48010       27434.49    
  -120.5917       40.79450       38669.96    
  -122.4560       38.78240       12495.14    
  -120.8219       39.92720       8373.269    
  -110.6551       33.48190       29446.96    
  -81.49680       41.10920       1194.076    
  -122.3254       38.93340       50309.03    
  -122.3395       38.90760       26933.62    
  -93.11510       17.83420       932.2473    
  -98.80790       28.78870       2026.172    
  -93.18470       17.89460       477.1445    
  -112.0637       33.49050       552.5713    
  -92.02020       35.79800       12011.84    
  -98.81440       28.81140       1651.272    
  -75.16760       42.72030       896.1301    
  -98.99490       26.97860       1546.080    
  -94.53180       33.83270       15355.62    
  -100.3848       35.92020       1742.696    
  -97.86030       36.29040       308.3767    
  -91.98890       35.77190       10938.92    
  -91.99540       35.79720       6575.901    
  -100.3576       35.91900       1927.939    
  -92.01370       35.77270       7957.906    
  -71.50360       19.73780       99.78553    
  -80.93180       26.34260       796.8117    
  -94.55650       33.83360       6672.825    
  -101.8153       31.75100       3296.143    
  -94.53860       33.85720       2731.400    
  -73.25530       43.63750       789.6906    
  -89.62590       34.41550       1266.213    
  -121.6718       44.73090       143731.7    
  -91.73290       35.04110       149.9601    
  -111.9572       43.18000       6237.223    
  -97.60770       39.01720       3662.156    
  -90.86310       33.23810       442.3637    
  -110.6720       33.45860       44594.51    
  -102.5913       34.06130       5008.401    
  -102.5640       34.06000       4004.336    
  -102.5809       34.03640       3731.876    
  -110.6266       33.43170       7368.140    
  -106.1402       45.67180       8227.949    
  -80.91110       26.34240       1261.424    
  -101.7892       31.74980       1487.368    
  -106.1168       45.63890       33022.38    
  -113.8228       33.03700       1768.699    
  -97.75020       36.92430       3857.862    
  -97.72350       36.92320       2642.790    
  -91.80800       35.54080       2780.101    
  -91.80010       35.01840       1156.510    
  -91.70980       34.54750       1673.724    
  -91.54810       32.61330       438.6053    
  -91.54290       32.58940       2683.103    
  -101.8065       31.72710       1969.050    
  -97.60140       39.07060       767.4652    
  -113.8069       33.01180       2418.455    
  -95.52550       39.87410       191.1952    
  -77.07540       37.74830       2754.033    
  -77.07460       37.72220       1397.882    
  -90.90980       36.26830       289.3811    
  -91.70390       34.52280       336.0009    
  -71.13450       18.35330       1332.026    
  -121.7223       44.73550       99854.95    
  -95.11480       33.90140       344.8412    
  -90.85790       33.21400       447.6255    
  -97.74430       39.15750       2468.455    
  -110.6862       33.48370       42526.28    
  -110.6577       33.43350       6878.733    
  -101.7803       31.72600       1532.014    
  -78.29880       37.52090       943.5682    
  -106.0814       45.63650       5655.739    
  -98.58900       30.50720       4063.621    
  -71.93810       49.83530       2623.642    
  -113.2441       34.76750       18453.93    
  -80.74330       43.13840       428.0648    
  -113.2776       34.76960       6275.546    
  -111.9831       43.21130       6382.351    
  -105.8475       40.68020       32364.03    
  -92.94490       34.26730       5390.991    
  -123.5085       41.15140       32485.97    
  -92.93860       34.24270       3968.488    
  -116.0770       35.12470       2068.349    
  -105.8820       40.73790       13874.00    
  -105.8155       40.67820       52568.45    
  -121.4052       37.11360       37675.57    
  -98.58190       30.48390       2520.933    
  -105.8500       40.73600       11604.52    
  -98.10160       37.30060       3625.640    
  -102.5536       34.03510       5137.292    
  -80.12010       27.00600       1698.554    
  -98.11160       37.32690       7819.692    
  -95.09440       34.51100       4460.453    
  -116.0966       35.15110       2079.178    
  -72.64480       43.19560       785.0453    
  -98.74930       37.45880       5372.140    
  -68.79430       45.95270       1170.600    
  -91.72820       34.52350       426.2025    
  -98.61370       30.50810       305.9807    
  -109.5607       40.16920       4729.209    
  -91.83260       35.54160       4116.872    
  -91.50500       34.39440       329.5177    
  -90.44090       34.33960       368.1353    
  -110.7031       33.46030       45078.45    
  -68.94420       45.63500       1456.390    
  -105.8967       40.71100       13244.30    
  -105.8794       40.68210       20122.40    
  -77.09910       37.74840       1861.052    
  -98.75970       37.48530       4896.940    
  -98.77660       37.46010       4718.970    
  -97.79940       36.33860       897.5059    
  -97.77290       36.33750       1523.279    
  -97.74640       36.33640       4309.209    
  -97.79010       36.31280       939.2242    
  -97.76360       36.31170       1602.059    
  -97.73720       36.31060       905.5087    
  -121.4601       37.16990       41004.54    
  -92.96300       34.24350       2464.299    
  -90.57580       32.65800       144.8863    
  -96.30870       40.01660       1380.939    
  -88.54350       39.11840       495.6540    
  -98.38200       37.54650       1100.779    
  -121.4171       37.16660       43781.64    
  -92.85740       34.68120       8072.248    
  -100.3750       30.75950       2777.283    
  -100.3497       30.75850       2686.070    
  -98.60670       30.48480       3133.634    
  -96.97860       28.43680       177.5844    
  -105.9114       40.68410       11429.85    
  -96.54890       37.67640       1056.814    
  -82.27420       27.65770       161.2354    
  -120.0513       41.17070       12915.40    
  -120.2212       41.10030       10164.50    
  -106.0856       39.84030       6993.254    
  -111.7286       25.04050       2106.018    
  -106.0539       39.83840       8047.917    
  -122.9155       39.55050       147503.4    
  -90.54000       35.52810       174.2018    
  -94.96980       35.09880       3900.317    
  -94.94450       35.09790       3546.866    
  -96.33630       40.01780       323.0345    
  -89.02400       37.47000       1149.901    
  -118.4544       36.12310       13017.34    
  -104.8203       20.78490       2051.954    
  -68.77390       44.79870       399.6062    
  -122.9491       39.58050       223217.5    
  -122.9020       39.57660       319148.1    
  -122.9626       39.55430       37118.12    
  -122.8685       39.54660       132807.5    
  -121.4446       37.19480       12858.71    
  -118.5001       36.17750       11482.62    
  -110.7009       33.82580       7803.036    
  -111.8395       26.19970       1834.102    
  -110.7174       33.48550       55765.32    
  -115.3474       32.50260       2913.236    
  -97.72660       28.06070       1122.491    
  -100.5175       23.15730       1148.552    
  -121.7298       44.70580       21330.77    
  -97.75570       36.36220       4045.617    
  -91.77030       34.59840       440.2965    
  -111.7381       25.06250       2212.296    
  -122.8617       39.65520       24513.31    
  -98.40920       37.54770       4806.120    
  -98.36590       33.00920       1834.747    
  -115.3146       32.45260       2495.256    
  -93.26320       38.70800       222.1214    
  -93.77270       33.54150       2353.981    
  -122.3478       38.72010       11186.83    
  -93.79710       33.54230       329.7996    
  -107.1564       28.87740       1970.887    
  -97.80840       39.59260       361.3701    
  -99.37570       38.00990       6660.132    
  -99.34800       38.00860       7857.611    
  -99.33700       37.98180       2294.516    
  -122.5303       38.73470       41960.44    
  -121.5587       36.11820       21730.25    
  -75.57410       42.14190       1418.564    
  -122.4846       38.73100       43096.44    
  -97.72920       36.36110       489.3438    
  -110.8810       33.66530       7532.249    
  -110.6382       33.50530       18283.03    
  -114.8746       30.41860       3297.117    
  -121.6012       36.12140       20964.90    
  -110.5846       33.09020       27524.48    
  -89.35550       15.01690       638.1989    
  -106.1047       45.66940       5268.171    
  -105.9742       39.80630       7941.520    
  -110.6694       33.50700       91632.76    
  -97.48120       37.19630       301.0478    
  -110.6551       33.79870       2423.038    
  -110.6155       33.09200       6755.464    
  -110.5706       33.06530       4342.129    
  -105.8450       40.62440       35315.05    
  -105.8130       40.62250       20775.70    
  -122.8281       39.62510       33128.03    
  -118.5302       36.25640       14554.96    
  -121.6273       36.14890       36116.57    
  -113.2618       34.84330       7541.143    
  -90.28630       33.17470       284.1350    
  -110.5985       33.11520       7673.368    
  -110.6837       33.53220       58792.09    
  -110.6525       33.53040       33669.56    
  -97.67330       37.35980       381.6655    
  -96.50340       36.79570       3939.715    
  -96.49450       36.76980       5320.538    
  -98.21110       35.67400       519.2230    
  -98.18480       35.67290       6227.132    
  -98.20200       35.64850       1300.594    
  -98.17560       35.64740       2593.578    
  -98.14930       35.64630       863.6803    
  -99.95690       38.67210       428.4576    
  -96.29070       38.13730       1840.939    
  -104.3908       37.03750       576.1627    
  -121.2301       37.17850       2647.191    
  -120.2358       35.38630       5595.367    
  -91.13510       32.43610       657.1562    
  -89.19260       14.70770       1397.836    
  -120.1284       41.20520       14346.21    
  -98.80660       37.33170       3449.325    
  -96.52080       36.77080       3133.748    
  -96.46830       36.76870       3623.625    
  -76.22730       35.52920       2143.146    
  -76.11140       35.45420       639.3038    
  -118.3836       36.16920       61182.89    
  -93.28270       36.34430       4841.878    
  -90.04350       36.11670       374.9004    
  -120.5469       40.79080       30933.38    
  -84.37850       30.38950       2322.790    
  -86.81280       40.51680       955.0093    
  -98.39900       37.52120       4707.961    
  -98.37180       37.52000       926.8214    
  -92.08660       34.50980       996.1639    
  -100.8031       30.98500       1423.764    
  -100.0340       29.39650       430.6187    
  -102.3916       28.56290       967.6790    
  -90.68590       17.30480       975.3203    
  -98.12610       38.26890       207.4637    
  -110.8664       33.64010       8688.522    
  -96.44510       37.82890       2728.484    
  -97.47790       37.40330       415.4911    
  -97.44690       37.24660       592.6527    
  -91.46440       31.69300       773.5492    
  -98.76500       29.05690       270.3229    
  -101.2589       43.86660       2294.516    
  -98.08460       37.32570       2485.900    
  -121.4876       37.19800       14838.21    
  -121.3897       37.13850       28557.10    
  -110.7486       33.48720       15862.84    
  -110.7343       33.46210       14824.23    
  -110.6888       33.43520       12514.54    
  -91.48770       31.69370       603.7870    
  -123.0649       40.13870       8505.323    
  -118.5231       36.20470       10674.04    
  -108.7382       39.46030       8191.939    
  -122.8550       39.57280       52026.26    
  -122.9290       39.52430       21101.05    
  -122.5160       38.76040       19877.50    
  -122.9356       39.60670       79234.23    
  -123.0097       39.55820       18976.54    
  -97.70750       37.30940       3133.748    
  -91.46940       31.71650       5755.701    
  -109.9339       27.30280       411.5448    
  -89.84450       41.46990       204.0811    
  -122.9828       39.61060       23388.48    
  -91.11170       32.43550       332.6184    
  -111.7272       25.30030       2217.983    
  -111.6984       25.29910       4421.952    
  -111.7177       25.27820       1978.468    
  -111.6889       25.27690       3419.262    
  -78.12710       21.32340       137.4823    
  -97.52500       39.01350       4088.734    
  -94.97720       35.12380       4837.246    
  -121.7729       44.74010       35731.84    
  -96.37000       40.32150       223.2489    
  -97.51440       38.98630       518.2833    
  -98.81700       37.35810       2334.167    
  -110.5852       33.62390       71215.21    
  -110.5709       33.59880       63109.32    
  -100.3553       37.74170       2603.506    
  -97.71990       36.33530       2609.010    
  -121.2884       37.15680       4738.267    
  -104.4830       24.23640       1477.502    
  -116.7210       44.33050       4164.875    
  -122.8216       39.54280       16525.30    
  -97.69040       37.33460       737.3981    
  -97.68070       37.30830       3653.594    
  -97.65380       37.30710       841.1299    
  -99.06290       34.44370       5673.038    
  -99.03680       34.44260       9518.667    
  -99.05400       34.41880       1027.171    
  -99.02780       34.41770       10707.58    
  -110.5541       33.62220       19939.85    
  -110.6021       33.60050       22313.18    
  -110.5398       33.59700       14990.34    
  -116.7550       44.36350       6781.226    
  -118.3996       36.14480       12440.97    
  -98.39230       37.57290       7680.252    
  -89.58240       36.99510       267.7860    
  -110.6164       33.62570       7669.906    
  -110.5566       33.57360       6751.869    
  -98.41950       37.57420       826.4722    
  -98.10880       37.24910       550.9814    
  -121.3624       37.11030       11660.05    
  -91.36460       31.87750       206.1952    
  -110.8047       44.40650       5213.446    
  -98.08180       37.24790       496.1088    
  -122.4703       38.75670       23529.43    
  -110.7005       33.50880       20924.91    
  -121.6793       44.70120       35847.06    
  -92.86390       34.70600       7154.711    
  -92.88200       34.68200       2949.726    
  -110.7149       33.53400       14466.18    
  -95.13790       39.61320       231.7053    
  -120.6242       40.82510       18439.71    
  -120.5793       40.82140       32419.87    
  -96.67330       38.39080       2223.714    
  -122.4389       38.72740       17409.59    
  -90.27780       33.24630       593.7333    
  -121.2574       37.20660       6685.699    
  -121.2146       37.20340       6101.736    
  -97.11480       28.41890       233.3967    
  -108.5737       39.44990       5078.580    
  -118.5292       37.36850       5348.752    
  -121.4756       37.14500       10602.40    
  -110.3231       24.03520       3939.053    
  -121.9075       42.49730       529.9343    
  -95.12820       39.58560       1271.500    
  -96.64040       39.24350       882.3971    
  -107.1419       39.60480       5056.042    
  -121.1290       39.86970       21717.92    
  -121.0975       39.83970       27850.16    
  -97.49290       37.30030       2467.735    
  -98.02650       36.60300       733.2639    
  -97.99980       36.60190       1658.958    
  -97.82590       37.62620       1519.171    
  -111.6601       25.27570       1518.465    
  -110.3314       24.05690       3075.319    
  -121.1638       44.71550       908.7812    
  -98.03600       36.62890       603.2232    
  -98.00940       36.62780       1127.520    
  -97.99030       36.57590       516.9679    
  -106.4357       36.30290       1779.705    
  -108.6576       39.48230       26594.09    
  -108.6247       39.48020       24903.19    
  -122.8081       39.56890       15864.35    
  -97.72980       37.15530       439.7328    
  -92.89120       32.51010       1659.930    
  -110.2288       27.33870       4124.595    
  -110.5996       33.64910       17210.71    
  -122.3047       42.79330       5283.723    
  -107.7788       39.78050       3058.523    
  -98.02790       37.24560       543.4646    
  -98.31790       35.75380       253.6920    
  -110.2002       27.33740       3608.488    
  -122.2554       42.78890       5187.418    
  -98.47390       37.57660       3990.575    
  -122.6219       38.74200       21527.36    
  -122.5761       38.73840       29801.88    
  -122.4989       38.70530       19255.66    
  -97.74690       37.13020       2237.000    
  -97.72010       37.12900       1525.910    
  -110.6308       33.65090       9874.290    
  -91.25250       32.43930       221.5577    
  -115.6709       40.65750       2946.604    
  -98.46360       37.55010       5262.055    
  -110.8496       33.66350       8492.434    
  -91.69990       31.81640       2102.865    
  -97.69290       37.41250       418.4508    
  -98.03780       37.27190       945.4255    
  -118.7728       37.72720       3429.344    
  -110.8642       33.68870       8232.129    
  -91.69480       31.79280       2163.665    
  -112.0424       45.38930       398.0146    
  -121.6289       44.69660       27688.79    
  -122.5132       38.67970       27975.95    
  -97.57040       36.35450       200.6985    
  -108.2177       25.27970       243.8262    
  -117.3468       47.13100       6353.992    
  -108.1984       45.13260       2564.977    
  -121.5143       45.17540       33909.53    
  -96.64630       38.38960       6062.005    
  -111.7015       45.08490       3596.104    
  -97.31420       38.81700       4860.245    
  -97.85530       38.68100       2405.965    
  -97.75660       37.15640       1315.252    
  -120.6084       42.96700       4107.534    
  -110.3800       40.63890       1687.967    
  -97.68310       37.38610       516.1786    
  -97.77370       37.13130       12799.20    
  -97.73720       37.10400       5287.742    
  -97.53850       36.99250       3368.466    
  -116.2359       40.09150       2985.747    
  -97.54800       37.01860       1017.023    
  -97.56520       36.99360       1499.038    
  -106.9166       45.01190       8524.235    
  -121.5651       45.18010       25473.31    
  -115.9877       42.44010       3548.773    
  -97.34160       38.81820       5173.987    
  -97.83040       36.92770       1011.104    
  -113.4948       32.96900       311.1955    
  -103.0307       47.15570       527.6793    
  -121.5211       45.14530       31910.56    
  -121.4705       45.14070       39523.81    
  -122.3513       41.98870       6035.474    
  -118.9704       40.85870       4578.522    
  -97.80370       36.92660       4729.134    
  -97.84940       36.62100       329.2359    
  -95.58780       33.91810       973.4390    
  -108.4613       44.84410       4120.842    
  -119.7951       44.80680       4226.964    
  -123.4734       41.23290       10825.12    
  -97.55260       39.01470       6198.012    
  -122.9049       39.96020       22418.36    
  -114.5395       34.94920       3587.161    
  -114.5049       34.94700       3027.333    
  -109.0409       45.72180       2330.129    
  -122.6750       44.70070       18329.43    
  -123.0999       40.16920       5827.712    
  -122.6211       39.55360       9619.314    
  -114.5067       34.99710       3742.846    
  -108.5448       49.63900       2542.960    
  -120.3722       48.39540       4570.554    
  -121.4860       42.83840       6158.271    
