  -110.9139       50.89710       346.4003    
  -112.1343       46.56050       1532.102    
  -112.1432       46.52930       1226.265    
  -112.1024       46.52610       4487.993    
  -112.0617       46.52280       1251.934    
  -112.0707       46.49160       784.1310    
  -109.5528       44.46580       769.7758    
  -117.8991       37.32260       465.6492    
  -112.3197       36.81030       4792.148    
  -112.3353       36.78560       1929.539    
  -112.3014       36.78340       3438.361    
  -112.3170       36.75860       3154.433    
  -112.2832       36.75640       1656.180    
  -112.3326       36.73390       2693.979    
  -112.2987       36.73170       820.3415    
  -112.2649       36.72950       1050.408    
  -112.3821       36.71130       3076.161    
  -112.3143       36.70700       2458.503    
  -112.2805       36.70480       2096.797    
  -112.2467       36.70260       1161.739    
  -112.3977       36.68660       7875.387    
  -112.3638       36.68440       4887.676    
  -112.3300       36.68220       2066.921    
  -112.3794       36.65970       6619.999    
  -112.3456       36.65750       7127.320    
  -112.3118       36.65540       5091.230    
  -121.0481       37.11260       305.0923    
  -99.65780       34.86340       125.3133    
  -111.5440       33.70370       2455.746    
  -111.5927       33.68220       532.7100    
  -111.5608       33.68030       3605.251    
  -111.5291       33.67850       4676.212    
  -111.4973       33.67660       7004.972    
  -111.5777       33.65690       706.2181    
  -111.5459       33.65500       5623.797    
  -111.5141       33.65320       7282.770    
  -111.4824       33.65130       3836.668    
  -111.5627       33.63160       516.7028    
  -111.5309       33.62980       822.0892    
  -111.4992       33.62790       2070.550    
  -110.8616       33.42080       607.8167    
  -99.65120       32.63070       166.2281    
  -100.7143       31.89290       2198.307    
  -100.6884       31.89190       1592.204    
  -100.7058       31.86910       1642.135    
  -100.6800       31.86800       1594.019    
  -115.7097       31.40490       349.5279    
  -105.0773       21.55440       82.95255    
  -103.9468       20.75820       509.9004    
  -101.4143       17.72720       120.8522    
  -112.0936       46.55730       877.0302    
  -113.1822       44.92430       347.4554    
  -119.3635       38.94240       313.1762    
  -117.5185       38.24210       386.3806    
  -111.5758       33.70560       540.3051    
  -98.34470       19.55270       123.6620    
  -111.5122       33.70190       3508.070    
  -100.7227       31.91680       1419.643    
  -115.1263       32.51320       399.3402    
  -106.1564       28.18090       121.0933    
  -109.9686       27.12710       44.48067    
  -98.34840       19.57290       497.1623    
  -118.4231       37.54380       583.4693    
  -112.2676       36.78120       5135.995    
  -100.7401       31.89400       420.7313    
  -100.5974       21.23450       97.88222    
  -99.73840       20.19270       118.2800    
  -101.7315       18.41220       126.7007    
  -118.7249       46.01140       65.00153    
  -114.2795       42.56750       55.75587    
  -118.4478       37.57190       384.6789    
  -112.3274       36.63070       2730.034    
  -90.78590       35.33570       44.28335    
  -90.87830       34.37630       886.2239    
  -111.4655       33.67480       6397.900    
  -109.9882       27.17230       26.27122    
  -111.0165       51.19600       231.5451    
  -104.2334       48.02670       218.7019    
  -112.2936       36.62850       1668.886    
  -99.68430       34.86450       148.8963    
  -101.0433       19.05590       89.00144    
  -94.04970       16.37920       8.250313    
  -109.2443       50.36390       472.2639    
  -117.0169       38.55120       275.5790    
  -90.79170       35.36080       56.48876    
  -108.4511       31.45130       180.9830    
  -103.6737       20.52510       62.96241    
  -110.8826       51.18450       330.6215    
  -94.28390       37.66580       111.5433    
  -121.2601       38.58030       158.0131    
  -90.85420       34.37560       294.3461    
  -110.0645       28.83350       265.3045    
  -102.1128       21.85440       121.8272    
  -100.6253       21.35840       564.7352    
  -100.6022       21.35770       980.9854    
  -100.6206       21.33770       725.7346    
  -100.5975       21.33710       1404.601    
  -100.5837       21.07030       488.1476    
  -100.5607       21.06970       628.7535    
  -102.9826       20.50490       121.2854    
  -117.6063       38.59480       295.9901    
  -117.2659       38.54290       268.9508    
  -113.7751       38.24040       300.6769    
  -116.6007       38.36090       336.0082    
  -119.3075       37.39970       276.5218    
  -111.4506       33.64950       4561.844    
  -109.6423       30.50830       694.1686    
  -116.7778       38.90850       325.5530    
  -112.3537       36.81250       1024.145    
  -106.6748       24.76620       22.47267    
  -102.2105       21.77470       216.1332    
  -113.6669       44.59660       187.5750    
  -112.2859       36.80820       7291.635    
  -90.85980       34.40020       80.53313    
  -111.4675       33.62610       1613.648    
  -110.9124       32.38800       518.0728    
  -106.6823       24.78800       139.8008    
  -113.1583       45.50870       142.1871    
  -109.5897       44.46850       816.0698    
  -113.4156       38.34830       206.9595    
  -113.2296       38.09720       257.4140    
  -107.3293       36.96890       102.8221    
  -93.18470       17.89460       168.6700    
  -116.3572       45.89870       330.2545    
  -113.4009       38.37390       221.2705    
  -118.4533       37.49370       387.0303    
  -112.2493       36.75430       550.4640    
  -104.6021       19.35360       229.3050    
  -116.7935       40.54850       319.9799    
  -121.8607       38.01520       252.8784    
  -108.6293       35.09020       236.3008    
  -111.4805       33.70000       4630.746    
  -109.7695       27.05160       35.29138    
  -105.0956       21.96910       24.24168    
  -105.9611       47.02840       305.6689    
  -113.9962       42.28570       284.8138    
  -101.7604       19.63850       46.10196    
  -109.1409       46.32840       251.7273    
  -113.5265       45.01310       166.2793    
  -122.0353       39.20710       151.3353    
  -119.2096       38.28870       134.1205    
  -100.8192       19.29140       123.2029    
  -113.2780       45.39410       311.5401    
  -121.1134       40.28140       416.2469    
  -114.4912       38.23710       254.9561    
  -93.11510       17.83420       274.7864    
  -110.5046       48.15900       243.6544    
  -111.9271       46.70390       428.2300    
  -117.1135       46.40570       536.0989    
  -113.4605       45.34680       93.58417    
  -117.0178       39.14180       320.8973    
  -111.4338       33.67290       3050.996    
  -109.7130       27.04900       237.7224    
  -104.2767       20.35940       127.3315    
  -105.7365       45.86370       199.7302    
  -116.5140       46.38520       47.97598    
  -114.1336       38.66450       262.4614    
  -117.3962       37.41680       301.0476    
  -117.8383       37.42260       248.0578    
  -117.1343       37.31970       135.9953    
  -118.0164       37.33110       341.4160    
  -111.4846       36.86000       219.5590    
  -112.2520       36.80600       912.8464    
  -110.4853       46.08190       283.1334    
  -113.4037       45.52840       200.4512    
  -117.6208       39.89470       301.0374    
  -118.5642       38.90810       353.2437    
  -119.4058       38.86500       56.31962    
  -114.0763       38.36740       215.0323    
  -117.9029       38.21740       412.3604    
  -102.3659       48.13640       133.4943    
  -112.5301       39.33280       193.9618    
  -118.3348       38.11690       278.8816    
  -109.1066       35.66950       135.4044    
  -109.5456       27.17420       944.6517    
  -107.5383       48.06290       192.8802    
  -111.2153       45.44930       135.7338    
  -117.7392       38.07290       337.0001    
  -105.0154       21.94570       125.6961    
  -122.2678       39.30720       53.10619    
  -112.1768       38.34400       237.4163    
  -119.6999       38.80710       260.6588    
  -121.6961       36.17970       30.43407    
  -112.4511       46.93910       381.8185    
  -113.3478       45.71090       116.1589    
  -118.6427       39.48200       407.6808    
  -118.0316       37.30610       279.2858    
  -104.7917       21.13300       66.60487    
  -117.6620       39.98020       258.8561    
  -117.6998       38.07000       366.8883    
  -118.5874       39.34190       321.4063    
  -117.0585       38.76820       381.2682    
  -121.5549       37.83280       50.32121    
  -121.6688       38.26560       46.34107    
  -111.4189       33.64760       3328.245    
  -98.58750       35.56450       257.2316    
  -115.8824       40.89680       178.0988    
  -116.9701       39.00350       194.4832    
  -98.59680       35.58990       541.9843    
  -118.5601       34.84170       285.8954    
  -113.7928       42.38560       45.10080    
  -114.9026       32.66790       229.2931    
  -105.1153       22.80330       11.44721    
  -99.36650       36.10180       172.2216    
  -120.3839       36.57070       362.3264    
  -120.9986       38.23990       139.8009    
  -120.4624       40.28380       568.7717    
  -122.2613       38.04660       573.2178    
  -122.2916       37.83740       113.3601    
  -115.0262       32.45910       1152.646    
  -121.9344       38.04750       259.6366    
  -85.49230       35.40650       5.639550    
  -116.7620       43.08450       422.1734    
  -120.4182       40.28020       615.7412    
  -81.02320       46.49280       98.46667    
  -104.7364       21.37840       74.84789    
  -95.02910       30.18030       9.117599    
  -101.0138       20.00300       166.3342    
  -101.0094       19.98270       132.6728    
  -103.9521       20.77880       603.7783    
  -103.8227       20.55000       194.0566    
  -70.34600       18.92870       151.6644    
  -102.4815       19.65800       101.2162    
  -99.37640       36.12760       581.3159    
  -103.9175       20.73680       66.25797    
  -110.8779       32.43380       3040.886    
  -92.16520       18.64900       6.073906    
  -114.9091       32.42800       239.7484    
  -101.9414       32.15720       644.1887    
  -115.0074       32.53000       92.91705    
  -102.2042       17.92530       39.56537    
  -103.9311       20.69630       16.48998    
  -94.77020       31.02290       107.3348    
  -98.03600       27.98210       26.80758    
  -69.49010       18.53820       70.35725    
  -69.47080       18.53830       283.2850    
  -85.07290       30.51470       63.13184    
  -103.9741       20.67710       103.8467    
  -106.4302       43.88710       271.8177    
  -89.42260       31.96840       27.34940    
  -78.78010       45.98690       18.52337    
  -69.41280       18.53860       166.4714    
  -84.34310       31.98420       56.02441    
  -100.9359       17.33930       102.9905    
  -101.0163       37.17570       753.4288    
  -88.22660       34.62550       67.30228    
  -100.9717       37.19940       74.13445    
  -100.9604       37.17300       495.9322    
  -103.2440       18.37100       20.03687    
  -86.74750       30.49830       63.52279    
  -89.09070       33.50420       9.890228    
  -81.66540       33.34480       106.8926    
  -86.72530       30.49790       780.3248    
  -100.9883       37.17430       755.1086    
  -84.08840       32.47410       683.4434    
  -86.72860       30.52080       1372.391    
  -89.68230       36.13190       209.7450    
  -104.7213       21.50160       68.97215    
  -101.0277       37.20210       106.5506    
  -100.9997       37.20070       748.2833    
  -100.6969       31.91580       1200.257    
  -101.0049       37.14930       413.5520    
  -86.75080       30.52120       157.6175    
  -91.34160       35.22770       87.12911    
  -91.31720       35.22700       518.9095    
  -91.33560       35.20270       214.3979    
  -91.31120       35.20200       184.5750    
  -81.22520       22.95520       15.07118    
  -89.91500       35.76080       59.16662    
  -97.42410       37.03910       23.28329    
  -86.76980       30.49870       334.0463    
  -78.03530       38.46190       11.17508    
  -101.9505       32.18130       251.7273    
  -86.70640       30.52040       129.4979    
  -88.72840       17.37630       9.824496    
  -98.15780       20.78250       20.35174    
  -98.13560       20.78190       103.6233    
  -112.1617       33.44760       77.11987    
  -110.1224       28.83630       144.6761    
  -103.3589       18.99610       712.9882    
  -102.4362       18.05070       202.2299    
  -94.78210       31.16230       9.571698    
  -72.59560       19.39620       119.7673    
  -72.57630       19.39630       226.4078    
  -103.5728       18.80090       69.93510    
  -109.1608       26.45170       297.7989    
  -109.1331       26.45050       347.9055    
  -102.3136       21.13990       237.3696    
  -94.31290       16.50070       186.9419    
  -90.16430       35.79280       90.38952    
  -86.77300       30.52160       63.84583    
  -109.0314       26.46800       169.0857    
  -102.2900       21.13920       183.2497    
  -90.17010       35.81810       75.60022    
  -90.18870       35.79350       102.0969    
  -90.15860       35.76760       48.82162    
  -86.75410       30.54420       183.8521    
  -104.7767       19.48010       223.3880    
  -86.73190       30.54380       45.72094    
  -90.62080       19.45980       95.99720    
  -94.56690       34.39440       100.1339    
  -111.4954       33.72530       6880.177    
  -102.1487       19.93230       125.5639    
  -89.40140       36.73390       46.56658    
  -103.7869       20.40600       29.04778    
  -104.8009       19.48080       480.4872    
  -104.7717       19.45970       357.4669    
  -103.5773       18.82110       200.5540    
  -111.4487       33.69820       4914.176    
  -94.76430       30.99960       142.2934    
  -103.8297       20.67280       193.1903    
  -104.8456       19.94870       230.0046    
  -111.5272       33.72720       4754.950    
  -104.7959       19.46040       195.8809    
  -97.68810       37.25680       255.0931    
  -88.24510       33.45990       125.3178    
  -105.2565       20.04250       22.38128    
  -88.49060       18.04090       5.131137    
  -100.6285       17.37190       198.9901    
  -109.0413       26.35880       58.60286    
  -109.0137       26.35760       44.87530    
  -104.9698       21.69560       90.14169    
  -103.6028       18.62100       50.22670    
  -100.5837       17.37090       261.1745    
  -104.9021       20.91050       109.7940    
  -102.2294       18.38480       253.4015    
  -86.00170       15.65620       12.74098    
  -98.13400       20.65980       156.3602    
  -105.4770       20.04920       270.1136    
  -94.33360       16.50100       19.76338    
  -111.4637       33.72350       7694.030    
  -105.7568       23.03520       213.4998    
  -105.7315       23.03430       92.44498    
  -103.9689       20.65650       369.8851    
  -101.1838       17.46390       33.23333    
  -101.1611       17.46330       538.6725    
  -101.1800       17.44400       320.8327    
  -101.1574       17.44350       489.5080    
  -89.87780       36.56860       57.50352    
  -89.85320       36.56790       46.62295    
  -89.87200       36.54290       62.85925    
  -89.84740       36.54220       32.30345    
  -97.65770       26.32630       139.8832    
  -102.6208       18.27490       12.97523    
  -101.7685       17.91460       270.5022    
  -87.19140       35.81730       5.739365    
  -112.6792       40.68800       840.1448    
  -90.19750       36.04530       24.18531    
  -90.38730       34.85370       144.7535    
  -105.2618       20.06300       25.14370    
  -100.9862       18.77370       133.3078    
  -114.7517       32.63470       46.05920    
  -104.9223       20.15460       25.49005    
  -108.2681       40.25030       281.2667    
  -90.41140       34.85430       152.4085    
  -106.5893       24.59160       15.26294    
  -105.1260       21.28780       174.2034    
  -105.1203       21.26700       145.6542    
  -71.32370       18.47070       234.3405    
  -71.30450       18.47070       208.0223    
  -102.0405       18.02090       218.8114    
  -112.7023       40.71750       679.2234    
  -82.45640       31.77050       277.2648    
  -92.65450       37.68580       67.81901    
  -81.95530       30.31210       116.5762    
  -97.18530       32.01510       397.7732    
  -106.4515       43.91840       457.5860    
  -82.66400       31.63330       183.4555    
  -96.96670       34.58040       120.5429    
  -105.3388       33.80450       267.5062    
  -105.1690       19.79580       96.18135    
  -89.74060       35.95700       67.25658    
  -111.4170       33.69630       1200.108    
  -82.77610       30.27630       118.6532    
  -71.37250       18.05770       139.4539    
  -117.2429       35.96170       408.9050    
  -85.74610       31.77410       66.87932    
  -86.65940       30.65700       255.8290    
  -88.26420       18.61040       12.67026    
  -104.3266       39.92840       50.96391    
  -89.90970       36.06250       103.9010    
  -90.90230       34.37700       114.8371    
  -71.37300       18.03810       274.4782    
  -106.4171       43.91610       674.6083    
  -106.3958       43.88480       596.8267    
  -109.3142       33.47950       1238.538    
  -82.05200       29.65570       206.9822    
  -76.70100       44.72580       7.012007    
  -90.24250       36.45170       666.6784    
  -109.2839       33.47790       998.8799    
  -111.4319       33.72160       7977.350    
  -99.79020       31.85540       416.8932    
  -99.78210       31.83160       380.6266    
  -108.2779       37.30940       1871.305    
  -108.2621       37.28250       532.9653    
  -94.80930       32.80860       139.1376    
  -100.9124       30.64220       102.7493    
  -98.09740       20.69960       109.3728    
  -106.4384       43.94750       372.4537    
  -99.76710       32.23190       250.6265    
  -94.87690       16.68610       127.9860    
  -92.79710       45.30860       27.11686    
  -85.14300       38.66290       7.361359    
  -108.2464       37.30750       1591.295    
  -108.2306       37.28060       1812.860    
  -90.87270       34.35170       118.9158    
  -99.75660       31.83060       266.4053    
  -98.25580       20.60190       17.94065    
  -101.6899       18.09190       158.4592    
  -94.85600       16.68580       15.33427    
  -94.52560       16.54330       48.56386    
  -106.3827       43.91380       856.2765    
  -99.81570       31.85650       181.4867    
  -98.05040       20.80020       93.18166    
  -102.8378       19.68810       187.7192    
  -92.88510       45.46800       163.8940    
  -93.01790       44.73140       75.01767    
  -93.59160       44.26820       22.04301    
  -93.27310       32.61660       32.01593    
  -102.7136       18.81800       200.5447    
  -94.69010       18.23790       74.72156    
  -101.4797       17.94740       310.9221    
  -86.30590       37.04180       110.4518    
  -99.34950       36.12640       177.7503    
  -94.94450       32.86080       21.28194    
  -99.80760       31.83260       794.0786    
  -98.10140       20.72000       86.17651    
  -105.1885       23.54140       459.7418    
  -105.2184       23.39490       73.40155    
  -99.29890       21.75340       104.5037    
  -105.4791       20.33480       23.48621    
  -102.1504       19.62880       120.5414    
  -99.52820       16.77570       148.0641    
  -93.82530       16.57070       24.86182    
  -108.3095       37.31130       118.9534    
  -108.2936       37.28440       642.0930    
  -94.96900       32.86160       7.681252    
  -106.4665       23.84160       23.73211    
  -105.7995       22.84790       19.33697    
  -100.4544       20.04910       131.3646    
  -94.91600       44.41670       47.44040    
  -105.5670       40.41370       107.9847    
  -90.88380       34.40090       60.77333    
  -90.89670       34.35240       136.7502    
  -111.5422       33.75250       1079.529    
  -95.51670       32.73730       122.9281    
  -107.8152       25.26330       274.4171    
  -104.0058       23.03800       68.68627    
  -98.04890       20.67810       16.34904    
  -99.22040       19.61400       67.18603    
  -101.5891       17.81080       173.7277    
  -112.9233       45.86450       203.0629    
  -105.1634       23.54050       424.7440    
  -97.77210       20.26560       83.92958    
  -106.4040       43.94520       1816.966    
  -120.3021       34.63790       1151.977    
  -120.2622       34.63510       708.4139    
  -111.5104       33.75060       4711.572    
  -101.3423       17.70560       16.57481    
  -110.6214       38.64040       295.8497    
  -101.4496       27.08540       370.4863    
  -101.4429       27.06320       238.9436    
  -104.6308       21.43690       191.2780    
  -104.6063       21.43610       165.6055    
  -93.20270       31.04460       16.46179    
  -110.8504       28.98570       239.0273    
  -107.3174       25.26470       15.77956    
  -103.3635       19.01640       332.1036    
  -101.3498       17.62640       169.8412    
  -101.1296       32.33560       113.3075    
  -101.4250       27.08450       333.6431    
  -99.56120       19.30030       48.61678    
  -103.3172       18.91450       162.8455    
  -101.8703       18.19610       329.0489    
  -106.3697       43.94290       2980.517    
  -76.43240       41.77190       9.058215    
  -89.73900       36.38670       97.39893    
  -89.71450       36.38600       45.60818    
  -101.4182       27.06230       199.3697    
  -102.7223       18.09780       110.7660    
  -111.4786       33.74880       2844.671    
  -111.4469       33.74690       9184.830    
  -102.0376       26.45050       189.7250    
  -100.4777       21.10840       115.8936    
  -103.2477       20.43100       317.9178    
  -102.0556       18.32050       366.8881    
  -106.4254       43.97660       531.0807    
  -106.3910       43.97430       1283.114    
  -120.2850       34.66170       1128.620    
  -99.76470       31.85440       277.8214    
  -109.0323       26.33650       46.39746    
  -101.3763       17.64690       233.1916    
  -98.04940       36.45090       28.35713    
  -109.2569       28.47850       80.99482    
  -112.0550       26.67170       173.0514    
  -101.8743       18.21610       138.6675    
  -101.8932       18.19660       124.2041    
  -107.8581       25.30820       156.2043    
  -103.7445       22.36120       131.5912    
  -103.3065       19.07520       25.86675    
  -95.63960       18.37520       81.22839    
  -103.1202       18.22780       18.75130    
  -102.8765       18.28150       207.9292    
  -106.3484       43.91160       1005.094    
  -107.8663       25.33010       135.4132    
  -100.2928       20.57270       89.95071    
  -101.3271       17.62590       150.0199    
  -106.3354       43.94060       2121.955    
  -104.6859       22.85150       333.8526    
  -105.3658       21.70860       22.43765    
  -102.0220       18.37960       224.0465    
  -102.0178       18.35950       172.8142    
  -105.0579       22.00930       18.99047    
  -100.4475       19.90720       29.75932    
  -100.5104       17.94420       157.7929    
  -106.3566       43.97200       3404.819    
  -105.5354       40.41180       208.0223    
  -100.6974       31.84520       286.9545    
  -100.6716       31.84410       356.6749    
  -106.6934       24.74550       236.3008    
  -106.6859       24.72380       101.6051    
  -102.0450       18.38010       312.3338    
  -95.43010       16.28550       269.2067    
  -120.2224       34.63240       1144.148    
  -99.81110       32.13910       163.1299    
  -100.6626       31.89080       219.5590    
  -89.36920       36.80970       57.46970    
  -111.4002       33.71980       1801.286    
  -99.78550       32.13810       254.2960    
  -98.33830       20.90920       23.50879    
  -99.63130       37.11050       227.5087    
  -88.72140       33.39900       24.02745    
  -111.4151       33.74510       2616.973    
  -105.9006       26.66440       186.0434    
  -98.73130       21.73820       19.28059    
  -102.4395       20.48930       116.3230    
  -95.09910       16.78790       19.22422    
  -93.15680       32.14020       6.537886    
  -108.2950       26.78730       93.10788    
  -78.43220       42.09720       36.40330    
  -105.3813       28.41640       147.0937    
  -88.60240       33.75760       23.05779    
  -98.40620       29.31510       82.30897    
  -106.0793       27.77600       120.7264    
  -88.33300       41.42420       17.75844    
  -90.65500       35.60640       113.2594    
  -98.39960       29.29220       389.3804    
  -104.0681       26.52610       167.3289    
  -102.7813       18.15920       260.3972    
  -102.7581       18.15860       254.5674    
  -101.8771       18.11650       170.0355    
  -101.8839       18.03690       75.62427    
  -102.0865       18.02200       65.55759    
  -105.2865       36.59730       169.0639    
  -112.3509       36.76080       700.8583    
  -90.63060       35.60570       75.26196    
  -90.64920       35.58120       155.9924    
  -101.9332       32.20420       65.25482    
  -106.7336       27.49300       164.3989    
  -99.16730       21.66760       24.45309    
  -102.0474       18.28030       115.4298    
  -105.0783       42.79570       818.9116    
  -90.92080       34.35300       50.56927    
  -104.8626       19.34090       448.9535    
  -97.00180       36.58580       100.5748    
  -96.97540       36.58470       142.8004    
  -96.99270       36.55990       1278.819    
  -105.8663       26.64110       170.8883    
  -104.7071       22.41360       41.12012    
  -104.6824       22.41280       31.68468    
  -101.0423       19.92280       129.5384    
  -104.8675       19.36130       57.72903    
  -101.3839       17.68670       164.0114    
  -89.24060       36.78060       71.20290    
  -89.23490       36.75490       68.55322    
  -101.1008       17.85880       172.9504    
  -106.3223       43.96970       4681.009    
  -91.09500       35.81980       28.89270    
  -91.07040       35.81910       22.88865    
  -106.3010       43.93840       2052.899    
  -112.4159       36.71350       1008.746    
  -112.4316       36.68880       883.7641    
  -112.4133       36.66190       889.2372    
  -112.3612       36.63280       1229.386    
  -102.7455       18.09840       78.63074    
  -109.4816       47.25490       336.0082    
  -105.0972       42.82610       1186.654    
  -105.0455       42.79370       986.5666    
  -106.3780       44.00340       1401.788    
  -106.3436       44.00110       2498.754    
  -106.3141       43.90930       811.1418    
  -105.0643       42.82400       1603.549    
  -102.8686       34.58990       2411.511    
  -102.8578       34.56470       876.8757    
  -112.9426       33.34790       2083.287    
  -112.9100       33.34600       1993.457    
  -104.5648       32.56150       130.8701    
  -116.5857       31.83700       509.1247    
  -102.4172       18.07010       90.94471    
  -111.4358       33.62420       640.2388    
  -109.3311       33.45620       449.5778    
  -112.9270       33.32270       1194.055    
  -112.8945       33.32080       1087.821    
  -98.16480       22.56970       71.28802    
  -106.2880       43.96750       2138.073    
  -116.5510       31.83490       379.8294    
  -116.5690       31.81220       775.4867    
  -101.5717       18.06910       132.1690    
  -106.3092       43.99890       2266.891    
  -106.2667       43.93610       741.7272    
  -112.9582       33.37320       586.5723    
  -112.9256       33.37120       641.4277    
  -116.6024       31.86180       285.8904    
  -101.3309       17.64580       121.1301    
  -106.6960       37.16510       80.45078    
  -102.8962       34.59120       897.8336    
  -111.4619       33.77220       920.6316    
  -110.8643       32.40920       1101.385    
  -109.7792       27.07420       37.65917    
  -109.7509       27.07290       31.09137    
  -109.1885       26.45290       221.0011    
  -109.1794       26.43060       409.1945    
  -109.1517       26.42940       384.6789    
  -102.9992       18.20470       196.2696    
  -121.1188       37.43130       427.1292    
  -102.8410       34.58850       936.1339    
  -110.8471       32.43210       1148.629    
  -107.7084       25.04340       19.22422    
  -98.30520       21.52170       27.48330    
  -98.16420       20.70120       112.0823    
  -103.8717       45.96030       205.8586    
  -109.2078       37.67880       182.7408    
  -102.8854       34.56600       591.8895    
  -98.83580       21.69990       18.60408    
  -101.0100       19.11530       225.0299    
  -112.2481       46.60160       231.4573    
  -111.3834       33.74320       3467.039    
  -115.0600       32.46110       343.2187    
  -98.33420       20.88870       64.76456    
  -102.1390       48.35700       170.7670    
  -92.66240       29.97410       48.70615    
  -118.3408       34.92670       1325.466    
  -104.7093       37.15800       153.2226    
  -102.8794       34.61510       2216.375    
  -102.8518       34.61370       831.6542    
  -102.8302       34.56340       491.3453    
  -118.3621       34.95320       785.2209    
  -111.4301       33.77040       2620.608    
  -98.13160       20.76150       24.80544    
  -95.94200       18.81900       16.87052    
  -100.4860       47.95190       28.75176    
  -91.29280       35.22630       95.10632    
  -113.4948       32.96900       73.88076    
  -103.6487       23.23580       146.4128    
  -108.4487       48.06490       343.0977    
  -99.42220       34.50800       855.5231    
  -99.39590       34.50690       136.6366    
  -99.41310       34.48300       110.4547    
  -99.38680       34.48190       98.77077    
  -113.5104       32.99410       243.7842    
  -113.4620       32.96710       246.2378    
  -97.17820       31.99130       196.6849    
  -101.9447       17.99860       236.6894    
  -116.0659       44.57870       352.8966    
  -91.29880       35.25130       83.83112    
  -111.3984       33.76850       3146.532    
  -111.3685       33.71790       685.4615    
  -113.4776       32.99210       202.9749    
  -101.7968       19.70010       481.1519    
  -101.7193       18.35200       99.00925    
  -105.3807       47.51000       206.9595    
  -89.64100       36.05500       76.92506    
  -105.1923       22.22160       231.4426    
  -89.64660       36.08040       140.4890    
  -109.1299       27.55480       367.5501    
  -109.1018       27.55350       808.2804    
  -109.1202       27.53210       164.7015    
  -109.0921       27.53080       370.3536    
  -108.9494       26.33290       66.95176    
  -88.49800       18.11980       3.060136    
  -106.3744       50.03260       152.2628    
  -107.7926       48.41690       302.7333    
  -105.6037       47.62440       246.2231    
  -106.3306       44.03030       1095.711    
  -120.1237       35.98740       494.2782    
  -120.0831       35.98450       403.7867    
  -115.0093       44.88780       223.4983    
  -106.4124       44.00570       879.0273    
  -109.7033       27.02650       37.12360    
  -111.4937       33.77410       585.8513    
  -98.49780       31.87560       397.4063    
  -110.9088       32.43560       503.6518    
