  -91.10520       44.80980       71.69408    
  -100.0883       41.02600       16.88450    
  -89.64660       36.08040       3.670078    
  -89.62220       36.07970       3.124640    
  -89.73860       36.05770       38.58691    
  -89.17300       36.01720       1794.425    
  -89.14870       36.01650       6.680556    
  -97.97940       36.04210       43.95137    
  -112.3665       36.73610       14215.98    
  -112.3326       36.73390       16188.28    
  -112.3821       36.71130       9119.815    
  -112.3482       36.70910       21738.77    
  -112.3143       36.70700       197737.2    
  -112.3977       36.68660       5608.160    
  -112.3638       36.68440       6042.834    
  -112.3300       36.68220       207104.4    
  -112.2961       36.68010       6369.260    
  -112.3794       36.65970       9028.014    
  -112.3456       36.65750       10583.62    
  -112.3118       36.65540       5711.521    
  -101.8609       35.46110       44.52932    
  -99.67490       34.83940       105.0226    
  -99.64840       34.83830       100.7475    
  -109.3142       33.47950       30834.14    
  -109.3008       33.45450       954.7872    
  -110.8952       32.41090       2336.229    
  -101.8153       31.75100       39.19020    
  -116.5741       32.45790       1752.520    
  -116.6102       32.36410       613.1140    
  -100.9714       30.66770       80.75090    
  -100.9634       30.64430       179.8773    
  -100.9379       30.64320       148.5934    
  -100.9124       30.64220       1130.180    
  -100.9299       30.61980       183.6131    
  -100.9044       30.61880       152.2809    
  -111.0312       29.58800       153.4570    
  -111.0014       29.58650       67.90059    
  -110.9716       29.58500       515.8395    
  -110.9896       29.56300       1292.798    
  -101.2724       18.16140       236.8263    
  -93.18470       17.89460       25.28077    
  -99.70380       49.02230       4.815920    
  -109.0083       45.81340       31.59435    
  -89.71420       36.05700       54.44935    
  -121.3435       36.92690       180.8963    
  -118.9438       35.87730       524.9227    
  -110.9088       32.43560       877.3795    
  -90.65010       31.32230       63.26289    
  -100.9459       30.66660       66.05090    
  -92.16520       18.64900       152.8351    
  -102.0898       51.23740       5.031558    
  -102.3291       48.23470       6.105521    
  -107.5317       48.49830       27.08087    
  -99.34950       36.12640       93.84345    
  -99.68430       34.86450       2619.712    
  -99.65780       34.86340       200.1546    
  -119.3892       35.40190       6.553710    
  -109.2839       33.47790       10010.05    
  -109.2705       33.45280       406.6891    
  -110.8779       32.43380       2299.858    
  -101.8065       31.72710       28.19089    
  -97.68210       27.44060       15.78145    
  -108.5452       26.40290       47.12262    
  -111.1711       28.93360       384.9785    
  -103.4353       50.71110       4.887800    
  -111.9795       38.25130       42.68812    
  -120.0749       35.37480       471.0574    
  -105.1215       32.77950       218.6298    
  -88.14600       21.23350       1.708193    
  -104.6905       36.95040       1837.246    
  -112.3565       37.14900       35.99775    
  -112.2805       36.70480       10842.66    
  -111.1825       28.95690       53.21396    
  -110.0645       28.83350       45.85034    
  -117.3024       48.91380       5592.764    
  -111.9840       38.99880       35.88765    
  -104.5236       38.03500       26.03506    
  -112.2166       38.39980       51.18945    
  -106.1539       37.52390       368.3332    
  -112.4004       36.73820       1322.869    
  -92.88830       31.19760       2489.292    
  -93.11510       17.83420       38.83931    
  -104.0451       51.08150       29.85778    
  -112.2018       38.42540       41.06164    
  -108.7824       37.13220       293.0906    
  -109.1243       26.36240       243.9782    
  -100.6022       21.35770       1264.251    
  -100.6206       21.33770       768.3728    
  -100.5975       21.33710       1311.251    
  -100.5837       21.07030       779.9327    
  -100.5607       21.06970       954.7891    
  -103.7219       50.65920       29.94308    
  -112.1353       38.79440       313.6862    
  -119.6761       35.34650       385.5067    
  -116.5391       32.45580       687.6804    
  -107.7122       24.76410       8.804381    
  -102.1609       18.16340       1696.444    
  -103.6550       50.61840       5.192230    
  -112.1681       38.60950       40.07088    
  -104.7284       36.79810       227.1483    
  -108.2692       34.64740       229.1916    
  -118.8234       34.80980       367.5515    
  -110.0753       28.85670       313.7449    
  -106.9234       39.29340       37.92423    
  -118.4102       37.35980       21.55739    
  -112.2987       36.73170       8029.704    
  -118.6747       34.84960       412.4392    
  -101.7799       31.37450       44.11639    
  -109.7315       27.02780       8.002573    
  -109.7219       27.00520       6.765121    
  -107.4603       39.16430       330.5851    
  -105.4172       37.35240       3.526319    
  -105.5231       37.33230       23.66824    
  -118.3616       37.30400       442.5405    
  -105.9176       35.91910       203.8072    
  -119.1520       36.24960       40.89652    
  -106.7266       35.08430       7.754970    
  -109.2570       33.42780       415.7619    
  -121.8607       38.01520       41.02308    
  -108.4345       37.00790       26.64053    
  -112.3509       36.76080       11868.48    
  -106.9877       35.19830       227.0793    
  -121.1447       36.01090       345.3717    
  -120.9353       35.86800       39.90575    
  -109.8154       26.96530       402.9337    
  -103.4639       50.89430       4.245113    
  -107.0180       40.61360       1892.615    
  -112.3848       36.76300       1541.278    
  -112.3170       36.75860       17928.74    
  -119.2379       35.74570       572.4509    
  -121.6697       38.42550       254.3219    
  -112.3274       36.63070       48995.84    
  -99.41580       16.89140       21.41150    
  -109.6677       43.72280       4484.893    
  -118.5433       34.86560       416.6640    
  -100.8869       30.64120       117.5018    
  -107.0207       39.35340       2219.796    
  -108.9319       38.53250       315.2705    
  -117.9405       37.45620       86.67572    
  -118.4264       36.47990       366.0560    
  -107.0523       35.37690       212.2927    
  -110.0120       39.40710       30.60358    
  -109.0854       38.32960       28.89727    
  -106.1605       38.12730       205.4275    
  -106.2114       35.98570       203.8432    
  -122.4062       52.81590       11253.22    
  -111.8737       38.93760       29.77794    
  -121.6541       38.21120       229.9314    
  -112.3612       36.63280       5125.186    
  -101.3093       18.00300       196.9757    
  -107.1304       40.59290       1786.910    
  -118.5147       38.68970       736.1592    
  -119.0401       38.06380       733.2547    
  -112.2649       36.72950       112283.7    
  -114.9538       32.64690       1578.470    
  -101.6411       49.98140       3.915313    
  -118.6569       49.07430       8105.701    
  -122.2613       38.04660       90.80160    
  -119.0749       35.20340       9.082173    
  -107.8683       39.32440       3.889944    
  -121.6688       38.26560       8.109688    
  -121.6961       36.17970       355.0603    
  -119.0075       38.64680       47.88607    
  -112.2832       36.75640       650.8530    
  -119.0673       36.83570       519.7654    
  -120.8552       35.35490       390.7875    
  -107.1641       40.84550       2.232490    
  -112.3353       36.78560       8979.254    
  -103.7756       34.36300       35.35787    
  -121.5549       37.83280       7.309149    
  -117.5432       38.27050       325.8323    
  -118.5986       37.95140       70.50934    
  -114.9984       32.26570       294.9390    
  -115.0145       32.29060       4.211287    
  -120.3839       36.57070       697.4326    
  -120.8616       37.85850       370.0411    
  -122.2238       38.60300       1166.483    
  -122.5161       37.77580       27.52184    
  -117.3488       34.61000       35.35685    
  -122.5015       38.11860       253.1655    
  -115.0388       32.62800       5.522030    
  -115.1076       32.58410       7.965929    
  -112.3014       36.78340       4391.373    
  -94.84480       34.67420       189.3851    
  -115.2104       32.54230       4.532630    
  -115.1765       32.54020       283.9371    
  -70.34600       18.92870       2467.959    
  -111.1197       29.93710       258.7647    
  -104.8273       21.17530       315.8633    
  -98.11870       37.27540       96.99850    
  -110.8616       33.42080       37.05917    
  -99.94190       25.57780       2.988153    
  -88.56710       33.44340       180.7508    
  -109.6423       30.50830       900.2346    
  -70.36530       18.92860       397.5134    
  -63.46820       49.64220       4645.967    
  -115.3146       32.45260       49.42809    
  -98.82740       33.70220       4.955451    
  -81.02320       46.49280       6.527693    
  -101.7810       31.86710       360.6864    
  -95.32270       31.41220       245.1759    
  -66.18190       47.48980       963.4647    
  -71.28120       18.62850       16.40998    
  -103.8496       20.93960       33.89127    
  -68.60680       18.81980       55.28218    
  -102.2105       21.77470       12.43959    
  -86.09330       15.86930       61.10277    
  -95.08010       31.84830       1750.432    
  -99.01370       35.65790       20.42073    
  -82.13190       38.42480       106.4580    
  -80.61430       33.69390       3793.797    
  -98.03600       27.98210       8.686246    
  -91.57590       14.73630       125.2447    
  -114.9718       32.07310       93.18681    
  -95.10430       31.84910       45.63126    
  -115.0087       32.48200       14.08836    
  -114.9750       32.48000       893.7945    
  -95.08640       31.87200       5103.080    
  -77.33860       35.80790       13.40230    
  -93.13710       32.35190       6503.057    
  -99.37190       32.40550       36.74474    
  -69.52800       18.55770       178.1890    
  -97.60810       28.50190       2.443900    
  -79.32620       35.09830       1715.821    
  -80.96830       26.60150       132.2242    
  -104.6702       19.43650       305.3203    
  -93.08370       16.55880       772.5684    
  -104.7043       21.43920       303.2920    
  -104.6798       21.43840       444.6186    
  -114.8552       32.54480       14.84098    
  -107.5830       27.15330       341.0070    
  -86.02990       15.79150       133.8364    
  -79.32770       35.12310       827.0456    
  -85.31790       33.08830       86.89650    
  -93.88900       16.41560       62.48038    
  -91.98110       15.78400       302.0104    
  -105.1209       21.53520       2.376248    
  -114.9238       32.50090       11.63601    
  -114.8901       32.49890       9.813653    
  -98.59680       35.58990       84.82037    
  -116.4485       31.78100       644.4570    
  -72.31490       42.49590       756.3350    
  -98.60610       35.61540       69.51859    
  -98.57040       35.58880       88.48068    
  -98.58750       35.56450       50.19868    
  -92.55420       35.01710       7.094920    
  -91.68340       33.21320       1323.711    
  -79.19320       35.17150       23.69827    
  -94.80390       31.98020       194.1292    
  -115.1427       32.53820       10.64097    
  -104.7868       19.52080       128.9327    
  -93.77970       35.98200       53.56728    
  -74.52510       39.41440       7.915050    
  -103.9950       20.75960       204.2268    
  -104.5986       19.53560       9.697615    
  -104.3805       19.22610       18.21700    
  -102.0689       18.16110       150.4082    
  -81.25060       33.22040       32.03863    
  -104.7418       19.33740       206.4668    
  -100.8532       17.37700       125.8906    
  -111.5769       45.94600       40.12592    
  -104.4720       19.30950       450.3115    
  -103.9709       20.75890       122.0662    
  -103.7604       19.10780       155.9865    
  -98.86530       18.78280       2.849807    
  -98.56110       35.56340       30.38342    
  -91.23460       43.81450       6.563266    
  -109.0591       26.46920       44.16954    
  -102.8300       20.35780       23.28294    
  -102.6420       18.15560       374.5955    
  -102.0405       18.02090       432.5210    
  -102.0175       18.02030       425.2625    
  -97.40200       47.74230       4.541087    
  -101.7713       31.35080       120.9329    
  -104.4769       19.32980       482.4766    
  -71.41470       17.90070       214.9245    
  -100.7568       17.21660       110.5195    
  -94.48150       16.52300       249.0661    
  -94.02660       16.35940       124.1614    
  -74.98740       41.34460       63.05623    
  -93.87800       38.01690       22.07201    
  -89.33490       32.72130       85.28058    
  -103.0307       32.99220       56.48775    
  -92.38410       36.33970       3.213432    
  -105.4467       22.66820       553.5435    
  -103.2301       20.55290       66.13508    
  -100.6618       17.43200       273.8304    
  -99.76780       36.78230       33.17485    
  -100.8789       30.61780       24.90276    
  -103.8262       20.46840       283.4911    
  -104.2656       19.24300       171.4958    
  -106.3004       23.87790       486.7463    
  -106.2747       23.87690       475.7047    
  -104.5392       19.29120       2.536920    
  -102.5559       18.07360       422.1315    
  -102.5328       18.07300       323.3589    
  -101.8182       17.93570       166.2339    
  -99.74040       36.78100       32.71271    
  -81.80170       34.33770       199.4433    
  -96.40780       34.48540       33.19057    
  -106.6896       24.65970       535.4829    
  -83.98230       38.61380       141.7542    
  -93.78700       36.00750       370.1758    
  -79.32920       35.14780       1076.074    
  -93.93360       33.69170       293.9971    
  -98.49930       16.61700       20.42073    
  -111.7574       30.59560       25.75985    
  -109.1422       26.47280       290.4502    
  -109.1145       26.47160       335.0739    
  -105.9826       23.35890       240.0257    
  -103.3568       20.39340       115.7279    
  -102.9973       18.30460       250.6505    
  -107.1404       30.36170       1823.499    
  -107.1300       30.33810       2392.429    
  -107.1021       30.33680       1082.763    
  -109.7695       27.05160       4.321221    
  -106.6859       24.72380       4272.838    
  -103.8967       20.65440       257.2145    
  -82.45640       31.77050       398.5058    
  -107.1684       30.36300       59.22564    
  -107.1124       30.36030       1074.842    
  -107.1580       30.33940       539.7092    
  -101.9178       17.97800       4.667577    
  -106.5224       39.64860       4.262025    
  -106.3403       24.83910       305.7067    
  -89.24420       36.90880       8.621300    
  -89.23860       36.88300       12.60849    
  -89.21390       36.88230       11.79668    
  -120.1074       37.35480       280.2368    
  -99.37620       32.71480       54.37675    
  -86.63710       30.65660       2100.433    
  -86.63380       30.63360       2038.524    
  -86.58730       15.70030       89.16481    
  -107.7627       40.05310       28.45693    
  -117.2429       35.96170       55.60718    
  -116.4651       31.80580       333.0850    
  -76.42490       36.20720       4.900484    
  -89.24820       36.70410       54.83840    
  -89.22370       36.70350       58.49958    
  -88.98310       31.05050       208.9309    
  -79.17030       35.17130       1506.277    
  -89.33950       32.74520       157.5679    
  -91.70000       33.28560       5.147129    
  -114.9313       32.26170       7.035725    
  -71.39640       17.86160       19.04468    
  -99.38450       32.73900       62.63192    
  -89.29320       31.26590       16.93130    
  -82.77610       30.27630       14.75046    
  -110.7243       45.04110       53.28107    
  -77.42700       40.10020       3.086586    
  -90.26720       36.45240       7.187941    
  -90.63620       31.25230       150.5437    
  -99.66550       34.81430       31.90646    
  -86.92080       32.40690       16.65870    
  -115.2598       32.61740       731.4064    
  -99.63900       34.81310       65.55552    
  -93.90910       33.69090       2465.657    
  -100.0894       16.96500       187.4029    
  -99.20490       16.80820       151.4322    
  -97.54790       16.01160       3968.240    
  -99.41020       32.74010       44.85345    
  -99.40190       32.71590       45.18982    
  -100.3048       18.39730       252.5823    
  -101.2478       17.56450       42.38266    
  -109.5528       44.46580       49528.51    
  -109.5959       43.53930       405.5741    
  -89.22930       36.72920       9.099087    
  -99.69380       34.88970       28.95878    
  -101.9423       32.22830       11.68275    
  -92.72610       30.89230       178.8216    
  -101.6964       18.35140       522.6119    
  -101.8932       18.19660       1269.160    
  -97.73810       16.28860       11.69727    
  -109.5897       44.46850       35967.11    
  -98.62100       40.67400       7.015994    
  -89.66750       35.95490       9.094859    
  -104.0187       35.74330       31.18153    
  -96.10580       33.50100       3.044304    
  -99.35050       32.71380       23.94345    
  -92.73130       30.91550       1162.598    
  -102.2490       18.14570       328.4053    
  -102.2260       18.14510       366.0560    
  -102.0027       18.05980       189.5749    
  -88.59990       17.27680       478.9221    
  -93.08260       44.67290       7.238678    
  -89.64310       35.95430       7.450089    
  -99.47760       27.52200       7.550424    
  -103.3024       20.16780       112.9326    
  -102.9228       19.54890       976.2252    
  -103.8463       47.56970       47.28144    
  -93.04710       44.73260       12.24487    
  -93.01790       44.73140       13.24272    
  -73.04260       41.54660       7.043505    
  -94.94450       32.86080       3.847662    
  -103.2786       20.16710       5958.706    
  -101.4186       17.86640       23.99849    
  -98.81360       16.68220       205.7998    
  -97.02220       47.49050       6.391347    
  -104.0578       21.91460       63.67482    
  -102.9275       19.56920       757.1609    
  -102.2531       18.16570       236.1137    
  -88.61980       17.27700       319.4083    
  -100.7901       17.27670       35.84520    
  -99.12300       16.70830       4.304308    
  -97.48690       37.06760       122.3042    
  -97.46020       37.06640       22.17329    
  -97.47740       37.04140       17.39304    
  -97.45080       37.04030       19.75326    
  -85.21640       30.60860       19.39066    
  -99.22040       19.61400       9.875136    
  -102.5826       18.85470       441.7601    
  -100.0860       16.94520       315.2465    
  -96.88620       15.84350       178.7583    
  -96.03560       15.78960       3151.747    
  -95.33780       45.63930       5.730621    
  -94.91600       44.41670       21.79214    
  -95.51670       32.73730       17.66862    
  -105.3716       22.58210       367.5242    
  -102.1897       18.30390       206.0844    
  -102.0135       18.00030       351.8236    
  -99.34420       16.98830       344.1382    
  -99.34090       16.96850       325.6361    
  -109.0504       26.38110       256.9164    
  -105.0886       22.03110       3.052760    
  -90.63900       19.44010       4.025246    
  -103.9647       19.17400       2872.532    
  -101.9138       17.95800       38.90399    
  -65.46520       44.61460       541.2470    
  -90.24250       36.45170       30.61116    
  -109.6117       27.19940       26.80566    
  -107.6790       25.10680       3723.809    
  -90.64130       19.46010       3.450211    
  -88.31730       19.36570       61.16706    
  -103.9695       19.19430       449.7422    
  -103.3909       18.61530       922.8256    
  -102.2178       18.10500       296.6021    
  -102.2137       18.08500       1819.129    
  -100.1116       16.96540       406.1912    
  -97.43360       37.06530       8.118144    
  -97.42410       37.03910       6.316930    
  -100.2928       20.57270       137.8318    
  -103.8109       20.40670       1645.677    
  -88.90450       19.77340       68.65690    
  -102.5401       19.29620       398.7904    
  -88.60170       17.29640       377.0695    
  -96.95770       47.48710       23.60463    
  -109.6150       44.50060       1096.053    
  -90.81380       34.61950       11.88463    
  -90.80820       34.59480       14.57279    
  -111.8522       32.87290       204.8994    
  -115.8980       30.52380       489.2155    
  -115.8645       30.52190       1228.868    
  -102.1491       19.83110       250.4893    
  -102.1027       18.10210       316.5274    
  -99.34240       16.71280       188.3923    
  -96.97460       47.52100       20.49831    
  -96.94240       47.51930       14.10528    
  -96.92550       47.48550       17.11998    
  -101.7422       36.26250       10.73775    
  -90.78970       34.61880       13.92206    
  -90.78410       34.59410       19.84717    
  -100.6800       31.86800       335.4451    
  -105.0090       21.03710       502.6292    
  -105.2129       20.06150       40.28620    
  -96.43410       18.94890       1552.606    
  -102.9930       18.28450       483.3306    
  -101.9407       17.97860       329.6212    
  -109.5781       44.49800       13729.01    
  -101.7701       36.26390       9.604933    
  -101.7310       36.23660       40.25566    
  -101.9332       32.20420       108.2587    
  -100.6884       31.89190       6592.292    
  -100.6542       31.86690       534.6315    
  -100.4777       21.10840       147.2868    
  -100.4732       21.08780       135.4079    
  -100.1595       16.98620       2210.453    
  -97.05450       47.49220       5.517801    
  -89.21600       36.77990       12.03910    
  -89.21030       36.75420       12.26178    
  -101.7144       36.26120       33.41075    
  -100.7058       31.86910       167.5643    
  -94.32870       16.46190       2130.269    
  -98.00230       37.52980       48.80428    
  -97.97530       37.52860       7.276733    
  -99.66720       34.88860       35.41980    
  -110.3321       27.63280       2.790612    
  -107.7056       25.10790       3439.423    
  -101.4918       21.01380       19.79168    
  -103.2251       20.53230       474.1352    
  -121.6224       39.36370       11.87279    
  -89.00520       36.36670       21.61021    
  -101.7589       36.23790       32.13101    
  -101.7110       17.85360       199.9409    
  -98.01230       37.55620       54.12467    
  -97.98530       37.55510       6.832772    
  -97.32860       37.13830       4.025246    
  -76.86810       36.30970       1008.381    
  -98.12410       36.22540       22.91949    
  -100.6716       31.84410       57.21659    
  -102.4250       23.07000       188.0005    
  -103.4156       21.66690       22.23714    
  -98.42560       19.27330       2.811753    
  -102.9360       18.98470       1039.341    
  -102.9126       18.98410       590.3578    
  -101.6347       17.81190       152.1290    
  -101.0822       17.40210       21.02621    
  -98.13350       36.25110       25.49675    
  -98.15060       36.22650       72.66058    
  -99.75340       20.70100       25.98002    
  -100.2710       20.47040       46.11106    
  -103.1888       19.07200       272.6148    
  -93.26410       16.34720       175.3425    
  -97.04080       47.59050       10.01978    
  -98.41400       37.00440       88.05686    
  -98.38700       37.00320       134.5385    
  -98.40410       36.97820       9.746001    
  -98.37710       36.97700       82.58472    
  -98.16000       36.25230       12.76192    
  -80.61250       33.66980       280.0927    
  -102.0706       21.87380       22.23714    
  -103.4368       21.56440       1946.045    
  -102.8874       21.17740       112.6765    
  -103.9207       20.65510       3.173969    
  -102.5100       18.73240       208.3616    
  -100.4021       18.31990       111.2817    
  -101.5161       18.24710       477.0684    
  -101.5121       18.22710       467.9776    
  -98.36010       37.00200       8.760831    
  -98.09750       36.22430       5.921595    
  -99.37640       36.12760       61.09708    
  -94.99690       38.19070       224.2490    
  -98.10690       36.25000       7.644586    
  -103.2539       20.55360       56.38958    
  -100.2938       20.47100       253.3056    
  -100.2895       20.45060       168.3200    
  -100.2666       20.45000       44.94214    
  -103.6010       18.82170       411.0302    
  -101.3847       17.92520       322.2204    
  -111.5627       33.63160       1804.306    
  -85.21360       30.58560       1071.102    
  -105.3507       24.84430       23.28294    
  -106.6312       24.33690       847.8171    
  -106.6052       24.33590       859.0038    
  -106.5980       24.31430       543.9603    
  -103.2489       20.53300       50.87489    
  -103.6264       18.62160       313.4339    
  -100.5216       18.00410       720.7261    
  -88.72300       17.31750       280.7077    
  -112.1114       46.49490       36034.38    
  -112.0707       46.49160       46628.66    
  -101.2937       32.01140       203.8432    
  -101.2677       32.01030       21.30142    
  -102.0942       21.87450       191.2828    
  -102.6947       18.83760       691.7762    
  -103.5964       18.80150       29.17346    
  -102.4023       18.10960       202.6686    
  -100.5254       18.02410       72.21565    
  -100.5029       18.02350       467.3903    
  -100.4991       18.00360       728.6962    
  -112.1432       46.52930       49933.29    
  -112.1024       46.52610       118323.8    
  -100.7143       31.89290       2411.639    
  -104.3532       31.09030       175.8544    
  -107.3090       30.74030       444.1247    
  -105.0497       30.51850       322.6638    
  -99.14320       22.38920       368.9025    
  -88.74290       17.31770       139.9888    
  -84.47350       32.50390       21.76534    
  -95.02910       30.18030       213.6502    
  -97.65250       38.64530       118.7767    
  -77.99950       35.08930       13.00578    
  -105.0767       30.51970       351.9728    
  -111.5777       33.65690       2699.211    
  -111.5945       33.63350       763.6199    
  -106.4407       23.84070       2451.594    
  -104.0822       21.91540       3951.318    
  -104.9481       19.97210       4.082750    
  -104.3854       19.24640       293.1864    
  -102.1907       18.08440       76.90050    
  -98.40620       29.31510       11.47533    
  -106.4337       23.81920       2356.407    
  -105.9947       23.31710       306.9142    
  -102.2383       18.20530       258.3777    
  -102.0837       18.12160       31.09399    
  -94.60560       16.68150       209.5002    
  -107.3087       37.40820       3085.566    
  -118.2891       37.22050       543.9340    
  -102.2347       34.36310       48.54741    
  -98.71270       30.19040       20.42073    
  -98.39960       29.29220       58.12950    
  -104.0681       26.52610       21.98945    
  -109.0682       26.49150       461.5518    
  -102.9061       21.15740       433.2052    
  -102.9010       21.13670       472.9409    
  -101.3698       17.96460       662.0889    
  -90.84360       34.64490       19.19180    
  -90.81940       34.64430       11.22376    
  -94.35150       34.24030       31.35583    
  -107.7136       25.12970       333.6062    
  -107.6869       25.12870       753.1759    
  -102.0648       18.14110       281.2312    
  -90.99030       35.89210       4.249341    
  -77.75410       35.23650       2.663766    
  -78.02340       35.11410       3.630615    
  -111.5309       33.62980       1609.749    
  -111.5478       33.60640       536.0126    
  -100.6626       31.89080       403.2857    
  -104.1234       21.70980       24.75521    
  -103.4506       21.15320       40.84147    
  -99.57890       16.81610       77.54150    
  -111.5459       33.65500       5386.245    
  -100.5031       19.18290       28.95231    
  -100.4805       19.18240       33.33182    
  -103.5992       19.12350       53.27893    
  -103.5945       19.10320       1475.610    
  -103.5708       19.10260       200.5107    
  -102.6903       18.81740       948.6713    
  -101.3735       35.71410       21.08125    
  -90.20070       31.01000       205.5151    
  -103.6850       18.98490       487.4887    
  -97.83320       47.10760       18.00247    
  -112.2936       36.62850       132.2669    
  -111.6095       33.65880       621.4314    
  -94.59130       32.44510       115.4223    
  -97.64200       38.61830       20.42073    
  -112.2467       36.70260       2338.011    
  -109.0137       26.35760       4.837061    
  -102.0608       18.12100       518.0574    
  -90.78590       35.33570       10.70580    
  -112.9426       33.34790       2647.397    
  -99.65120       32.63070       65.72615    
  -102.1446       18.08320       19.66728    
  -112.9100       33.34600       2841.483    
  -103.8401       20.71400       30.14808    
  -100.8495       17.35710       22.62243    
  -91.79110       44.31710       13.44195    
  -79.19470       35.19630       174.9156    
  -79.23970       34.80170       10.61278    
  -79.23820       34.77710       10.19842    
  -94.37630       34.24110       229.0308    
  -112.9582       33.37320       915.8862    
  -112.9270       33.32270       1635.498    
  -112.8945       33.32080       1683.203    
  -99.62550       32.62960       66.46371    
  -99.64290       32.60650       98.25072    
  -105.1333       21.92880       5.416927    
  -103.6737       20.52510       133.3221    
  -104.9502       19.40410       154.8480    
  -101.4143       17.72720       41.90843    
  -112.1343       46.56050       66804.92    
  -98.36190       37.28610       7.941164    
  -112.9256       33.37120       98.71858    
  -99.61720       32.60550       440.9562    
  -105.5795       22.94510       153.4570    
  -105.1085       21.92800       6.545253    
  -102.1549       19.64910       94.00510    
  -100.9521       19.05360       147.5409    
  -94.36540       16.42350       17.99887    
  -112.0617       46.52280       41310.71    
  -112.0300       46.48840       17008.37    
  -111.2530       33.83340       298.8996    
  -111.5927       33.68220       659.7620    
  -111.5608       33.68030       2517.904    
  -112.9752       33.34990       691.7996    
  -101.9499       18.13820       182.7433    
  -111.5141       33.65320       4571.862    
  -111.9198       25.48270       54.16174    
  -111.8908       25.48140       349.0683    
  -111.9101       25.46060       85.50620    
  -111.8811       25.45930       381.2819    
  -105.3340       22.62260       3.957595    
  -89.18580       36.75360       4.608738    
  -112.4133       36.66190       1875.254    
  -100.7227       31.91680       44.03394    
  -100.6969       31.91580       423.5292    
  -100.7401       31.89400       513.8328    
  -115.9690       30.99610       175.9480    
  -100.9255       29.02330       20.25561    
  -102.0878       18.14160       192.5835    
  -90.80160       37.83420       101.2418    
  -112.2371       34.33400       400.5573    
  -104.4660       20.63070       25.92498    
  -103.2351       20.57340       5.615049    
  -115.5373       38.01960       484.7878    
  -111.5291       33.67850       3573.153    
  -111.4992       33.62790       723.4850    
  -114.5577       34.97540       52.04442    
  -107.5161       31.85160       225.4950    
  -105.6129       41.11280       39.57550    
  -118.3408       34.92670       1564.118    
  -97.80090       47.10590       11.25547    
  -112.1752       46.56380       2546.198    
  -112.0936       46.55730       28160.48    
  -105.6062       34.43040       31.97964    
  -118.3621       34.95320       1724.746    
  -105.2023       20.02050       2.435443    
  -118.3788       34.92930       1589.555    
  -113.5104       32.99410       486.2858    
  -113.4948       32.96900       12.65359    
  -115.7255       31.42940       210.3770    
  -115.7097       31.40490       571.6059    
  -90.62080       19.45980       222.5939    
  -112.3197       36.81030       114.1305    
  -113.4776       32.99210       368.6077    
  -113.4620       32.96710       380.7538    
  -104.9098       23.84860       211.7774    
  -102.4815       19.65800       193.3702    
  -112.2676       36.78120       10362.82    
  -111.4973       33.67660       2058.147    
  -111.4824       33.65130       1567.058    
  -107.4628       24.79710       2.706048    
  -103.9741       20.67710       33.30066    
  -98.31250       19.85410       66.81984    
  -110.9309       50.75450       28.86649    
  -108.8682       26.19810       222.8545    
  -110.9223       50.82570       42.10745    
  -120.1237       35.98740       536.5407    
  -111.5758       33.70560       734.0469    
  -111.5440       33.70370       1009.711    
  -105.0773       21.55440       147.3593    
