  -91.10520       44.80980       3.728092    
  -100.0883       41.02600      0.6878869    
  -89.64660       36.08040      0.1495217    
  -89.62220       36.07970      0.1273001    
  -89.73860       36.05770       1.572059    
  -89.17300       36.01720       2.300545    
  -89.14870       36.01650      0.2721708    
  -97.97940       36.04210       1.790611    
  -112.3665       36.73610       369.0687    
  -112.3326       36.73390       420.2727    
  -112.3821       36.71130       236.7645    
  -112.3482       36.70910       564.3719    
  -112.3143       36.70700       253.5092    
  -112.3977       36.68660       145.5965    
  -112.3638       36.68440       156.8813    
  -112.3300       36.68220       265.5185    
  -112.2961       36.68010       165.3558    
  -112.3794       36.65970       234.3811    
  -112.3456       36.65750       274.7669    
  -112.3118       36.65540       148.2798    
  -101.8609       35.46110       1.814157    
  -99.67490       34.83940       4.278697    
  -99.64840       34.83830       4.104528    
  -109.3142       33.47950       39.53095    
  -109.3008       33.45450       24.78774    
  -110.8952       32.41090       60.65210    
  -101.8153       31.75100       1.596638    
  -116.5741       32.45790       45.49812    
  -116.6102       32.36410       15.91738    
  -100.9714       30.66770       3.289851    
  -100.9634       30.64430       7.328332    
  -100.9379       30.64320       6.053804    
  -100.9124       30.64220       29.34122    
  -100.9299       30.61980       7.480533    
  -100.9044       30.61880       6.204035    
  -111.0312       29.58800       3.983979    
  -111.0014       29.58650       2.766320    
  -110.9716       29.58500       13.39199    
  -110.9896       29.56300       33.56304    
  -101.2724       18.16140       6.148374    
  -93.18470       17.89460       1.029957    
  -99.70380       49.02230      0.1962041    
  -109.0083       45.81340       1.287177    
  -89.71420       36.05700       2.218307    
  -121.3435       36.92690       4.696346    
  -118.9438       35.87730       13.62780    
  -110.9088       32.43560       22.77812    
  -90.65010       31.32230       1.642402    
  -100.9459       30.66660       2.690963    
  -92.16520       18.64900       7.947426    
  -102.0898       51.23740      0.2049894    
  -102.3291       48.23470      0.2487434    
  -107.5317       48.49830       1.103295    
  -99.34950       36.12640       3.823251    
  -99.68430       34.86450       68.01173    
  -99.65780       34.86340       8.154447    
  -119.3892       35.40190      0.2670030    
  -109.2839       33.47790       12.83340    
  -109.2705       33.45280       10.55828    
  -110.8779       32.43380       59.70785    
  -101.8065       31.72710       1.148518    
  -97.68210       27.44060      0.6429479    
  -108.5452       26.40290       1.919810    
  -111.1711       28.93360       9.994635    
  -103.4353       50.71110      0.1991326    
  -111.9795       38.25130       1.739146    
  -120.0749       35.37480       12.22937    
  -105.1215       32.77950       5.675966    
  -88.14600       21.23350      6.9593042E-02
  -104.6905       36.95040       2.355443    
  -112.3565       37.14900       1.466575    
  -112.2805       36.70480       281.4921    
  -111.1825       28.95690       2.167976    
  -110.0645       28.83350       1.867977    
  -117.3024       48.91380       7.170210    
  -111.9840       38.99880       1.462090    
  -104.5236       38.03500       1.060688    
  -112.2166       38.39980       2.085496    
  -106.1539       37.52390       9.562495    
  -112.4004       36.73820       34.34370    
  -92.88830       31.19760       3.191400    
  -93.11510       17.83420       1.582342    
  -104.0451       51.08150       1.216428    
  -112.2018       38.42540       1.672882    
  -108.7824       37.13220       7.609084    
  -109.1243       26.36240       6.334049    
  -100.6022       21.35770       32.82189    
  -100.6206       21.33770       19.94814    
  -100.5975       21.33710       34.04208    
  -100.5837       21.07030       20.24825    
  -100.5607       21.06970       24.78779    
  -103.7219       50.65920       1.219903    
  -112.1353       38.79440       8.143776    
  -119.6761       35.34650       10.00835    
  -116.5391       32.45580       17.85324    
  -107.7122       24.76410      0.3586970    
  -102.1609       18.16340       2.174928    
  -103.6550       50.61840      0.2115353    
  -112.1681       38.60950       1.632517    
  -104.7284       36.79810       5.897119    
  -108.2692       34.64740       5.950167    
  -118.8234       34.80980       9.542203    
  -110.0753       28.85670       8.145301    
  -106.9234       39.29340       1.545061    
  -118.4102       37.35980      0.8782641    
  -112.2987       36.73170       208.4635    
  -118.6747       34.84960       10.70756    
  -101.7799       31.37450       1.797334    
  -109.7315       27.02780      0.3260308    
  -109.7219       27.00520      0.2756160    
  -107.4603       39.16430       8.582499    
  -105.4172       37.35240      0.1436649    
  -105.5231       37.33230      0.9642617    
  -118.3616       37.30400       11.48903    
  -105.9176       35.91910       5.291149    
  -119.1520       36.24960       1.666154    
  -106.7266       35.08430      0.3159432    
  -109.2570       33.42780       10.79382    
  -121.8607       38.01520       1.671311    
  -108.4345       37.00790       1.085355    
  -112.3509       36.76080       308.1241    
  -106.9877       35.19830       5.895327    
  -121.1447       36.01090       8.966380    
  -120.9353       35.86800       1.625790    
  -109.8154       26.96530       10.46078    
  -103.4639       50.89430      0.1729490    
  -107.0180       40.61360       2.426430    
  -112.3848       36.76300       40.01395    
  -112.3170       36.75860       465.4576    
  -119.2379       35.74570       14.86171    
  -121.6697       38.42550       6.602588    
  -112.3274       36.63070       62.81517    
  -99.41580       16.89140      0.8723204    
  -109.6677       43.72280       5.749864    
  -118.5433       34.86560       10.81724    
  -100.8869       30.64120       4.787112    
  -107.0207       39.35340       2.845892    
  -108.9319       38.53250       8.184907    
  -117.9405       37.45620       3.531233    
  -118.4264       36.47990       9.503377    
  -107.0523       35.37690       5.511445    
  -110.0120       39.40710       1.246813    
  -109.0854       38.32960       1.177296    
  -106.1605       38.12730       5.333214    
  -106.2114       35.98570       5.292083    
  -122.4062       52.81590       14.42720    
  -111.8737       38.93760       1.213175    
  -121.6541       38.21120       5.969373    
  -112.3612       36.63280       133.0577    
  -101.3093       18.00300       5.113792    
  -107.1304       40.59290       2.290911    
  -118.5147       38.68970       19.11183    
  -119.0401       38.06380       19.03642    
  -112.2649       36.72950       143.9535    
  -114.9538       32.64690       40.97952    
  -101.6411       49.98140      0.1595128    
  -118.6569       49.07430       10.39192    
  -122.2613       38.04660       3.699324    
  -119.0749       35.20340      0.3700145    
  -107.8683       39.32440      0.1584792    
  -121.6688       38.26560      0.3303947    
  -121.6961       36.17970       18.46313    
  -119.0075       38.64680       1.950914    
  -112.2832       36.75640       26.51623    
  -119.0673       36.83570       13.49391    
  -120.8552       35.35490       10.14544    
  -107.1641       40.84550      9.0953283E-02
  -112.3353       36.78560       233.1152    
  -103.7756       34.36300       1.440506    
  -121.5549       37.83280      0.2977801    
  -117.5432       38.27050       8.459107    
  -118.5986       37.95140       2.872602    
  -114.9984       32.26570       7.657070    
  -115.0145       32.29060      0.1715710    
  -120.3839       36.57070       18.10642    
  -120.8616       37.85850       9.606835    
  -122.2238       38.60300       30.28370    
  -122.5161       37.77580       1.121260    
  -117.3488       34.61000       1.440464    
  -122.5015       38.11860       6.572566    
  -115.0388       32.62800      0.2249716    
  -115.1076       32.58410      0.3245378    
  -112.3014       36.78340       114.0068    
  -94.84480       34.67420       4.916729    
  -115.2104       32.54230      0.1846627    
  -115.1765       32.54020       7.371443    
  -70.34600       18.92870       3.164050    
  -111.1197       29.93710       6.717930    
  -104.8273       21.17530       8.200297    
  -98.11870       37.27540       3.951791    
  -110.8616       33.42080       1.509818    
  -99.94190       25.57780      0.1217396    
  -88.56710       33.44340       4.692570    
  -109.6423       30.50830       23.37147    
  -70.36530       18.92860      0.5096326    
  -63.46820       49.64220       5.956369    
  -115.3146       32.45260       2.013737    
  -98.82740       33.70220      0.2018887    
  -81.02320       46.49280      0.2659431    
  -101.7810       31.86710       9.363972    
  -95.32270       31.41220       6.365144    
  -66.18190       47.48980       1.235211    
  -71.28120       18.62850      0.6685547    
  -103.8496       20.93960       1.380755    
  -68.60680       18.81980       2.874673    
  -102.2105       21.77470      0.5067980    
  -86.09330       15.86930       3.177344    
  -95.08010       31.84830       45.44389    
  -99.01370       35.65790      0.8319559    
  -82.13190       38.42480       2.763813    
  -80.61430       33.69390       4.863842    
  -98.03600       27.98210      0.3538841    
  -91.57590       14.73630       3.251544    
  -114.9718       32.07310       3.796499    
  -95.10430       31.84910       1.859051    
  -115.0087       32.48200      0.5739703    
  -114.9750       32.48000       23.20428    
  -95.08640       31.87200       6.542411    
  -77.33860       35.80790      0.5460195    
  -93.13710       32.35190       8.337254    
  -99.37190       32.40550       1.497008    
  -69.52800       18.55770       4.626061    
  -97.60810       28.50190      9.9566281E-02
  -79.32620       35.09830       2.199770    
  -80.96830       26.60150       3.432743    
  -104.6702       19.43650       15.87666    
  -93.08370       16.55880      0.9904724    
  -104.7043       21.43920       15.77118    
  -104.6798       21.43840       11.54298    
  -114.8552       32.54480      0.6046326    
  -107.5830       27.15330       8.853067    
  -86.02990       15.79150       6.959490    
  -79.32770       35.12310       1.060315    
  -85.31790       33.08830       4.518618    
  -93.88900       16.41560       3.248980    
  -91.98110       15.78400       7.840656    
  -105.1209       21.53520      9.6810117E-02
  -114.9238       32.50090      0.4740596    
  -114.8901       32.49890      0.3998155    
  -98.59680       35.58990       3.455645    
  -116.4485       31.78100       16.73109    
  -72.31490       42.49590      0.9696603    
  -98.60610       35.61540       2.832238    
  -98.57040       35.58880       3.604769    
  -98.58750       35.56450       2.045131    
  -92.55420       35.01710      0.2890522    
  -91.68340       33.21320       1.697065    
  -79.19320       35.17150      0.9654849    
  -94.80390       31.98020       5.039893    
  -115.1427       32.53820      0.4335210    
  -104.7868       19.52080       3.347292    
  -93.77970       35.98200       2.182371    
  -74.52510       39.41440      0.3224650    
  -103.9950       20.75960       10.61979    
  -104.5986       19.53560      0.3950880    
  -104.3805       19.22610      0.7421740    
  -102.0689       18.16110       3.904827    
  -81.25060       33.22040       1.305278    
  -104.7418       19.33740       10.73627    
  -100.8532       17.37700       3.268314    
  -111.5769       45.94600       1.634760    
  -104.4720       19.30950       11.69078    
  -103.9709       20.75890       3.169026    
  -103.7604       19.10780       4.049650    
  -98.86530       18.78280      0.1161032    
  -98.56110       35.56340       1.237843    
  -91.23460       43.81450      0.2673923    
  -109.0591       26.46920       1.799500    
  -102.8300       20.35780      0.9485642    
  -102.6420       18.15560       9.725074    
  -102.0405       18.02090       11.22891    
  -102.0175       18.02030       11.04047    
  -97.40200       47.74230      0.1850072    
  -101.7713       31.35080       3.139604    
  -104.4769       19.32980       12.52584    
  -71.41470       17.90070       11.17607    
  -100.7568       17.21660       2.869256    
  -94.48150       16.52300       6.466139    
  -94.02660       16.35940       6.456394    
  -74.98740       41.34460       3.278924    
  -93.87800       38.01690      0.8992299    
  -89.33490       32.72130       4.434590    
  -103.0307       32.99220       1.466509    
  -92.38410       36.33970      0.1309176    
  -105.4467       22.66820       14.37084    
  -103.2301       20.55290       2.694392    
  -100.6618       17.43200       7.109058    
  -99.76780       36.78230       1.351568    
  -100.8789       30.61780       1.014557    
  -103.8262       20.46840       14.74154    
  -104.2656       19.24300       4.452295    
  -106.3004       23.87790       12.63668    
  -106.2747       23.87690       24.73665    
  -104.5392       19.29120      0.1033560    
  -102.5559       18.07360       10.95918    
  -102.5328       18.07300       8.394896    
  -101.8182       17.93570       4.315686    
  -99.74040       36.78100       1.332740    
  -81.80170       34.33770       5.177854    
  -96.40780       34.48540       1.352209    
  -106.6896       24.65970       27.84511    
  -83.98230       38.61380       3.680157    
  -93.78700       36.00750       19.24914    
  -79.32920       35.14780       1.379582    
  -93.93360       33.69170       15.28785    
  -98.49930       16.61700      0.8319559    
  -111.7574       30.59560       1.049475    
  -109.1422       26.47280       7.540534    
  -109.1145       26.47160       8.699035    
  -105.9826       23.35890       12.48133    
  -103.3568       20.39340       3.004474    
  -102.9973       18.30460       13.03383    
  -107.1404       30.36170       47.34084    
  -107.1300       30.33810       62.11115    
  -107.1021       30.33680       28.11019    
  -109.7695       27.05160      0.1760497    
  -106.6859       24.72380       5.477997    
  -103.8967       20.65440       13.37515    
  -82.45640       31.77050       10.34582    
  -107.1684       30.36300       2.412896    
  -107.1124       30.36030       27.90454    
  -107.1580       30.33940       14.01168    
  -101.9178       17.97800      0.1901605    
  -106.5224       39.64860      0.1736381    
  -106.3403       24.83910       15.89675    
  -89.24420       36.90880      0.3512381    
  -89.23860       36.88300      0.5136793    
  -89.21390       36.88230      0.4806054    
  -120.1074       37.35480       7.275379    
  -99.37620       32.71480       2.215349    
  -86.63710       30.65660       2.692863    
  -86.63380       30.63360       2.613493    
  -86.58730       15.70030       4.636569    
  -107.7627       40.05310       1.159356    
  -117.2429       35.96170       2.265478    
  -116.4651       31.80580       8.647399    
  -76.42490       36.20720      0.1996494    
  -89.24820       36.70410       2.234157    
  -89.22370       36.70350       2.383316    
  -88.98310       31.05050       5.424167    
  -79.17030       35.17130       1.931124    
  -89.33950       32.74520       4.090705    
  -91.70000       33.28560      0.2096978    
  -114.9313       32.26170      0.2866406    
  -71.39640       17.86160      0.7758942    
  -99.38450       32.73900       2.551671    
  -89.29320       31.26590      0.6897939    
  -82.77610       30.27630      0.6009446    
  -110.7243       45.04110       2.170710    
  -77.42700       40.10020      0.1257498    
  -90.26720       36.45240      0.2928420    
  -90.63620       31.25230       7.828269    
  -99.66550       34.81430       1.299893    
  -86.92080       32.40690      0.6786876    
  -115.2598       32.61740       18.98844    
  -99.63900       34.81310       2.670780    
  -93.90910       33.69090       3.161099    
  -100.0894       16.96500       4.865267    
  -99.20490       16.80820       3.931412    
  -97.54790       16.01160       5.087487    
  -99.41020       32.74010       1.827363    
  -99.40190       32.71590       1.841067    
  -100.3048       18.39730       13.13428    
  -101.2478       17.56450       1.726701    
  -109.5528       44.46580       63.49809    
  -109.5959       43.53930       10.52933    
  -89.22930       36.72920      0.3707035    
  -99.69380       34.88970       1.179802    
  -101.9423       32.22830      0.4759640    
  -92.72610       30.89230       4.642483    
  -101.6964       18.35140       13.56781    
  -101.8932       18.19660       1.627128    
  -97.73810       16.28860      0.4765555    
  -109.5897       44.46850       46.11168    
  -98.62100       40.67400      0.2858368    
  -89.66750       35.95490      0.3705313    
  -104.0187       35.74330       1.270359    
  -96.10580       33.50100      0.1240272    
  -99.35050       32.71380      0.9754739    
  -92.73130       30.91550       1.490510    
  -102.2490       18.14570       17.07708    
  -102.2260       18.14510       9.503377    
  -102.0027       18.05980       4.921656    
  -88.59990       17.27680       24.90395    
  -93.08260       44.67290      0.2949091    
  -89.64310       35.95430      0.3035221    
  -99.47760       27.52200      0.3076099    
  -103.3024       20.16780       4.600956    
  -102.9228       19.54890       25.34431    
  -103.8463       47.56970       1.926281    
  -93.04710       44.73260      0.4988650    
  -93.01790       44.73140      0.5395184    
  -73.04260       41.54660      0.2869576    
  -94.94450       32.86080      0.1567566    
  -103.2786       20.16710       7.639367    
  -101.4186       17.86640      0.9777163    
  -98.81360       16.68220       5.342879    
  -97.02220       47.49050      0.2603882    
  -104.0578       21.91460       2.594159    
  -102.9275       19.56920       19.65706    
  -102.2531       18.16570       6.129875    
  -88.61980       17.27700       16.60923    
  -100.7901       17.27670       1.460360    
  -99.12300       16.70830      0.1753607    
  -97.48690       37.06760       4.982765    
  -97.46020       37.06640      0.9033561    
  -97.47740       37.04140      0.7086051    
  -97.45080       37.04030      0.8047624    
  -85.21640       30.60860      0.7899897    
  -99.22040       19.61400      0.4023203    
  -102.5826       18.85470       22.97152    
  -100.0860       16.94520       8.184284    
  -96.88620       15.84350       4.640841    
  -96.03560       15.78960       4.040701    
  -95.33780       45.63930      0.2334697    
  -94.91600       44.41670      0.8878281    
  -95.51670       32.73730      0.7198325    
  -105.3716       22.58210       19.11126    
  -102.1897       18.30390       5.350268    
  -102.0135       18.00030       9.133883    
  -99.34420       16.98830       8.934357    
  -99.34090       16.96850       8.454015    
  -109.0504       26.38110       6.669946    
  -105.0886       22.03110      0.1243717    
  -90.63900       19.44010      0.1639915    
  -103.9647       19.17400       3.682733    
  -101.9138       17.95800       1.584977    
  -65.46520       44.61460      0.6939065    
  -90.24250       36.45170       1.247122    
  -109.6117       27.19940       1.092082    
  -107.6790       25.10680       4.774114    
  -90.64130       19.46010      0.1405642    
  -88.31730       19.36570       3.180687    
  -103.9695       19.19430       11.67600    
  -103.3909       18.61530       23.95797    
  -102.2178       18.10500       7.700247    
  -102.2137       18.08500       2.332217    
  -100.1116       16.96540       10.54535    
  -97.43360       37.06530      0.3307392    
  -97.42410       37.03910      0.2573564    
  -100.2928       20.57270       3.578326    
  -103.8109       20.40670       2.109843    
  -88.90450       19.77340       3.570159    
  -102.5401       19.29620       10.35321    
  -88.60170       17.29640       19.60761    
  -96.95770       47.48710      0.9616702    
  -109.6150       44.50060       28.45523    
  -90.81380       34.61950      0.4841884    
  -90.80820       34.59480      0.5937064    
  -111.8522       32.87290       5.319504    
  -115.8980       30.52380       12.70079    
  -115.8645       30.52190       31.90331    
  -102.1491       19.83110       6.503088    
  -102.1027       18.10210       8.217540    
  -99.34240       16.71280       9.796398    
  -96.97460       47.52100      0.8351164    
  -96.94240       47.51930      0.5746593    
  -96.92550       47.48550      0.6974807    
  -101.7422       36.26250      0.4374638    
  -90.78970       34.61880      0.5671948    
  -90.78410       34.59410      0.8085884    
  -100.6800       31.86800       13.66628    
  -105.0090       21.03710       26.13672    
  -105.2129       20.06150       1.641289    
  -96.43410       18.94890       1.990520    
  -102.9930       18.28450       12.54801    
  -101.9407       17.97860       8.557474    
  -109.5781       44.49800       17.60129    
  -101.7701       36.26390      0.3913121    
  -101.7310       36.23660       1.640046    
  -101.9332       32.20420       2.810563    
  -100.6884       31.89190       171.1460    
  -100.6542       31.86690       13.87985    
  -100.4777       21.10840       3.823791    
  -100.4732       21.08780       3.515397    
  -100.1595       16.98620       2.833915    
  -97.05450       47.49220      0.2247993    
  -89.21600       36.77990      0.4904817    
  -89.21030       36.75420      0.4995540    
  -101.7144       36.26120       1.361179    
  -100.7058       31.86910       6.826693    
  -94.32870       16.46190       2.731114    
  -98.00230       37.52980       1.988322    
  -97.97530       37.52860      0.2964595    
  -99.66720       34.88860       1.443029    
  -110.3321       27.63280      0.1136916    
  -107.7056       25.10790       4.409517    
  -101.4918       21.01380      0.8063277    
  -103.2251       20.53230       24.65503    
  -121.6224       39.36370      0.4837061    
  -89.00520       36.36670      0.8804161    
  -101.7589       36.23790       1.309041    
  -101.7110       17.85360       10.39693    
  -98.01230       37.55620       2.205079    
  -97.98530       37.55510      0.2783722    
  -97.32860       37.13830      0.1639915    
  -76.86810       36.30970       1.292797    
  -98.12410       36.22540      0.9337569    
  -100.6716       31.84410       2.331046    
  -102.4250       23.07000       4.880782    
  -103.4156       21.66690      0.9059575    
  -98.42560       19.27330      0.1145529    
  -102.9360       18.98470       26.98289    
  -102.9126       18.98410       15.32660    
  -101.6347       17.81190       7.910705    
  -101.0822       17.40210      0.8566231    
  -98.13350       36.25110       1.038756    
  -98.15060       36.22650       2.960246    
  -99.75340       20.70100       1.058445    
  -100.2710       20.47040       1.878599    
  -103.1888       19.07200       7.077500    
  -93.26410       16.34720       4.552162    
  -97.04080       47.59050      0.4082132    
  -98.41400       37.00440       3.587502    
  -98.38700       37.00320       5.481196    
  -98.40410       36.97820      0.3970593    
  -98.37710       36.97700       3.364563    
  -98.16000       36.25230      0.5199299    
  -80.61250       33.66980       7.271636    
  -102.0706       21.87380      0.9059575    
  -103.4368       21.56440       2.494930    
  -102.8874       21.17740       2.925255    
  -103.9207       20.65510      0.1293098    
  -102.5100       18.73240       5.409387    
  -100.4021       18.31990       2.889045    
  -101.5161       18.24710       12.38543    
  -101.5121       18.22710       24.33484    
  -98.36010       37.00200      0.3569227    
  -98.09750       36.22430      0.2412501    
  -99.37640       36.12760       2.489140    
  -94.99690       38.19070       11.66095    
  -98.10690       36.25000      0.3114461    
  -103.2539       20.55360       2.297353    
  -100.2938       20.47100       6.576204    
  -100.2895       20.45060       4.369845    
  -100.2666       20.45000       1.830976    
  -103.6010       18.82170       10.67098    
  -101.3847       17.92520       8.365336    
  -111.5627       33.63160       46.84256    
  -85.21360       30.58560       1.373207    
  -105.3507       24.84430      0.9485642    
  -106.6312       24.33690       44.08649    
  -106.6052       24.33590       44.66819    
  -106.5980       24.31430       14.12205    
  -103.2489       20.53300       2.072680    
  -103.6264       18.62160       16.29856    
  -100.5216       18.00410       18.71116    
  -88.72300       17.31750       14.59680    
  -112.1114       46.49490       46.19793    
  -112.0707       46.49160       59.78034    
  -101.2937       32.01140       5.292083    
  -101.2677       32.01030      0.8678355    
  -102.0942       21.87450       4.965994    
  -102.6947       18.83760       35.97236    
  -103.5964       18.80150       1.188549    
  -102.4023       18.10960       5.261589    
  -100.5254       18.02410       2.942119    
  -100.5029       18.02350       12.13417    
  -100.4991       18.00360       18.91808    
  -112.1432       46.52930       64.01704    
  -112.1024       46.52610       151.6972    
  -100.7143       31.89290       62.60987    
  -104.3532       31.09030       4.565450    
  -107.3090       30.74030       11.53016    
  -105.0497       30.51850       8.376848    
  -99.14320       22.38920       9.577277    
  -88.74290       17.31770       7.279414    
  -84.47350       32.50390      0.8867362    
  -95.02910       30.18030       11.10981    
  -97.65250       38.64530       3.083626    
  -77.99950       35.08930      0.5298651    
  -105.0767       30.51970       9.137755    
  -111.5777       33.65690       70.07568    
  -111.5945       33.63350       19.82475    
  -106.4407       23.84070       3.143069    
  -104.0822       21.91540       5.065792    
  -104.9481       19.97210      0.1663343    
  -104.3854       19.24640       7.611569    
  -102.1907       18.08440       1.996455    
  -98.40620       29.31510      0.4675136    
  -106.4337       23.81920       3.021034    
  -105.9947       23.31710       15.95953    
  -102.2383       18.20530       13.43564    
  -102.0837       18.12160       1.266792    
  -94.60560       16.68150       5.438947    
  -107.3087       37.40820       3.955855    
  -118.2891       37.22050       14.12136    
  -102.2347       34.36310       1.977857    
  -98.71270       30.19040      0.8319559    
  -98.39960       29.29220       2.368239    
  -104.0681       26.52610      0.8958663    
  -109.0682       26.49150       11.98259    
  -102.9061       21.15740       22.52667    
  -102.9010       21.13670       12.27827    
  -101.3698       17.96460       17.18885    
  -90.84360       34.64490      0.7818882    
  -90.81940       34.64430      0.4572642    
  -94.35150       34.24030       1.277460    
  -107.7136       25.12970       8.660931    
  -107.6869       25.12870       19.55360    
  -102.0648       18.14110       7.301195    
  -90.99030       35.89210      0.1731213    
  -77.75410       35.23650      0.1085238    
  -78.02340       35.11410      0.1479139    
  -111.5309       33.62980       41.79156    
  -111.5478       33.60640       13.91571    
  -100.6626       31.89080       10.46992    
  -104.1234       21.70980       1.008546    
  -103.4506       21.15320       1.663912    
  -99.57890       16.81610       2.013097    
  -111.5459       33.65500       139.8352    
  -100.5031       19.18290       1.179539    
  -100.4805       19.18240       1.357963    
  -103.5992       19.12350       2.170623    
  -103.5945       19.10320       38.30911    
  -103.5708       19.10260       8.168956    
  -102.6903       18.81740       24.62897    
  -101.3735       35.71410      0.8588655    
  -90.20070       31.01000       5.335488    
  -103.6850       18.98490       25.34941    
  -97.83320       47.10760      0.7334338    
  -112.2936       36.62850       5.388653    
  -111.6095       33.65880       16.13332    
  -94.59130       32.44510       6.001960    
  -97.64200       38.61830      0.8319559    
  -112.2467       36.70260       60.69836    
  -109.0137       26.35760      0.1970654    
  -102.0608       18.12100       13.44957    
  -90.78590       35.33570      0.4361623    
  -112.9426       33.34790       68.73049    
  -99.65120       32.63070       2.677732    
  -102.1446       18.08320      0.8012595    
  -112.9100       33.34600       73.76926    
  -103.8401       20.71400       1.228255    
  -100.8495       17.35710      0.9216546    
  -91.79110       44.31710      0.5476350    
  -79.19470       35.19630       4.541077    
  -79.23970       34.80170      0.4323726    
  -79.23820       34.77710      0.4154911    
  -94.37630       34.24110       11.90960    
  -112.9582       33.37320       23.77781    
  -112.9270       33.32270       42.46006    
  -112.8945       33.32080       43.69854    
  -99.62550       32.62960       2.707781    
  -99.64290       32.60650       4.002807    
  -105.1333       21.92880      0.2206896    
  -103.6737       20.52510       3.461247    
  -104.9502       19.40410       4.020092    
  -101.4143       17.72720       1.707380    
  -112.1343       46.56050       85.64733    
  -98.36190       37.28610      0.3235289    
  -112.9256       33.37120       4.021868    
  -99.61720       32.60550       11.44790    
  -105.5795       22.94510       3.983979    
  -105.1085       21.92800      0.2666585    
  -102.1549       19.64910       2.440517    
  -100.9521       19.05360       7.672127    
  -94.36540       16.42350      0.7332873    
  -112.0617       46.52280       52.96245    
  -112.0300       46.48840       21.80560    
  -111.2530       33.83340       7.759894    
  -111.5927       33.68220       17.12844    
  -111.5608       33.68030       65.36867    
  -112.9752       33.34990       17.96018    
  -101.9499       18.13820       4.744298    
  -111.5141       33.65320       118.6926    
  -111.9198       25.48270       2.206589    
  -111.8908       25.48140       9.062350    
  -111.9101       25.46060       3.483586    
  -111.8811       25.45930       9.898664    
  -105.3340       22.62260      0.1612354    
  -89.18580       36.75360      0.1877634    
  -112.4133       36.66190       48.68448    
  -100.7227       31.91680       1.793975    
  -100.6969       31.91580       10.99547    
  -100.7401       31.89400       13.33989    
  -115.9690       30.99610       4.567882    
  -100.9255       29.02330      0.8252285    
  -102.0878       18.14160       4.999763    
  -90.80160       37.83420       5.264575    
  -112.2371       34.33400       10.39908    
  -104.4660       20.63070       1.056203    
  -103.2351       20.57340      0.2287613    
  -115.5373       38.01960       12.58584    
  -111.5291       33.67850       92.76455    
  -111.4992       33.62790       18.78278    
  -114.5577       34.97540       2.120328    
  -107.5161       31.85160       5.854197    
  -105.6129       41.11280       1.612335    
  -118.3408       34.92670       40.60691    
  -97.80090       47.10590      0.4585561    
  -112.1752       46.56380       66.10323    
  -112.0936       46.55730       36.10318    
  -105.6062       34.43040       1.302874    
  -118.3621       34.95320       44.77706    
  -105.2023       20.02050      9.9221759E-02
  -118.3788       34.92930       41.26729    
  -113.5104       32.99410       12.62473    
  -113.4948       32.96900      0.5155168    
  -115.7255       31.42940       5.461709    
  -115.7097       31.40490       14.83977    
  -90.62080       19.45980       5.778881    
  -112.3197       36.81030       4.649759    
  -113.4776       32.99210       9.569624    
  -113.4620       32.96710       9.884953    
  -104.9098       23.84860       5.498066    
  -102.4815       19.65800       5.020187    
  -112.2676       36.78120       13.28567    
  -111.4973       33.67660       53.43267    
  -111.4824       33.65130       40.68323    
  -107.4628       24.79710      0.1102464    
  -103.9741       20.67710       1.356694    
  -98.31250       19.85410       1.734746    
  -110.9309       50.75450       1.176042    
  -108.8682       26.19810       5.785645    
  -110.9223       50.82570       1.715489    
  -120.1237       35.98740       13.92942    
  -111.5758       33.70560       19.05699    
  -111.5440       33.70370       26.21364    
  -105.0773       21.55440       3.825675    
