  -91.10520       44.80980       3.345724    
  -100.0883       41.02600       3.126758    
  -89.64660       36.08040      0.6796440    
  -89.62220       36.07970      0.5786370    
  -89.73860       36.05770       7.145723    
  -89.17300       36.01720       9.202179    
  -89.14870       36.01650       1.237140    
  -97.97940       36.04210       8.139142    
  -112.3665       36.73610       820.1527    
  -112.3326       36.73390       933.9394    
  -112.3821       36.71130       526.1432    
  -112.3482       36.70910       1254.160    
  -112.3143       36.70700       1014.037    
  -112.3977       36.68660       323.5477    
  -112.3638       36.68440       348.6250    
  -112.3300       36.68220       1062.074    
  -112.2961       36.68010       367.4573    
  -112.3794       36.65970       520.8469    
  -112.3456       36.65750       610.5932    
  -112.3118       36.65540       329.5108    
  -101.8609       35.46110       8.246169    
  -99.67490       34.83940       19.44863    
  -99.64840       34.83830       18.65694    
  -109.3142       33.47950       158.1238    
  -109.3008       33.45450       55.08388    
  -110.8952       32.41090       134.7824    
  -101.8153       31.75100       7.257444    
  -116.5741       32.45790       101.1069    
  -116.6102       32.36410       35.37196    
  -100.9714       30.66770       14.95387    
  -100.9634       30.64430       33.31060    
  -100.9379       30.64320       27.51729    
  -100.9124       30.64220       65.20270    
  -100.9299       30.61980       34.00242    
  -100.9044       30.61880       28.20016    
  -111.0312       29.58800       8.853288    
  -111.0014       29.58650       12.57418    
  -110.9716       29.58500       29.75997    
  -110.9896       29.56300       74.58452    
  -101.2724       18.16140       13.66305    
  -93.18470       17.89460       4.681623    
  -99.70380       49.02230      0.8918369    
  -109.0083       45.81340       5.850805    
  -89.71420       36.05700       10.08321    
  -121.3435       36.92690       10.43633    
  -118.9438       35.87730       30.28400    
  -110.9088       32.43560       50.61805    
  -90.65010       31.32230       3.649782    
  -100.9459       30.66660       12.23165    
  -92.16520       18.64900       7.132306    
  -102.0898       51.23740      0.9317700    
  -102.3291       48.23470       1.130652    
  -107.5317       48.49830       5.014976    
  -99.34950       36.12640       17.37841    
  -99.68430       34.86450       151.1372    
  -99.65780       34.86340       37.06567    
  -119.3892       35.40190       1.213650    
  -109.2839       33.47790       51.33361    
  -109.2705       33.45280       23.46284    
  -110.8779       32.43380       132.6841    
  -101.8065       31.72710       5.220536    
  -97.68210       27.44060       2.922490    
  -108.5452       26.40290       8.726411    
  -111.1711       28.93360       22.21030    
  -103.4353       50.71110      0.9051480    
  -111.9795       38.25130       7.905207    
  -120.0749       35.37480       27.17639    
  -105.1215       32.77950       12.61326    
  -88.14600       21.23350      0.3163320    
  -104.6905       36.95040       9.421774    
  -112.3565       37.14900       6.666248    
  -112.2805       36.70480       625.5381    
  -111.1825       28.95690       9.854437    
  -110.0645       28.83350       8.490803    
  -117.3024       48.91380       28.68084    
  -111.9840       38.99880       6.645862    
  -104.5236       38.03500       4.821308    
  -112.2166       38.39980       9.479527    
  -106.1539       37.52390       21.24999    
  -112.4004       36.73820       76.31934    
  -92.88830       31.19760       12.76560    
  -93.11510       17.83420       7.192465    
  -104.0451       51.08150       5.529219    
  -112.2018       38.42540       7.604007    
  -108.7824       37.13220       16.90907    
  -109.1243       26.36240       14.07566    
  -100.6022       21.35770       72.93753    
  -100.6206       21.33770       44.32920    
  -100.5975       21.33710       75.64907    
  -100.5837       21.07030       44.99612    
  -100.5607       21.06970       55.08398    
  -103.7219       50.65920       5.545014    
  -112.1353       38.79440       18.09728    
  -119.6761       35.34650       22.24077    
  -116.5391       32.45580       39.67387    
  -107.7122       24.76410       1.630441    
  -102.1609       18.16340       8.699712    
  -103.6550       50.61840      0.9615240    
  -112.1681       38.60950       7.420534    
  -104.7284       36.79810       13.10471    
  -108.2692       34.64740       13.22259    
  -118.8234       34.80980       21.20489    
  -110.0753       28.85670       18.10067    
  -106.9234       39.29340       7.023005    
  -118.4102       37.35980       3.992110    
  -112.2987       36.73170       463.2521    
  -118.6747       34.84960       23.79457    
  -101.7799       31.37450       8.169702    
  -109.7315       27.02780       1.481958    
  -109.7219       27.00520       1.252800    
  -107.4603       39.16430       19.07222    
  -105.4172       37.35240      0.6530220    
  -105.5231       37.33230       4.383008    
  -118.3616       37.30400       25.53118    
  -105.9176       35.91910       11.75811    
  -119.1520       36.24960       7.573429    
  -106.7266       35.08430       1.436105    
  -109.2570       33.42780       23.98627    
  -121.8607       38.01520       7.596867    
  -108.4345       37.00790       4.933432    
  -112.3509       36.76080       684.7202    
  -106.9877       35.19830       13.10073    
  -121.1447       36.01090       19.92529    
  -120.9353       35.86800       7.389954    
  -109.8154       26.96530       23.24617    
  -103.4639       50.89430      0.7861320    
  -107.0180       40.61360       9.705718    
  -112.3848       36.76300       88.91989    
  -112.3170       36.75860       1034.350    
  -119.2379       35.74570       33.02601    
  -121.6697       38.42550       14.67242    
  -112.3274       36.63070       251.2607    
  -99.41580       16.89140       3.965093    
  -109.6677       43.72280       22.99945    
  -118.5433       34.86560       24.03831    
  -100.8869       30.64120       21.75960    
  -107.0207       39.35340       11.38357    
  -108.9319       38.53250       18.18868    
  -117.9405       37.45620       16.05106    
  -118.4264       36.47990       21.11862    
  -107.0523       35.37690       12.24765    
  -110.0120       39.40710       5.667329    
  -109.0854       38.32960       5.351346    
  -106.1605       38.12730       11.85159    
  -106.2114       35.98570       11.76019    
  -122.4062       52.81590       57.70881    
  -111.8737       38.93760       5.514434    
  -121.6541       38.21120       13.26527    
  -112.3612       36.63280       295.6838    
  -101.3093       18.00300       11.36398    
  -107.1304       40.59290       9.163644    
  -118.5147       38.68970       42.47072    
  -119.0401       38.06380       42.30315    
  -112.2649       36.72950       575.8140    
  -114.9538       32.64690       91.06561    
  -101.6411       49.98140      0.7250580    
  -118.6569       49.07430       41.56770    
  -122.2613       38.04660       16.81511    
  -119.0749       35.20340       1.681884    
  -107.8683       39.32440      0.7203600    
  -121.6688       38.26560       1.501794    
  -121.6961       36.17970       16.56948    
  -119.0075       38.64680       8.867789    
  -112.2832       36.75640       120.5283    
  -119.0673       36.83570       29.98647    
  -120.8552       35.35490       22.54543    
  -107.1641       40.84550      0.4134240    
  -112.3353       36.78560       518.0338    
  -103.7756       34.36300       6.547753    
  -121.5549       37.83280       1.353546    
  -117.5432       38.27050       18.79802    
  -118.5986       37.95140       13.05728    
  -114.9984       32.26570       17.01571    
  -115.0145       32.29060      0.7798680    
  -120.3839       36.57070       40.23649    
  -120.8616       37.85850       21.34852    
  -122.2238       38.60300       67.29711    
  -122.5161       37.77580       5.096637    
  -117.3488       34.61000       6.547565    
  -122.5015       38.11860       14.60570    
  -115.0388       32.62800       1.022598    
  -115.1076       32.58410       1.475172    
  -112.3014       36.78340       253.3484    
  -94.84480       34.67420       10.92606    
  -115.2104       32.54230      0.8393760    
  -115.1765       32.54020       16.38099    
  -70.34600       18.92870       12.65620    
  -111.1197       29.93710       14.92873    
  -104.8273       21.17530       18.22288    
  -98.11870       37.27540       17.96269    
  -110.8616       33.42080       6.862808    
  -99.94190       25.57780      0.5533617    
  -88.56710       33.44340       10.42793    
  -109.6423       30.50830       51.93661    
  -70.36530       18.92860       2.038531    
  -63.46820       49.64220       23.82548    
  -115.3146       32.45260       9.153350    
  -98.82740       33.70220      0.9176760    
  -81.02320       46.49280       1.208832    
  -101.7810       31.86710       20.80883    
  -95.32270       31.41220       14.14476    
  -66.18190       47.48980       4.940845    
  -71.28120       18.62850       3.038885    
  -103.8496       20.93960       6.276161    
  -68.60680       18.81980       2.579835    
  -102.2105       21.77470       2.303627    
  -86.09330       15.86930       2.851463    
  -95.08010       31.84830       100.9864    
  -99.01370       35.65790       3.781618    
  -82.13190       38.42480       6.141807    
  -80.61430       33.69390       19.45537    
  -98.03600       27.98210       1.608564    
  -91.57590       14.73630       7.225654    
  -114.9718       32.07310       17.25681    
  -95.10430       31.84910       8.450232    
  -115.0087       32.48200       2.608956    
  -114.9750       32.48000       51.56506    
  -95.08640       31.87200       26.16964    
  -77.33860       35.80790       2.481907    
  -93.13710       32.35190       33.34901    
  -99.37190       32.40550       6.804582    
  -69.52800       18.55770       10.28013    
  -97.60810       28.50190      0.4525740    
  -79.32620       35.09830       8.799080    
  -80.96830       26.60150       7.628317    
  -104.6702       19.43650       14.24828    
  -93.08370       16.55880       3.961890    
  -104.7043       21.43920       14.15363    
  -104.6798       21.43840       25.65107    
  -114.8552       32.54480       2.748330    
  -107.5830       27.15330       19.67348    
  -86.02990       15.79150       6.245697    
  -79.32770       35.12310       4.241260    
  -85.31790       33.08830       4.055170    
  -93.88900       16.41560       2.915751    
  -91.98110       15.78400       17.42368    
  -105.1209       21.53520      0.4400460    
  -114.9238       32.50090       2.154816    
  -114.8901       32.49890       1.817343    
  -98.59680       35.58990       15.70748    
  -116.4485       31.78100       37.18021    
  -72.31490       42.49590       3.878641    
  -98.60610       35.61540       12.87381    
  -98.57040       35.58880       16.38531    
  -98.58750       35.56450       9.296052    
  -92.55420       35.01710       1.313874    
  -91.68340       33.21320       6.788260    
  -79.19320       35.17150       4.388567    
  -94.80390       31.98020       11.19976    
  -115.1427       32.53820       1.970550    
  -104.7868       19.52080       7.438427    
  -93.77970       35.98200       9.919867    
  -74.52510       39.41440       1.465750    
  -103.9950       20.75960       9.530583    
  -104.5986       19.53560       1.795854    
  -104.3805       19.22610       3.373518    
  -102.0689       18.16110       8.677394    
  -81.25060       33.22040       5.933079    
  -104.7418       19.33740       9.635117    
  -100.8532       17.37700       7.262921    
  -111.5769       45.94600       7.430727    
  -104.4720       19.30950       25.97951    
  -103.9709       20.75890       7.042279    
  -103.7604       19.10780       8.999223    
  -98.86530       18.78280      0.5277420    
  -98.56110       35.56340       5.626558    
  -91.23460       43.81450       1.215420    
  -109.0591       26.46920       8.179543    
  -102.8300       20.35780       4.311656    
  -102.6420       18.15560       21.61127    
  -102.0405       18.02090       24.95313    
  -102.0175       18.02030       24.53438    
  -97.40200       47.74230      0.8409420    
  -101.7713       31.35080       6.976898    
  -104.4769       19.32980       27.83519    
  -71.41470       17.90070       10.02981    
  -100.7568       17.21660       6.376125    
  -94.48150       16.52300       14.36920    
  -94.02660       16.35940       5.794200    
  -74.98740       41.34460       2.942624    
  -93.87800       38.01690       4.087409    
  -89.33490       32.72130       3.979761    
  -103.0307       32.99220       3.258908    
  -92.38410       36.33970      0.5950800    
  -105.4467       22.66820       31.93520    
  -103.2301       20.55290       12.24724    
  -100.6618       17.43200       15.79791    
  -99.76780       36.78230       6.143491    
  -100.8789       30.61780       4.611623    
  -103.8262       20.46840       13.22958    
  -104.2656       19.24300       9.893989    
  -106.3004       23.87790       28.08152    
  -106.2747       23.87690       22.19956    
  -104.5392       19.29120      0.4698000    
  -102.5559       18.07360       24.35374    
  -102.5328       18.07300       18.65532    
  -101.8182       17.93570       9.590414    
  -99.74040       36.78100       6.057909    
  -81.80170       34.33770       11.50634    
  -96.40780       34.48540       6.146403    
  -106.6896       24.65970       24.98920    
  -83.98230       38.61380       8.178126    
  -93.78700       36.00750       17.27487    
  -79.32920       35.14780       5.518330    
  -93.93360       33.69170       13.71986    
  -98.49930       16.61700       3.781618    
  -111.7574       30.59560       4.770342    
  -109.1422       26.47280       16.75674    
  -109.1145       26.47160       19.33119    
  -105.9826       23.35890       11.20120    
  -103.3568       20.39340       6.676610    
  -102.9973       18.30460       11.69703    
  -107.1404       30.36170       105.2019    
  -107.1300       30.33810       138.0248    
  -107.1021       30.33680       62.46710    
  -109.7695       27.05160      0.8002260    
  -106.6859       24.72380       21.91199    
  -103.8967       20.65440       12.00334    
  -82.45640       31.77050       22.99072    
  -107.1684       30.36300       10.96771    
  -107.1124       30.36030       62.01010    
  -107.1580       30.33940       31.13707    
  -101.9178       17.97800      0.8643660    
  -106.5224       39.64860      0.7892640    
  -106.3403       24.83910       14.26631    
  -89.24420       36.90880       1.596537    
  -89.23860       36.88300       2.334906    
  -89.21390       36.88230       2.184570    
  -120.1074       37.35480       16.16751    
  -99.37620       32.71480       10.06977    
  -86.63710       30.65660       10.77145    
  -86.63380       30.63360       10.45397    
  -86.58730       15.70030       4.161024    
  -107.7627       40.05310       5.269802    
  -117.2429       35.96170       10.29763    
  -116.4651       31.80580       19.21644    
  -76.42490       36.20720      0.9074970    
  -89.24820       36.70410       10.15526    
  -89.22370       36.70350       10.83326    
  -88.98310       31.05050       12.05370    
  -79.17030       35.17130       7.724496    
  -89.33950       32.74520       9.090457    
  -91.70000       33.28560      0.9531720    
  -114.9313       32.26170       1.302912    
  -71.39640       17.86160       3.526792    
  -99.38450       32.73900       11.59850    
  -89.29320       31.26590       3.135427    
  -82.77610       30.27630       2.731566    
  -110.7243       45.04110       9.866864    
  -77.42700       40.10020      0.5715900    
  -90.26720       36.45240       1.331100    
  -90.63620       31.25230       7.025371    
  -99.66550       34.81430       5.908603    
  -86.92080       32.40690       3.084944    
  -115.2598       32.61740       42.19652    
  -99.63900       34.81310       12.13991    
  -93.90910       33.69090       12.64440    
  -100.0894       16.96500       10.81171    
  -99.20490       16.80820       8.736472    
  -97.54790       16.01160       20.34995    
  -99.41020       32.74010       8.306194    
  -99.40190       32.71590       8.368484    
  -100.3048       18.39730       11.78718    
  -101.2478       17.56450       7.848641    
  -109.5528       44.46580       253.9924    
  -109.5959       43.53930       23.39850    
  -89.22930       36.72920       1.685016    
  -99.69380       34.88970       5.362738    
  -101.9423       32.22830       2.163472    
  -92.72610       30.89230       10.31663    
  -101.6964       18.35140       30.15068    
  -101.8932       18.19660       6.508512    
  -97.73810       16.28860       2.166161    
  -109.5897       44.46850       184.4467    
  -98.62100       40.67400       1.299258    
  -89.66750       35.95490       1.684233    
  -104.0187       35.74330       5.774358    
  -96.10580       33.50100      0.5637600    
  -99.35050       32.71380       4.433972    
  -92.73130       30.91550       5.962040    
  -102.2490       18.14570       15.32558    
  -102.2260       18.14510       21.11862    
  -102.0027       18.05980       10.93701    
  -88.59990       17.27680       22.34970    
  -93.08260       44.67290       1.340496    
  -89.64310       35.95430       1.379646    
  -99.47760       27.52200       1.398227    
  -103.3024       20.16780       20.91344    
  -102.9228       19.54890       56.32068    
  -103.8463       47.56970       8.755822    
  -93.04710       44.73260       2.267568    
  -93.01790       44.73140       2.452356    
  -73.04260       41.54660       1.304353    
  -94.94450       32.86080      0.7125300    
  -103.2786       20.16710       30.55747    
  -101.4186       17.86640       4.444165    
  -98.81360       16.68220       11.87306    
  -97.02220       47.49050       1.183583    
  -104.0578       21.91460       11.79163    
  -102.9275       19.56920       43.68236    
  -102.2531       18.16570       13.62195    
  -88.61980       17.27700       14.90572    
  -100.7901       17.27670       6.638000    
  -99.12300       16.70830      0.7970940    
  -97.48690       37.06760       22.64893    
  -97.46020       37.06640       4.106164    
  -97.47740       37.04140       3.220932    
  -97.45080       37.04030       3.658011    
  -85.21640       30.60860       3.590862    
  -99.22040       19.61400       1.828729    
  -102.5826       18.85470       20.61547    
  -100.0860       16.94520       18.18730    
  -96.88620       15.84350       10.31298    
  -96.03560       15.78960       16.16281    
  -95.33780       45.63930       1.061226    
  -94.91600       44.41670       4.035582    
  -95.51670       32.73730       3.271966    
  -105.3716       22.58210       17.15113    
  -102.1897       18.30390       11.88949    
  -102.0135       18.00030       20.29752    
  -99.34420       16.98830       19.85413    
  -99.34090       16.96850       18.78670    
  -109.0504       26.38110       14.82210    
  -105.0886       22.03110      0.5653260    
  -90.63900       19.44010      0.7454159    
  -103.9647       19.17400       14.73093    
  -101.9138       17.95800       7.204441    
  -65.46520       44.61460       2.775626    
  -90.24250       36.45170       5.668734    
  -109.6117       27.19940       4.964010    
  -107.6790       25.10680       19.09646    
  -90.64130       19.46010      0.6389280    
  -88.31730       19.36570       2.854463    
  -103.9695       19.19430       25.94666    
  -103.3909       18.61530       53.23994    
  -102.2178       18.10500       17.11166    
  -102.2137       18.08500       9.328868    
  -100.1116       16.96540       23.43411    
  -97.43360       37.06530       1.503360    
  -97.42410       37.03910       1.169802    
  -100.2928       20.57270       7.951836    
  -103.8109       20.40670       8.439370    
  -88.90450       19.77340       3.203989    
  -102.5401       19.29620       23.00714    
  -88.60170       17.29640       17.59658    
  -96.95770       47.48710       4.371228    
  -109.6150       44.50060       63.23385    
  -90.81380       34.61950       2.200856    
  -90.80820       34.59480       2.698665    
  -111.8522       32.87290       11.82112    
  -115.8980       30.52380       28.22397    
  -115.8645       30.52190       70.89626    
  -102.1491       19.83110       14.45131    
  -102.1027       18.10210       18.26120    
  -99.34240       16.71280       8.791639    
  -96.97460       47.52100       3.795984    
  -96.94240       47.51930       2.612088    
  -96.92550       47.48550       3.170367    
  -101.7422       36.26250       1.988472    
  -90.78970       34.61880       2.578158    
  -90.78410       34.59410       3.675402    
  -100.6800       31.86800       62.11947    
  -105.0090       21.03710       23.45603    
  -105.2129       20.06150       7.460407    
  -96.43410       18.94890       7.962080    
  -102.9930       18.28450       27.88446    
  -101.9407       17.97860       19.01661    
  -109.5781       44.49800       70.40517    
  -101.7701       36.26390       1.778691    
  -101.7310       36.23660       7.454752    
  -101.9332       32.20420       6.245695    
  -100.6884       31.89190       380.3246    
  -100.6542       31.86690       30.84412    
  -100.4777       21.10840       8.497313    
  -100.4732       21.08780       7.811993    
  -100.1595       16.98620       11.33566    
  -97.05450       47.49220       1.021815    
  -89.21600       36.77990       2.229463    
  -89.21030       36.75420       2.270700    
  -101.7144       36.26120       6.187176    
  -100.7058       31.86910       31.03042    
  -94.32870       16.46190       10.92446    
  -98.00230       37.52980       9.037828    
  -97.97530       37.52860       1.347543    
  -99.66720       34.88860       6.559221    
  -110.3321       27.63280      0.5167800    
  -107.7056       25.10790       17.63807    
  -101.4918       21.01380       3.665126    
  -103.2251       20.53230       22.12631    
  -121.6224       39.36370       2.198664    
  -89.00520       36.36670       4.001891    
  -101.7589       36.23790       5.950187    
  -101.7110       17.85360       9.330576    
  -98.01230       37.55620       10.02309    
  -97.98530       37.55510       1.265328    
  -97.32860       37.13830      0.7454159    
  -76.86810       36.30970       5.171187    
  -98.12410       36.22540       4.244350    
  -100.6716       31.84410       10.59566    
  -102.4250       23.07000       10.84618    
  -103.4156       21.66690       4.117989    
  -98.42560       19.27330      0.5206950    
  -102.9360       18.98470       59.96198    
  -102.9126       18.98410       34.05910    
  -101.6347       17.81190       7.099351    
  -101.0822       17.40210       3.893741    
  -98.13350       36.25110       4.721621    
  -98.15060       36.22650       13.45566    
  -99.75340       20.70100       4.811115    
  -100.2710       20.47040       8.539084    
  -103.1888       19.07200       15.72778    
  -93.26410       16.34720       10.11592    
  -97.04080       47.59050       1.855514    
  -98.41400       37.00440       16.30683    
  -98.38700       37.00320       24.91453    
  -98.40410       36.97820       1.804815    
  -98.37710       36.97700       15.29347    
  -98.16000       36.25230       2.363318    
  -80.61250       33.66980       16.15919    
  -102.0706       21.87380       4.117988    
  -103.4368       21.56440       9.979719    
  -102.8874       21.17740       6.500566    
  -103.9207       20.65510      0.5877720    
  -102.5100       18.73240       12.02086    
  -100.4021       18.31990       6.420099    
  -101.5161       18.24710       27.52317    
  -101.5121       18.22710       21.83896    
  -98.36010       37.00200       1.622376    
  -98.09750       36.22430       1.096591    
  -99.37640       36.12760       11.31427    
  -94.99690       38.19070       10.46496    
  -98.10690       36.25000       1.415664    
  -103.2539       20.55360       10.44251    
  -100.2938       20.47100       14.61379    
  -100.2895       20.45060       9.710766    
  -100.2666       20.45000       8.322618    
  -103.6010       18.82170       23.71328    
  -101.3847       17.92520       18.58964    
  -111.5627       33.63160       104.0946    
  -85.21360       30.58560       5.492830    
  -105.3507       24.84430       4.311656    
  -106.6312       24.33690       39.56480    
  -106.6052       24.33590       40.08684    
  -106.5980       24.31430       31.38233    
  -103.2489       20.53300       9.421275    
  -103.6264       18.62160       14.62692    
  -100.5216       18.00410       41.58036    
  -88.72300       17.31750       13.09969    
  -112.1114       46.49490       184.7917    
  -112.0707       46.49160       239.1214    
  -101.2937       32.01140       11.76019    
  -101.2677       32.01030       3.944707    
  -102.0942       21.87450       11.03554    
  -102.6947       18.83760       32.28289    
  -103.5964       18.80150       5.402493    
  -102.4023       18.10960       11.69242    
  -100.5254       18.02410       13.37327    
  -100.5029       18.02350       26.96483    
  -100.4991       18.00360       42.04016    
  -112.1432       46.52930       256.0682    
  -112.1024       46.52610       606.7889    
  -100.7143       31.89290       139.1330    
  -104.3532       31.09030       10.14544    
  -107.3090       30.74030       25.62258    
  -105.0497       30.51850       18.61522    
  -99.14320       22.38920       21.28284    
  -88.74290       17.31770       6.532808    
  -84.47350       32.50390       4.030619    
  -95.02910       30.18030       9.970345    
  -97.65250       38.64530       6.852503    
  -77.99950       35.08930       2.408478    
  -105.0767       30.51970       20.30612    
  -111.5777       33.65690       155.7237    
  -111.5945       33.63350       44.05499    
  -106.4407       23.84070       12.57228    
  -104.0822       21.91540       20.26317    
  -104.9481       19.97210      0.7560648    
  -104.3854       19.24640       16.91460    
  -102.1907       18.08440       4.436567    
  -98.40620       29.31510       2.125062    
  -106.4337       23.81920       12.08414    
  -105.9947       23.31710       14.32266    
  -102.2383       18.20530       12.05763    
  -102.0837       18.12160       5.758146    
  -94.60560       16.68150       12.08655    
  -107.3087       37.40820       15.82342    
  -118.2891       37.22050       31.38081    
  -102.2347       34.36310       8.990260    
  -98.71270       30.19040       3.781618    
  -98.39960       29.29220       10.76472    
  -104.0681       26.52610       4.072120    
  -109.0682       26.49150       26.62799    
  -102.9061       21.15740       20.21625    
  -102.9010       21.13670       27.28506    
  -101.3698       17.96460       38.19744    
  -90.84360       34.64490       3.554037    
  -90.81940       34.64430       2.078473    
  -94.35150       34.24030       5.806634    
  -107.7136       25.12970       19.24651    
  -107.6869       25.12870       43.45245    
  -102.0648       18.14110       16.22488    
  -90.99030       35.89210      0.7869149    
  -77.75410       35.23650      0.4932900    
  -78.02340       35.11410      0.6723360    
  -111.5309       33.62980       92.87013    
  -111.5478       33.60640       30.92380    
  -100.6626       31.89080       23.26648    
  -104.1234       21.70980       4.584298    
  -103.4506       21.15320       7.563235    
  -99.57890       16.81610       4.473548    
  -111.5459       33.65500       310.7449    
  -100.5031       19.18290       5.361539    
  -100.4805       19.18240       6.172559    
  -103.5992       19.12350       9.866468    
  -103.5945       19.10320       85.13135    
  -103.5708       19.10260       37.13161    
  -102.6903       18.81740       54.73104    
  -101.3735       35.71410       3.903934    
  -90.20070       31.01000       11.85664    
  -103.6850       18.98490       22.74948    
  -97.83320       47.10760       3.333790    
  -112.2936       36.62850       24.49388    
  -111.6095       33.65880       35.85181    
  -94.59130       32.44510       5.386374    
  -97.64200       38.61830       3.781618    
  -112.2467       36.70260       134.8853    
  -109.0137       26.35760      0.8957520    
  -102.0608       18.12100       29.88793    
  -90.78590       35.33570       1.982556    
  -112.9426       33.34790       152.7344    
  -99.65120       32.63070       12.17151    
  -102.1446       18.08320       3.642088    
  -112.9100       33.34600       163.9317    
  -103.8401       20.71400       5.582978    
  -100.8495       17.35710       4.189339    
  -91.79110       44.31710       2.489250    
  -79.19470       35.19630       10.09128    
  -79.23970       34.80170       1.965330    
  -79.23820       34.77710       1.888596    
  -94.37630       34.24110       10.68810    
  -112.9582       33.37320       52.83959    
  -112.9270       33.32270       94.35568    
  -112.8945       33.32080       97.10786    
  -99.62550       32.62960       12.30809    
  -99.64290       32.60650       18.19458    
  -105.1333       21.92880       1.003135    
  -103.6737       20.52510       7.691659    
  -104.9502       19.40410       8.933537    
  -101.4143       17.72720       7.760820    
  -112.1343       46.56050       342.5893    
  -98.36190       37.28610       1.470586    
  -112.9256       33.37120       18.28122    
  -99.61720       32.60550       25.43978    
  -105.5795       22.94510       8.853287    
  -105.1085       21.92800       1.212084    
  -102.1549       19.64910       5.423371    
  -100.9521       19.05360       6.885243    
  -94.36540       16.42350       3.333124    
  -112.0617       46.52280       211.8498    
  -112.0300       46.48840       87.22240    
  -111.2530       33.83340       17.24421    
  -111.5927       33.68220       38.06319    
  -111.5608       33.68030       145.2637    
  -112.9752       33.34990       39.91151    
  -101.9499       18.13820       10.54288    
  -111.5141       33.65320       263.7613    
  -111.9198       25.48270       10.02995    
  -111.8908       25.48140       20.13856    
  -111.9101       25.46060       15.83448    
  -111.8811       25.45930       21.99703    
  -105.3340       22.62260      0.7328880    
  -89.18580       36.75360      0.8534700    
  -112.4133       36.66190       108.1877    
  -100.7227       31.91680       8.154432    
  -100.6969       31.91580       24.43437    
  -100.7401       31.89400       29.64420    
  -115.9690       30.99610       10.15085    
  -100.9255       29.02330       3.751039    
  -102.0878       18.14160       11.11058    
  -90.80160       37.83420       4.724619    
  -112.2371       34.33400       23.10907    
  -104.4660       20.63070       4.800921    
  -103.2351       20.57340       1.039824    
  -115.5373       38.01960       27.96852    
  -111.5291       33.67850       206.1434    
  -111.4992       33.62790       41.73952    
  -114.5577       34.97540       9.637855    
  -107.5161       31.85160       13.00933    
  -105.6129       41.11280       7.328796    
  -118.3408       34.92670       90.23759    
  -97.80090       47.10590       2.084346    
  -112.1752       46.56380       146.8961    
  -112.0936       46.55730       144.4127    
  -105.6062       34.43040       5.922155    
  -118.3621       34.95320       99.50458    
  -105.2023       20.02050      0.4510080    
  -118.3788       34.92930       91.70509    
  -113.5104       32.99410       28.05495    
  -113.4948       32.96900       2.343258    
  -115.7255       31.42940       12.13713    
  -115.7097       31.40490       32.97726    
  -90.62080       19.45980       12.84196    
  -112.3197       36.81030       21.13527    
  -113.4776       32.99210       21.26583    
  -113.4620       32.96710       21.96656    
  -104.9098       23.84860       12.21792    
  -102.4815       19.65800       11.15597    
  -112.2676       36.78120       53.14268    
  -111.4973       33.67660       118.7393    
  -111.4824       33.65130       90.40718    
  -107.4628       24.79710      0.5011200    
  -103.9741       20.67710       6.166789    
  -98.31250       19.85410       3.854991    
  -110.9309       50.75450       5.345646    
  -108.8682       26.19810       12.85699    
  -110.9223       50.82570       7.797676    
  -120.1237       35.98740       30.95427    
  -111.5758       33.70560       42.34886    
  -111.5440       33.70370       58.25253    
  -105.0773       21.55440       8.501501    
