  -122.6983       41.87560       304818.0    
  -112.0689       39.57240       69634.92    
  -112.0336       39.57000       27303.28    
  -120.6914       40.19180       160020.4    
  -120.6469       40.18830       775269.5    
  -120.7043       40.16530       173337.4    
  -120.6599       40.16170       712738.2    
  -120.6155       40.15810       873850.4    
  -120.5712       40.15460       531378.4    
  -120.5660       40.07150       159638.1    
  -112.3924       38.91910       57694.28    
  -112.3573       38.91670       65394.70    
  -112.4069       38.89320       31403.64    
  -112.3718       38.89090       117125.8    
  -89.35030       36.83480       549.4467    
  -118.4120       37.02140       70474.55    
  -101.8864       35.96540       8148.847    
  -91.88120       33.14700       12731.48    
  -93.38920       32.12370       15864.02    
  -94.52780       17.97760       9027.995    
  -111.1444       39.02310       6742.085    
  -112.3221       38.91430       107005.5    
  -112.3366       38.88850       30344.78    
  -114.7386       40.92230       8881.398    
  -120.5791       40.04500       554891.5    
  -94.59350       34.05350       6754.972    
  -120.5530       40.09800       172036.0    
  -120.5219       40.06790       90013.51    
  -120.1040       46.93060       17006.47    
  -123.2255       40.01440       14661.51    
  -119.7974       45.82560       2652.616    
  -81.54780       28.37690       740.1873    
  -120.2343       47.10360       40849.03    
  -112.3779       38.94500       30814.79    
  -120.6364       40.02210       46654.56    
  -99.20690       22.16330       5034.954    
  -70.34600       18.92870       15772.57    
  -97.04900       32.45900       1302.311    
  -110.8616       33.42080       5777.660    
  -106.1917       26.10810       268391.4    
  -99.07900       34.27270       9745.770    
  -97.82880       22.89300       1055.734    
  -92.74420       40.50670       20649.61    
  -89.09520       31.67990       8020.726    
  -118.3727       37.01850       10556.12    
  -101.7799       31.37450       4221.646    
  -94.04100       18.08740       355.2314    
  -109.6423       30.50830       24448.44    
  -93.11510       17.83420       2498.379    
  -88.56710       33.44340       4431.734    
  -93.27930       30.26510       4747.134    
  -98.64710       19.03790       8857.542    
  -96.31620       34.75260       5260.860    
  -82.74290       31.30930       2121.003    
  -94.84200       33.45660       6241.797    
  -98.58520       21.89900       486.7833    
  -55.56110       48.80510       5530.521    
  -81.46640       38.31010       10244.57    
  -82.31510       31.67550       5299.627    
  -85.09490       30.51500       7846.796    
  -82.38290       33.54580       25771.82    
  -82.36620       33.37750       2172.893    
  -98.10790       27.45430       4317.925    
  -84.21930       31.30690       743.6622    
  -68.77850       49.90940       14455.32    
  -82.65000       32.17090       2173.541    
  -84.91600       30.48930       2515.923    
  -87.15780       31.89460       7994.580    
  -76.64510       20.51290       3662.767    
  -85.68990       45.04150       2620.444    
  -86.70410       32.47340       45078.06    
  -86.68940       31.62840       4787.074    
  -85.00490       30.85760       2937.405    
  -76.13950       20.59240       923.6019    
  -92.31810       36.46460       2357.230    
  -94.05310       32.21500       80503.26    
  -83.30510       30.35150       4930.066    
  -93.18470       17.89460       2789.194    
  -91.81440       34.28130       873.8504    
  -89.89930       33.91130       40773.04    
  -99.25900       33.62290       9610.713    
  -88.83770       33.52210       4466.768    
  -101.4631       26.88850       4315.176    
  -89.74770       37.17990       950.6038    
  -85.60160       32.02880       40204.86    
  -94.55540       31.57400       5377.638    
  -80.57520       22.76500       589.6689    
  -80.59520       22.76520       374.5977    
  -90.74490       33.88560       1239.437    
  -76.64540       20.53290       3647.711    
  -82.31730       31.69880       3049.184    
  -86.25790       31.43410       12956.86    
  -81.92440       33.22820       603.5614    
  -84.57130       32.38740       16114.34    
  -76.43170       41.74350       3631.732    
  -90.67050       33.76250       966.0969    
  -85.12620       31.29820       43056.89    
  -81.40600       27.56150       7586.196    
  -86.28260       15.79390       4851.773    
  -88.68550       33.20630       6333.820    
  -85.12330       31.27500       21493.92    
  -97.62880       36.66280       1142.053    
  -88.66220       33.20580       5135.664    
  -85.60920       31.42240       16321.81    
  -85.58690       31.42200       63963.44    
  -94.09630       37.97250       15191.41    
  -90.19600       35.71850       1623.579    
  -81.92660       33.25220       3779.535    
  -85.60610       31.39910       1552.284    
  -85.58380       31.39870       9478.135    
  -90.71580       30.37930       15611.63    
  -111.8239       30.99590       6824.564    
  -97.59800       25.50510       5081.497    
  -90.32850       36.50510       1667.074    
  -86.46770       33.15790       50782.46    
  -91.20480       32.86520       1676.814    
  -90.41670       30.83090       12840.55    
  -90.22030       35.71910       9476.406    
  -90.19030       35.69320       1959.583    
  -90.39380       30.83030       21188.91    
  -90.41230       30.80770       80900.95    
  -98.04600       21.45360       1061.268    
  -98.04190       21.43300       1028.806    
  -90.12290       35.71640       931.6208    
  -91.41950       33.61440       2773.295    
  -91.39560       33.61370       1543.763    
  -91.41400       33.59010       1142.606    
  -81.84820       31.87990       11299.24    
  -70.53860       41.84860       5530.521    
  -91.85660       36.12030       3304.250    
  -119.4318       36.52670       10542.84    
  -85.57910       32.02840       41895.66    
  -91.47970       18.06390       971.0767    
  -89.89420       33.88690       16698.17    
  -81.54510       33.51140       5033.142    
  -89.90440       33.93560       8390.609    
  -118.1218       34.78680       16139.28    
  -98.06430       21.43350       3972.177    
  -87.73060       15.32630       3068.513    
  -119.1269       35.48450       7509.464    
  -91.04720       33.00390       825.1108    
  -93.85230       33.01590       16909.49    
  -93.84610       32.99180       1508.010    
  -85.60480       32.05230       8308.449    
  -90.38940       30.80720       11508.88    
  -90.34720       36.48020       2196.127    
  -91.44340       33.61510       2395.876    
  -84.54880       32.38710       16045.33    
  -97.70080       37.07660       5413.116    
  -97.69120       37.05050       1037.475    
  -88.28880       33.31680       8789.419    
  -93.82810       33.01510       1326.308    
  -91.18120       32.86460       2515.115    
  -86.26120       31.45740       18434.62    
  -91.32630       17.60860       548.8083    
  -90.35320       36.50580       1344.568    
  -91.94340       32.38770       4374.325    
  -85.58230       32.05190       6252.742    
  -82.58670       31.28420       4897.375    
  -98.06840       21.45410       723.7426    
  -96.39910       36.94550       5445.530    
  -90.11720       35.69120       1519.417    
  -97.19550       20.23180       3662.486    
  -90.14720       35.71710       1445.825    
  -90.14150       35.69190       1322.988    
  -82.58890       31.30730       4895.819    
  -98.30840       21.31690       2428.451    
  -97.21750       20.23240       3861.832    
  -96.72900       20.05950       4213.465    
  -90.37190       36.48090       2301.120    
  -90.70500       33.81180       1080.634    
  -116.2234       33.25780       9922.781    
  -96.72550       20.03930       4868.577    
  -90.67310       34.41940       1037.807    
  -110.6023       34.33570       13667.88    
  -94.07720       32.21580       2311.713    
  -94.04670       16.18430       4916.104    
  -63.84840       50.52510       13443.45    
  -89.76690       36.18480       1996.102    
  -89.76120       36.15930       2201.107    
  -119.5208       36.58470       2521.480    
  -94.05920       32.23880       35613.96    
  -86.20060       31.50280       10472.26    
  -97.43540       28.56320       1116.738    
  -97.42940       28.54070       1359.138    
  -81.40750       27.58340       4413.242    
  -81.42700       27.56170       806.7407    
  -94.08320       32.23960       10401.02    
  -86.22300       31.50320       10052.39    
  -90.03580       36.82850       14841.95    
  -90.02980       36.80270       2765.162    
  -84.81780       36.09520       16102.22    
  -90.75570       33.93440       849.0696    
  -91.78440       32.62000       4269.247    
  -91.42310       33.42180       846.5797    
  -91.39930       33.42110       912.9781    
  -91.41760       33.39760       1145.373    
  -91.39380       33.39690       1371.127    
  -84.84460       30.80900       25079.66    
  -84.82250       30.80870       8459.424    
  -90.91960       33.81780       1152.012    
  -93.27100       16.23040       3822.568    
  -91.41750       32.23140       30860.83    
  -91.39410       32.23070       21243.02    
  -121.8843       38.79050       13266.25    
  -90.32250       36.47950       2311.992    
  -89.88930       36.18820       1530.483    
  -89.86480       36.18750       1286.469    
  -89.88360       36.16270       1836.746    
  -89.85910       36.16200       1693.159    
  -90.44360       35.95160       927.2062    
  -90.72840       30.67760       8577.321    
  -81.40450       27.53960       4823.380    
  -111.7005       24.97440       7604.514    
  -86.00170       15.65620       370.1711    
  -70.83050       50.45610       9793.482    
  -69.52740       47.29840       7833.561    
  -90.05450       36.80340       2257.546    
  -90.02380       36.77690       1608.501    
  -85.81850       15.51960       1595.456    
  -88.83630       15.41540       1837.389    
  -90.31650       36.45390       2404.452    
  -97.74540       21.28220       551.1067    
  -89.67550       36.97210       3714.658    
  -92.98930       31.43290       14674.62    
  -91.65340       35.11300       865.6692    
  -93.03640       34.24580       59234.93    
  -91.18820       32.24870       1617.354    
  -96.39010       36.91950       8481.630    
  -90.19190       35.59320       1042.455    
  -90.46110       35.50090       828.3201    
  -90.88190       33.64750       956.1370    
  -111.8061       24.95740       7247.036    
  -88.21740       14.77400       5044.820    
  -91.48160       36.97460       2919.210    
  -85.10400       31.29780       13750.64    
  -85.10100       31.27460       11963.93    
  -96.99160       28.21460       13179.59    
  -111.7299       24.91090       10626.82    
  -90.82180       18.36980       2981.240    
  -89.14780       16.73700       4997.431    
  -102.3084       38.12750       1505.584    
  -91.45650       36.97380       7343.406    
  -95.33340       34.39690       25828.43    
  -111.7392       24.93290       6893.654    
  -93.11760       17.85400       1305.236    
  -92.59790       31.86520       6726.428    
  -90.11330       35.56600       617.5051    
  -91.57170       34.37190       1507.696    
  -92.60330       31.88880       13732.56    
  -111.7012       24.90960       12202.97    
  -87.30890       21.40420       4980.931    
  -96.24200       37.09360       4935.012    
  -79.98920       35.07930       6397.590    
  -90.86370       34.52280       1336.268    
  -91.56590       34.34730       1446.932    
  -92.02010       34.33640       1772.838    
  -93.06720       34.27120       19183.73    
  -93.04270       34.27040       43397.94    
  -93.06080       34.24660       51045.06    
  -93.03000       34.22120       33855.11    
  -90.53670       35.82850       605.8854    
  -90.51220       35.82780       718.7627    
  -92.04430       34.33710       7908.031    
  -92.01410       34.31180       1434.205    
  -90.41500       33.56240       1526.831    
  -90.39130       33.56180       2191.147    
  -90.86070       33.11830       1368.637    
  -89.58620       32.94170       3766.098    
  -90.44950       35.97690       1549.849    
  -90.13020       35.64150       1003.169    
  -86.48690       33.13430       36615.88    
  -98.06330       20.63780       4938.628    
  -88.33270       18.27540       5017.453    
  -88.71540       37.40990       2809.842    
  -90.07260       36.88080       3837.828    
  -90.47410       35.97770       2750.554    
  -91.74340       34.08420       1030.835    
  -85.77580       31.17050       5261.643    
  -91.78940       30.61330       967.7567    
  -88.76840       17.80840       8596.844    
  -90.09730       36.88150       1667.430    
  -86.49060       33.15830       50035.50    
  -86.44100       33.13340       18539.28    
  -91.33340       32.48890       1009.256    
  -98.90700       22.86020       1173.038    
  -86.86430       15.20210       1464.680    
  -90.04780       36.88000       1477.365    
  -96.58150       34.32040       5473.980    
  -91.43870       33.90530       546.1269    
  -91.22300       33.89910       1459.105    
  -91.19900       33.89840       2082.420    
  -90.92950       33.64880       1572.259    
  -109.8260       34.19240       109675.7    
  -111.6160       24.84110       8221.974    
  -111.6068       24.81920       7767.004    
  -82.87560       22.70150       587.7181    
  -90.33800       34.63080       888.0787    
  -90.69710       34.42010       1591.902    
  -90.69160       34.39550       1890.031    
  -91.28770       34.38800       818.3603    
  -91.71930       34.08350       1362.827    
  -91.71350       34.05900       1188.531    
  -86.44470       33.15740       11154.74    
  -88.51070       18.67300       4303.344    
  -90.11610       36.85640       1867.179    
  -96.49450       36.76980       5279.859    
  -90.42780       36.40630       557.4146    
  -89.91230       36.29010       1539.289    
  -90.96410       35.16690       670.6239    
  -95.34080       34.42170       29350.76    
  -95.31570       34.42080       113564.9    
  -95.30840       34.39600       20842.12    
  -79.72020       33.78220       3030.375    
  -92.24470       18.29360       562.7265    
  -89.33420       14.99740       4825.861    
  -90.09130       36.85570       2744.625    
  -91.41760       34.12330       6068.532    
  -91.38510       33.87950       971.9066    
  -90.88430       33.11890       2362.123    
  -90.90270       33.09550       1608.501    
  -90.87910       33.09490       2175.585    
  -81.49320       22.73060       3338.628    
  -90.12210       36.88220       1700.629    
  -91.55350       32.63720       1568.662    
  -92.99480       31.45630       18620.29    
  -92.96580       31.43220       12362.67    
  -85.78220       15.55780       9664.504    
  -96.52080       36.77080       5101.943    
  -90.09280       35.69050       1325.834    
  -90.59660       33.63970       1455.785    
  -90.59130       33.61540       1726.105    
  -90.71140       30.35630       12249.31    
  -111.7105       24.93160       9733.130    
  -97.05670       20.43110       3072.267    
  -106.3380       39.23120       5143.000    
  -89.70020       36.97280       2640.997    
  -89.69430       36.94690       1953.773    
  -89.66960       36.94620       4997.310    
  -90.47500       35.87700       1891.939    
  -90.26620       35.17180       514.5876    
  -90.62030       33.64030       7476.799    
  -90.61510       33.61600       1886.385    
  -92.22110       31.01670       997.9681    
  -96.98590       28.19220       8022.837    
  -88.38540       18.82990       1595.456    
  -90.48090       35.90230       2032.344    
  -90.76340       33.86190       1374.447    
  -90.53940       33.37330       1630.081    
  -91.33860       32.51270       1325.202    
  -111.6725       24.90840       8774.439    
  -91.42990       36.28410       2187.162    
  -90.50540       35.90300       1703.949    
  -90.49950       35.87770       1984.482    
  -94.43790       34.80780       16461.66    
  -90.73950       33.86120       1032.080    
  -90.95780       33.24070       1643.361    
  -90.93410       33.24000       17833.11    
  -100.7473       20.03650       414.9900    
  -122.8614       40.14930       163618.1    
  -90.68970       35.23350       1073.994    
  -119.7837       39.73470       34601.00    
  -89.87050       36.21290       694.9699    
  -88.45860       34.60650       2015.925    
  -90.51570       33.37260       1424.246    
  -90.25430       33.24570       9309.061    
  -90.88270       33.86520       1175.252    
  -90.85880       33.86450       1022.535    
  -90.53420       33.34910       1449.145    
  -90.51060       33.34850       1200.151    
  -90.75620       34.47070       1417.237    
  -111.4442       40.40690       6947.374    
  -90.51260       35.30300       854.8795    
  -90.76180       34.49540       1748.768    
  -90.28310       33.60710       686.7708    
  -90.69310       30.37870       16530.82    
  -88.79580       17.88740       6793.383    
  -90.56040       16.05540       1922.393    
  -111.4028       40.48710       6590.820    
  -83.63190       31.18250       2887.677    
  -92.19280       30.99280       1288.959    
  -88.76660       17.78870       10174.22    
  -89.97500       35.81260       983.1943    
  -86.32870       14.71740       649.0444    
  -105.6474       36.23410       72699.95    
  -90.18620       35.56800       1271.529    
  -91.23110       35.37370       691.3734    
  -84.85330       31.06250       2770.924    
  -121.2069       41.21000       94926.44    
  -89.90080       36.23910       688.8835    
  -90.52990       35.90380       1503.301    
  -86.63370       35.05760       2484.232    
  -95.42720       34.79370       11718.70    
  -88.60920       33.42040       436.5695    
  -90.68860       30.35570       16395.66    
  -98.61460       21.28380       873.9689    
  -90.05380       35.83990       1093.250    
  -105.6178       36.23250       105303.0    
  -105.6341       36.20800       83272.99    
  -89.25940       33.41220       8398.486    
  -105.6045       36.20640       90454.19    
  -95.45240       34.79460       10527.56    
  -91.48760       34.32050       2792.053    
  -89.87630       36.23840       1342.078    
  -90.52400       35.87840       2022.385    
  -88.60500       17.98330       3371.664    
  -110.6819       34.31570       28314.37    
  -120.0501       38.03430       40830.27    
  -90.04810       35.81460       1158.468    
  -95.44490       34.76960       13137.55    
  -90.65740       33.81050       1691.292    
  -92.97890       16.53760       7462.129    
  -90.65200       33.78620       2046.177    
  -90.64160       33.52030       662.3241    
  -118.2472       46.44250       32602.95    
  -88.50380       33.22600       1441.675    
  -91.38220       34.07360       1733.413    
  -88.48060       33.22540       1870.775    
  -89.90650       36.26460       1211.771    
  -89.88200       36.26390       1352.038    
  -90.97850       34.50150       2906.590    
  -93.78040       33.10930       1163.424    
  -96.08910       28.99030       9748.388    
  -88.81590       17.88770       2949.793    
  -108.3354       39.81560       17503.88    
  -90.43970       35.30090       761.9216    
  -90.98420       34.52620       3385.765    
  -90.43090       34.51060       1222.561    
  -90.96010       34.52550       2149.648    
  -90.95440       34.50090       2333.904    
  -120.5842       40.12800       146287.9    
  -119.7408       39.73130       47796.32    
  -98.22760       38.11530       6952.774    
  -90.06650       36.85500       2880.031    
  -90.08530       36.82990       1761.010    
  -118.4360       37.04910       47671.01    
  -91.12270       35.12200       904.6783    
  -90.42540       34.48600       1751.258    
  -90.11670       34.37970       6979.747    
  -114.5458       39.23120       7260.707    
  -89.71060       35.93100       594.2657    
  -120.6285       40.13160       153190.3    
  -118.4514       37.02420       45548.50    
  -93.16400       17.89420       11513.31    
  -91.12860       35.14690       589.2858    
  -112.9769       34.75090       20547.13    
  -88.50650       32.98710       22324.45    
  -120.2052       34.65610       33094.56    
  -90.22600       16.32280       1850.467    
  -120.1655       34.65330       44143.79    
  -84.03320       41.57480       792.5388    
  -109.7951       34.19070       23039.82    
  -113.5136       43.15070       11910.49    
  -90.06050       36.82920       2496.580    
  -88.48330       32.98650       22333.84    
  -113.3734       43.19870       9371.454    
  -120.6103       40.07510       70370.51    
  -81.18960       36.69900       4343.458    
  -93.39910       34.69880       6897.402    
  -96.95060       20.32730       1672.939    
  -120.5349       40.04150       87496.10    
  -83.16390       42.30190       1054.418    
  -108.9931       41.61230       5618.404    
  -114.5087       39.22850       6644.843    
  -99.26320       22.62070       6345.438    
  -118.4177       37.62210       13649.13    
  -108.3025       39.81360       10188.10    
  -90.55740       35.60360       416.6500    
