  -98.91450       50.74060       943.7969    
  -99.44150       49.42190       834.8972    
  -106.4946       49.55090       7148.774    
  -104.6309       47.32720       5633.285    
  -104.0602       47.28870       3807.304    
  -102.9366       46.85770       4918.141    
  -104.9505       46.95850       8816.776    
  -104.5942       46.93440       4837.413    
  -103.4344       46.85750       9351.503    
  -102.5547       46.67220       6064.812    
  -102.4182       46.66360       5742.310    
  -102.9018       46.59780       3189.177    
  -102.4235       46.56760       7103.982    
  -102.2876       46.55910       4586.681    
  -102.4423       46.44070       6136.479    
  -102.2729       46.43010       4577.723    
  -99.74190       41.51510       1267.749    
  -108.5999       39.34320       40526.18    
  -108.6147       39.31710       28696.76    
  -108.5819       39.31510       40645.15    
  -110.1990       29.89000       7166.858    
  -106.3149       25.87390       7001.056    
  -104.3908       21.26450       4198.104    
  -102.8857       21.07470       5770.076    
  -104.7257       20.51590       3517.582    
  -101.9181       19.62250       4494.323    
  -105.1917       19.69500       720.9029    
  -69.21700       18.59890       2951.781    
  -69.21780       18.57910       1681.685    
  -93.18470       17.89460       5428.826    
  -93.11510       17.83420       8984.544    
  -100.5220       17.76570       1965.459    
  -103.7535       51.46490       1499.758    
  -105.9191       50.96520       3819.129    
  -100.1499       50.34830       1262.854    
  -109.1188       49.89440       13654.19    
  -108.9119       49.87780       15171.32    
  -105.0783       49.55130       1479.698    
  -104.8127       49.01390       5195.850    
  -103.0056       47.21930       3601.262    
  -104.7018       47.23410       5148.301    
  -104.6534       46.97070       5383.941    
  -102.7772       46.81520       4192.514    
  -102.8502       46.72310       4568.765    
  -103.7281       46.74770       4725.493    
  -102.1314       46.51730       5348.142    
  -102.4763       46.44280       1056.518    
  -102.3067       46.43220       4300.014    
  -103.9924       46.44430       6080.964    
  -108.9598       39.06940       18826.20    
  -111.2693       31.45880       6814.967    
  -99.93920       26.35590       3730.243    
  -98.34840       19.57290       9055.343    
  -102.5295       19.45730       4880.928    
  -106.8427       50.28080       1276.227    
  -105.3173       49.67330       6046.895    
  -106.0306       49.65580       8510.444    
  -99.35930       47.75210       850.1814    
  -104.5000       47.38380       6814.659    
  -104.3092       47.30540       6404.287    
  -102.8116       46.81740       7585.660    
  -102.6741       46.80860       815.7921    
  -102.8845       46.72530       7471.274    
  -102.1800       46.64870       6297.729    
  -101.9090       46.63180       5811.528    
  -102.1859       46.55270       1033.591    
  -103.7810       46.52630       7150.417    
  -102.3406       46.43440       3368.344    
  -102.2052       46.42590       882.6602    
  -101.9354       46.40920       4747.932    
  -107.2689       46.41400       8344.226    
  -122.1724       38.19880       14644.20    
  -105.4072       33.83230       6541.077    
  -100.2910       31.47690       22558.70    
  -104.1058       23.96850       3084.006    
  -104.3694       23.11320       3309.073    
  -104.4935       22.94960       11443.63    
  -105.1163       49.69370       5939.395    
  -101.9462       49.40530       1071.802    
  -101.8734       49.29650       1610.569    
  -99.28920       47.91420       1096.639    
  -102.8676       46.85320       9786.745    
  -103.6210       46.83740       5079.392    
  -102.3501       46.65930       1217.001    
  -102.2198       46.55480       5312.309    
  -103.9549       46.53770       5023.946    
  -102.2390       46.42800       989.6494    
  -101.9691       46.41130       985.8284    
  -109.4105       39.61220       8855.938    
  -104.2366       20.76700       14794.53    
  -104.6444       20.57480       3318.980    
  -108.9677       50.48400       7757.941    
  -99.98160       49.69960       938.0654    
  -103.9606       49.68140       1254.256    
  -105.1450       49.59100       1392.769    
  -101.1852       49.07950       959.0810    
  -98.92280       48.53190       1558.984    
  -98.88900       48.52990       1709.915    
  -105.6175       48.39150       5598.976    
  -99.59370       47.76570       854.0024    
  -102.0939       47.19370       4102.930    
  -103.2607       46.84620       6566.480    
  -102.2537       46.55700       5509.393    
  -102.0027       46.41340       5518.351    
  -101.8080       46.30570       5437.726    
  -107.4881       44.16870       7287.208    
  -93.85460       42.67720       588.4401    
  -97.48090       38.26690       11599.22    
  -115.1672       38.25810       11260.53    
  -97.18530       32.01510       4221.855    
  -109.6423       30.50830       26220.58    
  -69.25650       18.57890       997.2914    
  -105.4881       50.89640       7901.275    
  -104.8681       49.74580       1283.869    
  -103.1636       49.55640       1136.759    
  -105.1832       49.59370       6579.917    
  -102.3193       49.39520       1131.028    
  -103.8361       49.46330       1270.496    
  -104.2380       47.39880       6939.013    
  -102.6054       46.80420       4219.388    
  -101.8415       46.30780       4129.805    
  -108.4129       39.98470       10383.65    
  -97.51830       38.29490       16191.03    
  -97.49100       38.29370       5867.208    
  -122.5395       38.54790       11620.66    
  -69.25730       18.55920       1349.782    
  -99.94110       17.63350       1687.328    
  -100.3779       50.32680       871.1970    
  -103.9301       49.78440       1192.165    
  -105.3184       49.81350       7113.111    
  -105.7162       48.56730       1199.807    
  -99.42620       47.75590       878.8392    
  -99.22050       47.44680       871.1970    
  -102.8135       47.43600       4900.224    
  -104.4883       47.41580       6656.064    
  -104.2737       47.40120       6845.748    
  -102.6398       46.80640       5769.186    
  -102.4523       46.66570       7139.815    
  -101.0997       46.35850       5482.518    
  -101.7410       46.30170       4192.514    
  -111.8006       31.77140       7319.345    
  -100.6022       21.35770       14697.34    
  -100.6206       21.33770       14814.63    
  -100.5975       21.33710       15964.15    
  -103.9468       20.75820       3804.443    
  -102.3809       18.22880       2127.500    
  -105.2836       50.73640       7202.523    
  -103.5826       49.79530       8219.871    
  -103.2005       49.55890       794.7763    
  -103.0491       49.44410       993.4704    
  -105.0022       49.54580       909.4075    
  -103.8733       49.46590       1400.411    
  -102.1499       49.34920       1134.849    
  -105.4320       49.26470       5088.350    
  -103.4890       46.99050       9450.986    
  -103.1535       46.93630       7722.451    
  -102.8332       46.85100       1289.601    
  -102.6955       46.84220       4515.015    
  -102.4864       46.66790       5581.059    
  -102.3160       46.65720       5491.476    
  -101.7739       46.62350       5583.544    
  -108.9927       39.07140       29324.29    
  -100.5607       21.06970       4656.699    
  -103.8212       20.73390       8058.210    
  -103.7667       51.57700       1851.294    
  -104.9062       49.74850       1085.175    
  -104.1585       49.66030       1138.670    
  -105.0687       49.58550       1018.307    
  -104.8882       49.53760       1497.848    
  -104.7366       49.52680       4953.974    
  -103.1630       49.20930       987.7388    
  -102.9439       49.19450       846.3604    
  -99.40730       48.12170       857.8236    
  -104.3809       47.40850       1213.180    
  -100.8182       46.92030       5760.227    
  -103.5239       46.99280       8841.646    
  -103.0276       46.89580       5518.351    
  -102.8894       46.88690       5276.476    
  -102.2140       46.65080       6996.481    
  -101.4858       46.41370       4201.472    
  -101.3738       46.27940       4031.263    
  -99.30590       45.62330       704.9819    
  -69.36950       18.65720       1345.006    
  -102.0594       18.00140       3186.513    
  -102.4282       49.40240       1040.278    
  -102.1860       49.35160       1041.233    
  -105.2023       49.52540       5491.476    
  -99.33060       48.38640       785.2236    
  -108.2167       48.18070       12398.20    
  -104.4167       47.41090       9911.101    
  -101.2552       47.10910       1144.402    
  -103.0622       46.89800       976.2758    
  -102.9021       46.85540       1274.317    
  -102.2480       46.65290       5294.392    
  -105.6528       46.65210       6740.046    
  -101.8681       46.40510       4622.515    
  -121.5548       41.18270       29424.67    
  -115.0978       39.00110       9040.614    
  -103.7151       21.16130       6193.292    
  -100.4059       18.33990       7991.573    
  -103.8060       51.57980       1583.821    
  -103.2103       49.76960       878.8392    
  -104.7918       49.74030       4523.973    
  -104.6116       49.69240       7660.273    
  -104.1961       49.66290       890.3023    
  -104.6033       49.58700       729.8187    
  -104.4523       49.57630       5930.435    
  -102.7195       49.42180       1173.059    
  -104.7745       49.52950       4577.723    
  -105.2405       49.52820       1195.985    
  -102.0173       49.30590       745.1028    
  -100.8564       48.34330       1291.511    
  -98.09310       47.84640       2537.171    
  -98.88400       47.59240       1110.012    
  -103.6165       47.03130       5409.446    
  -102.9584       46.89140       5679.602    
  -114.1239       44.48130       11527.72    
  -114.9471       38.50830       8820.747    
  -115.0400       32.58000       4375.091    
  -116.3883       32.08720       7518.750    
  -104.0498       23.94540       4551.396    
  -102.9827       50.14230       1071.802    
  -105.8036       50.23780       1211.270    
  -104.0805       49.79490       846.3604    
  -104.6777       49.73210       1581.911    
  -107.5694       49.77230       11204.39    
  -107.8201       48.31810       9606.640    
  -102.9930       46.89360       4658.348    
  -101.0755       46.64530       3950.638    
  -102.0105       46.63810       6292.367    
  -101.8752       46.62980       3260.844    
  -103.5166       46.47720       5707.899    
  -101.6605       46.32860       3413.136    
  -121.2568       40.98930       13758.96    
  -103.7093       18.88500       3667.019    
  -108.8846       50.01620       16278.08    
  -104.6412       49.58970       825.3446    
  -104.9925       49.58000       1345.006    
  -104.8124       49.53220       5509.393    
  -105.2787       49.53100       1262.854    
  -104.0803       48.92830       4389.598    
  -100.4294       48.35090       1020.218    
  -99.95980       46.48330       3646.054    
  -101.1856       46.39560       3905.846    
  -103.5511       46.47940       5471.624    
  -103.3772       44.35350       8244.743    
  -103.7953       20.63090       542.5876    
  -104.5639       49.72400       1049.831    
  -104.3393       49.56830       1367.932    
  -103.7395       47.76070       4398.556    
  -101.2189       46.39760       3663.970    
  -121.8607       38.01520       15397.13    
  -111.7176       31.29500       6216.751    
  -109.4650       28.19600       4169.365    
  -100.1560       18.67330       4400.423    
  -103.4940       51.07860       997.2914    
  -103.7839       49.63400       808.1500    
  -105.4035       49.64460       1635.405    
  -103.1703       49.41760       1157.775    
  -103.0234       49.40760       886.4814    
  -98.55440       48.74900       1004.933    
  -105.6411       48.56190       5464.601    
  -97.04080       47.59050       2395.315    
  -107.8105       40.91470       7710.015    
  -117.0937       35.77350       4329.596    
  -111.7074       31.76620       7401.453    
  -69.44840       18.61730       458.5248    
  -104.1459       49.83470       1083.265    
  -104.7071       49.62930       1222.733    
  -96.08820       48.41050       1054.289    
  -103.4168       47.08320       6105.834    
  -104.4880       20.52910       4565.287    
  -68.98390       18.62000       3297.888    
  -103.0304       50.11010       1027.860    
  -108.0533       50.41070       1236.106    
  -102.5287       49.54840       825.3446    
  -104.7450       49.63200       998.2466    
  -103.8837       49.43190       1094.728    
  -103.7494       48.90550       907.4971    
  -96.14380       47.87590       966.7231    
  -104.8077       46.85180       4914.752    
  -107.6793       46.76390       7905.831    
  -122.4309       38.91490       12872.47    
  -104.1314       21.19460       7698.051    
  -102.8617       18.32110       3532.772    
  -104.9710       51.22260       6028.979    
  -103.8524       49.53410       854.0024    
  -102.3308       49.36120       731.7292    
  -103.9210       49.43450       766.1185    
  -96.16040       47.91010       890.3023    
  -110.6324       47.05210       9736.865    
  -107.5566       46.78710       9513.164    
  -110.7014       40.71650       8319.355    
  -118.5817       40.02400       9395.505    
  -111.6763       31.76450       4046.753    
  -102.6804       18.55650       3654.958    
  -102.5063       49.61670       3995.429    
  -101.5867       49.38190       722.1765    
  -103.2807       49.42510       813.8815    
  -101.8018       48.98140       951.4390    
  -101.1789       48.80470       949.5284    
  -107.4449       48.52550       8605.371    
  -120.9174       36.35280       8219.182    
  -112.1556       35.40000       7096.479    
  -109.8728       27.03420       1616.300    
  -103.8759       20.57200       7093.699    
  -98.63620       16.79650       768.0291    
  -103.7144       51.46200       1969.746    
  -103.0678       50.11270       1003.023    
  -105.3842       49.29580       7685.144    
  -101.5642       49.03480       1039.323    
  -102.2852       46.08110       3162.302    
  -102.3792       42.45970       5595.979    
  -122.4168       38.94070       10545.84    
  -121.4636       38.38260       51445.71    
  -121.4196       38.37920       125374.8    
  -121.4342       38.35370       10643.51    
  -121.3903       38.35020       67532.62    
  -105.6558       28.51790       6488.286    
  -104.7609       21.37910       1416.453    
  -103.8005       20.65150       571.2455    
  -103.9858       20.53440       762.2975    
  -104.8867       19.34160       4425.713    
  -107.8135       50.57060       1297.243    
  -103.1051       50.11530       953.3495    
  -104.3846       49.67620       896.0340    
  -110.5467       34.60430       5442.589    
  -115.0062       32.57790       2061.451    
  -115.3383       45.68730       15972.70    
  -112.6924       43.50090       8866.519    
  -107.5595       40.87060       5023.946    
  -122.2171       38.87080       10849.32    
  -117.5516       34.87300       6838.426    
  -94.92600       29.85800       1859.865    
  -105.0428       49.27120       4783.766    
  -97.55750       47.55200       1623.942    
  -119.8704       42.15090       9339.066    
  -120.3014       36.56460       1419.516    
  -94.93160       29.88090       2001.193    
  -104.9296       49.26310       4837.516    
  -117.3880       39.14250       10615.40    
  -120.2147       36.97210       2254.414    
  -112.8670       35.84850       8152.155    
  -104.0350       20.82230       655.3083    
  -103.7850       20.58970       3318.980    
  -103.7773       46.01730       6018.787    
  -112.4854       43.72270       7565.669    
  -115.2697       39.55470       8738.641    
  -122.2613       38.04660       24118.22    
  -120.4452       37.30180       2754.970    
  -103.9898       20.73900       8000.533    
  -122.2238       38.60300       18309.81    
  -103.1118       19.35210       4398.700    
  -110.0572       43.69130       6341.930    
  -116.1244       36.36990       5353.915    
  -103.3332       19.60070       4143.703    
  -119.6688       41.84770       13989.95    
  -104.4294       19.42950       1484.171    
  -103.1164       19.37240       4501.582    
  -123.0966       40.27950       12660.28    
  -122.2001       38.81570       6328.890    
  -121.5549       37.83280       1272.406    
  -115.5479       32.75550       11556.26    
  -115.5136       32.75340       11657.59    
  -104.1422       22.31170       21664.54    
  -103.8262       20.46840       3952.455    
  -115.8043       39.29530       6216.751    
  -122.2484       38.90030       11949.42    
  -119.2788       42.97080       8679.992    
  -103.9018       20.67500       4170.119    
  -99.42020       48.93650       838.7183    
  -104.0529       20.51600       9659.033    
  -103.9604       20.71760       4066.188    
  -103.9657       20.73830       3414.121    
  -70.34600       18.92870       7689.309    
  -122.2190       38.36220       11051.64    
  -100.2345       50.21060       1713.736    
  -112.0490       39.95320       12088.65    
  -122.5229       38.49310       8860.229    
  -114.9091       32.42800       7017.304    
  -103.7426       20.32320       3467.591    
  -104.3166       19.75040       4878.733    
  -114.9281       32.35730       6423.976    
  -122.2674       46.58990       10613.92    
  -115.0834       32.24690       9855.141    
  -103.8451       20.44850       3293.712    
  -125.4883       49.92750       28750.87    
  -116.1425       33.71640       10441.44    
  -104.2304       19.78840       24123.44    
  -104.5031       19.63410       2741.218    
  -103.9910       20.55500       3240.588    
  -111.0564       32.53950       27289.61    
  -102.2042       17.92530       1291.935    
  -101.4543       19.38830       2422.360    
  -101.7799       31.37450       8081.584    
  -93.88020       29.75870       2284.757    
  -109.3836       32.11420       29609.16    
  -104.2635       19.72850       10172.82    
  -104.2645       19.83000       3864.242    
  -104.1675       19.72570       4251.686    
  -95.74300       37.38390       4464.348    
  -103.7187       20.32250       3495.585    
  -95.73420       37.35770       5347.269    
  -104.1650       20.58070       2953.716    
  -69.81500       18.63500       1529.863    
  -104.2695       19.85040       6449.301    
  -68.90730       18.60070       1497.339    
  -103.8502       20.46910       9277.368    
  -115.5304       32.77850       4061.155    
  -98.08430       38.16160       653.3978    
  -104.2014       19.76730       3314.962    
  -104.2254       19.76800       3104.649    
  -96.26690       34.11320       3401.476    
  -101.9414       32.15720       6468.940    
  -78.63820       21.99620       594.1717    
  -68.92660       18.60060       5292.552    
  -75.76360       42.92550       2065.020    
  -103.5606       19.46550       5609.935    
  -77.92270       20.97910       5426.856    
  -75.60790       42.89600       2308.914    
  -103.6925       20.50530       6900.858    
  -103.7383       18.80540       3233.232    
  -104.6440       21.39600       4502.914    
  -71.81070       43.20090       1577.846    
  -96.40590       48.09000       2065.272    
  -75.57800       42.51720       2046.016    
  -103.1300       20.52950       7148.859    
  -104.2611       20.29780       5563.485    
  -103.0716       18.32650       3919.917    
  -96.37340       48.08830       1920.709    
  -99.58910       36.06110       56624.05    
  -104.1115       20.55860       2260.145    
  -104.0874       20.55790       10061.76    
  -103.6294       20.44220       10892.10    
  -102.6546       18.21580       4550.399    
  -66.67590       18.20290       969.0430    
  -103.7680       20.42590       10824.03    
  -74.37700       18.40510       886.6547    
  -74.18540       18.38560       1443.756    
  -71.39640       17.86160       16572.98    
  -98.41160       20.82950       3019.759    
  -104.0581       20.53660       3718.894    
  -102.6420       18.15560       6613.280    
  -103.8640       20.42870       4133.078    
  -102.6652       18.15620       4357.528    
  -70.36410       19.54360       3232.713    
  -71.41560       17.86150       8418.771    
  -71.39690       17.84200       17075.73    
  -64.61050       48.94700       3681.639    
  -69.00330       18.61980       15314.33    
  -71.37730       17.86160       4327.235    
  -104.0633       20.55720       1043.144    
  -103.4706       19.58430       5984.071    
  -104.0219       19.11510       2855.478    
  -71.41610       17.84190       5735.411    
  -114.8539       32.59280       4087.239    
  -114.8202       32.59070       2079.920    
  -104.2540       24.37710       12569.02    
  -104.2290       24.37630       11420.56    
  -71.39600       17.88120       4243.714    
  -104.2702       19.16240       4307.694    
  -93.92850       18.02610       474.2867    
  -115.0925       32.51110       8328.101    
  -71.37780       17.84200       3707.607    
  -101.1048       17.40260       5582.721    
  -99.04820       16.78530       8540.361    
  -100.6938       18.66640       1687.328    
  -103.1635       18.42890       10085.20    
  -102.7010       18.21700       7922.026    
  -89.74450       37.69820       1167.328    
  -95.11480       33.90140       780.2563    
  -103.7528       20.36420       4512.636    
  -98.24710       20.78470       667.4083    
  -103.7001       18.84450       5399.370    
  -109.1367       27.37730       6268.095    
  -104.0056       20.80090       4008.431    
  -103.9000       20.57270       5855.274    
  -103.8313       20.48900       1783.263    
  -90.90990       36.06610       852.0919    
  -90.91610       36.09150       626.6505    
  -104.5795       19.55530       5042.151    
  -109.0595       26.40340       7817.858    
  -103.6272       19.24530       4579.322    
  -103.3688       18.93600       8231.825    
  -103.5602       18.63990       4842.994    
  -88.56710       33.44340       11260.53    
  -104.5602       20.89990       6825.912    
  -95.07550       16.76790       775.6711    
  -90.74360       36.08640       1177.972    
  -99.59910       36.08690       39002.73    
  -99.61610       36.06230       33734.43    
  -99.57910       36.03540       20506.15    
  -104.6205       21.12770       769.9395    
  -99.56210       36.05990       23988.10    
  -96.54100       31.89800       924.6918    
  -90.71900       36.08570       1152.521    
  -99.57210       36.08570       13330.86    
  -107.0485       33.62470       68940.72    
  -96.51640       31.89720       897.9444    
  -107.0777       33.62630       41311.29    
  -107.0362       33.59980       50213.84    
  -109.5641       27.15290       1425.248    
  -109.0685       26.42570       7814.544    
  -98.61460       21.28380       982.0073    
  -102.7085       20.53770       4728.071    
  -104.7901       19.33880       10960.59    
  -100.9562       19.07380       4982.089    
  -103.5747       18.60020       4615.386    
  -102.8808       18.30160       4710.223    
  -101.7456       17.91410       5152.276    
  -101.4186       17.86640       6528.642    
  -101.4070       17.80650       5034.776    
  -103.6998       20.34230       2460.452    
  -103.4503       18.77750       6758.696    
  -101.7496       17.93410       13062.18    
  -101.7267       17.93350       3532.667    
  -101.7228       17.91350       4294.504    
  -72.14970       43.19850       1646.219    
  -104.7659       19.33810       10951.54    
  -94.85340       16.66620       4501.582    
  -104.8876       21.21840       3933.239    
  -89.25470       33.38800       1495.458    
  -101.9419       18.09810       28969.71    
  -99.53810       16.83490       6945.231    
  -103.6106       20.46200       7002.065    
  -102.8424       19.91100       4649.390    
  -104.7127       19.31640       8074.907    
  -95.65180       50.77300       14269.34    
  -110.3616       33.44100       19964.03    
  -109.5078       27.15030       7248.966    
  -105.4781       22.69020       7399.128    
  -104.1078       19.17800       5955.744    
  -102.7517       18.23830       4590.096    
  -101.9459       18.11820       13144.33    
  -101.9648       18.09870       17327.72    
  -101.9189       18.09760       6132.773    
  -101.4031       17.78650       1659.112    
  -104.7118       22.60150       3694.861    
  -98.69690       34.06150       6441.593    
  -98.67100       34.06040       6118.271    
  -69.96890       18.65400       6625.925    
  -77.23840       25.99960       5708.604    
  -69.94950       18.65410       2347.587    
  -71.39740       17.82240       2223.436    
  -88.01800       15.50270       2696.387    
  -110.3926       33.44270       50843.77    
  -78.59860       21.99600       1819.403    
  -95.75940       50.85170       16055.22    
  -95.58330       50.76940       52771.81    
  -103.2965       38.57660       6590.820    
  -78.59930       22.01640       2369.894    
  -78.61840       21.99610       1247.570    
  -95.77900       50.88920       63818.65    
  -114.8334       43.01840       18644.39    
  -92.05970       29.93510       881.7050    
  -101.3643       36.52450       19411.83    
  -101.3531       36.49850       14972.35    
  -88.60510       15.72160       4633.239    
  -92.74040       18.30200       1337.347    
  -85.80280       15.57720       4955.386    
  -69.05970       18.65900       1506.745    
  -92.25520       38.43360       3591.150    
  -97.12530       32.06000       8431.275    
  -95.56830       50.80500       27463.32    
  -73.12540       46.51710       1430.580    
  -105.5986       32.25420       5618.535    
  -99.22040       19.61400       1957.660    
  -92.48470       17.90260       863.5025    
  -101.2402       17.52460       5267.517    
  -70.03660       19.46570       5466.809    
  -98.94150       16.66520       4832.852    
  -93.59160       44.26820       1045.691    
  -94.55880       29.68800       3401.476    
  -98.73120       23.69170       4793.889    
  -102.1664       18.52320       16217.78    
  -103.2457       18.27110       3793.468    
  -93.08260       44.67290       3385.441    
  -93.00410       44.06280       1045.054    
  -112.4768       33.71000       7682.965    
  -110.8438       33.17740       8806.085    
  -100.5358       20.53850       3556.470    
  -102.9934       19.55080       14630.14    
  -95.63690       50.80870       34495.27    
  -95.61750       50.77120       31485.72    
  -95.09480       32.43800       4514.793    
  -102.4160       21.84280       14760.95    
  -98.61610       21.50930       1084.902    
  -104.9452       19.38380       1094.346    
  -104.7078       19.29600       25395.38    
  -104.6837       19.29530       18787.57    
  -110.8580       33.20240       6979.182    
  -102.4665       20.00200       2059.782    
  -104.7028       19.27570       8225.621    
  -104.6787       19.27500       10508.01    
  -101.2365       17.50470       3977.513    
  -98.22080       20.76370       1531.759    
  -100.2699       20.57210       4664.518    
  -105.0685       20.15900       783.3132    
  -104.6630       19.69960       6961.014    
  -69.70120       18.57650       2677.716    
  -102.9637       25.22920       4328.266    
  -97.91520       22.77060       959.3994    
  -104.5371       21.80580       4805.060    
  -101.3602       18.60290       5831.102    
  -117.9468       36.03620       16820.41    
  -107.3239       29.33880       8679.985    
  -97.91080       22.74970       1606.297    
  -98.82270       21.63790       555.0061    
  -103.2351       20.57340       1058.428    
  -102.0238       18.49960       5924.132    
  -108.5914       40.16100       5395.670    
  -101.9423       32.22830       3146.184    
  -108.4004       26.30910       4418.494    
  -98.48090       21.50580       1339.275    
  -78.31700       21.08140       529.8018    
  -98.24680       21.00880       569.3350    
  -102.1894       18.52380       9526.957    
  -102.9464       18.28330       4762.601    
  -100.6285       17.37190       11766.07    
  -117.9085       36.03360       10720.96    
  -110.3757       33.46600       25476.20    
  -110.2052       27.53770       1229.420    
  -78.61900       22.01650       1811.173    
  -98.82700       21.65850       1175.925    
  -105.0009       19.60820       4303.439    
  -104.4584       19.45060       8675.514    
  -104.4534       19.43020       6729.288    
  -103.0458       19.37050       13607.78    
  -103.0223       19.36980       12139.10    
  -107.8597       29.00030       6963.885    
  -102.0485       21.00920       4345.575    
  -102.9150       20.80930       4196.827    
  -100.5432       20.25420       4402.170    
  -101.5743       18.64830       10115.92    
  -102.1622       18.50310       8445.397    
  -100.6358       17.41160       9723.924    
  -90.98400       35.96740       977.7087    
  -102.5958       21.04560       5272.656    
  -98.25740       20.72390       5101.787    
  -100.5388       20.23380       5057.958    
  -92.48230       17.88280       740.2467    
  -96.10580       33.50100       764.2080    
  -110.3448       33.46430       26495.48    
  -104.3941       23.11400       6122.913    
  -102.9156       20.42140       2742.613    
  -105.1464       24.36680       4903.022    
  -70.10410       18.65330       1306.443    
  -97.80160       21.89910       582.7086    
  -100.4777       21.10840       3975.661    
  -101.5620       18.58790       7405.346    
  -101.9946       18.01970       8113.806    
  -101.9716       18.01920       8465.756    
  -112.4924       33.73530       9489.343    
  -105.8598       25.37980       4457.293    
  -99.29410       21.83560       4395.997    
  -103.3160       18.27290       4328.363    
  -99.81660       17.92810       10794.88    
  -99.81300       17.90820       10596.42    
  -110.4067       33.46780       21887.65    
  -115.0727       32.63010       15354.20    
  -100.4732       21.08780       3764.636    
  -98.54810       20.95530       2956.808    
  -101.0519       18.53520       7334.039    
  -77.70840       18.11370       2069.757    
  -97.99790       36.09340       33098.88    
  -107.4037       33.76520       7776.804    
  -102.4212       21.86370       26321.49    
  -105.1812       19.93840       6564.808    
  -77.76400       18.01580       4337.198    
  -102.8490       18.26080       4356.166    
  -101.9689       18.11870       5043.558    
  -99.50080       18.02030       6683.049    
  -95.08090       17.12090       2983.135    
  -90.89170       35.98990       977.7617    
  -98.02440       36.09450       2443.873    
  -97.98860       36.06770       1688.475    
  -100.3891       24.50220       3847.347    
  -101.7968       23.65880       3952.916    
  -103.5045       19.12090       8337.199    
  -98.34540       18.95090       4969.443    
  -95.10200       17.12130       2723.342    
  -108.2305       40.96990       5260.220    
  -101.9332       32.20420       2951.979    
  -107.9080       28.73110       6255.061    
  -105.0657       25.73810       4215.638    
  -97.69890       21.60880       2773.282    
  -101.5017       20.13780       2536.844    
  -102.8472       19.72880       8007.378    
  -102.4337       18.15030       4564.806    
  -98.00720       36.11910       1361.436    
  -98.01510       36.06880       9761.874    
  -110.3898       33.49110       24626.54    
  -108.7822       28.34370       8593.191    
  -104.0456       20.86360       4122.453    
  -104.0403       20.84290       4190.831    
  -101.9650       18.65820       8738.641    
  -100.3796       18.31930       5883.015    
  -93.94640       36.98060       7728.668    
  -97.97140       36.09230       11415.80    
  -107.3100       27.40710       4894.256    
  -105.3960       19.92460       8542.402    
  -69.00240       18.63960       2446.787    
  -100.6259       18.66470       5698.738    
  -95.79810       18.29890       3045.843    
  -93.97210       36.98150       7647.838    
  -97.85720       35.03560       5198.042    
  -103.3438       18.29360       3730.243    
  -102.3085       17.98770       5625.851    
  -109.8013       43.67280       7212.595    
  -110.3589       33.48940       11918.52    
  -106.6144       27.86580       6017.346    
  -102.6504       18.19580       4643.072    
  -99.90850       31.90720       7274.190    
  -99.88290       31.90620       4638.741    
  -98.33830       20.90920       809.7422    
  -102.0270       19.06110       5829.296    
  -98.63000       16.48230       8478.401    
  -98.40620       29.31510       3108.416    
  -106.6881       34.78390       10517.75    
  -106.6586       34.78230       14611.72    
  -106.7046       34.76000       1545.611    
  -106.6752       34.75840       75046.74    
  -106.6457       34.75680       38562.52    
  -106.6623       34.73290       24550.30    
  -98.39960       29.29220       21715.07    
  -98.37530       29.29140       1562.805    
  -109.5359       27.15160       5630.265    
  -104.0927       22.91520       4862.284    
  -98.24540       20.66260       739.3712    
  -101.6125       20.22200       2440.464    
  -102.9531       19.16630       6733.406    
  -102.9297       19.16570       5632.358    
  -118.1221       39.57800       10087.56    
  -98.16030       20.68080       5455.643    
  -98.02210       17.29560       1484.171    
  -97.96420       21.82100       815.1177    
  -97.89260       22.77000       1291.511    
  -97.88820       22.74910       1020.791    
  -99.32170       21.75400       2755.781    
  -98.99790       36.03510       6387.707    
  -114.9750       32.48000       8204.938    
  -107.6599       28.78750       4691.888    
  -98.02230       25.92660       3542.375    
  -108.0104       40.92760       8257.179    
  -108.2888       32.96460       32648.97    
  -108.0596       29.83040       6427.886    
  -100.4021       18.31990       3699.142    
  -110.8806       38.92500       8543.194    
  -98.74700       21.16450       4384.233    
  -102.2609       18.42560       11127.51    
  -108.2969       33.20620       7578.357    
  -112.9426       33.34790       65565.77    
  -112.9100       33.34600       67841.34    
  -110.9446       30.62220       7218.468    
  -99.31720       21.73330       873.1076    
  -91.05170       36.04510       573.1560    
  -92.06850       31.05870       946.9811    
  -122.5023       38.19830       7750.046    
  -112.9582       33.37320       23213.11    
  -112.9256       33.37120       21762.14    
  -112.9270       33.32270       38904.55    
  -112.8945       33.32080       41408.84    
  -98.13100       20.98550       551.1849    
  -120.0464       34.64500       7003.258    
  -112.9752       33.34990       18673.71    
  -112.8775       33.34410       18896.58    
  -108.3013       32.98940       74794.68    
  -101.2647       23.43170       2826.862    
  -70.17060       18.39680       3991.571    
  -102.3685       18.16860       1659.112    
  -108.0717       41.55090       5471.624    
  -122.5329       38.22730       10665.72    
  -107.6000       27.39750       9751.360    
  -98.94710       22.11490       661.9952    
  -108.8735       39.95960       5198.042    
  -107.0653       33.60130       6840.233    
  -109.3176       33.43120       20570.80    
  -115.5574       37.33880       8081.776    
  -98.30520       21.52170       482.4063    
  -111.1395       39.48200       7371.973    
  -97.85210       21.81810       597.1110    
  -104.2375       20.58280       10350.49    
  -122.0564       38.48270       79054.61    
  -101.8957       35.28780       4675.751    
  -114.5577       34.97540       9468.200    
  -106.9070       25.57240       3358.609    
  -104.1481       22.33270       21528.78    
  -107.5257       39.57410       5645.721    
  -122.0261       38.45360       23363.00    
  -118.3408       34.92670       11932.06    
  -108.8949       26.26480       9547.991    
  -96.13690       19.10250       5037.726    
  -113.3043       36.15620       7859.242    
  -113.5104       32.99410       28667.64    
  -113.4948       32.96900       9136.584    
  -107.2196       32.52540       2901.357    
  -113.5432       32.99610       20491.82    
  -113.4776       32.99210       31723.03    
  -113.5276       32.97100       31090.93    
  -113.4620       32.96710       31717.16    
  -113.4791       32.94390       12756.07    
  -92.07860       31.10530       1085.175    
  -108.7819       40.25590       6939.013    
  -122.0116       38.47920       58576.21    
  -106.7882       28.63520       5583.544    
  -109.1514       26.49520       4422.104    
  -104.2565       21.75540       7606.408    
  -119.1342       34.20940       3431.765    
  -98.55580       23.62360       3593.679    
  -101.9262       45.21410       5745.205    
  -108.9897       40.51820       8207.436    
  -115.9486       39.55020       9594.910    
  -108.2718       32.98780       35921.89    
  -108.2592       32.96310       24501.30    
  -115.9100       39.54740       9450.986    
  -102.7200       18.19750       4956.799    
  -108.5270       41.55270       7212.595    
  -114.9238       32.50090       1923.894    
  -108.3036       26.87580       4339.442    
  -102.8259       44.80680       6304.803    
  -110.3111       39.88970       12164.39    
  -109.3042       33.40620       17446.20    
  -109.0418       26.29310       1614.389    
