  -112.6562       51.41260       46.78606    
  -107.5797       48.46820       44.03394    
  -114.2117       46.28490       8.743917    
  -109.0034       45.71900       200.3911    
  -108.9660       45.71630       193.4225    
  -112.1818       45.58670       1448.020    
  -105.4094       45.00220       40.07088    
  -114.4182       41.01040       945.9750    
  -114.3799       41.00760       1611.344    
  -114.3929       40.98050       499.6644    
  -114.3547       40.97770       203.2463    
  -121.5423       40.37190       1061.660    
  -108.5375       39.39340       233.6402    
  -108.5195       39.36520       995.4090    
  -108.4868       39.36310       1670.372    
  -120.0624       39.89380       1700.643    
  -120.0190       39.89030       2591.811    
  -120.0757       39.86740       753.7543    
  -120.0323       39.86390       1840.504    
  -119.9890       39.86050       1777.080    
  -120.0456       39.83760       284.4210    
  -120.0023       39.83420       1037.023    
  -122.5443       39.32970       406.2139    
  -122.4980       39.32590       872.1036    
  -122.4519       39.32220       600.1561    
  -122.5118       39.29990       344.4653    
  -122.4656       39.29610       1269.782    
  -122.4195       39.29240       650.1566    
  -88.01220       34.22910       40.96926    
  -116.9035       34.10980       788.1542    
  -116.8673       34.10740       1073.068    
  -116.8312       34.10510       210.6208    
  -116.9567       34.08860       790.9780    
  -116.9205       34.08620       2696.115    
  -116.8843       34.08390       4006.060    
  -116.8482       34.08150       771.5187    
  -116.8122       34.07910       1593.646    
  -116.9375       34.06270       1877.795    
  -116.9014       34.06030       2036.602    
  -116.8292       34.05560       666.8595    
  -99.11680       31.17450       119.0117    
  -99.09170       31.17350       154.3379    
  -99.13430       31.15190       155.0849    
  -99.10930       31.15090       36.26577    
  -99.08420       31.15000       65.57911    
  -101.3748       30.15460       35.95429    
  -109.6423       30.50830       150.9814    
  -106.2363       25.87070       29.55949    
  -93.18470       17.89460       30.38777    
  -93.11510       17.83420       36.57983    
  -111.4584       50.12300       62.69331    
  -122.6437       43.82510       274.2296    
  -114.4052       41.03750       1430.311    
  -118.2855       34.72300       354.9951    
  -116.8865       34.13330       2168.453    
  -116.8462       34.03210       2155.554    
  -116.8102       34.02970       294.3297    
  -112.9922       45.24760       144.2180    
  -114.4435       41.04030       1455.055    
  -114.4565       41.01330       289.7188    
  -114.4311       40.98340       120.4145    
  -99.10180       31.12740       72.80736    
  -122.7691       47.02140       152.1817    
  -108.9285       45.71350       179.3282    
  -121.7113       45.22420       323.1367    
  -112.1279       37.00460       173.2038    
  -112.1095       36.97750       116.3527    
  -99.14190       31.17540       96.51221    
  -106.1239       25.84450       28.27858    
  -113.3569       51.73320       8.185797    
  -105.4906       45.31640       25.59472    
  -123.3972       42.77320       223.5602    
  -111.5192       39.78000       38.80490    
  -107.1414       38.47620       52.18963    
  -99.12680       31.12840       79.82526    
  -116.0513       52.69800       280.7173    
  -110.7289       51.90800       57.73950    
  -113.3090       51.72880       8.008211    
  -108.8481       50.43860       30.09570    
  -108.5047       39.39130       4348.634    
  -107.4433       39.13630       24.15083    
  -112.1472       38.39520       28.47083    
  -115.4878       52.07980       178.2866    
  -112.4082       51.68460       7.855997    
  -107.5246       46.88150       32.97041    
  -104.8132       46.27560       30.82376    
  -121.7228       47.60110       511.9234    
  -105.9612       45.84760       34.84185    
  -123.7064       46.69570       121.5767    
  -114.4149       45.86070       37.92423    
  -121.0298       45.50170       10.40983    
  -114.3417       41.00470       240.0175    
  -114.3321       52.04550       8.866535    
  -111.4449       50.97880       82.78379    
  -114.5878       50.86180       255.0160    
  -108.6786       50.21170       47.66673    
  -114.9601       47.01940       345.3446    
  -123.0406       44.97830       30.64636    
  -116.4535       49.69240       91.33883    
  -108.9395       45.68310       144.4313    
  -108.9021       45.68030       155.9352    
  -122.0528       45.10180       281.3411    
  -121.7039       44.21960       149.8666    
  -122.4827       43.84040       346.3427    
  -114.4818       41.04320       204.9657    
  -99.09920       31.19710       78.05015    
  -99.06660       31.17260       113.7805    
  -116.4981       52.43910       273.9800    
  -114.0836       51.83670       8.642442    
  -122.9876       44.97340       24.84792    
  -104.8336       42.08650       24.54892    
  -114.5254       51.72980       17.17918    
  -114.4759       51.68830       73.25003    
  -106.9784       49.86720       38.85995    
  -108.5757       49.88620       34.49704    
  -106.4180       49.09580       21.13439    
  -113.5208       47.12420       107.4869    
  -106.0973       42.25160       29.00735    
  -104.1175       40.68850       17.77870    
  -114.4306       41.06740       480.3479    
  -114.5202       41.04610       207.4789    
  -112.3421       52.35050       7.762977    
  -114.0346       51.83220       6.308475    
  -107.8382       48.99710       20.65857    
  -106.5698       48.56180       27.85146    
  -110.5678       44.72310       37.15363    
  -123.7515       45.25940       369.5487    
  -122.4081       44.10280       260.3808    
  -113.9861       51.71680       5.691158    
  -110.2731       50.12940       51.40962    
  -106.5389       49.38070       26.72529    
  -111.4991       49.56690       47.99699    
  -106.1871       48.16400       40.12592    
  -122.9347       44.96850       71.92830    
  -122.0783       44.76790       216.0899    
  -121.0802       43.15430       87.51744    
  -106.2047       41.97140       26.47540    
  -121.0617       43.06470       73.42658    
  -117.2104       42.27790       93.31981    
  -115.4914       41.11930       53.33611    
  -108.5703       39.39550       950.1966    
  -110.8842       51.66160       48.10707    
  -114.5460       48.19660       251.0236    
  -121.7040       47.86130       363.4425    
  -112.8681       46.49220       45.13478    
  -112.9518       45.24440       185.6856    
  -106.4615       44.46160       29.94308    
  -106.4651       44.37090       28.67710    
  -122.2909       44.75680       393.0042    
  -122.4405       43.80680       361.4391    
  -115.4010       40.30460       61.31725    
  -107.8348       39.62060       52.00683    
  -109.3082       34.06490       16.49827    
  -106.9658       49.58640       27.02583    
  -106.5000       49.37780       23.98932    
  -107.2528       48.64640       32.59375    
  -107.8001       43.94990       28.45693    
  -122.8158       45.01870       10.78191    
  -122.6892       44.42920       221.0435    
  -106.2517       41.94570       21.49407    
  -121.0239       43.03220       395.7490    
  -105.9123       38.85680       20.58587    
  -114.3297       51.89660       10.27453    
  -115.3192       51.58320       192.8839    
  -120.4019       47.96720       364.8076    
  -113.2076       47.16290       387.0156    
  -121.0916       47.41070       344.3465    
  -109.5853       44.77250       54.93139    
  -120.6726       45.50020       61.06039    
  -122.0856       44.73810       253.5499    
  -116.3278       40.56840       124.3960    
  -115.8153       40.36330       67.53704    
  -114.4000       48.25060       69.51859    
  -113.6115       47.48970       41.99736    
  -120.7966       46.80260       524.5046    
  -122.8147       46.61010       226.0768    
  -120.5601       43.84880       102.0028    
  -117.0311       42.29230       78.60435    
  -116.0075       39.74540       105.2019    
  -112.0555       49.68350       50.03356    
  -121.3318       47.72710       340.6036    
  -112.9678       46.91690       12.98903    
  -121.2508       47.42580       114.0996    
  -112.8595       46.52340       139.9149    
  -107.6861       46.09480       28.45693    
  -123.0360       47.17600       277.2238    
  -120.5532       45.58250       98.91122    
  -123.3789       45.78200       339.3560    
  -112.3581       44.37300       60.96407    
  -123.2076       44.71930       8.507139    
  -122.8156       44.35020       154.0913    
  -107.2603       42.55800       32.25485    
  -114.0666       40.76080       15.27871    
  -116.0523       40.13270       54.98738    
  -113.2472       47.36130       175.5419    
  -107.6432       45.12410       37.59398    
  -83.16390       42.30190       15.33273    
  -123.6228       44.57550       431.6807    
  -114.4689       41.07030       411.1769    
  -106.8952       40.16380       31.25894    
  -119.9590       39.83070       1015.930    
  -107.7215       38.27240       27.41112    
  -114.3831       48.34930       257.5113    
  -123.1518       44.50180       11.12862    
  -119.8177       43.31020       95.92471    
  -112.1232       42.52110       47.17135    
  -119.9457       39.85710       1179.206    
  -114.2211       48.23510       9.115999    
  -113.0198       47.05030       142.4768    
  -120.3283       47.17690       79.97664    
  -119.8329       43.84510       96.70162    
  -114.9946       43.03110       75.02282    
  -115.9598       40.23600       56.30840    
  -114.1478       48.39590       253.0198    
  -120.2985       47.01290       100.8377    
  -119.9757       39.88690       291.8349    
  -121.4906       47.18940       244.2864    
  -121.6079       47.10370       317.8967    
  -112.2218       45.58990       795.7398    
  -122.8025       42.40170       101.8201    
  -121.3083       42.12870       13.62326    
  -114.3670       41.03460       222.6345    
  -113.7732       47.76590       168.4041    
  -121.9641       48.18340       327.8777    
  -120.7904       47.25250       317.8967    
  -122.7760       46.47940       197.5408    
  -120.5335       45.92370       8.896133    
  -120.7630       45.32280       119.0567    
  -114.3283       44.49770       81.07215    
  -121.8039       44.22860       165.8917    
  -121.2831       44.09200       21.02380    
  -120.7570       42.68830       350.0856    
  -114.3923       41.06460       407.6458    
  -115.7498       40.41370       57.84958    
  -120.7383       47.24760       267.2428    
  -120.5467       45.61290       13.14124    
  -120.5365       45.20990       200.1859    
  -114.9425       43.37990       36.98851    
  -120.8319       43.45680       147.1546    
  -115.4245       40.50010       67.00151    
  -110.9238       39.54900       35.33723    
  -121.9100       48.14500       346.8991    
  -122.3478       46.82080       253.7684    
  -112.7255       44.25040       46.67598    
  -122.7765       44.95390       12.24487    
  -122.0956       43.92500       274.1024    
  -122.2301       43.81770       298.6831    
  -115.1304       43.21800       69.62866    
  -120.9063       47.16650       262.2523    
  -113.4874       43.94920       106.1186    
  -121.2768       43.94170       263.7495    
  -113.7867       40.15860       31.25264    
  -122.9487       45.15370       12.08420    
  -118.8403       34.78600       184.2466    
  -122.6799       46.37520       256.5132    
  -118.8019       34.78340       133.5131    
  -113.5850       48.78510       251.0236    
  -121.3609       39.15310       137.2841    
  -120.7838       45.23220       68.50028    
  -120.0205       43.86140       89.02399    
  -120.0782       49.79460       281.7154    
  -119.5379       49.36310       318.6452    
  -111.7290       34.72430       24.45940    
  -121.3304       39.12360       58.73951    
  -101.7973       31.35190       48.92327    
  -121.5093       40.34150       621.6429    
  -70.34600       18.92870       124.5174    
  -110.4660       33.51980       153.6732    
  -94.92700       29.38230       6.492119    
  -110.4155       33.58990       2043.498    
  -88.56710       33.44340       22.36668    
  -81.02320       46.49280       9.711499    
  -97.18790       34.63830       23.99849    
  -116.9227       34.13570       785.5092    
  -110.8616       33.42080       29.69326    
  -121.8483       49.34960       571.2492    
  -95.21810       34.17270       766.2079    
  -96.23110       31.74650       3.644708    
  -96.22440       31.72280       13.79882    
  -85.11130       30.46950       21.23417    
  -107.8742       34.01030       37.77630    
  -85.51970       30.56780       20.86108    
  -113.0108       38.34720       207.9510    
  -99.63690       28.32580       16.64116    
  -113.0461       38.34960       133.7171    
  -87.34360       32.77080       48.76647    
  -92.21770       31.52720       18.95344    
  -84.51060       30.96480       9.813812    
  -93.25750       44.68010       3.238801    
  -83.39400       31.64310       18.50151    
  -84.50790       30.94180       13.71951    
  -83.41620       31.64340       22.59270    
  -90.51370       19.41810       4.181365    
  -95.48460       45.42740       4.231019    
  -87.67010       30.86070       188.0132    
  -87.64760       30.86020       86.39135    
  -65.82270       18.13150       25.73233    
  -94.69350       30.81260       204.6791    
  -97.04340       34.58340       32.77162    
  -94.68770       30.78930       82.67159    
  -93.14980       36.13720       25.98920    
  -84.13070       31.30550       2.592592    
  -85.09420       31.04340       2.469269    
  -96.35370       19.50780       21.88010    
  -81.94410       26.89160       24.69570    
  -97.51880       38.08410       21.57663    
  -92.19430       31.52650       28.18427    
  -88.68850       17.37580       15.48377    
  -94.66980       30.81180       56.19831    
  -96.51580       41.19070       3.018935    
  -97.39260       38.74040       21.02621    
  -87.67370       30.88380       85.13133    
  -110.4350       33.51800       360.8608    
  -95.58500       16.81610       12.44444    
  -89.61730       31.78580       31.77645    
  -94.66400       30.78860       137.2382    
  -84.23180       30.25050       12.26854    
  -110.0166       27.17360       10.01238    
  -98.73220       21.63550       4.165623    
  -99.05910       31.14900       25.04430    
  -88.82810       17.37750       32.28717    
  -88.80810       17.37730       57.58025    
  -88.80630       17.35770       31.23146    
  -89.06100       15.74620       35.31620    
  -85.23070       31.76500       21.41195    
  -110.2321       27.47220       63.34048    
  -87.48540       21.14280       34.87172    
  -85.23370       31.78840       24.94096    
  -88.98560       19.19580       11.43687    
  -91.57280       17.80910       2.236718    
  -89.62170       31.80930       16.53395    
  -85.35590       30.84040       11.51223    
  -84.91600       30.48930       24.14133    
  -109.7397       26.91770       3.999877    
  -94.45390       35.80440       18.19840    
  -110.4013       33.56480       437.6544    
  -115.6522       32.66550       6.714382    
  -109.2391       27.35980       107.4628    
  -102.8640       45.39540       59.48985    
  -90.90980       36.26830       2.897727    
  -86.19470       31.61900       131.3901    
  -80.47600       27.05210       28.27172    
  -108.7984       25.95500       60.55277    
  -84.86240       31.85220       78.35130    
  -109.6237       27.80040       467.0216    
  -109.3688       27.78860       65.71069    
  -81.96500       26.89180       23.12491    
  -97.35860       38.79220       3.302224    
  -95.20040       32.82180       41.48919    
  -89.05320       32.07690       34.62430    
  -108.1968       25.36530       6.866597    
  -110.4492       33.54320       185.9239    
  -81.73400       26.86790       6.995558    
  -119.1612       45.79980       225.6539    
  -119.1133       45.79550       799.2011    
  -103.0560       42.03800       65.61056    
  -88.02740       32.21810       3.664045    
  -81.36130       27.21190       86.52183    
  -85.88820       33.09880       45.39493    
  -81.38220       27.21210       108.3418    
  -95.19310       34.17190       145.9385    
  -109.6054       27.82190       51.68483    
  -109.4070       27.81270       50.36381    
  -108.4540       39.36110       2266.592    
  -108.4688       39.33500       376.3869    
  -99.38960       33.84660       56.44850    
  -80.52870       27.59750       39.77073    
  -80.54860       27.22660       6.902537    
  -95.24300       34.17360       189.2840    
  -95.21090       34.14810       64.85098    
  -94.86560       31.02590       95.06956    
  -80.54970       27.59770       6.464918    
  -80.56930       27.57600       26.22965    
  -81.32670       26.69100       6.347938    
  -81.13980       26.68930       7.833445    
  -97.74430       46.81070       7.609940    
  -110.4181       33.54140       719.7098    
  -87.06860       32.62270       192.4768    
  -86.19800       31.64240       8.092775    
  -109.3788       27.81140       71.43276    
  -81.14110       26.71100       8.464857    
  -86.00170       15.65620       2.545376    
  -95.18590       34.14720       111.5625    
  -99.39840       33.87130       61.10932    
  -81.78580       27.30310       50.95252    
  -81.75480       26.86810       38.38292    
  -96.58260       42.18860       8.388749    
  -109.6117       27.19940       39.41037    
  -116.4003       46.09090       10.16459    
  -104.9710       36.19780       35.33723    
  -95.47780       35.04280       39.24843    
  -89.25470       33.38800       12.18060    
  -85.91100       33.09920       66.63090    
  -81.35980       27.19010       46.89613    
  -110.4802       33.54490       133.8407    
  -107.6676       30.06420       39.68558    
  -117.2429       35.96170       45.67694    
  -99.37230       33.87020       48.49237    
  -99.36350       33.84550       91.09520    
  -111.4973       33.67660       83.35716    
  -110.4634       33.56830       649.1847    
  -94.89690       29.83440       4.262025    
  -81.39580       27.10340       92.04214    
  -90.24580       18.85650       21.86049    
  -97.42330       38.18520       12.65923    
  -95.82850       18.63740       37.61048    
  -88.32890       16.90240       62.27612    
  -97.41330       38.15850       154.7242    
  -99.08850       34.37110       34.34647    
  -99.06230       34.37000       32.25485    
  -95.22530       34.19740       55.89004    
  -110.4323       33.56650       691.6479    
  -119.1592       47.13330       38.39488    
  -83.27060       30.44230       31.57177    
  -89.05440       37.93990       2.520007    
  -96.18900       32.95170       27.12181    
  -98.14810       21.51770       4.380415    
  -111.5455       41.08270       45.29992    
  -97.34160       38.81820       36.08948    
  -83.26830       30.41940       19.54006    
  -93.11760       17.85400       4.494577    
  -90.66250       16.48420       19.79459    
  -119.1097       47.12880       36.42171    
  -97.53900       38.13760       94.30340    
  -97.51180       38.13640       88.34308    
  -108.4720       39.38930       8304.329    
  -111.3053       35.49860       62.73269    
  -111.3542       35.52670       68.93774    
  -87.07240       32.64650       66.86579    
  -83.62680       30.92870       2.266315    
  -109.6338       27.82330       61.09708    
  -109.2918       40.34440       28.51197    
  -97.85910       37.29010       9.238618    
  -97.83220       37.28890       41.17340    
  -86.44880       35.50070       16.12743    
  -116.3121       46.46300       709.6533    
  -97.33120       38.79100       60.14302    
  -98.57600       37.01150       12.33451    
  -98.54900       37.01030       63.68074    
  -98.56600       36.98530       12.50702    
  -109.6204       27.15550       46.01546    
  -71.52200       19.77760       24.05338    
  -88.34870       16.90260       100.7764    
  -119.0083       35.12330       6.283106    
  -84.40190       31.35600       6.190085    
  -115.9087       31.51130       1258.646    
  -115.8747       31.50930       1167.692    
  -107.7781       24.87410       4.546724    
  -97.68920       36.97310       56.52360    
  -88.37780       32.91260       43.50103    
  -84.40470       31.37920       7.365525    
  -96.69390       36.21720       23.50311    
  -115.7509       30.70210       37.42500    
  -98.70710       21.94340       4.185918    
  -98.40920       37.54770       64.21249    
  -98.53900       36.98410       15.99105    
  -108.2072       25.32250       4.879343    
  -92.13820       16.31060       21.87403    
  -116.2671       46.45910       1007.908    
  -98.41950       37.57420       10.32526    
  -98.38200       37.54650       16.06716    
  -98.39900       37.52120       61.09708    
  -97.62930       37.38380       6.254917    
  -118.4650       37.33770       61.14687    
  -108.9897       40.51820       32.53007    
  -108.3378       35.09860       27.90651    
  -115.9247       31.53590       98.42961    
  -115.8907       31.53390       97.03991    
  -109.3158       41.04160       967.4381    
  -95.22100       37.05360       44.17704    
  -97.69870       36.99930       11.50634    
  -110.3845       33.58820       2403.347    
  -83.49060       30.67410       90.60971    
  -79.53530       22.18430       2.147926    
  -109.2954       41.01220       227.8906    
  -108.8457       25.86990       4.025246    
  -104.0660       40.16030       38.14440    
  -110.0364       27.21880       10.02083    
  -110.0265       27.19620       17.39904    
  -95.75370       48.76770       7.406397    
  -110.1799       40.40360       49.17342    
  -97.31480       38.18050       28.01659    
  -83.49300       30.69710       119.9130    
  -110.1312       45.83460       39.08012    
  -97.38980       38.87370       14.77502    
  -118.5018       34.36460       386.0068    
  -115.9624       31.89430       1374.173    
  -115.9282       31.89220       2993.393    
  -96.59510       28.40230       20.78414    
  -98.79890       38.19380       50.02070    
  -118.5225       34.39090       205.8468    
  -114.9939       32.40920       99.21515    
  -109.6301       27.17800       3.297996    
  -102.8914       49.01880       13.62326    
  -97.32080       38.76390       7.839083    
  -98.82650       38.19510       10.97641    
  -118.5396       34.36720       31.19775    
  -115.8588       31.48470       319.2812    
  -98.10160       37.30060       96.27451    
  -99.30640       29.00860       22.99803    
  -98.11160       37.32690       196.8317    
  -98.12860       37.30170       10.45211    
  -115.8408       31.50720       107.4035    
  -115.8928       31.48670       163.3870    
  -115.9445       31.91700       187.6612    
  -90.06860       33.81880       7.221766    
  -91.46440       31.69300       8.261904    
  -115.9461       31.86950       286.7139    
  -115.9119       31.86750       706.1156    
  -83.32350       30.53440       73.35680    
  -111.7212       28.87050       57.12526    
  -81.22020       27.60350       14.07638    
  -89.96440       19.96980       24.49307    
  -119.2423       46.62750       49.74900    
  -119.4222       45.72950       309.5311    
  -119.3739       45.72520       74.23535    
  -119.3808       45.69460       33.56768    
  -97.58220       38.88220       12.45628    
  -91.48270       31.67020       8.566334    
  -91.45940       31.66950       41.63436    
  -98.51200       21.54760       4.379207    
  -98.08560       20.63830       15.18663    
  -97.77640       46.81240       5.454378    
  -97.76940       36.97650       12.58876    
  -106.0155       32.87150       249.2032    
  -101.4631       26.88850       24.56029    
  -97.69290       37.41250       9.551503    
  -97.60010       37.30480       9.953184    
  -97.74260       36.97540       11.31466    
  -108.1826       25.25670       5.826460    
  -97.75980       36.95040       11.86433    
  -119.1201       45.76490       29.93566    
  -115.7844       30.70410       49.98595    
  -108.2095       25.25780       5.623507    
  -88.75010       17.39610       38.79125    
  -115.8940       31.89020       229.5673    
  -115.7827       31.66960       180.2782    
  -98.51620       21.56820       4.824377    
  -116.3754       39.20220       64.34589    
  -107.3748       24.62210       3.906857    
  -97.96380       19.02230       16.67785    
  -119.3327       45.69030       21.72449    
  -111.2486       28.25930       100.3576    
  -115.7988       31.69430       143.9099    
  -111.2375       28.23620       93.95962    
  -108.8072       25.97720       5.524848    
  -115.7488       31.66760       137.1006    
  -97.56610       38.13880       135.1739    
  -97.55600       38.11200       77.33459    
  -97.71980       37.41360       9.919358    
  -116.2969       43.51830       241.2799    
  -97.80720       38.97250       44.63940    
  -97.30940       36.57290       22.00778    
  -112.1355       36.00520       65.86839    
  -99.99950       34.72990       65.25278    
  -97.58640       38.19230       65.77569    
  -97.84590       37.67920       43.07182    
  -112.7529       38.03860       80.34096    
  -97.28300       36.57180       10.32526    
  -97.30020       36.54700       22.76886    
  -93.16730       36.28970       16.56777    
  -99.41560       33.84770       40.23601    
  -108.8632       25.91420       4.515718    
  -107.7328       24.89380       7.572707    
  -108.4392       39.38720       184.5892    
  -108.4213       39.35900       185.7866    
  -97.02510       38.40580       61.39982    
  -97.61370       38.19350       57.68446    
  -98.47100       37.70680       41.61206    
  -118.5667       35.47040       859.4273    
  -115.8249       31.48260       84.64839    
  -97.83660       21.40730       2.126785    
  -97.77900       37.00270       11.77977    
  -100.0261       34.73110       68.03242    
  -97.05230       38.40690       114.7359    
  -98.60330       38.44910       5.779950    
  -97.80580       37.00380       24.26141    
  -115.4648       35.58750       277.1717    
  -115.4291       35.58510       185.3068    
  -116.3390       43.52170       30.04982    
  -109.2815       41.03930       495.1709    
  -109.2611       41.00990       244.6635    
  -114.9840       35.80870       275.9378    
  -114.7729       33.60560       910.8051    
  -114.7389       33.60340       967.9304    
  -114.7559       33.58010       915.1008    
  -107.7594       24.89480       112.3311    
  -107.7515       24.87300       8.342238    
  -107.7249       24.87200       11.94466    
  -110.9397       40.67720       295.1129    
  -97.17050       38.86410       132.8206    
  -114.9486       35.80630       159.5546    
  -108.8843       25.76270       20.25561    
  -108.1475       25.23370       6.020957    
  -106.5562       42.86100       99.71853    
  -106.5361       42.83050       115.5891    
  -97.45780       38.76990       34.95193    
  -114.9646       35.78200       518.9106    
  -115.3612       35.63110       431.4403    
  -118.5281       35.46770       242.6095    
  -119.6443       49.37340       78.98586    
  -115.0194       35.81100       137.6490    
  -115.0000       35.78440       175.0408    
  -114.9292       35.77970       102.5165    
  -115.3807       35.65770       203.3046    
  -115.3968       35.63350       298.9707    
  -115.3256       35.62880       164.2465    
  -115.3417       35.60460       384.3387    
  -118.4414       34.78360       1288.380    
  -115.9787       31.91910       121.4711    
  -115.8777       31.86540       270.6061    
  -97.33590       36.57400       10.93413    
  -118.5446       35.44360       200.0907    
  -112.1396       34.32810       117.2667    
  -118.4626       34.81000       732.6656    
  -118.4246       34.80740       427.0684    
  -118.4794       34.78620       802.8611    
  -118.4034       34.78100       701.1319    
  -118.4582       34.75980       451.3352    
  -118.4202       34.75720       1247.006    
  -118.3822       34.75460       350.8405    
  -118.3233       34.72560       367.6733    
  -118.6019       39.56050       207.3875    
  -120.0749       35.37480       1367.677    
  -118.5769       34.81790       293.7609    
  -118.5387       34.81530       1061.844    
  -118.5006       34.81260       466.3705    
  -118.5556       34.79140       483.4167    
  -118.5174       34.78880       1844.506    
  -118.3023       34.69920       236.3615    
  -120.0583       35.39880       1552.146    
  -120.0348       35.37190       1615.655    
  -115.3928       33.79120       441.4788    
  -115.3581       33.78900       338.9873    
  -113.4948       32.96900       3.678534    
  -115.8429       31.46010       156.0053    
  -98.22240       37.61750       58.75779    
  -112.1182       35.97870       112.1290    
  -120.0984       35.40170       1329.453    
  -120.0182       35.39600       391.0795    
  -120.1151       35.37760       1850.188    
  -119.9948       35.36910       505.6270    
  -120.0916       35.35070       1734.048    
  -120.0515       35.34790       2247.193    
  -120.0115       35.34500       1362.293    
  -115.3235       33.78690       115.1345    
  -109.7246       27.20450       5.691158    
  -109.6963       27.20320       34.67672    
  -120.1100       36.39610       7.762976    
  -120.1220       35.42870       407.9200    
  -120.0818       35.42580       302.3982    
  -120.1386       35.40460       1167.183    
  -119.9715       35.34220       176.7684    
  -120.0682       35.32380       978.3500    
  -120.0281       35.32100       1683.610    
  -110.4466       33.59170       131.2934    
  -110.2339       27.53910       30.71053    
  -108.2177       25.27970       4.701758    
  -106.9379       37.38660       112.6189    
  -110.4040       33.51630       114.0220    
  -110.8892       47.46300       38.85995    
  -97.22540       40.47000       2.545376    
  -106.6910       39.46870       100.5591    
  -97.79480       38.38630       89.03111    
  -110.3987       33.61330       710.0691    
  -110.3535       33.58640       321.7294    
  -110.3703       33.56300       147.8960    
  -100.4528       43.43450       17.01061    
  -99.74220       42.43070       14.35394    
  -97.48420       38.34620       3.365647    
  -120.3758       46.50850       93.35195    
  -100.4996       43.46670       16.05897    
  -110.0205       43.42160       146.4720    
  -99.62670       42.25150       21.41150    
  -97.80520       38.41330       78.05257    
  -99.19220       38.15920       17.48643    
