  -116.1348       50.11640       27335.56    
  -116.6177       47.22810       2280.510    
  -119.8111       44.74730       2832.172    
  -121.6497       44.82030       27296.91    
  -121.5992       44.81570       113509.7    
  -121.6066       44.78590       70393.41    
  -121.5562       44.78140       80311.55    
  -121.7223       44.73550       108164.6    
  -121.6322       44.48460       67617.55    
  -121.5821       44.48010       15258.73    
  -120.5856       44.09030       81309.60    
  -120.5943       44.06110       52263.56    
  -120.5462       44.05680       90659.30    
  -121.9796       43.79540       3413.564    
  -123.4734       41.23290       6142.308    
  -106.1189       39.89700       7808.887    
  -106.0872       39.89510       8709.333    
  -106.0539       39.83840       25257.25    
  -120.7927       40.36590       38780.19    
  -120.7480       40.36230       48683.12    
  -108.7565       39.48860       14173.63    
  -120.7161       40.33200       85143.57    
  -120.8183       40.31260       60164.67    
  -120.7864       40.28240       92528.73    
  -122.7882       40.19840       66611.22    
  -122.7408       40.19450       50383.61    
  -122.8010       40.17190       239370.8    
  -122.7536       40.16800       105236.8    
  -122.7063       40.16400       64768.33    
  -122.8139       40.14540       173734.1    
  -122.7665       40.14140       177893.4    
  -122.7192       40.13750       91835.95    
  -122.6720       40.13360       45836.07    
  -122.7795       40.11490       104957.8    
  -122.7321       40.11100       153787.1    
  -122.6849       40.10710       149828.8    
  -122.6378       40.10320       52193.19    
  -122.7451       40.08450       87287.85    
  -122.6979       40.08060       133526.3    
  -122.6507       40.07670       96472.50    
  -121.0132       39.91520       72801.13    
  -120.9686       39.91160       168800.5    
  -120.9240       39.90800       175595.5    
  -120.9818       39.88520       71508.99    
  -120.9372       39.88160       176297.5    
  -120.8927       39.87800       155577.5    
  -120.9060       39.85170       68121.38    
  -120.8616       39.84810       49512.34    
  -122.9523       39.96410       58387.92    
  -122.9049       39.96020       96925.68    
  -122.7630       39.94850       69660.18    
  -122.7159       39.94460       171052.5    
  -122.6689       39.94070       138501.0    
  -122.9180       39.93380       109367.6    
  -122.7290       39.91820       73156.76    
  -122.6820       39.91430       255458.8    
  -122.6350       39.91040       137014.3    
  -122.5881       39.90650       46226.59    
  -122.6482       39.88400       33065.29    
  -122.6878       39.80510       103110.5    
  -122.6409       39.80120       91599.92    
  -122.9839       39.80210       12098.45    
  -122.7950       39.78650       233324.3    
  -122.7480       39.78260       375124.4    
  -122.6542       39.77490       84016.64    
  -122.6074       39.77100       116168.0    
  -122.9972       39.77580       12386.18    
  -122.9498       39.77190       13502.63    
  -122.8554       39.76410       128121.9    
  -122.8083       39.76020       202874.7    
  -122.7613       39.75630       208232.2    
  -122.7143       39.75250       201612.4    
  -122.6675       39.74860       47822.72    
  -122.6207       39.74480       18461.15    
  -122.5739       39.74090       58445.44    
  -122.8216       39.73390       147297.8    
  -122.7746       39.73010       93994.40    
  -122.7277       39.72620       86850.41    
  -122.6808       39.72230       26735.96    
  -122.9765       39.71940       12416.02    
  -122.8350       39.70770       33098.14    
  -122.7879       39.70380       52016.73    
  -122.7410       39.69990       11419.71    
  -122.8954       39.68530       33614.04    
  -122.8483       39.68140       111883.6    
  -122.8013       39.67760       124271.9    
  -122.7544       39.67370       106584.3    
  -122.7075       39.66990       73453.88    
  -122.8617       39.65520       19592.72    
  -122.8147       39.65140       61916.38    
  -122.7678       39.64750       121290.9    
  -122.7209       39.64360       185081.4    
  -122.6741       39.63980       59339.75    
  -122.7812       39.62130       48315.77    
  -122.7343       39.61740       129331.8    
  -122.6875       39.61360       71624.41    
  -122.7478       39.59120       48944.55    
  -122.7010       39.58740       95244.12    
  -122.6543       39.58360       99520.67    
  -122.6077       39.57980       30035.14    
  -122.8081       39.56890       45988.20    
  -122.7613       39.56510       59158.99    
  -98.58630       38.00000       467.3138    
  -123.0097       39.55820       64031.71    
  -122.9626       39.55430       40700.38    
  -122.7280       39.53510       49342.54    
  -122.6813       39.53130       73073.27    
  -122.9761       39.52820       64601.44    
  -122.9290       39.52430       101695.9    
  -122.4450       38.88910       8374.368    
  -122.3993       38.88540       39839.64    
  -122.3536       38.88180       43758.86    
  -122.3081       38.87810       89970.48    
  -122.5050       38.86700       24478.74    
  -122.4592       38.86340       12205.96    
  -122.4135       38.85970       11651.22    
  -122.3678       38.85600       27387.50    
  -122.3222       38.85240       44219.78    
  -122.2767       38.84870       80850.72    
  -122.4733       38.83760       42138.18    
  -122.4276       38.83390       34633.30    
  -122.3820       38.83030       27655.32    
  -122.2454       38.81930       11694.39    
  -122.4418       38.80820       41828.40    
  -122.3962       38.80450       23157.90    
  -122.3506       38.80090       42292.41    
  -122.3648       38.77510       72712.91    
  -122.3193       38.77150       45075.60    
  -122.3478       38.72010       3840.299    
  -122.3024       38.71640       15350.08    
  -122.4989       38.70530       79237.43    
  -122.4532       38.70170       53332.59    
  -122.3621       38.69440       24327.72    
  -122.3167       38.69080       35557.80    
  -122.2713       38.68710       6214.635    
  -122.2260       38.68350       8311.335    
  -122.5132       38.67970       27819.66    
  -122.4675       38.67600       137493.4    
  -122.4220       38.67240       142216.9    
  -122.3765       38.66870       90131.62    
  -122.3310       38.66510       8877.162    
  -97.63970       37.12560       808.5573    
  -97.61300       37.12450       2999.200    
  -122.4819       38.65040       13981.11    
  -122.4363       38.64670       32451.82    
  -122.3908       38.64310       102159.0    
  -122.3454       38.63940       20409.51    
  -123.0486       38.66910       52089.34    
  -122.3598       38.61380       28412.85    
  -122.3144       38.61020       31863.54    
  -123.0629       38.64340       23463.97    
  -123.0165       38.63970       56409.41    
  -122.3288       38.58460       91236.80    
  -122.2835       38.58100       30340.21    
  -123.0773       38.61780       65179.53    
  -123.0309       38.61400       41227.85    
  -122.9846       38.61030       120611.2    
  -122.2979       38.55530       62450.04    
  -122.2527       38.55170       27202.96    
  -122.0724       38.53740       35331.66    
  -123.0454       38.58840       57244.16    
  -122.9990       38.58470       90522.90    
  -122.9528       38.58100       76912.18    
  -123.0135       38.55910       58869.69    
  -122.9672       38.55540       66527.62    
  -122.1463       38.48980       44913.75    
  -122.1013       38.48630       37809.49    
  -122.2961       38.47500       13606.55    
  -122.2509       38.47140       18718.30    
  -122.2058       38.46780       10151.05    
  -122.2655       38.44590       43210.50    
  -122.2204       38.44230       48582.97    
  -122.1753       38.43870       14484.38    
  -122.1899       38.41320       27205.02    
  -122.1595       38.38410       29440.26    
  -122.0843       38.35150       8647.726    
  -122.0396       38.34800       3097.820    
  -122.0990       38.32600       14724.33    
  -122.0542       38.32250       34923.05    
  -122.0095       38.31900       5060.079    
  -122.0241       38.29350       6337.354    
  -121.5754       37.57120       6130.912    
  -121.5320       37.56780       6583.720    
  -121.5472       37.54280       24900.78    
  -121.5038       37.53940       31391.22    
  -121.5625       37.51770       22817.07    
  -121.5191       37.51430       27167.56    
  -121.4757       37.51100       8767.535    
  -121.7520       37.50600       25020.06    
  -121.7083       37.50270       41751.48    
  -121.5343       37.48930       27393.74    
  -121.4910       37.48600       23832.22    
  -121.7236       37.47760       25265.59    
  -121.6800       37.47430       53507.54    
  -121.5063       37.46090       7894.976    
  -121.6954       37.44920       29293.39    
  -121.6518       37.44590       55730.02    
  -121.6672       37.42090       7598.692    
  -121.4937       37.40760       7980.736    
  -121.7261       37.39920       39151.60    
  -121.6826       37.39590       33226.17    
  -121.6391       37.39250       43029.82    
  -121.5090       37.38260       22425.41    
  -121.4658       37.37930       32508.96    
  -121.4226       37.37600       8379.514    
  -121.6980       37.37090       37296.93    
  -121.6545       37.36750       72234.59    
  -121.6111       37.36420       91927.21    
  -122.2445       37.22990       12360.31    
  -122.2004       37.22650       11966.80    
  -122.2600       37.20500       34135.17    
  -122.2160       37.20160       39147.49    
  -122.1719       37.19820       36796.09    
  -113.9079       35.03380       14549.37    
  -113.8738       35.03160       20100.10    
  -113.8901       35.00770       20861.21    
  -113.8560       35.00550       5881.907    
  -118.6611       34.69880       30749.75    
  -118.6230       34.69620       15006.95    
  -118.6398       34.67240       34209.05    
  -118.6017       34.66980       18681.58    
  -110.9506       33.52310       10776.85    
  -110.9361       33.49800       9622.028    
  -97.74610       31.19330       762.7112    
  -98.26620       30.24290       683.1085    
  -109.6423       30.50830       3705.086    
  -94.90250       29.85730       194.2036    
  -113.4622       47.77250       2717.902    
  -115.4350       47.12480       2626.050    
  -106.0706       39.86670       16670.03    
  -106.0373       39.81010       17675.46    
  -97.84430       39.13520       5210.937    
  -120.7608       40.33560       14561.57    
  -122.9292       39.71550       13650.24    
  -122.8821       39.71160       23269.01    
  -122.2857       38.66150       9026.944    
  -97.52320       37.09490       241.7904    
  -122.1174       38.54100       41783.03    
  -122.0275       38.53390       5990.246    
  -122.2349       38.41680       41503.82    
  -113.8255       42.59070       198.1930    
  -114.8401       42.20640       1296.555    
  -108.7382       39.46030       35296.13    
  -122.9426       39.68920       10727.17    
  -122.7145       39.56120       76525.48    
  -122.9155       39.55050       20415.31    
  -122.1029       38.56660       13620.05    
  -110.9048       33.49620       7898.850    
  -98.29080       30.24380       746.1306    
  -106.0223       39.83650       24962.69    
  -108.7200       39.43210       18688.53    
  -122.9998       39.96810       44488.02    
  -122.8706       39.92990       148252.9    
  -111.5034       39.02020       7805.128    
  -122.8821       39.52050       15458.16    
  -122.4076       38.69800       38169.39    
  -118.6186       34.64610       21905.34    
  -117.0934       49.85610       1992.943    
  -108.7053       39.45820       11731.40    
  -108.6723       39.45610       17463.72    
  -108.6871       39.43000       13277.70    
  -108.6542       39.42790       55086.06    
  -123.0301       40.10820       15843.00    
  -122.9088       39.65910       12862.60    
  -122.9963       39.58440       15114.89    
  -98.03780       37.27190       216.6091    
  -98.01080       37.27070       1541.306    
  -122.9702       38.63590       48310.37    
  -122.9383       38.60660       44717.54    
  -122.9210       38.55170       15868.08    
  -121.7543       37.42760       29311.79    
  -121.7107       37.42420       10147.01    
  -91.64790       32.63980       296.6540    
  -121.6877       48.15650       2780.350    
  -121.9843       47.78980       4586.331    
  -108.6394       39.45410       9001.419    
  -108.6179       39.37140       7924.826    
  -108.5851       39.36940       45707.61    
  -122.8485       40.17590       184917.2    
  -122.9707       39.82840       13710.47    
  -122.5446       38.70900       8528.735    
  -122.1913       38.49340       12258.74    
  -121.9795       38.29000       5103.044    
  -71.63830       18.17460       1187.191    
  -111.1473       43.83080       1087.718    
  -119.8154       42.29020       2467.710    
  -108.6360       39.39970       2777.563    
  -108.5999       39.34320       24461.67    
  -108.5671       39.34120       34412.01    
  -120.9554       39.93800       18451.33    
  -122.1318       38.51540       41837.92    
  -118.2194       35.04370       2529.760    
  -108.6032       39.39760       2473.204    
  -116.1826       50.15600       21787.38    
  -116.1332       50.15140       67795.66    
  -116.0856       50.11190       19712.45    
  -122.4282       40.33440       3426.930    
  -120.8795       39.90440       117148.6    
  -98.10160       37.30060       655.1843    
  -102.6803       30.11620       739.8354    
  -119.5448       42.15250       2007.621    
  -122.2312       38.84510       23260.64    
  -122.2001       38.81570       5300.280    
  -123.0701       38.80500       3984.249    
  -122.1158       38.46070       9218.236    
  -107.9140       43.68900       1123.681    
  -120.7033       40.35870       69044.12    
  -122.8357       40.20240       52457.27    
  -121.5899       44.45060       36540.77    
  -122.8268       40.11890       57469.34    
  -122.7924       40.08850       83918.86    
  -122.2909       38.82290       25510.56    
  -71.63880       18.15490       936.4885    
  -110.9511       51.40970       1203.064    
  -121.5363       47.91090       3662.015    
  -104.5998       41.58750       1932.274    
  -120.2454       41.04610       34910.72    
  -120.8483       39.87440       44864.14    
  -122.9631       39.74560       12241.24    
  -116.1011       32.69330       1434.248    
  -122.0520       45.34790       3851.742    
  -113.1642       48.37850       3174.148    
  -119.6031       48.92670       33954.91    
  -120.6715       40.32840       50495.79    
  -114.9055       39.50100       1180.762    
  -122.6347       39.52740       78423.81    
  -123.1094       38.64720       45442.92    
  -113.8511       40.10820       1004.626    
  -122.9159       39.74170       10504.02    
  -123.0918       38.59220       19183.57    
  -110.0065       40.53040       1743.674    
  -121.0000       39.94160       43849.27    
  -122.5606       39.76720       57024.29    
  -97.60720       36.89260       129.1637    
  -121.6718       44.73090       140530.4    
  -123.0807       38.69850       47993.43    
  -123.0342       38.69470       24755.81    
  -117.7760       46.40060       270.6048    
  -123.4239       41.22860       15418.04    
  -120.7800       40.39260       40129.93    
  -122.6678       39.55740       85668.03    
  -108.7712       39.46240       4466.545    
  -122.7500       39.97490       16434.40    
  -122.5941       39.79730       52794.98    
  -123.2283       38.52290       8826.461    
  -95.84850       49.67450       121.9392    
  -121.7656       44.76990       64055.90    
  -121.6793       44.70120       59431.01    
  -118.8384       42.78790       1751.740    
  -121.9413       41.29980       3884.868    
  -122.6219       39.93680       53162.01    
  -122.2964       41.04820       3782.477    
  -122.7028       39.97090       18729.18    
  -122.5273       39.73710       8245.762    
  -112.8973       42.08820       9183.188    
  -109.6363       39.51820       1296.555    
  -109.6028       39.51600       1706.395    
  -108.7018       39.40380       5713.440    
  -118.1409       43.19800       1285.139    
  -123.9583       42.53260       4315.517    
  -122.3850       38.40200       3277.710    
  -106.0058       39.80820       33169.55    
  -108.7529       39.43420       7302.950    
  -122.9491       39.58050       12880.30    
  -107.1419       39.60480       9555.855    
  -121.7149       44.76530       70044.17    
  -122.5589       38.68330       59375.97    
  -122.5275       38.65400       83513.99    
  -115.1315       50.62530       3469.278    
  -116.9105       43.03800       1281.877    
  -120.1836       40.48280       1601.386    
  -122.3495       40.60540       1004.483    
  -123.1127       40.14270       26751.72    
  -122.6013       39.88020       14586.96    
  -121.4380       37.35100       36031.57    
  -121.6265       37.33920       67070.43    
  -121.5831       37.33590       73155.72    
  -121.3827       37.29450       35068.05    
  -121.3551       37.26620       35938.23    
  -121.2264       37.25640       8671.523    
  -121.3276       37.23800       27812.35    
  -121.1991       37.22830       24663.56    
  -122.3484       37.21180       30378.67    
  -122.3042       37.20840       18594.55    
  -122.3640       37.18690       12989.16    
  -122.2757       37.18010       19455.88    
  -122.2913       37.15530       27886.73    
  -122.2031       37.14850       11866.42    
  -122.2628       37.12700       17761.98    
  -122.1748       37.12020       29471.21    
  -122.2785       37.10220       18440.70    
  -122.2345       37.09880       17002.72    
  -122.2501       37.07390       79459.30    
  -122.2062       37.07060       92245.41    
  -122.1622       37.06720       16026.81    
  -122.2219       37.04570       48303.02    
  -122.1779       37.04240       46950.90    
  -122.1341       37.03900       34716.26    
  -121.5870       36.47980       15424.62    
  -121.5443       36.47660       17225.98    
  -121.5017       36.47340       27985.59    
  -121.6031       36.45530       10444.16    
  -121.5604       36.45210       20077.30    
  -121.5178       36.44890       39470.59    
  -121.4752       36.44570       6918.012    
  -121.5765       36.42750       36416.26    
  -121.4914       36.42120       38895.49    
  -121.6353       36.40620       28334.73    
  -121.6273       36.14890       68875.85    
  -121.6012       36.12140       33111.39    
  -121.6699       37.34260       70725.86    
  -121.2419       37.23150       25417.99    
  -121.3002       37.20990       39723.47    
  -122.3355       37.15870       33343.62    
  -122.3069       37.13040       49318.07    
  -121.5709       36.50440       10828.79    
  -121.5339       36.42440       33054.45    
  -121.4488       36.41800       26008.85    
  -121.5927       36.40300       36387.60    
  -118.5848       34.69360       21439.25    
  -121.5370       37.41090       33593.27    
  -121.5488       44.81120       15662.95    
  -121.6289       44.69660       14236.10    
  -120.5070       44.02340       105158.0    
  -122.7946       39.59510       61630.29    
  -122.3198       37.18350       130645.3    
  -119.6571       48.89800       10090.12    
  -120.2780       41.07680       16867.78    
  -121.6940       36.59100       12503.40    
  -120.5549       44.02760       53372.95    
  -108.7895       39.49070       9737.769    
  -122.8416       39.59900       56091.58    
  -101.7799       31.37450       533.2706    
  -122.6036       40.07280       49835.28    
  -121.3672       37.31940       38625.01    
  -119.5505       48.92170       24373.43    
  -122.5907       40.09930       33211.56    
  -122.2030       50.28530       7281.870    
  -121.2505       37.36280       2015.076    
  -122.6408       39.60980       12776.93    
  -121.5751       36.09390       44872.85    
  -121.5915       36.06950       63989.43    
  -121.5491       36.06640       32540.76    
  -121.4812       37.35430       28046.43    
  -121.2110       37.28140       5789.104    
  -101.9423       32.22830       1370.164    
  -90.82750       41.47390       89.19936    
  -122.6746       39.83140       66853.32    
  -121.3613       37.47600       28616.25    
  -117.9170       43.98000       12158.45    
  -119.6059       48.85930       6504.896    
  -118.0346       43.90020       28323.46    
  -122.6951       39.88790       77112.20    
  -122.7215       39.83520       52632.57    
  -122.6211       39.55360       54055.96    
  -121.5677       37.36090       127665.7    
  -116.1856       50.08600       15365.31    
  -123.0021       38.66530       61700.67    
  -121.5500       36.39980       38561.64    
  -117.6539       36.11780       18413.98    
  -117.6319       36.09070       25897.11    
  -121.5986       37.31100       33284.09    
  -116.2334       50.12560       18680.50    
  -122.7762       39.92210       61091.45    
  -121.6419       37.31430       50845.87    
  -117.6159       36.11510       30291.32    
  -122.6277       39.82750       24947.22    
  -121.2729       37.18170       33926.04    
  -122.1309       37.11690       38861.91    
  -119.6284       44.88360       3079.070    
  -122.0869       38.51180       34160.13    
  -101.9414       32.15720       1329.968    
  -121.5075       36.39660       31159.06    
  -108.7235       39.48650       3317.565    
  -122.2625       38.87450       69537.87    
  -95.12760       29.72790       388.4073    
  -121.2474       37.44110       41438.51    
  -121.3706       37.24130       75488.81    
  -122.0420       38.50830       12740.36    
  -122.1859       38.84140       14385.22    
  -121.7134       37.34590       19847.14    
  -122.2171       38.87080       34456.24    
  -117.9520       44.01290       58073.86    
  -101.8944       35.41270       3365.969    
  -122.4104       38.77880       64316.31    
  -121.7047       36.43710       14988.16    
  -122.6248       40.12970       31129.91    
  -122.8550       39.57280       56076.27    
  -121.3182       37.47270       6950.061    
  -121.3335       37.44770       8147.736    
  -117.9325       34.22730       2108.068    
  -122.8687       39.73780       78370.56    
  -122.2939       38.90390       42033.69    
  -122.3395       38.90760       11865.62    
  -121.6961       36.17970       19972.77    
  -121.6535       36.17650       46683.50    
  -108.7418       39.51480       5906.751    
  -118.6780       34.67500       24784.68    
  -108.7088       39.51270       9103.720    
  -121.2045       37.43780       32093.38    
  -93.11510       17.83420       614.9127    
  -121.2198       37.41280       12127.27    
  -121.1769       37.40950       7093.541    
  -110.9651       33.54830       7121.111    
  -88.56710       33.44340       719.0894    
  -83.16390       42.30190       172.8597    
  -122.1466       37.09200       11914.96    
  -122.1356       38.67630       13574.16    
  -121.2751       37.46940       10231.21    
  -121.2321       37.46610       5078.906    
  -122.7348       39.80890       123617.3    
  -122.7011       39.77880       136205.9    
  -122.3791       38.74940       16004.49    
  -122.3336       38.74580       31862.49    
  -93.18470       17.89460       487.6736    
  -121.4073       37.40100       19238.55    
  -121.6647       37.49930       52550.20    
  -58.35320       48.20440       673.0117    
  -117.6699       36.09340       7620.049    
  -122.8421       39.79040       282744.2    
  -58.40610       47.90010       677.7848    
  -121.3641       37.39770       9766.237    
  -94.21520       32.93210       1375.407    
  -71.99990       45.38270       328.9628    
  -92.48470       17.90260       233.6262    
  -122.0885       38.59220       35133.47    
  -122.1192       38.62140       31540.44    
  -122.0580       38.56300       7770.630    
  -94.22160       32.95620       370.8513    
  -93.11760       17.85400       429.3312    
  -71.54300       19.71780       100.0570    
  -83.26590       31.89800       596.8828    
  -97.16820       28.89030       88.61053    
  -98.07760       27.87270       312.1230    
  -101.8073       31.86820       867.5168    
  -93.14980       36.13720       815.0864    
  -82.08710       31.83600       798.0543    
  -80.57520       22.76500       135.4485    
  -97.17730       38.81100       649.3022    
  -92.65880       31.00590       6394.030    
  -92.40630       18.43490       196.1049    
  -97.45680       36.91190       317.0976    
  -110.9964       33.55010       1826.917    
  -87.88980       19.51940       1515.019    
  -122.1480       38.57020       30488.63    
  -69.97900       19.44610       615.5490    
  -92.40390       18.41510       107.9914    
  -95.70200       31.75180       65.89728    
  -101.8153       31.75100       849.0395    
  -81.78740       27.32490       409.4412    
  -97.48340       36.91300       446.6483    
  -93.45160       35.34430       498.2358    
  -93.44460       35.31920       348.0090    
  -121.3981       37.26950       109761.0    
  -110.4028       43.86550       1776.800    
  -121.4257       37.29770       82275.18    
  -92.68220       31.00650       2011.277    
  -81.75380       34.31270       72.53712    
  -80.74570       22.17130       86.44321    
  -86.27350       40.89260       80.17921    
  -90.24580       33.31740       83.56176    
  -92.98260       32.30000       7779.052    
  -87.88790       19.49950       1340.915    
  -87.91000       19.51970       1294.490    
  -87.86970       19.51920       923.5269    
  -86.37470       40.75570       177.6028    
  -96.52130       36.84770       645.8310    
  -121.3431       37.21310       131866.4    
  -90.83990       33.02210       75.16801    
  -110.9192       33.52130       22276.34    
  -93.00390       29.96080       1158.294    
  -96.35370       19.50780       880.7629    
  -108.6213       39.42580       18383.90    
  -121.3157       37.18500       99085.84    
  -88.21420       31.17220       4799.082    
  -86.00170       15.65620       62.72352    
  -81.84830       45.99450       530.7473    
  -97.81090       38.70560       1151.406    
  -122.1624       38.54460       8400.097    
  -116.0966       35.15110       871.1371    
  -99.07840       26.93760       543.0852    
  -108.6100       39.50640       11177.45    
  -117.6479       36.06630       4882.312    
  -117.6099       36.06370       31857.70    
  -67.82700       47.62280       452.8148    
  -108.6429       39.50850       6722.957    
  -87.89180       19.53940       1224.371    
  -110.8616       33.42080       1038.626    
  -91.13510       32.43610       190.3561    
  -93.34030       30.63360       437.2752    
  -121.4103       37.32270       59937.98    
  -92.48230       17.88280       127.8308    
  -108.5918       39.47810       9588.699    
  -84.30700       32.24190       944.2017    
  -101.8065       31.72710       437.0775    
  -109.6301       27.17800       295.6608    
  -69.47210       44.08910       384.2879    
  -108.6759       39.51060       3559.410    
  -88.64120       32.58620       1447.367    
  -97.72070       28.03830       941.4292    
  -112.6982       27.41240       1170.500    
  -109.6584       27.17930       249.0567    
  -101.8668       35.41140       1968.083    
  -101.8836       35.38720       1128.030    
  -90.81630       33.02150       270.1037    
  -109.6681       27.20190       286.1395    
  -109.6399       27.20060       2831.661    
  -72.86630       49.19560       466.2514    
  -92.67580       36.68030       597.4770    
  -92.95880       32.29930       2707.909    
  -114.8594       32.40110       1816.177    
  -108.6282       39.53470       6607.288    
  -92.65060       36.67950       663.7708    
  -121.5907       37.54610       22000.72    
  -112.5834       34.08400       23295.19    
  -92.97690       32.27620       2360.420    
  -112.8925       27.98140       1102.594    
  -70.13160       19.52490       634.8900    
  -68.56640       18.42540       266.3804    
  -121.3949       37.34770       23999.15    
  -117.5940       36.08810       23124.00    
  -117.5720       36.06100       23034.50    
  -95.51180       32.54700       806.5636    
  -97.72660       28.06070       672.8400    
  -71.45060       18.78580       881.8109    
  -97.39260       38.74040       799.6003    
  -97.49290       36.93910       207.9648    
  -101.9052       35.43820       4714.548    
  -101.8776       35.43690       4721.630    
  -101.8560       35.38590       1479.214    
  -97.83720       25.25510       153.1757    
  -69.50300       44.30040       543.9152    
  -107.1591       39.63300       3658.078    
  -120.8311       40.28600       93923.69    
  -121.5957       37.38920       52218.82    
  -99.08290       35.21100       689.8650    
  -97.97160       24.25980       746.1306    
  -117.6920       36.12050       6516.246    
  -115.9629       31.44360       1360.343    
  -108.8004       30.88400       1133.466    
  -96.23230       36.83620       1199.381    
  -107.1098       39.60280       1517.964    
  -108.6247       39.48020       11996.53    
  -96.07610       35.66360       1165.465    
  -118.5805       34.64340       16509.40    
  -91.01320       32.95530       100.9757    
  -109.9921       27.37210       321.0927    
  -109.9637       27.37080       123.5261    
  -72.81410       44.14970       338.7164    
  -108.6065       39.45200       7918.305    
  -108.5737       39.44990       3783.657    
  -96.53630       37.93740       1114.499    
  -122.0742       38.61780       4069.621    
  -90.42720       35.77520       284.1977    
  -112.5674       34.05840       29095.73    
  -93.02700       29.96150       1236.911    
  -96.86090       28.34390       1068.231    
  -68.59190       18.72110       333.4858    
  -63.90360       50.66900       1403.371    
  -79.45780       44.01640       86.44321    
  -122.8614       40.14930       42335.85    
  -90.45160       35.77590       312.8492    
  -91.43780       31.78580       216.3168    
  -108.8290       31.00210       1835.269    
  -123.5085       41.15140       27308.86    
  -69.85120       19.22830       233.4334    
  -122.8832       40.20630       35601.11    
  -110.6644       33.60410       8587.394    
  -99.59120       28.90640       606.6898    
  -117.8726       43.97630       75755.05    
  -98.09360       37.55980       473.9343    
  -98.08350       37.53330       311.1956    
  -98.13750       27.47730       109.4947    
  -74.42080       49.61090       1075.115    
  -97.47770       38.61100       1902.429    
  -98.10370       37.58630       1296.555    
  -98.12070       37.56100       355.5446    
  -70.11220       19.52500       855.6299    
  -97.46740       38.58400       1975.909    
  -97.44000       38.58280       1474.321    
  -122.7422       39.89180       23616.56    
  -122.8886       39.60280       20252.51    
  -97.94650       36.59960       585.1412    
  -122.1435       37.17000       32249.09    
  -102.3791       33.34740       838.2756    
  -102.3521       33.34620       782.8255    
  -110.6956       33.60590       1892.372    
  -97.68610       31.23760       1255.783    
  -100.8976       24.73120       933.1473    
  -97.48270       38.90460       247.4029    
  -98.10050       37.50810       419.3435    
  -96.22350       36.81020       1061.526    
  -97.95600       36.62550       207.4637    
  -97.92930       36.62440       215.7322    
  -97.91990       36.59850       571.1933    
  -91.50680       35.10860       1479.758    
  -121.6192       36.43070       4908.067    
  -102.3890       33.37200       835.0139    
  -92.29600       31.04190       94.46112    
  -97.77280       38.67730       1434.513    
  -98.13770       37.53570       1632.517    
  -98.11060       37.53450       2730.104    
  -98.12760       37.50930       2111.998    
  -98.11760       37.48280       1148.144    
  -98.09050       37.48160       333.4954    
  -122.2886       37.23330       28263.50    
  -117.5560       36.08540       42389.18    
  -99.22000       23.91630       1479.214    
  -88.01800       15.50270       479.4045    
  -88.01650       15.48340       433.4667    
  -117.9805       43.92560       68929.53    
  -98.42320       38.94690       327.6072    
  -98.39530       38.94570       274.6138    
  -122.8102       39.95240       13735.57    
  -117.5780       36.11250       34668.57    
  -91.19330       32.27240       174.7656    
  -88.83820       19.91260       1160.461    
  -121.3860       37.21640       117575.0    
  -92.16520       18.64900       316.7372    
  -93.27100       16.23040       603.8012    
  -90.78680       16.11660       225.0029    
  -107.6995       39.50350       235.0253    
  -96.43390       36.89550       2410.559    
  -97.73860       28.01670       790.1645    
  -71.50360       19.73780       80.42976    
  -120.8630       40.31630       50956.21    
  -123.0950       38.67280       24471.10    
  -101.9160       35.46380       4772.625    
  -101.8884       35.46250       4404.016    
  -91.65680       34.32550       1606.619    
  -91.65090       34.30090       1027.002    
  -118.6442       34.72260       12805.71    
  -92.85850       32.86550       953.2124    
  -98.11960       27.49870       110.7475    
  -74.42660       20.31100       212.3787    
  -121.4412       37.27280       102468.0    
  -112.5347       34.05650       25781.68    
  -105.9742       39.80630       6112.020    
  -97.49970       38.87860       341.9309    
  -90.45740       35.80110       282.3811    
  -91.24420       32.93780       376.6418    
  -91.23890       32.91380       189.9823    
  -93.51550       31.96300       1002.838    
  -92.96770       30.00530       1050.398    
  -112.9350       42.09100       3736.524    
  -122.1875       37.17340       26821.83    
  -101.9328       35.43950       1672.474    
  -101.8501       35.43560       1225.611    
  -98.21280       24.41490       1148.144    
  -91.51380       17.82790       61.88832    
  -90.66440       16.50370       634.8900    
  -117.9075       44.00920       118578.5    
  -97.29710       38.84290       1321.334    
  -97.76230       38.65020       2896.862    
  -97.73480       38.64900       2792.893    
  -97.62810       37.02200       333.3701    
  -97.61860       36.99590       306.6855    
  -98.04560       36.65490       743.6620    
  -98.01890       36.65380       700.5658    
  -98.03600       36.62890       388.1174    
  -98.00940       36.62780       358.3008    
  -121.4688       37.30100       54571.40    
  -90.43300       32.86820       683.1738    
  -94.60720       32.23280       770.9507    
  -112.8720       42.05770       4209.577    
  -94.37630       40.81970       495.3571    
  -94.34880       40.81860       515.4019    
  -97.32460       38.84410       495.6250    
  -97.75180       38.62310       1683.075    
  -121.4136       37.24460       66977.85    
  -117.6380       36.14220       11699.03    
  -93.80440       34.83550       762.1833    
  -121.5848       36.14580       14615.82    
  -104.8816       41.12470       2994.308    
  -97.76120       39.13140       157.5396    
  -98.00820       37.19300       309.6922    
  -97.98120       37.19190       520.9644    
  -97.99830       37.16680       468.7978    
  -97.97140       37.16560       306.4349    
  -96.40750       36.89450       2474.055    
  -91.48850       35.13280       2269.139    
  -95.09550       34.68310       526.7762    
  -112.5507       34.08200       30846.90    
  -91.22060       32.93710       342.7661    
  -91.80810       32.62060       185.7401    
  -70.35700       18.59290       226.1937    
  -99.93470       50.33480       174.8909    
  -122.8289       39.81670       141130.4    
  -98.71940       37.58750       438.0837    
  -97.76400       37.10510       113.7543    
  -121.6619       36.43390       3630.823    
  -117.6000       36.13960       12478.97    
  -88.29630       17.88100       225.1946    
  -95.88380       17.58840       71.15904    
  -117.9998       43.86740       11462.80    
  -122.7818       39.81280       261438.3    
  -107.9711       38.68620       1470.125    
  -96.19480       37.71410       857.6988    
  -98.69210       37.58630       255.9470    
  -122.3432       38.55900       40590.66    
  -97.60140       37.02090       283.8845    
  -97.59190       36.99470       270.3542    
  -97.75570       36.36220       1225.000    
  -97.72920       36.36110       161.0600    
  -121.2574       37.20660       16561.20    
  -120.7352       40.38890       17957.68    
  -91.51290       35.13350       306.4349    
  -121.6110       36.17330       11363.69    
  -98.70820       23.69100       747.4896    
  -81.04150       22.89200       97.71841    
  -95.16880       16.20300       182.3459    
  -97.51020       38.90580       2145.159    
  -97.33630       37.44920       261.3341    
  -97.32660       37.42280       2095.689    
  -100.4160       22.44600       744.1398    
  -93.51940       17.92010       58.88160    
  -112.8596       42.08540       3922.662    
  -120.6587       40.35500       8440.476    
  -120.7418       40.27880       9688.831    
  -122.5191       38.84130       33383.74    
  -120.3099       37.81640       30240.17    
  -105.6052       33.72060       926.3435    
  -96.03460       17.74920       596.8326    
  -117.8283       43.97250       38674.89    
  -123.5463       41.18280       16593.51    
  -120.2828       37.78790       30474.46    
  -118.6568       34.64870       5557.444    
  -109.9598       27.17100       211.4727    
  -98.35500       21.87230       363.6949    
  -97.62170       21.44290       185.9406    
  -88.72480       17.33710       221.5329    
  -117.8631       44.00540       73552.36    
  -120.6906       40.38530       7498.351    
  -122.8761       39.82060       57093.71    
  -112.9698       38.29140       896.9875    
  -98.09570       35.56890       3741.797    
  -91.95390       35.24630       705.9227    
  -70.32100       18.51420       232.5180    
  -117.8378       43.94340       5559.207    
  -117.9901       43.89650       42851.09    
  -117.9554       43.86370       7633.191    
  -97.28680       38.81580       271.6071    
  -96.63650       38.36280       3966.315    
  -121.2301       37.17850       2284.326    
  -98.13110       35.59540       3313.350    
  -98.10480       35.59430       3309.069    
  -98.12200       35.57000       4299.017    
  -98.08670       35.54350       1502.046    
  -95.92620       35.43270       532.6256    
  -121.5327       36.09070       8802.690    
  -94.86390       33.79560       1171.804    
  -90.82150       33.04550       244.5030    
  -106.0556       39.89320       6426.596    
  -123.4590       41.14710       13506.69    
  -106.0389       39.86490       6486.827    
  -96.64630       38.38960       1903.244    
  -96.66350       38.36390       2733.366    
  -97.77900       37.00270       370.5555    
  -97.76940       36.97650       345.9876    
  -121.6511       36.58780       14133.94    
  -97.46260       27.58780       1006.257    
  -98.93370       23.67650       941.6340    
  -86.06370       15.71460       351.3465    
  -118.0791       43.90400       5330.853    
  -107.4716       40.33750       954.0685    
  -97.75080       36.56580       747.4205    
  -97.72420       36.56470       397.6387    
  -97.74140       36.53990       428.2298    
  -97.71480       36.53880       2210.395    
  -101.9269       35.48930       1226.970    
  -91.29920       32.65380       111.7498    
  -97.68210       27.44060       735.0639    
  -94.18960       17.95170       112.2509    
  -122.7513       44.82940       1399.127    
  -118.0442       43.87120       4625.194    
  -97.49470       38.58520       1908.137    
  -122.8157       39.84300       122046.0    
  -98.70900       37.56100       707.9852    
  -98.68170       37.55980       422.0683    
  -97.60240       37.38270       634.4179    
  -122.3741       38.58820       33500.72    
  -97.80580       37.00380       243.2938    
  -97.76020       36.59170       231.2669    
  -91.26260       32.91450       333.1822    
  -91.30440       32.67770       213.2266    
  -91.05460       32.38670       107.5260    
  -97.62570       21.46340       231.8307    
  -117.9425       44.04210       29092.52    
  -122.8629       39.84690       50057.88    
  -98.16980       37.20010       154.7834    
  -97.79610       36.97770       308.9405    
  -101.8609       35.46110       972.0084    
  -116.5595       32.24120       2629.996    
  -92.01790       29.84310       105.9869    
  -121.6365       37.47090       190926.7    
  -121.5398       37.33260       147902.9    
  -110.7917       33.56270       4537.938    
  -110.9337       33.54650       7878.616    
  -55.19640       47.11720       595.2432    
  -98.03460       38.92920       922.5380    
  -97.61030       38.32530       213.2266    
  -122.8893       39.79430       49853.28    
  -97.75650       37.44120       238.5331    
  -80.47380       33.62030       791.8605    
  -90.18010       33.33970       193.3070    
  -110.8061       33.58790       4629.701    
  -110.7749       33.58610       5333.354    
  -110.7605       33.56090       8136.014    
  -110.9024       33.54470       5133.503    
  -110.8879       33.51950       5041.729    
  -90.61370       17.57840       407.8433    
  -90.61160       17.55870       740.8354    
  -113.4651       44.94680       6932.975    
  -112.9226       42.11880       2496.480    
  -120.7546       40.25220       10859.79    
  -97.72430       38.62190       2900.532    
  -97.69690       38.62070       325.6027    
  -97.71390       38.59490       1330.864    
  -97.68640       38.59370       229.3877    
  -97.76640       37.46760       357.7997    
  -97.73940       37.46640       370.3277    
  -97.72960       37.44000       307.6877    
  -121.7367       37.53110       10562.72    
  -121.6084       37.44260       90965.38    
  -101.9436       35.46510       1458.013    
  -91.72110       32.54710       405.4896    
  -120.7993       40.25580       11492.48    
  -97.30010       38.49710       957.5167    
  -98.53340       35.48710       734.1707    
  -91.74470       32.54770       508.0104    
  -91.73940       32.52390       357.0480    
  -91.71580       32.52320       381.1017    
  -88.24720       17.99840       395.2295    
  -86.91380       15.35650       828.4323    
  -122.7686       39.83910       47127.37    
  -100.9908       38.06100       188.1706    
  -113.9257       35.05990       7317.990    
  -90.91310       33.35940       77.17248    
  -90.79790       33.04490       309.4416    
  -106.0295       30.49420       1131.232    
  -96.12790       18.08730       70.65793    
  -113.4750       44.91700       7754.680    
  -122.4875       38.81180       9995.317    
  -97.89320       36.59730       685.6575    
  -121.3586       37.18820       57960.85    
  -90.90780       33.33530       115.2576    
  -91.35130       31.92400       105.2352    
  -103.3323       25.39280       1025.012    
  -95.39710       36.80350       1895.090    
  -97.90270       36.62330       342.5155    
  -97.86660       36.59620       234.0230    
  -97.88370       36.57140       316.2067    
  -121.6930       37.52770       8392.378    
  -115.4785       36.96950       1713.555    
  -121.6672       36.56320       9525.499    
  -99.02860       35.13400       134.0496    
  -104.4830       24.23640       2127.311    
  -104.5200       24.19520       5569.449    
  -117.5218       44.21680       4499.942    
  -117.4870       44.18380       4327.829    
  -112.9097       42.06050       2837.742    
  -97.87200       39.13640       522.8159    
  -122.8497       39.87330       12691.24    
  -122.8025       39.86930       12309.07    
  -97.99110       37.21810       2794.422    
  -97.96420       37.21700       510.3281    
  -97.95430       37.19070       579.2112    
  -117.6760       36.14490       5578.937    
  -91.21160       32.24930       88.19712    
  -96.50240       29.13840       816.7938    
  -104.5450       24.19610       2564.319    
  -104.4949       24.19430       2794.669    
  -104.4567       24.15050       2797.056    
  -104.5926       24.02800       2066.333    
  -104.5861       24.00660       1538.576    
  -118.0696       43.93310       24400.40    
  -123.0598       38.56280       10809.01    
  -121.6243       36.55990       10172.31    
  -117.5620       36.13690       3369.763    
  -98.52030       46.49850       136.0541    
  -98.48820       46.49680       712.3611    
  -120.4591       44.01920       10477.10    
  -97.59110       38.69590       248.0544    
  -121.5931       37.46760       14307.39    
  -110.9796       33.57350       2279.171    
  -96.52610       29.13920       1003.337    
  -96.49650       29.11570       1622.492    
  -70.34600       18.92870       1015.888    
  -69.21700       18.59890       582.7341    
  -118.0250       43.92930       57729.57    
  -97.56580       37.35520       351.7862    
  -122.0436       38.58860       8690.818    
  -121.4534       37.32600       23048.75    
  -121.4843       37.27610       7338.828    
  -121.6458       36.45850       3253.974    
  -91.32280       32.65450       203.4046    
  -122.9654       39.93770       21390.33    
  -122.8838       39.90350       41134.22    
  -121.5650       37.43920       9236.762    
  -91.22490       32.20260       1378.707    
  -91.43280       31.76230       120.5194    
  -98.03500       47.31470       355.2106    
  -120.4679       43.99010       7691.298    
  -121.6212       37.49600       8784.726    
  -121.5244       37.35760       28891.12    
  -110.6500       33.57890       7222.345    
  -110.9674       33.49980       4732.362    
  -91.24830       32.20320       347.7773    
  -117.8980       44.03830       8898.180    
  -120.4983       44.05260       22084.79    
  -97.31420       38.81700       2085.360    
  -110.6812       33.58070       5712.865    
  -117.9457       43.89280       11348.39    
  -120.2008       41.04240       6996.644    
  -98.15740       35.59650       313.6733    
  -98.14830       35.57110       1941.570    
  -98.55980       35.48820       90.70272    
  -101.8490       35.56080       949.1760    
  -112.5667       34.10760       3613.261    
  -95.53180       28.90570       221.7912    
  -98.85490       21.57710       65.89728    
  -123.1560       38.65090       12073.78    
  -96.46910       36.92260       656.7036    
  -92.77580       35.39680       2149.829    
  -117.5401       36.10980       5430.852    
  -113.9420       35.03600       4534.556    
  -110.1818       42.46790       1066.600    
  -98.73630       37.56230       565.4305    
  -112.6161       34.08600       2601.357    
  -113.4345       44.91370       8640.067    
  -97.39620       38.18410       117.6379    
  -113.8915       35.05780       2890.184    
  -91.34640       32.65510       109.2442    
  -91.23000       32.22630       169.1280    
  -118.9867       46.66810       1029.802    
  -116.3264       46.40070       248.5555    
  -116.2887       46.36580       1727.109    
  -122.7444       44.85930       18152.18    
  -122.6920       44.85450       15423.53    
  -121.4566       37.24790       9943.188    
  -121.6083       36.58450       9427.533    
  -91.72130       34.69520       151.9646    
  -97.76000       39.26590       88.69825    
  -97.50170       39.09300       1498.459    
  -116.8062       38.85690       1306.340    
  -122.3852       38.91120       5752.716    
  -97.47400       36.88690       616.3776    
  -121.2884       37.15680       3239.334    
  -112.6001       34.06040       5199.987    
  -70.93120       19.40190       260.6394    
  -119.0299       46.70400       9122.393    
  -122.7375       44.88920       11147.11    
  -121.5553       37.30760       19566.19    
  -121.4291       37.21970       9056.153    
  -121.4016       37.19150       7421.850    
  -112.5515       34.03290       3114.469    
  -120.5376       44.08600       16107.64    
  -120.2333       41.07320       4920.385    
  -97.77090       39.29340       169.6291    
  -120.9109       39.93440       26129.46    
  -122.9233       39.82450       12852.19    
  -122.3051       38.79720       15146.69    
  -121.6780       36.61560       855.4119    
  -98.98340       34.29320       3900.428    
  -98.97460       34.26840       504.9411    
  -91.30460       32.89180       263.4388    
  -122.7900       44.89400       1412.156    
  -121.4966       37.32930       26431.44    
  -107.2181       44.63470       1466.613    
  -117.8187       44.00170       7960.222    
  -118.0600       43.96220       12451.72    
  -97.50140       38.53240       5039.124    
  -122.9311       39.90740       12162.05    
  -122.8365       39.89960       15025.28    
  -122.3886       38.56260       7944.715    
  -122.3123       38.52980       10282.08    
  -97.46460       36.86090       693.1324    
  -97.71800       36.69220       131.0429    
  -120.2679       37.81320       9173.642    
  -120.2408       37.78470       8240.812    
  -121.6853       37.31760       6627.458    
  -99.00950       34.29430       2835.193    
  -98.95740       34.29220       2320.639    
  -68.83660       18.44340       66.52368    
  -97.85520       39.16250       1967.902    
  -97.51170       38.55940       4346.855    
  -97.52870       38.53360       3041.015    
  -97.47410       38.53120       3808.120    
  -97.49110       38.50540       2500.149    
  -121.5523       37.38590       11590.81    
  -91.91760       34.21120       134.1331    
  -110.7172       43.38330       189.4234    
  -121.4573       41.99800       2193.542    
  -97.48440       38.55820       2165.489    
  -122.2739       38.76780       9128.190    
  -97.43800       36.85980       350.0323    
  -121.3312       37.16010       7934.425    
  -115.0000       35.78440       2674.054    
  -110.9530       33.47460       5093.442    
  -118.1047       43.96600       4983.011    
  -118.0155       43.95840       10050.69    
  -110.9988       33.50160       573.3882    
  -95.55520       28.90650       2788.369    
  -97.28010       38.86890       2595.719    
  -122.9392       39.99050       12237.84    
  -122.8575       39.95630       12848.61    
  -122.8234       39.92600       13017.81    
  -122.9026       39.76800       22092.09    
  -97.36120       36.49850       440.8186    
  -95.73510       29.06920       853.1672    
  -96.44280       36.92160       477.8497    
  -109.0264       43.23320       1146.513    
  -121.5120       37.30430       8537.481    
  -117.6601       36.16930       3742.884    
  -91.78980       32.64390       337.2036    
  -112.7418       46.80190       1932.151    
  -113.5156       44.92020       9461.463    
  -122.8961       40.17980       30345.64    
  -122.1592       37.14510       12402.97    
  -117.9361       43.92180       4175.069    
  -97.31800       38.89730       3036.710    
  -97.29050       38.89610       646.9460    
  -97.30750       38.87010       1786.973    
  -97.58320       38.11320       2951.904    
  -91.76620       32.64320       1649.278    
  -101.4352       50.86430       122.0227    
  -97.55600       38.11200       2722.765    
  -97.83040       36.92770       878.7140    
  -122.6852       44.88440       19323.46    
  -97.80370       36.92660       5242.845    
  -97.82080       36.90160       435.4733    
  -97.79410       36.90050       1672.423    
  -113.4948       32.96900       97.13377    
  -113.1886       47.06420       194.4346    
  -114.0836       46.78440       1745.048    
  -112.1701       41.57860       1241.104    
  -111.5234       39.04840       4938.868    
  -99.54810       37.83430       1332.434    
  -97.33480       36.49740       420.1891    
  -110.9217       33.47280       4978.377    
  -88.24900       18.01810       198.6473    
  -111.0285       41.92400       1040.505    
  -97.62910       39.07180       4129.071    
  -99.53710       37.80770       153.8439    
  -114.0585       48.38810       2617.016    
  -111.4299       46.15520       1766.250    
  -97.63980       39.09910       403.1510    
  -97.65670       39.07300       2444.699    
  -97.60010       37.30480       178.8999    
  -71.33490       19.51950       359.6105    
  -112.9322       45.30460       1444.965    
  -113.1222       45.10380       1743.418    
  -109.0213       41.69940       1704.008    
  -118.0070       37.61820       1606.423    
  -105.3350       36.52320       1364.221    
  -118.0828       36.63560       2670.568    
  -112.2649       45.84330       1474.321    
  -109.0004       41.66960       1646.731    
  -103.8384       40.67240       733.8989    
  -108.5343       39.33910       9880.817    
  -123.0649       40.13870       6067.018    
  -97.60980       37.33110       683.3415    
