  -121.5821       41.80850       891.9703    
  -121.5350       41.80450       976.3179    
  -121.5933       41.78090       783.7346    
  -121.5462       41.77690       1303.694    
  -121.4991       41.77290       752.2277    
  -121.5574       41.74940       2235.825    
  -121.5104       41.74540       875.4464    
  -121.5687       41.72190       2980.098    
  -121.5216       41.71790       4170.108    
  -121.4747       41.71390       2354.960    
  -121.5330       41.69040       2838.169    
  -123.4473       41.17430       739.9330    
  -114.6645       37.43360       1455.669    
  -114.6284       37.43110       834.3758    
  -114.6797       37.40850       428.2249    
  -114.6436       37.40600       884.2327    
  -114.6076       37.40360       471.8385    
  -114.6588       37.38100       95.60047    
  -114.6228       37.37850       542.2093    
  -114.5868       37.37610       412.1134    
  -112.1618       37.00680       324.9736    
  -112.1279       37.00460       940.6055    
  -112.0940       37.00240       1248.198    
  -112.1095       36.97750       943.0125    
  -117.5341       36.05840       216.4666    
  -117.4963       36.05580       1103.879    
  -117.5501       36.03400       114.7837    
  -117.5123       36.03140       570.5522    
  -117.4745       36.02870       1510.588    
  -117.5283       36.00700       402.4416    
  -117.4905       36.00440       1454.205    
  -117.5115       34.27340       152.9003    
  -103.8180       32.12270       163.8097    
  -107.7029       30.01990       101.7918    
  -92.95530       18.36510       8.069285    
  -95.79190       18.39810       4.713033    
  -92.73540       18.26230       115.9134    
  -92.71470       18.26200       62.45734    
  -93.18470       17.89460       76.28170    
  -103.3379       49.84860       13.66304    
  -121.7970       50.31430       59.96882    
  -121.9706       46.05640       191.6191    
  -111.0475       39.58450       90.48158    
  -105.4202       38.56160       30.00980    
  -92.93450       18.36470       69.78154    
  -93.11510       17.83420       109.0537    
  -120.4814       50.21770       195.9918    
  -120.7170       46.03460       181.6725    
  -114.7006       37.43610       341.0830    
  -124.5029       51.88710       363.7837    
  -102.9427       49.54140       10.28298    
  -110.7885       46.01060       150.7510    
  -115.4416       45.63370       122.1389    
  -121.9180       46.05150       229.0653    
  -121.1525       45.91780       157.3614    
  -71.42140       18.41130       40.60172    
  -122.3921       52.55100       299.7888    
  -121.1717       38.41310       104.7480    
  -114.6855       37.46110       174.3599    
  -114.6494       37.45870       221.5883    
  -122.9107       52.60620       232.2833    
  -121.6566       51.44190       207.1242    
  -120.8692       50.15120       71.16174    
  -121.1642       46.13860       264.7562    
  -108.0433       38.90460       84.43915    
  -105.0103       37.07100       20.58216    
  -112.1463       37.03160       398.0102    
  -101.9423       32.22830       112.7266    
  -122.2356       52.87340       230.3869    
  -121.8266       52.26750       179.6978    
  -121.7399       46.16060       347.6449    
  -105.8033       40.76100       62.60532    
  -108.3026       39.27050       83.66447    
  -103.8279       32.14680       61.65719    
  -125.2087       49.79460       491.3348    
  -117.3444       46.64890       38.44217    
  -115.6603       45.80810       141.9591    
  -103.8451       32.12390       48.44222    
  -76.90240       17.99420       4.808247    
  -121.9999       52.47210       201.7422    
  -106.6258       37.73380       58.21710    
  -121.1281       38.40970       123.3288    
  -126.3564       50.29730       170.5692    
  -117.5288       44.33790       216.2881    
  -115.4491       43.15510       160.6668    
  -120.3558       36.74940       285.8536    
  -109.9540       32.47860       35.79849    
  -102.3984       50.56720       80.10099    
  -107.9312       38.41760       28.08024    
  -114.5716       37.40110       537.6188    
  -123.8293       50.98390       92.11129    
  -103.8895       40.98210       50.50854    
  -114.5924       37.42860       493.0239    
  -121.3937       52.22230       292.9871    
  -105.2474       50.55370       77.68221    
  -115.5546       45.70550       135.7424    
  -119.4019       45.82130       61.11472    
  -121.9341       45.95890       185.1830    
  -117.4585       36.05310       610.8280    
  -101.9332       32.20420       45.22032    
  -103.9016       51.51260       16.31709    
  -121.6766       52.40080       84.62773    
  -118.6267       51.75600       179.4783    
  -120.1534       51.00070       231.6982    
  -122.5809       50.88970       227.3466    
  -121.3395       43.11820       161.5964    
  -115.3268       42.61980       140.0605    
  -116.7536       39.71940       99.62270    
  -120.3776       36.64760       227.9082    
  -117.5181       36.08280       1827.726    
  -121.2392       52.05800       280.5538    
  -123.3767       50.90090       89.21694    
  -124.0098       50.61200       251.3721    
  -121.3054       52.36200       369.1230    
  -120.5398       50.25860       186.4995    
  -122.8996       47.48660       555.1103    
  -120.1870       45.64250       107.1416    
  -118.3889       44.86690       190.5952    
  -107.9463       43.78060       109.2286    
  -119.7425       44.46800       59.46104    
  -114.5075       42.90520       141.9197    
  -112.2529       41.72670       104.1158    
  -112.4213       41.37040       112.3273    
  -107.5755       39.60440       24.32266    
  -121.6491       52.28610       132.1751    
  -118.1638       51.45420       69.02689    
  -121.0738       45.53670       109.6297    
  -114.8511       43.07850       107.0595    
  -121.1572       38.43860       94.24940    
  -121.1136       38.43520       77.22196    
  -121.0846       38.40630       75.29203    
  -112.1124       37.02940       563.6183    
  -98.64710       19.03790       200.5032    
  -103.8396       50.09550       15.92434    
  -119.0166       51.28390       199.8367    
  -123.1451       50.98390       518.1775    
  -108.6239       43.64890       92.34077    
  -120.8840       44.08660       71.95242    
  -115.7851       43.38810       60.98438    
  -116.6780       42.52400       155.8638    
  -119.6917       41.79260       146.6469    
  -112.0602       37.00020       635.0740    
  -112.0757       36.97530       1159.252    
  -117.4319       51.63850       167.0121    
  -123.7985       51.92180       650.4811    
  -118.8647       51.41410       234.9163    
  -124.8198       51.37580       326.5026    
  -124.4065       48.52510       206.3928    
  -122.5487       47.00030       44.90161    
  -120.1021       45.57270       402.5190    
  -106.9114       41.39090       57.79045    
  -119.7249       41.82380       90.80799    
  -117.4803       36.08020       1523.844    
  -120.2663       50.33690       213.4140    
  -117.0205       43.57750       36.20467    
  -109.4218       42.44370       95.74934    
  -116.6137       42.57680       46.05564    
  -107.3983       39.21440       68.17105    
  -115.1219       44.80540       106.9264    
  -117.8812       43.67880       241.8523    
  -116.6025       42.60490       163.7654    
  -120.8697       51.65240       154.1729    
  -118.9130       51.34620       232.2309    
  -127.0596       51.11470       849.8427    
  -122.6221       47.42730       240.6210    
  -115.5567       45.86200       141.3008    
  -116.4584       43.79890       199.0905    
  -119.1121       43.72350       168.3615    
  -116.4022       43.46760       50.27236    
  -115.0642       43.06590       248.0497    
  -123.9166       51.64200       214.5841    
  -116.4158       43.79540       230.2322    
  -116.9368       43.68940       35.32395    
  -118.9614       51.27850       291.8169    
  -112.0786       37.02730       509.1772    
  -121.7053       52.51600       201.0593    
  -126.1955       50.17560       362.9061    
  -125.6035       49.83590       1549.518    
  -118.2330       42.70860       394.8609    
  -116.3091       41.97650       122.8628    
  -124.6505       51.93970       518.1030    
  -124.0293       51.58120       508.5220    
  -115.9675       50.73850       292.1094    
  -121.3221       51.19070       192.9356    
  -121.5634       50.29080       345.0607    
  -125.5372       49.82890       1568.790    
  -125.4712       49.82200       502.9493    
  -93.11760       17.85400       89.76419    
  -122.3650       52.88710       265.3412    
  -124.4284       51.62370       608.4028    
  -124.1528       51.01790       140.7059    
  -126.2105       50.24690       135.5905    
  -126.3401       49.50080       506.2548    
  -123.0072       52.50410       228.4802    
  -125.7365       49.84980       1387.410    
  -125.4657       49.78700       1471.518    
  -122.1586       51.56650       474.9521    
  -121.3168       51.15410       190.1564    
  -124.2180       51.02470       121.1055    
  -71.04000       18.98500       42.41950    
  -122.7264       52.62400       216.3394    
  -124.0954       51.58820       442.3329    
  -122.2762       50.85840       82.27393    
  -101.8153       31.75100       204.0616    
  -103.7909       32.12140       95.83501    
  -119.6461       51.89500       139.9041    
  -107.9245       24.98750       26.99283    
  -124.0306       51.04070       86.05096    
  -124.7875       51.95440       264.0248    
  -126.9547       50.22160       1356.996    
  -117.5022       36.10720       476.6414    
  -101.8065       31.72710       158.8805    
  -127.1187       50.03070       283.9181    
  -117.5401       36.10980       1103.539    
  -114.4876       47.33560       363.2432    
  -112.0264       36.99800       417.7768    
  -112.0419       36.97320       367.4907    
  -101.7973       31.35190       45.38672    
  -117.4425       36.07750       140.1981    
  -93.51940       17.92010       11.53695    
  -98.62030       22.06480       108.1187    
  -122.6331       42.04160       424.5197    
  -93.17080       18.42830       26.21515    
  -110.8616       33.42080       84.67836    
  -109.6423       30.50830       54.70632    
  -75.79110       20.95440       35.47993    
  -93.51690       17.90030       5.593752    
  -95.84430       31.56950       10.55077    
  -95.83780       31.54590       60.61499    
  -71.66930       45.44770       21.14544    
  -69.91590       45.52790       14.94538    
  -94.37350       18.07360       25.46314    
  -76.41300       20.65310       14.24542    
  -92.21570       18.39210       50.93536    
  -84.13070       31.30550       5.605653    
  -114.5508       37.37360       142.6608    
  -81.38700       26.97310       95.74934    
  -77.60620       20.81680       4.760640    
  -95.31970       28.98900       24.81417    
  -76.43250       20.65310       22.48478    
  -106.8894       33.76240       35.96254    
  -76.43270       20.67330       16.72572    
  -76.41320       20.67320       14.04389    
  -81.02100       28.08480       23.61338    
  -102.5293       31.99390       49.11415    
  -81.96960       29.69990       18.83049    
  -90.39630       30.00660       72.31793    
  -64.97810       44.59510       19.05700    
  -90.39210       29.98380       22.27940    
  -81.02250       28.10690       13.25387    
  -75.79070       20.89390       22.16418    
  -114.8041       32.56570       28.28335    
  -80.59520       22.76520       5.657228    
  -78.18540       21.30340       9.556985    
  -123.4850       41.20570       349.8877    
  -75.79080       20.91410       13.30599    
  -75.77120       20.89390       11.35413    
  -109.0521       26.18420       21.95448    
  -109.0245       26.18300       22.01003    
  -86.07300       15.56040       76.01261    
  -85.41960       44.26990       44.08689    
  -112.0447       37.02510       192.4430    
  -115.1127       32.39240       12.78232    
  -112.0574       36.94830       385.3945    
  -81.09680       27.31840       7.855861    
  -63.39750       45.15820       22.58123    
  -75.54290       44.14450       63.17997    
  -98.87870       31.51510       50.74095    
  -99.24300       31.41230       49.79844    
  -98.89630       31.49240       54.04105    
  -98.87120       31.49140       53.40803    
  -111.7029       28.89230       32.44714    
  -112.6871       27.38950       112.8435    
  -117.4527       36.00170       207.8489    
  -117.2429       35.96170       127.9973    
  -80.78130       27.62150       181.8166    
  -80.80230       27.62170       123.2201    
  -80.47600       27.05210       53.68555    
  -81.38560       26.95140       98.88857    
  -98.51530       31.85280       51.84099    
  -80.47730       27.07380       34.15339    
  -81.73400       26.86790       14.16630    
  -81.71310       26.86770       15.09749    
  -81.73240       26.84620       19.04256    
  -81.71160       26.84600       104.9715    
  -108.8556       25.82680       13.28219    
  -112.0912       36.95050       572.1860    
  -117.4688       35.97740       294.8344    
  -81.09540       27.29660       37.36224    
  -108.3458       33.91360       69.56547    
  -81.03390       22.74770       8.526306    
  -76.39330       20.63300       11.05420    
  -76.64540       20.53290       47.09779    
  -80.35620       26.76940       217.6441    
  -80.33550       26.76920       130.1162    
  -80.31470       26.76910       206.2597    
  -80.35500       26.74780       74.68650    
  -80.33430       26.74760       930.5868    
  -80.31360       26.74740       289.8945    
  -77.95990       20.89850       8.439935    
  -107.0170       28.73560       124.6973    
  -80.33670       26.79090       83.93250    
  -80.33310       26.72600       42.91717    
  -80.31240       26.72580       67.97195    
  -80.56930       27.57600       168.0324    
  -80.43860       27.48750       162.7309    
  -80.54860       27.22660       15.84500    
  -81.13980       26.68930       40.38213    
  -99.21780       31.41130       58.37577    
  -80.52480       27.88250       36.07438    
  -80.52340       27.86060       95.97254    
  -80.54970       27.59770       25.24726    
  -80.52870       27.59750       210.6963    
  -80.54830       27.57580       100.4883    
  -80.45950       27.48760       22.96215    
  -80.43740       27.46560       108.7638    
  -81.14110       26.71100       34.19568    
  -75.54320       44.17470       41.75571    
  -99.21020       31.38770       63.16151    
  -80.53000       27.61940       21.03389    
  -80.59020       27.57620       23.01769    
  -80.52740       27.57560       19.85187    
  -80.56800       27.55410       130.7725    
  -80.43990       27.50930       21.37528    
  -80.54730       27.20490       29.24223    
  -81.12040       26.71080       124.4478    
  -81.32670       26.69100       23.81114    
  -81.30600       26.69080       94.34967    
  -81.11900       26.68910       23.27953    
  -111.8522       25.45790       52.77527    
  -111.8233       25.45660       25.32130    
  -111.8425       25.43580       95.79269    
  -111.8136       25.43450       32.67565    
  -81.03290       22.72710       6.795814    
  -106.7045       35.70960       26.30301    
  -95.90320       33.56610       20.28826    
  -95.89600       33.54170       141.5479    
  -101.7892       31.74980       60.55714    
  -81.78740       27.32490       96.93535    
  -81.76640       27.32470       170.8228    
  -81.78580       27.30310       149.5606    
  -81.76490       27.30290       139.4411    
  -81.32530       26.66940       84.04413    
  -98.86190       35.60120       105.6651    
  -82.35670       27.63670       113.1462    
  -100.0665       34.90600       67.86118    
  -121.4860       41.68640       2170.125    
  -98.95700       35.85660       239.9415    
  -92.99590       17.87160       9.652198    
  -88.01650       15.48340       37.19909    
  -115.4000       35.40660       41.13018    
  -108.9439       33.16860       28.48646    
  -93.38420       17.99670       8.830987    
  -102.0295       51.45470       191.0172    
  -103.0326       19.20880       163.2624    
  -77.32580       21.50330       12.86385    
  -78.14110       21.10100       6.486372    
  -78.14160       21.12120       50.04374    
  -96.35370       19.50780       62.64004    
  -95.92810       33.56700       18.00712    
  -95.92090       33.54260       121.3522    
  -108.9685       33.43630       40.82552    
  -84.91550       31.38740       82.05742    
  -89.49930       19.64220       68.82557    
  -103.0372       19.22900       107.5090    
  -96.03960       49.02290       78.20010    
  -105.9749       33.61780       12.98284    
  -109.6519       29.70180       47.02043    
  -117.0228       33.94510       67.17930    
  -109.0592       31.93100       30.11135    
  -105.9863       28.28550       68.17105    
  -117.8924       34.17510       514.7762    
  -113.1559       28.26480       25.89678    
  -78.75800       22.03750       5.792112    
  -110.8524       35.57170       31.93936    
  -99.90210       32.40320       82.27006    
  -107.9145       38.89660       132.0556    
  -117.9124       34.20120       870.1849    
  -117.9295       34.17760       803.7277    
  -117.8553       34.17270       538.1804    
  -103.7987       33.29270       75.76283    
  -117.0037       33.91930       119.1760    
  -110.3805       28.78100       30.36525    
  -109.2200       33.52290       36.01879    
  -112.1434       36.97970       205.9402    
  -100.8417       34.86620       149.3953    
  -111.4194       34.97930       106.5947    
  -112.6796       34.93170       35.79849    
  -117.9496       34.20370       348.0279    
  -117.8723       34.14910       177.9848    
  -100.9167       21.92240       24.94893    
  -100.8317       34.84100       37.47417    
  -115.6222       33.97770       170.5760    
  -113.1679       28.28800       26.25223    
  -111.6213       25.44760       14.92873    
  -98.68930       21.42920       39.62239    
  -107.6995       39.50350       17.13830    
  -115.5873       33.97550       176.7943    
  -91.98200       32.24720       6.819616    
  -101.5424       20.83120       14.23235    
  -83.18430       32.17810       43.75206    
  -105.6916       34.14000       21.37754    
  -108.7247       25.56050       25.66778    
  -106.7730       34.83810       56.87136    
  -109.7969       26.98650       24.14240    
  -108.7333       25.58260       18.37607    
  -106.8026       34.83970       194.1326    
  -106.0155       32.87150       191.3823    
  -105.9871       32.87000       85.91637    
  -109.7686       26.98520       29.89682    
  -114.6133       37.45620       152.2113    
  -109.1264       31.72170       30.61914    
  -112.3982       34.78980       31.43158    
  -109.8426       31.87780       20.36198    
  -115.3998       40.38740       100.7072    
  -118.7982       35.13380       66.68844    
  -117.4938       45.59070       169.0332    
  -120.6381       43.91530       152.7555    
  -115.8483       33.91840       32.59948    
  -98.99330       35.88340       179.5688    
  -98.96660       35.88230       288.4875    
  -95.68970       48.83300       15.72499    
  -95.65700       48.83130       15.88268    
  -102.4913       37.37840       223.6475    
  -100.8069       34.10230       45.14165    
  -120.6773       43.94860       184.2333    
  -103.9599       30.56230       36.50938    
  -90.60980       33.59180       27.37294    
  -99.25030       18.95190       13.21744    
  -107.7069       38.91070       14.49615    
  -115.4648       35.58750       934.3660    
  -122.7119       42.50950       182.2935    
  -115.4843       35.61400       417.6999    
  -115.4486       35.61170       554.4111    
  -115.5005       35.58980       171.5027    
  -115.4291       35.58510       3577.386    
  -115.3934       35.58270       235.2883    
  -115.4452       35.56090       489.7539    
  -115.4096       35.55850       1467.149    
  -99.59080       34.61360       235.9648    
  -99.58160       34.58860       268.5010    
  -122.7514       42.54190       173.1967    
  -114.9840       35.80870       941.2515    
  -114.9486       35.80630       355.5577    
  -115.4129       35.60930       153.0449    
  -115.0388       35.83770       290.6132    
  -115.0034       35.83530       280.1084    
  -115.0194       35.81100       189.9097    
  -115.0000       35.78440       1035.847    
  -114.9646       35.78200       918.5132    
  -114.9292       35.77970       905.3967    
  -115.3612       35.63110       981.8435    
  -101.6106       32.37990       18.38164    
  -80.12970       22.16730       11.76906    
  -114.9453       35.75540       242.5665    
  -115.4164       35.66010       167.3135    
  -115.3807       35.65770       2194.139    
  -115.3451       35.65530       209.7639    
  -115.3968       35.63350       482.5941    
  -115.3256       35.62880       331.3264    
  -115.3773       35.60690       179.5119    
  -115.3417       35.60460       416.4812    
  -115.3061       35.60220       67.51994    
  -118.7463       43.84120       620.4083    
  -118.7010       43.83740       80.18108    
  -114.9806       35.75780       365.4155    
  -118.4414       34.78360       114.0779    
  -117.4310       35.97480       50.81138    
  -118.6019       39.56050       1004.985    
  -118.5605       39.55730       1735.470    
  -118.5741       39.53110       218.2185    
  -120.0749       35.37480       192.7098    
  -107.9413       39.49140       29.80669    
  -118.6433       39.56370       1499.520    
  -118.6155       39.53430       1105.610    
  -118.5328       39.52790       667.8831    
  -115.4630       33.84470       615.3660    
  -115.3928       33.79120       3068.493    
  -115.3581       33.78900       3186.366    
  -113.4948       32.96900       12.72281    
  -101.7817       23.86920       10.81571    
  -109.7165       43.60730       33.15804    
  -120.0348       35.37190       164.2288    
  -120.0515       35.34790       313.6557    
  -115.4808       33.87040       239.7697    
  -115.4460       33.86820       989.5298    
  -115.3242       33.83590       179.2328    
  -115.3235       33.78690       973.6183    
  -115.3751       33.76560       1118.925    
  -115.3405       33.76340       206.6665    
  -120.1100       36.39610       29.68259    
  -120.1161       36.19140       54.18798    
  -120.0915       36.16400       82.16866    
  -120.0984       35.40170       720.7023    
  -120.0583       35.39880       148.4918    
  -120.1151       35.37760       183.8925    
  -120.0916       35.35070       235.5084    
  -76.79030       21.13760       7.390893    
  -120.3148       36.41110       28.01637    
  -120.1259       36.37160       30.70613    
  -120.1386       35.40460       97.18909    
  -112.0970       37.05430       65.55441    
  -101.9414       32.15720       23.71333    
  -110.0640       27.59800       55.44958    
  -110.0355       27.59660       33.46730    
  -108.5740       43.76450       99.77764    
  -113.8195       42.41650       19.85187    
