  -108.4189       45.64500       52.50843    
  -112.0405       35.41800       24.28798    
  -94.64990       34.07980       133.6926    
  -91.09960       32.26990       59.35751    
  -99.76770       31.33940       39.14025    
  -98.74440       31.09070       32.25893    
  -98.08800       23.46370       35.43855    
  -97.48990       20.52240       23.75068    
  -87.90710       19.28050       162.1062    
  -88.12140       19.00500       36.66253    
  -89.01760       18.91790       36.33319    
  -71.37750       18.62810       4.437574    
  -92.16270       18.62910       26.80959    
  -92.53940       18.17990       461.9509    
  -90.52600       16.11310       81.62222    
  -110.8985       40.75790       136.2931    
  -109.9512       27.21490       5.993083    
  -88.23630       18.09670       11.25973    
  -119.4290       45.69890       42.24786    
  -87.90520       19.26060       125.7570    
  -118.3401       34.70180       157.9594    
  -88.10140       19.00470       44.77594    
  -88.89560       17.02640       25.45193    
  -87.23110       15.70670       25.05214    
  -84.39290       14.83560       18.11187    
  -110.0861       27.33210       17.54828    
  -123.2286       44.63010       104.0526    
  -123.2050       39.00450       857.3239    
  -110.0761       27.30940       20.56503    
  -97.46790       20.52180       19.22949    
  -88.25630       18.09690       17.95515    
  -112.7114       34.73450       329.0414    
  -108.9047       33.48130       21.69598    
  -98.09270       23.48480       26.32437    
  -99.19090       22.80570       23.61777    
  -116.3002       48.68710       288.3994    
  -113.9546       45.38670       68.90087    
  -123.4768       44.50140       331.4399    
  -103.2873       27.04400       621.2053    
  -108.5240       26.75330       40.56322    
  -99.22860       24.80630       31.03747    
  -89.03780       18.91820       34.09688    
  -119.6655       43.62240       145.2529    
  -120.8507       43.25200       151.6333    
  -109.0864       25.72790       74.48371    
  -87.22970       15.68740       38.51925    
  -117.7675       48.72020       213.1899    
  -109.7523       45.46270       79.43292    
  -121.9210       45.73900       316.3105    
  -123.8450       44.56580       339.0211    
  -119.7300       43.71710       157.6014    
  -120.8032       43.24790       122.7242    
  -99.19570       22.82670       50.80949    
  -121.4379       45.78790       429.8739    
  -92.52860       18.25880       31.63369    
  -113.0357       46.98700       9.918888    
  -123.0807       45.04330       673.4141    
  -123.4210       44.98300       652.5869    
  -120.4919       43.16220       140.8633    
  -121.2913       43.11400       720.0989    
  -97.85110       35.60890       77.66689    
  -91.30830       31.50220       22.60243    
  -108.9019       47.73490       30.86397    
  -123.0387       46.59970       426.9584    
  -121.2723       45.83510       191.4077    
  -120.2726       39.74620       13.66961    
  -98.14170       23.19330       3.548713    
  -88.38540       18.82990       25.65662    
  -120.7283       43.62550       108.7665    
  -88.58840       18.85250       26.05960    
  -119.4429       43.72210       99.14364    
  -120.3396       43.32560       105.7807    
  -123.1580       39.00070       498.7261    
  -122.4296       45.32110       152.0710    
  -85.59330       34.37290       27.01059    
  -109.6834       26.91510       38.43055    
  -70.34600       18.92870       253.5827    
  -124.1986       40.76200       439.8549    
  -89.71060       35.93100       3.474641    
  -121.3176       45.87050       364.6528    
  -120.9091       43.08080       220.8386    
  -121.2530       43.08130       210.2819    
  -118.5499       42.35810       103.8613    
  -115.6423       41.41270       73.89723    
  -110.1531       27.35740       11.46766    
  -119.6557       43.80000       109.5129    
  -121.3835       43.92130       257.8409    
  -119.2086       43.43520       167.9568    
  -97.83390       35.63320       20.44382    
  -97.82490       35.60780       152.0611    
  -122.4758       45.35620       21.79058    
  -120.7124       44.70550       136.1714    
  -120.3711       43.09310       272.0426    
  -120.5196       40.64910       78.19285    
  -97.61010       36.02670       67.71746    
  -70.36530       18.92860       55.81858    
  -119.1024       44.20120       95.28658    
  -119.4829       43.45860       124.6549    
  -115.4488       41.56770       53.82333    
  -92.48230       17.88280       26.12005    
  -122.5215       45.98250       431.5947    
  -110.8616       33.42080       96.44276    
  -102.0124       32.20770       70.60225    
  -118.8706       38.21000       97.35667    
  -114.9402       32.02350       386.8347    
  -118.7627       44.08190       370.3316    
  -119.8472       43.22440       69.25152    
  -119.6092       43.79600       77.70862    
  -93.11510       17.83420       57.41726    
  -93.11760       17.85400       51.42509    
  -94.06610       30.05970       8.592478    
  -103.2620       27.04300       488.1346    
  -93.18470       17.89460       17.04923    
  -95.32670       28.92190       149.1996    
  -92.16520       18.64900       66.27711    
  -98.64710       19.03790       564.6994    
  -110.7764       33.00450       51.71739    
  -92.48470       17.90260       18.03462    
  -109.6423       30.50830       172.9577    
  -101.4631       26.88850       32.49197    
  -82.37360       32.99520       82.04944    
  -65.44390       48.96030       111.8567    
  -93.02730       31.29450       283.5459    
  -81.82780       32.65600       23.27973    
  -65.57890       49.02620       55.43574    
  -65.43630       48.99510       41.00095    
  -87.51320       31.85520       119.2911    
  -83.37740       30.42090       12.10731    
  -88.34860       33.00730       51.12361    
  -83.37510       30.39800       12.41512    
  -94.01530       18.20560       21.55019    
  -82.15550       31.86020       24.65415    
  -94.77690       30.76910       259.6754    
  -88.59100       18.67410       60.04108    
  -88.57090       18.67380       41.92430    
  -83.25470       30.28240       21.15146    
  -92.21540       31.20170       131.9717    
  -80.59520       22.76520       6.971915    
  -99.03980       21.70530       10.29823    
  -96.08040       28.67640       90.86594    
  -80.57520       22.76500       5.020049    
  -86.06900       34.74990       110.0034    
  -93.00380       31.29380       85.76831    
  -90.71440       30.83830       172.8538    
  -81.82990       32.67970       22.14008    
  -86.88160       32.73740       37.31547    
  -92.22050       31.22500       169.2985    
  -101.7799       31.37450       31.13526    
  -94.13550       18.16820       19.79097    
  -79.78790       35.15170       111.7439    
  -86.05460       31.89660       27.81877    
  -79.78960       35.17650       204.1968    
  -100.1712       32.08280       27.17465    
  -95.98840       33.52080       109.1077    
  -82.40560       31.69990       74.61011    
  -93.03270       31.31790       232.3615    
  -80.83130       37.69970       25.08878    
  -84.83190       35.04670       19.07103    
  -92.12240       18.13350       2.868599    
  -91.44780       17.23760       12.38083    
  -77.15020       35.68190       104.2080    
  -85.25310       33.27840       201.7895    
  -92.05280       32.24920       4.780998    
  -86.85500       32.71320       43.96975    
  -91.04450       32.33920       11.61917    
  -111.5948       28.90950       53.42354    
  -94.70530       30.10180       36.69893    
  -97.79480       38.38630       129.3688    
  -97.78440       38.35940       14.86823    
  -93.11230       35.18380       4.801199    
  -91.78550       33.55260       256.1227    
  -91.06790       32.33980       42.52040    
  -101.1218       31.53420       23.16204    
  -92.09160       17.87640       70.18308    
  -85.61330       32.92680       45.29981    
  -92.38300       32.66100       35.52065    
  -101.1561       31.55900       25.42144    
  -101.1302       31.55790       37.94640    
  -96.96580       28.92860       8.290496    
  -97.91050       23.47970       11.18915    
  -92.09400       17.89620       7.195066    
  -97.82220       38.38750       143.3682    
  -97.81180       38.36060       87.30950    
  -92.07110       17.87610       6.706866    
  -91.62740       17.02490       36.35806    
  -103.2946       27.06620       683.7062    
  -109.1699       26.47400       70.37832    
  -90.16290       18.65680       35.01478    
  -88.50030       18.35650       5.211962    
  -100.7393       32.60430       38.06827    
  -85.68880       31.51670       35.74781    
  -103.2693       27.06530       141.2931    
  -97.79700       22.95460       42.47134    
  -79.79470       35.25090       140.0493    
  -79.98920       35.07930       104.1241    
  -91.80940       33.55330       57.54763    
  -94.80060       30.76980       133.6220    
  -91.80380       33.52910       78.69164    
  -82.42770       31.70020       53.73989    
  -82.40340       31.67660       69.46403    
  -94.79480       30.74660       105.7062    
  -94.77100       30.74580       108.6130    
  -101.1712       30.95350       62.28938    
  -109.7583       26.89640       76.77634    
  -109.0776       26.44800       67.42812    
  -98.80770       21.02310       62.19802    
  -91.77980       33.52840       96.44605    
  -85.84270       31.98630       52.67163    
  -93.62500       30.45820       38.36018    
  -109.9610       27.23750       5.562119    
  -109.5609       26.82130       6.684418    
  -109.0685       26.42570       69.77682    
  -99.71090       18.44310       32.53186    
  -83.16390       42.30190       15.12654    
  -96.10580       33.50100       6.100823    
  -92.76890       31.28700       133.3676    
  -96.98960       28.92930       8.556416    
  -98.75120       28.67470       3.933886    
  -91.47670       17.31640       7.070490    
  -87.24440       32.86380       144.7220    
  -101.0973       33.29030       27.93228    
  -85.86520       31.98670       12.23460    
  -96.10390       28.67710       19.28560    
  -96.09830       28.65460       101.5648    
  -96.07480       28.65380       278.6560    
  -109.0868       26.47040       60.03484    
  -109.1331       26.45050       69.09872    
  -109.1053       26.44930       67.92573    
  -96.21690       15.89000       48.31422    
  -88.58760       15.25840       46.32817    
  -64.59120       48.77530       73.09531    
  -92.92300       46.03590       29.30119    
  -96.99560       28.95200       8.376847    
  -96.97180       28.95120       38.16312    
  -98.13750       27.47730       5.490292    
  -109.0962       26.42690       61.77613    
  -104.1401       26.13660       70.53827    
  -108.6279       44.42960       79.59542    
  -85.24980       33.25440       125.1527    
  -101.1066       33.31480       28.95108    
  -92.57130       30.61170       378.9401    
  -100.7542       33.27540       21.66458    
  -100.8730       30.89510       49.07215    
  -104.1655       26.13760       80.61515    
  -94.66390       17.90110       16.29247    
  -92.17190       16.05830       40.40619    
  -90.89740       33.50330       4.824094    
  -99.41480       33.62940       58.81996    
  -98.92260       28.43470       24.53023    
  -109.1422       26.47280       81.89477    
  -71.62090       18.09610       48.01772    
  -93.81640       18.12290       53.58187    
  -93.27100       16.23040       76.61562    
  -89.39730       36.04840       8.271441    
  -77.15100       35.70690       117.5079    
  -87.22150       32.86330       182.0508    
  -100.7279       33.27430       26.44518    
  -97.65440       31.21330       57.36184    
  -101.1373       30.92900       58.32906    
  -96.51990       19.85320       17.69925    
  -98.62600       38.37080       37.99547    
  -100.8558       34.76790       30.16567    
  -99.38890       33.62830       86.73248    
  -101.1455       30.95250       90.37216    
  -100.8811       30.91860       52.71297    
  -95.40280       29.32910       46.37222    
  -99.41120       29.03490       18.71319    
  -109.5704       26.84380       6.828074    
  -109.0315       25.72550       12.10737    
  -98.65370       38.37200       225.9587    
  -98.64280       38.34510       178.5050    
  -98.61520       38.34380       201.4430    
  -77.17320       35.68200       114.1314    
  -77.14940       35.65690       286.0089    
  -99.37160       33.65180       33.70552    
  -99.36290       33.62720       59.60890    
  -71.38510       19.08270       16.67320    
  -77.17400       35.70700       78.14943    
  -99.34560       33.65070       57.85570    
  -97.06740       28.41740       11.61356    
  -112.9329       27.82640       60.26160    
  -109.1910       26.12460       120.9653    
  -68.58140       18.52380       20.16183    
  -101.1133       31.51040       47.51180    
  -98.03270       30.60210       96.29974    
  -98.00810       30.60120       64.29872    
  -97.06160       28.39490       12.98950    
  -98.05380       21.04480       10.30945    
  -84.69720       31.77940       72.01104    
  -92.79240       31.28770       59.75500    
  -96.40770       30.47680       5.067666    
  -98.05790       21.06530       16.25539    
  -98.03550       21.06480       7.649597    
  -84.00710       31.18800       53.61361    
  -97.58420       28.50110       23.05462    
  -80.36400       22.51700       5.346637    
  -78.73220       46.08170       22.35089    
  -84.71950       31.77980       14.80538    
  -84.57960       30.98900       10.23538    
  -84.35660       30.38920       165.9222    
  -93.63040       30.48130       61.88780    
  -99.21110       27.93300       29.75083    
  -84.35400       30.36630       330.8448    
  -112.9517       27.80490       24.25598    
  -104.4643       37.63850       46.45988    
  -101.1476       31.53520       50.06457    
  -84.37850       30.38950       75.16857    
  -93.65380       30.48200       185.3537    
  -71.55220       18.56840       44.59683    
  -77.82380       45.63200       48.06478    
  -104.4347       37.63690       48.87053    
  -84.13990       31.77060       63.05439    
  -84.15940       31.74760       11.99963    
  -84.13720       31.74730       20.60543    
  -103.2443       31.81340       228.8266    
  -94.11850       30.86400       35.80804    
  -84.37590       30.36670       103.6881    
  -104.8332       38.23670       42.77815    
  -91.07300       32.36350       11.47439    
  -98.01500       30.62450       35.76534    
  -85.12190       29.65190       22.20886    
  -84.66520       30.96730       6.060421    
  -77.48810       45.47310       45.60780    
  -83.35560       30.42060       26.56103    
  -96.38360       30.47590       5.494781    
  -104.2926       27.48030       54.38324    
  -88.49060       18.67280       38.86552    
  -97.70340       38.56790       8.785366    
  -96.98530       37.27890       45.26770    
  -90.98680       33.26550       7.663065    
  -101.1198       30.95140       59.07513    
  -89.91720       16.00830       8.524991    
  -89.89730       16.00800       8.167487    
  -77.93120       45.60130       53.13231    
  -94.74680       31.48680       74.09454    
  -92.59450       30.61230       48.08722    
  -90.31680       16.22680       39.31327    
  -90.29680       16.22660       38.10432    
  -85.42490       32.04910       137.1592    
  -88.69610       18.51720       23.78679    
  -76.88730       18.30830       28.79093    
  -93.04370       18.24780       7.138950    
  -92.24110       18.09590       16.18282    
  -92.79660       17.92750       51.80715    
  -92.81480       17.90800       13.54841    
  -92.79410       17.90770       13.46087    
  -88.01800       15.50270       29.85650    
  -87.48590       34.95280       20.83570    
  -85.42800       32.07270       95.18156    
  -84.03180       31.21140       70.56914    
  -84.00970       31.21110       73.63187    
  -84.02920       31.18830       63.93848    
  -92.54810       30.61100       226.8533    
  -108.6772       25.64530       8.848213    
  -87.51250       20.19490       21.20887    
  -89.44130       18.52750       56.26842    
  -109.6823       26.78270       10.80101    
  -108.8396       25.71740       72.58260    
  -97.95110       24.06930       12.51197    
  -93.04630       18.26770       8.539396    
  -91.49760       16.37910       11.84465    
  -104.8778       38.26570       48.19848    
  -99.59660       33.13050       40.76197    
  -88.32210       31.54580       109.9877    
  -99.56670       28.90550       5.050350    
  -99.74410       28.68740       38.26366    
  -97.01670       20.08620       23.70160    
  -93.71490       17.66710       6.154693    
  -90.04960       16.35930       13.64816    
  -116.5094       32.11850       428.7339    
  -103.3257       28.42070       17.18398    
  -98.43800       24.10430       41.34637    
  -97.01310       20.06600       80.56607    
  -89.31010       18.42680       15.01298    
  -91.70470       16.61590       18.71748    
  -82.19550       31.81400       20.72344    
  -88.45720       31.40930       37.35992    
  -84.91880       30.51220       30.11784    
  -102.1286       28.37350       368.0641    
  -97.92830       24.06860       5.804536    
  -89.61180       19.18500       14.33057    
  -90.15640       18.59730       12.52706    
  -89.44330       18.54730       58.25350    
  -88.60500       17.98330       52.17237    
  -91.56190       17.53360       48.30074    
  -88.48380       16.63150       21.00842    
  -112.5289       43.81540       455.9128    
  -112.4902       43.81250       34.17404    
  -106.5004       33.01600       55.44958    
  -109.9228       27.21360       21.46960    
  -97.97400       24.06990       54.26163    
  -97.94630       24.04800       58.90762    
  -88.52680       17.78560       35.88045    
  -91.56420       17.55330       37.57372    
  -69.96380       47.99090       89.48534    
  -98.02730       36.24660       18.71323    
  -98.01790       36.22090       17.30587    
  -76.20260       35.42950       21.56440    
  -97.88780       23.47910       11.49460    
  -92.10460       17.28680       11.40596    
  -64.69890       46.22500       17.18622    
  -113.7945       38.40100       79.06945    
  -100.4276       32.30620       110.7761    
  -113.3021       31.88000       194.0219    
  -102.1211       28.35090       128.2902    
  -98.16360       20.92520       8.215236    
  -91.89580       17.24440       12.91701    
  -111.6098       38.51890       55.98275    
  -85.81080       32.07950       54.87902    
  -113.3168       31.90460       80.85740    
  -113.3197       31.85730       86.18536    
  -97.75040       25.85360       24.58867    
  -93.75650       18.14160       6.760735    
  -90.70460       16.09610       14.18434    
  -97.83260       38.41450       78.89413    
  -97.80520       38.41330       57.07365    
  -113.3051       31.83270       74.72377    
  -99.48530       28.05340       32.60958    
  -97.77360       25.85430       22.26568    
  -97.91520       23.50080       9.157969    
  -97.89240       23.50020       8.040157    
  -88.28540       17.97920       25.78527    
  -98.00070       36.24550       12.99623    
  -97.99140       36.21980       11.56867    
  -103.6732       23.23670       35.41470    
  -87.92520       19.26080       166.1721    
  -91.44260       17.37470       14.42805    
  -93.85880       33.59260       5.454379    
  -102.1226       23.54300       113.1868    
  -88.20570       15.13880       5.912278    
  -118.3570       34.67800       297.3557    
  -109.7769       26.87520       7.144562    
  -87.92330       19.24090       43.42271    
  -88.50690       18.00170       51.12928    
  -98.62390       50.94150       43.76234    
  -116.2360       46.20300       61.23381    
  -98.18880       37.87730       57.76565    
  -102.6368       32.06950       19.54821    
  -103.2710       31.81460       39.26790    
  -97.37610       28.24920       4.861804    
  -97.59830       21.09470       53.39258    
  -97.61660       21.07480       8.960443    
  -97.59440       21.07420       205.0571    
  -88.22890       19.28480       15.79287    
  -91.78380       16.59750       16.57277    
  -85.80750       32.05600       111.9986    
  -113.2905       31.80810       65.29437    
  -107.8825       25.37400       135.5435    
  -87.90330       19.24060       29.19731    
  -88.22790       18.64950       24.12202    
  -88.71620       18.51750       33.08535    
  -88.58500       17.98300       46.94756    
  -90.67010       16.15390       28.39574    
  -100.4477       34.25780       136.0647    
  -89.48380       32.65380       29.17522    
  -91.40670       32.39630       5.618234    
  -109.7679       26.91890       20.51789    
  -109.7397       26.91770       14.92809    
  -88.80370       18.99440       18.86371    
  -88.46290       18.59320       53.25351    
  -91.97230       18.24960       32.33783    
  -90.68920       18.09130       13.84313    
  -87.41420       15.80520       248.1497    
  -116.2733       46.23780       44.83364    
  -114.0605       42.89980       144.3178    
  -98.16150       37.87610       91.25420    
  -101.8189       36.75130       59.49933    
  -100.4743       34.25890       88.02393    
  -113.2846       31.90270       59.22905    
  -100.5543       25.04020       46.25449    
  -98.66130       21.51040       5.043617    
  -92.12100       17.77840       4.376970    
  -112.1571       41.60610       40.49258    
  -100.4648       34.23400       60.86658    
  -100.4382       34.23290       56.97910    
  -112.6950       34.75830       411.6018    
  -93.20270       31.04460       4.148021    
  -102.4334       23.27990       39.66778    
  -100.2699       20.57210       38.95689    
  -93.30110       17.99530       4.336567    
  -106.6095       38.49770       50.84288    
  -80.04810       33.64040       26.91929    
  -109.1999       26.14690       78.58911    
  -99.19100       24.08420       11.59560    
  -97.45770       21.62320       79.84824    
  -88.14120       19.82260       34.70135    
  -88.25080       18.03780       81.38250    
  -91.26760       16.88270       26.61391    
  -112.1939       41.60870       124.3564    
  -98.00930       37.47810       46.91980    
  -104.3956       37.21870       44.26837    
  -102.1033       28.37250       108.0200    
  -99.19620       24.10550       50.40437    
  -99.16780       24.08350       44.58158    
  -88.48780       18.85110       40.07446    
  -91.71150       17.59490       21.08226    
  -114.0327       42.86850       369.3998    
  -97.06940       38.38120       123.4255    
  -97.04230       38.38000       111.5914    
  -84.72890       31.12980       81.50025    
  -115.2198       32.20730       116.3908    
  -109.8944       27.21230       8.659668    
  -102.5448       18.89390       80.29507    
  -93.52190       18.09790       6.071195    
  -84.75100       31.13010       13.54302    
  -88.89280       18.67820       52.63263    
  -95.67600       18.47520       99.50792    
  -95.82230       18.45830       6.659729    
  -90.49410       16.40410       12.33209    
  -114.5703       42.85170       669.5482    
  -114.5305       42.84860       298.2198    
  -114.5420       42.82040       43.13672    
  -98.70900       38.37450       78.92062    
  -98.68130       38.37330       188.2940    
  -116.3834       39.33810       21.44343    
  -116.7141       32.51470       97.37000    
  -83.78820       31.00010       35.40570    
  -109.9326       27.23620       5.481314    
  -88.87260       18.67790       65.04025    
  -93.54270       18.09830       8.767407    
  -91.53650       17.84800       3.586871    
  -93.05050       17.81340       7.052534    
  -119.4154       45.76010       14.70662    
  -98.71990       38.40150       20.12059    
  -98.69220       38.40020       18.81424    
  -103.1190       27.96610       34.86926    
  -92.52980       18.59570       28.98726    
  -91.77960       17.83210       32.00584    
  -112.7792       43.68560       73.98517    
  -104.8017       32.35850       47.77194    
  -88.89080       18.65840       27.24758    
  -94.24440       17.89340       3.959475    
  -98.29960       38.43540       114.4447    
  -116.4003       39.23100       93.62448    
  -107.4511       32.94470       37.60620    
  -100.4911       28.58020       45.40796    
  -99.87470       20.84690       44.44477    
  -88.79170       18.87510       83.68623    
  -88.88430       17.33910       3.730525    
  -97.66180       38.45990       92.91976    
  -97.65150       38.43300       95.59826    
  -98.28890       38.40840       17.66949    
  -82.52030       33.11630       33.34273    
  -82.51790       33.09240       5.371328    
  -88.71430       18.49770       14.81800    
  -118.2325       39.77760       1007.503    
  -118.2460       39.75120       782.0709    
  -118.2049       39.74810       622.4872    
  -108.1160       25.36200       11.98280    
  -90.28210       18.81730       33.98794    
  -86.60520       15.39210       29.05108    
  -117.8909       35.34790       61.84760    
  -92.83050       17.86890       3.508310    
  -97.10880       17.37570       21.82738    
  -100.4664       28.57930       52.33311    
  -98.70890       26.25070       25.06966    
  -112.6783       34.73240       170.1052    
  -116.5263       32.14340       213.8172    
  -98.68530       26.24990       18.77659    
  -93.85790       17.96550       4.430841    
  -121.9668       38.47560       270.3565    
  -104.9625       29.36890       61.20780    
  -99.10180       28.88890       5.198493    
  -88.83770       17.90760       26.75408    
  -91.58260       16.41930       11.99833    
  -83.73880       14.75430       12.57473    
  -98.37230       32.72280       140.4733    
  -100.4534       32.30730       136.9252    
  -107.7653       32.19600       170.8273    
  -107.7824       32.17310       501.0654    
  -107.7535       32.17170       941.0433    
  -96.35370       19.50780       32.28502    
  -94.52780       17.97760       35.15664    
  -119.3671       45.75570       18.06678    
  -91.43590       32.84780       27.50776    
  -98.34690       32.72180       108.8036    
  -116.4915       32.14130       256.7742    
  -91.44630       17.59080       5.023415    
  -91.10460       32.29360       8.417251    
  -88.49780       17.68710       68.05585    
  -92.91980       18.08750       3.259160    
  -88.24540       17.97870       42.86550    
  -90.40630       16.32520       24.04468    
  -95.94450       34.19890       35.09912    
  -86.58390       14.77720       17.06020    
  -82.79830       43.73360       5.687817    
  -98.35700       36.64270       12.39019    
  -98.33020       36.64160       17.92537    
  -106.9671       28.35090       36.11598    
  -71.29720       17.99910       16.77581    
  -88.24900       18.01810       56.38783    
  -98.14840       36.50610       8.333078    
  -98.09570       35.56890       88.40525    
  -110.8965       32.19630       18.35580    
  -110.8658       32.19460       32.98662    
  -108.9030       25.74180       10.53436    
  -88.48980       18.87100       12.33209    
  -86.89790       14.83760       46.98985    
  -98.52460       34.66730       8.067093    
  -120.8980       44.96620       202.7266    
  -122.7582       44.79960       398.9034    
  -114.9737       32.02550       164.6426    
  -110.1118       27.20020       58.75523    
  -92.95820       18.22660       3.057146    
  -88.51230       17.84440       31.58574    
  -105.3257       39.03720       48.12543    
  -98.26140       38.40710       130.0932    
  -96.96810       37.30410       9.319578    
  -100.6645       28.58660       50.14161    
  -100.6397       28.58570       73.54687    
  -103.2800       27.02170       749.5291    
  -82.83420       43.25900       14.82783    
  -108.2013       25.23590       8.770775    
  -82.86070       43.25950       9.831349    
  -115.0354       35.78670       152.9129    
  -115.0000       35.78440       390.3693    
  -88.61010       18.45670       4.920163    
  -115.0194       35.81100       241.9521    
  -115.6866       32.66760       153.5531    
  -115.6522       32.66550       159.4070    
  -116.4746       32.11630       324.3800    
  -99.19600       43.24890       4.484711    
  -106.9766       38.91990       49.17734    
  -116.3614       39.22820       85.94685    
  -102.7962       38.25840       203.4592    
  -102.7831       38.23130       125.1787    
  -115.7542       32.76820       131.4842    
  -115.7197       32.76610       147.4702    
  -115.6853       32.76400       92.10493    
  -115.7717       32.74520       162.6668    
  -115.7372       32.74310       838.0552    
  -115.6684       32.73880       1090.757    
  -115.7203       32.71790       464.7101    
  -115.6859       32.71580       122.4205    
  -115.7034       32.69280       65.74883    
  -115.6690       32.69060       105.3705    
  -115.7209       32.66980       282.2869    
  -115.6179       32.66340       128.8311    
  -115.7041       32.64460       167.9442    
  -115.6697       32.64250       1415.350    
  -115.6354       32.64040       1781.531    
  -115.6011       32.63830       42.09972    
  -90.49900       16.24870       47.11423    
  -97.82590       36.33970       18.30247    
  -115.7028       32.74090       116.4813    
  -100.1679       26.49400       38.27827    
  -98.67960       26.22810       3.292828    
  -107.0903       38.07620       71.96898    
  -112.6932       33.04240       172.8001    
  -112.6609       33.04050       199.5119    
  -112.6780       33.01730       593.2039    
  -112.6458       33.01540       636.3906    
  -112.6629       32.99230       75.71001    
  -116.1538       32.62430       143.5025    
  -103.2547       27.02070       132.4036    
  -88.87220       17.84910       5.342964    
  -91.43050       32.82390       32.79018    
  -108.2095       25.25780       8.551927    
  -97.93150       35.76280       9.784210    
  -86.08460       34.70100       34.30543    
  -88.76210       18.16260       20.19509    
  -88.74200       18.16240       10.33361    
  -88.49600       17.66740       45.52636    
  -103.3199       27.06720       85.23595    
  -103.3126       27.04490       469.0465    
  -109.1608       26.45170       50.49707    
  -97.77380       16.09390       12.82554    
  -122.7200       44.73520       1486.255    
  -120.0749       35.37480       158.4045    
  -115.3928       33.79120       145.0239    
  -108.2881       25.32580       8.450919    
  -120.0348       35.37190       135.6915    
  -115.3581       33.78900       219.5795    
  -103.3053       27.02270       769.1497    
  -122.8246       44.74480       558.6497    
  -119.0061       47.15160       322.7450    
  -104.6294       44.31100       43.56710    
  -120.8559       44.93190       299.7977    
  -109.0245       26.18300       7.182721    
  -100.1617       25.69260       74.70836    
  -105.2387       23.94510       30.07073    
  -102.2042       17.92530       10.53759    
  -113.2013       49.53930       52.68375    
  -103.2727       26.99950       106.1006    
  -98.17850       37.85060       39.71004    
  -97.69680       36.92200       11.38012    
  -98.09760       35.71950       38.21982    
  -100.1856       25.69340       21.13183    
