  -122.7363       41.90740       2758.350    
  -122.6983       41.87560       1970.030    
  -122.6433       41.16190       197.7282    
  -108.3317       39.76080       1288.096    
  -108.3135       39.73240       1701.626    
  -120.6914       40.19180       6013.969    
  -120.7043       40.16530       4451.320    
  -120.6599       40.16170       9021.906    
  -120.6155       40.15810       12643.84    
  -120.6729       40.13520       4106.667    
  -120.6285       40.13160       5952.366    
  -120.5400       40.12450       5212.137    
  -121.4644       39.48690       1606.933    
  -121.4195       39.48330       791.9558    
  -121.4331       39.45720       1920.022    
  -121.3883       39.45360       1347.190    
  -120.0501       38.03430       189.3959    
  -90.80660       34.69310       39.69998    
  -93.38920       32.12370       162.1363    
  -101.1378       32.21750       176.8672    
  -101.1290       32.19350       296.9498    
  -115.6028       32.54220       80.89593    
  -115.5686       32.54010       93.33021    
  -122.6873       41.90320       2519.638    
  -120.7173       40.13880       3850.410    
  -120.6859       40.10870       3308.132    
  -120.5088       40.09440       3527.132    
  -122.8139       40.14540       1136.551    
  -119.3280       37.29670       118.0948    
  -116.6348       31.95910       175.0647    
  -93.27930       30.26510       39.83966    
  -101.8494       31.49440       100.0682    
  -120.5270       40.15100       1715.321    
  -119.4953       48.98420       220.8954    
  -94.70330       35.03970       158.7359    
  -98.92590       34.70870       5.958943    
  -111.3262       34.67520       132.3478    
  -119.5952       49.16370       191.7066    
  -119.2515       46.31080       14.82501    
  -122.2703       42.06760       211.6027    
  -120.0411       38.43210       148.4897    
  -116.6180       31.93420       349.2751    
  -94.71060       35.06470       84.86375    
  -94.52780       17.97760       194.4810    
  -121.8470       41.29180       165.9136    
  -122.8895       40.40060       249.1608    
  -120.6469       40.18830       8402.076    
  -120.5842       40.12800       5222.731    
  -120.5712       40.15460       4745.573    
  -120.7359       40.19550       868.4811    
  -120.5530       40.09800       2884.838    
  -93.10930       37.67550       74.91884    
  -120.6364       40.02210       762.2345    
  -118.3573       37.04340       9611.734    
  -118.3812       37.07110       2257.509    
  -118.3179       37.04050       6970.846    
  -120.4958       40.12090       1257.536    
  -70.34600       18.92870       121.4320    
  -118.3966       37.04620       3375.405    
  -92.17060       39.39290       12.72030    
  -118.4206       37.07390       2539.574    
  -118.3418       37.06820       6412.575    
  -120.7119       40.05570       1012.712    
  -120.6676       40.05220       2229.580    
  -120.6807       40.02570       922.5816    
  -119.6672       35.72550       71.88166    
  -118.3334       37.01570       4973.043    
  -118.2941       37.01280       594.6142    
  -118.4052       37.09880       384.4407    
  -118.3025       37.06540       344.7979    
  -98.64710       19.03790       108.8790    
  -97.80620       22.24980       62.53474    
  -93.11510       17.83420       18.55374    
  -88.56710       33.44340       67.26427    
  -93.11760       17.85400       22.71856    
  -93.18470       17.89460       12.35728    
  -118.3727       37.01850       2013.805    
  -118.4600       37.07680       6100.584    
  -118.4360       37.04910       1681.858    
  -118.4120       37.02140       2098.267    
  -118.3488       36.99090       407.5585    
  -97.43240       30.78830       3.617460    
  -118.4514       37.02420       380.2688    
  -118.4754       37.05200       443.7023    
  -118.3881       36.99370       319.1257    
  -102.2042       17.92530       11.19174    
  -85.20570       34.73310       28.11905    
  -68.42720       45.80020       24.61053    
  -85.49620       33.54690       88.14239    
  -110.8616       33.42080       73.29330    
  -97.95030       21.08300       5.327532    
  -84.09410       32.33270       20.43094    
  -91.80020       34.82070       188.3268    
  -86.32270       32.34790       8.909124    
  -78.84840       21.77300       10.69014    
  -99.54470       17.64440       19.17922    
  -69.09530       45.28880       25.93080    
  -91.80630       34.84560       15.54412    
  -69.34370       45.50390       33.37085    
  -88.17240       30.36660       118.4820    
  -68.98970       45.25920       31.09798    
  -91.52750       31.55470       11.76003    
  -70.14360       19.18720       37.41661    
  -69.70060       45.75050       22.80390    
  -86.25790       31.43410       281.2562    
  -123.0313       39.80600       207.8361    
  -91.23810       34.06950       199.8660    
  -98.61040       21.26330       6.241764    
  -90.42180       36.38070       22.36415    
  -90.71270       33.52230       13.82162    
  -78.82870       21.77290       10.64191    
  -98.80970       21.57590       35.89807    
  -90.66440       16.50370       30.62989    
  -90.68840       36.05950       14.98286    
  -90.66380       36.05880       13.90420    
  -81.54510       33.51140       84.03654    
  -90.70750       33.49810       7.937365    
  -99.12050       21.97520       40.52411    
  -86.26120       31.45740       234.5841    
  -86.28030       31.43460       182.4368    
  -86.25460       31.41090       46.75383    
  -78.84910       21.79330       7.366464    
  -86.61700       14.98850       53.94055    
  -108.3171       39.78720       1025.391    
  -90.59830       35.25570       8.530628    
  -90.59260       35.23070       11.69426    
  -111.6160       24.84110       234.6350    
  -111.6548       24.79970       264.0049    
  -111.6261       24.79840       256.1649    
  -108.3683       39.81770       153.6907    
  -108.3354       39.81560       1141.341    
  -108.3500       39.78930       557.4207    
  -91.32140       34.12060       4.540898    
  -111.6640       24.82170       251.4121    
  -111.6354       24.82040       274.9324    
  -111.6068       24.81920       230.4509    
  -111.6446       24.84240       244.9531    
  -111.6455       24.77770       271.7029    
  -111.6169       24.77650       240.9315    
  -91.52400       17.37600       53.90804    
  -90.64690       35.25710       15.98072    
  -85.49960       33.57100       79.44807    
  -111.5874       24.83990       434.8008    
  -111.5975       24.79720       223.4232    
  -111.6363       24.75580       253.4838    
  -98.44800       22.10150       37.50042    
  -111.5782       24.81790       211.5615    
  -111.6742       24.77900       257.6273    
  -90.64110       35.23210       17.18951    
  -90.53940       33.37330       21.44825    
  -90.51570       33.37260       8.681905    
  -90.53420       33.34910       13.11494    
  -84.99980       31.52810       55.36446    
  -97.84480       31.19690       77.88924    
  -97.82010       31.19600       109.0647    
  -90.73650       33.52290       12.21167    
  -111.8428       25.56630       191.9815    
  -111.7579       24.97690       181.9071    
  -111.7773       24.95620       186.4568    
  -90.42780       36.40630       22.99828    
  -90.40320       36.40560       23.54419    
  -90.39720       36.38000       21.26080    
  -90.73120       33.49870       8.037337    
  -111.8526       25.58850       269.5703    
  -111.8718       25.56760       264.6956    
  -111.8621       25.54540       102.4861    
  -111.9295       25.50490       177.5605    
  -111.9006       25.50360       183.4102    
  -111.7673       24.99900       198.6436    
  -111.7292       24.97570       84.71206    
  -111.7486       24.95490       198.4811    
  -111.7199       24.95360       228.5707    
  -84.81780       36.09520       111.8609    
  -99.82500       32.40010       223.8023    
  -111.8331       25.54410       111.6836    
  -111.7952       25.13000       77.11729    
  -111.7867       24.97820       176.7075    
  -92.22410       18.29330       6.751966    
  -99.83330       32.42410       83.60943    
  -99.80760       32.42310       85.15060    
  -99.79930       32.39900       263.0707    
  -111.7392       24.93290       114.1093    
  -111.7105       24.93160       262.2582    
  -97.21750       20.23240       59.40497    
  -92.24470       18.29360       7.344541    
  -85.47670       33.57060       110.8350    
  -98.55830       21.44620       7.492371    
  -89.42330       16.91600       5.366995    
  -111.8817       25.13380       122.8422    
  -111.8528       25.13260       158.1837    
  -111.6912       24.95240       220.2384    
  -111.6818       24.93040       83.35001    
  -112.0467       24.92490       243.4907    
  -111.5302       24.83740       119.5517    
  -89.71060       35.93100       5.498540    
  -91.26930       34.41200       5.912903    
  -91.71350       34.05900       5.551157    
  -111.8333       25.60940       239.8347    
  -111.8236       25.58720       243.7344    
  -97.19550       20.23180       60.53069    
  -92.48230       17.88280       2.657189    
  -70.22670       47.95400       35.15601    
  -96.78520       31.22900       21.87630    
  -111.7664       25.12870       174.2701    
  -111.7376       25.12740       172.2959    
  -111.7282       25.10540       481.0407    
  -98.61460       21.28380       5.781359    
  -103.2405       37.00280       98.76444    
  -89.25470       33.38800       34.70958    
  -112.8540       26.64360       46.02510    
  -111.8719       25.17670       121.7453    
  -111.5496       24.81670       166.8081    
  -111.5210       24.81540       73.55958    
  -98.26530       21.21350       31.73463    
  -90.98420       34.52620       23.12982    
  -83.78530       31.97570       7.221372    
  -96.84520       28.09900       2105.536    
  -96.82170       28.09820       567.6170    
  -112.9056       26.69020       80.91983    
  -112.8756       26.68880       39.93597    
  -112.0367       24.96760       251.4364    
  -111.9607       24.85630       259.2115    
  -91.10260       37.24600       34.02733    
  -90.97850       34.50150       14.96783    
  -91.62320       32.94840       12.07720    
  -110.7764       33.00450       188.8942    
  -112.0557       25.01170       257.6273    
  -112.0462       24.98970       256.6523    
  -112.0083       24.90160       238.5115    
  -111.9795       24.90030       263.0707    
  -98.88790       21.08640       53.17835    
  -85.87050       15.42380       57.19387    
  -86.18380       15.17650       45.38469    
  -90.84690       34.44880       17.47781    
  -90.69710       34.42010       6.919214    
  -90.38360       32.62920       4.735584    
  -97.83770       31.17340       53.77033    
  -97.81300       31.17250       10.20124    
  -101.1455       30.95250       109.8024    
  -111.9404       25.72320       189.8691    
  -111.5404       24.79470       162.8146    
  -87.88250       15.00090       3.482628    
  -90.98980       34.55090       45.61275    
  -90.96010       34.52550       13.05180    
  -90.95440       34.50090       11.47064    
  -90.69430       33.54590       8.943531    
  -91.64690       32.94910       8.944993    
  -91.59950       32.94780       7.747942    
  -111.8240       25.13130       155.1370    
  -88.18460       15.11940       123.2302    
  -103.2694       37.00430       97.52293    
  -90.82280       34.44810       10.83923    
  -111.7005       24.97440       185.0554    
  -111.8523       25.52320       169.0298    
  -111.8627       25.08970       48.93271    
  -111.9701       24.87830       249.2184    
  -86.89020       14.72250       287.9387    
  -111.8335       25.15340       138.3193    
  -111.7569       25.10660       159.5851    
  -111.5588       24.83860       132.1528    
  -111.8714       25.37190       127.7168    
  -111.8430       25.17540       49.14079    
  -111.7475       25.08460       148.4342    
  -111.7187       25.08330       157.2087    
  -111.8155       24.97950       191.3315    
  -111.4741       24.77030       86.76945    
  -91.90450       17.49960       6.932368    
  -90.19190       35.59320       5.077598    
  -111.7946       25.58590       220.5797    
  -111.8234       25.52190       190.4785    
  -111.8433       25.11050       135.3539    
  -111.8145       25.10920       160.7428    
  -111.8338       25.08840       141.7925    
  -111.8061       24.95740       212.0490    
  -111.7967       24.93540       223.0835    
  -111.7679       24.93420       217.5086    
  -90.48680       35.92770       15.21272    
  -111.8139       25.56500       253.0573    
  -111.8244       25.06640       171.1016    
  -111.7862       25.04300       142.7065    
  -111.5572       24.96810       191.2340    
  -112.4069       38.89320       1068.255    
  -91.61990       32.82920       6.952101    
  -111.7849       25.56370       114.4319    
  -111.5689       24.79590       192.3065    
  -111.5118       24.79350       84.84922    
  -90.04980       35.71440       28.06272    
  -97.57490       25.50440       31.54297    
  -111.8042       25.54280       240.3221    
  -111.8426       25.50100       207.9055    
  -111.5858       24.96940       196.2062    
  -112.4276       38.92150       424.9430    
  -90.02550       35.71370       15.96286    
  -90.30310       34.58070       15.35557    
  -91.87580       34.13680       10.43308    
  -111.7386       24.99770       170.3704    
  -112.3718       38.89090       10109.16    
  -90.27910       34.58000       10.65506    
  -88.60670       31.87900       39.16554    
  -104.3948       31.58340       84.57585    
  -112.0178       24.92360       274.8512    
  -111.9889       24.92230       288.6628    
  -98.26310       21.64380       7.734787    
  -91.53510       33.49720       4.406724    
  -93.62650       33.53680       5.075406    
  -98.30330       30.77330       51.38609    
  -111.9986       25.72590       252.9963    
  -111.7752       25.54150       104.2285    
  -98.55410       21.42560       8.274117    
  -122.8614       40.14930       1793.064    
  -112.3863       38.86500       267.1365    
  -91.62530       32.85320       8.011029    
  -112.1043       39.57480       260.3323    
  -112.0831       39.54620       214.7198    
  -112.0478       39.54370       167.3616    
  -112.3924       38.91910       640.6623    
  -112.4421       38.89560       40.81482    
  -90.31460       35.17320       3.406990    
  -82.70450       29.73100       16.03694    
  -111.9887       25.70360       251.2902    
  -111.9596       25.70230       233.7413    
  -112.0561       24.94690       246.9030    
  -112.0272       24.94560       256.3274    
  -111.9984       24.94430       247.8779    
  -111.7586       24.91210       236.2599    
  -112.3366       38.88850       418.4394    
  -90.47120       36.38220       22.82946    
  -89.99450       36.11530       10.08942    
  -90.49270       35.95300       15.59783    
  -92.16230       18.29230       5.090753    
  -90.47720       36.40770       22.41510    
  -90.51130       35.92840       17.02179    
  -118.4446       37.10170       267.1310    
  -90.53420       35.50290       16.82448    
  -90.25820       34.70230       3.854239    
  -90.42070       16.26710       42.35454    
  -90.54000       35.52810       17.13361    
  -90.73770       34.49470       10.55641    
  -91.89990       34.13760       10.59587    
  -91.30820       16.88330       19.92298    
  -90.44070       16.26730       36.60269    
  -87.12260       15.28160       21.07499    
  -97.52790       36.45450       7.202034    
  -90.01900       36.11600       5.656393    
  -90.55850       35.50360       10.39198    
  -98.15740       35.59650       28.75881    
  -93.53710       32.71980       330.1858    
  -89.87190       35.78460       4.367261    
  -90.03110       35.73890       80.22738    
  -90.86370       34.52280       5.268338    
  -91.81580       34.08640       13.31225    
  -91.79160       34.08560       8.787140    
  -84.59050       31.08140       10.89711    
  -111.6253       24.86310       152.8215    
  -111.5967       24.86190       133.4690    
  -98.18370       35.59760       100.7765    
  -98.13110       35.59540       145.5566    
  -98.14830       35.57110       167.8610    
  -98.12200       35.57000       94.18369    
  -91.40630       34.07430       10.90500    
  -91.38220       34.07360       11.73372    
  -109.6423       30.50830       342.6209    
  -85.85240       15.44280       85.77978    
  -112.0689       39.57240       2397.061    
  -90.55270       33.32560       7.721632    
  -90.25430       33.24570       45.61275    
  -86.40200       15.25540       38.69649    
  -112.3573       38.91670       1082.283    
  -91.51860       34.24820       10.55860    
  -98.21230       34.58070       66.52792    
  -98.06720       20.65820       3.709541    
  -90.54850       35.87910       5.673931    
  -90.53110       35.27860       10.76030    
  -90.50690       35.27800       12.19413    
  -91.51280       34.22360       15.05521    
  -81.48000       26.49810       13.44635    
  -90.06850       35.68980       7.892641    
  -90.14320       35.59180       7.287538    
  -104.9817       29.62020       130.3979    
  -111.8149       25.04430       132.8353    
  -111.7767       25.02100       127.7168    
  -91.47030       32.04460       10.10258    
  -91.46510       32.02100       10.04010    
  -111.4650       24.74830       69.70805    
  -95.90480       18.57920       97.35650    
  -95.41360       33.40410       9.441936    
  -90.09460       35.59040       6.478542    
  -97.86950       31.19780       66.12837    
  -95.63030       18.45440       5.774783    
  -91.68440       34.84190       3.406990    
  -90.32250       36.47950       32.54727    
  -90.45640       35.90160       14.66277    
  -98.29150       35.75270       5.051290    
  -112.0268       25.01040       221.0671    
  -90.35320       36.50580       29.46962    
  -90.32850       36.50510       47.13660    
  -90.34720       36.48020       27.85663    
  -90.93410       33.24000       58.75339    
  -111.7857       25.10790       59.12662    
  -90.46230       35.92700       15.78528    
  -90.48090       35.90230       13.93051    
  -91.88680       33.17110       23.19208    
  -91.86290       33.17040       243.9969    
  -97.73450       32.91310       41.46936    
  -102.8517       51.14320       7.547337    
  -90.25770       35.67010       4.840819    
  -95.81930       18.57750       60.29942    
  -89.77780       16.00650       12.73987    
  -91.09640       35.41950       4.696121    
  -94.43790       34.80780       47.26172    
  -95.30970       34.56780       81.11234    
  -91.55600       32.11750       5.889882    
  -97.82130       22.10570       42.21435    
  -85.10760       30.97440       5.810738    
  -97.57470       37.01980       9.523786    
  -91.91170       34.18660       7.590089    
  -112.3221       38.91430       1269.604    
  -91.69040       34.86680       4.316288    
  -104.0757       51.45120       12.16782    
  -90.49950       35.87770       12.88079    
  -112.3779       38.94500       215.0956    
  -112.3016       38.88610       439.7581    
  -112.3512       38.86260       474.8188    
  -90.49360       35.85240       15.29857    
  -99.13850       22.05820       125.9395    
  -96.32840       50.16060       248.5800    
  -91.57760       34.39650       32.49556    
  -95.38880       33.40320       14.21991    
  -98.47500       22.12290       27.55659    
  -89.36920       36.80970       17.50061    
  -120.5583       40.18110       1299.764    
  -89.37500       36.83550       77.22402    
  -99.26650       21.91730       78.56256    
  -89.66960       36.94620       5.805476    
  -91.86850       33.19460       178.1211    
  -91.22580       32.74680       4.917553    
  -112.0901       39.60100       727.6691    
  -112.0336       39.57000       270.4784    
  -120.5791       40.04500       905.4860    
  -97.17690       48.91160       11.56272    
  -112.0548       39.59860       599.8304    
  -91.60760       34.42190       3.972629    
  -114.5512       39.15050       54.79778    
  -101.4631       26.88850       36.63829    
  -120.6103       40.07510       362.0078    
  -120.5660       40.07150       470.9089    
  -89.35030       36.83480       12.84396    
  -122.5739       40.65200       243.9336    
  -91.88120       33.14700       576.6072    
  -114.1931       42.67690       12.58876    
  -91.85740       33.14630       92.42490    
  -114.1538       42.67390       77.91560    
  -91.48870       34.22290       6.412770    
  -99.20690       22.16330       37.03132    
  -99.18410       22.16270       106.6769    
  -110.4911       39.81970       62.16123    
  -112.2314       38.37420       48.37617    
  -101.8864       35.96540       49.57487    
