  -106.3652       48.21030       6320.051    
  -104.1334       47.78720       4813.284    
  -102.2830       40.47430       10992.58    
  -114.7383       41.00630       12816.93    
  -97.68430       39.07430       2574.316    
  -105.6964       39.05880       6123.774    
  -106.9627       38.99960       9670.343    
  -98.20890       37.51280       7549.169    
  -97.40200       36.83260       2573.423    
  -109.3056       35.95930       48895.75    
  -118.3867       34.58040       44256.07    
  -118.3489       34.57790       28495.10    
  -118.3111       34.57530       71100.43    
  -118.3658       34.55410       18154.78    
  -118.3280       34.55160       39237.62    
  -118.2903       34.54900       63306.21    
  -107.4708       33.67140       13596.77    
  -115.2037       32.18250       12182.15    
  -115.1877       32.15760       15321.66    
  -108.8259       25.95620       1249.830    
  -98.19770       24.83910       678.0936    
  -88.24720       17.99840       3198.556    
  -93.18470       17.89460       7682.411    
  -93.11510       17.83420       7203.698    
  -88.67740       17.68940       335.6251    
  -94.39790       17.48220       1774.637    
  -98.46740       47.17490       699.8141    
  -107.4882       46.01750       6263.216    
  -97.51190       37.63870       1571.011    
  -88.50870       18.65320       1568.706    
  -88.70850       18.43830       5548.757    
  -111.3021       46.71830       9342.533    
  -109.9275       41.76130       5577.631    
  -112.0624       41.48590       12863.41    
  -112.0754       41.45850       20011.78    
  -105.6988       39.32840       4671.267    
  -97.72760       37.07780       1902.173    
  -118.6655       35.32590       28506.44    
  -104.2346       44.95640       7913.264    
  -101.5142       44.60620       7599.523    
  -105.6814       39.13860       5705.452    
  -98.20970       37.30530       12441.99    
  -98.19970       37.27890       19600.14    
  -98.17270       37.27780       14536.70    
  -97.37960       36.55030       1653.132    
  -88.70660       18.41850       5770.294    
  -88.67930       17.70900       2689.914    
  -104.9382       45.52840       4903.668    
  -97.61710       37.56510       1958.408    
  -98.40410       36.97820       2718.326    
  -107.4076       26.28890       7220.110    
  -106.6174       44.68510       6239.975    
  -112.6719       42.24400       7413.602    
  -107.2847       38.56450       9679.303    
  -98.37710       36.97700       11652.33    
  -98.39410       36.95200       14594.80    
  -98.36720       36.95090       2322.597    
  -116.1579       31.28980       6415.702    
  -116.1238       31.28780       12709.23    
  -104.7232       44.95720       6391.036    
  -101.5286       44.57650       6100.534    
  -111.7190       43.96320       983.6672    
  -112.0966       41.57330       1753.106    
  -98.42620       37.52240       17978.96    
  -106.2865       45.30820       8517.509    
  -112.4537       43.60140       7297.401    
  -113.9096       39.70150       10405.94    
  -88.46400       18.39550       385.6118    
  -94.52780       17.97760       8780.465    
  -108.8651       44.96510       7808.684    
  -112.0520       41.42850       1885.213    
  -115.2576       39.28250       8180.526    
  -97.82500       38.25550       36455.42    
  -116.6790       39.08970       9063.650    
  -113.7709       49.38180       12096.49    
  -117.5894       46.38410       1922.703    
  -106.4989       43.89160       5647.351    
  -110.3896       42.33810       11475.32    
  -114.0019       42.45930       9911.916    
  -111.8901       41.53020       12148.95    
  -115.5159       40.98090       11608.45    
  -121.2637       41.29930       13213.09    
  -115.6319       40.73810       9389.014    
  -97.74470       37.05270       5755.614    
  -97.71790       37.05160       5587.801    
  -118.6435       35.29920       56092.43    
  -111.6072       46.80670       16756.13    
  -102.9715       45.30900       7041.759    
  -104.4644       45.31080       6530.478    
  -108.6888       44.55540       6391.036    
  -98.45340       37.52360       17930.16    
  -107.9325       25.00930       1401.413    
  -106.6531       50.58780       4545.414    
  -113.0707       48.40410       11364.42    
  -117.5496       46.34890       1692.408    
  -101.5533       44.73060       5868.133    
  -115.5416       40.92680       11620.06    
  -114.7832       39.43780       8075.945    
  -107.0539       38.84420       6649.379    
  -120.1518       38.78840       14742.71    
  -118.2340       38.58830       19656.17    
  -107.9245       24.98750       1517.454    
  -105.4103       47.97510       4486.817    
  -115.2876       47.17690       32662.15    
  -106.9111       46.26130       1087.211    
  -121.3663       43.97960       22281.85    
  -112.4552       42.92400       11829.23    
  -113.7339       42.06470       12243.08    
  -112.1541       41.29470       1035.439    
  -114.8767       39.33610       11585.00    
  -97.84730       37.47110       20695.34    
  -97.86840       36.67290       4364.912    
  -97.84170       36.23880       11585.20    
  -98.36030       35.65520       701.5993    
  -92.48230       17.88280       2897.867    
  -110.7164       49.32890       8343.207    
  -114.0325       42.20210       8656.948    
  -111.8771       41.55760       1274.661    
  -111.9883       41.17020       2887.560    
  -116.1691       40.55630       11214.83    
  -114.8627       39.36220       8715.050    
  -97.82030       37.46990       15931.11    
  -97.20820       36.87580       646.2569    
  -117.5270       33.36560       8852.130    
  -109.5381       51.28990       14257.82    
  -112.8841       48.45540       11190.12    
  -108.5559       45.68620       6170.254    
  -108.3735       45.36160       6286.455    
  -115.8904       44.71620       23892.59    
  -112.4812       42.95510       2147.644    
  -117.6907       38.81530       10341.86    
  -107.9015       37.49520       8424.455    
  -121.8607       38.01520       12598.62    
  -117.5082       33.34000       9562.768    
  -106.8638       50.96510       4696.091    
  -105.6537       48.90290       7599.523    
  -110.1058       48.09390       13374.70    
  -101.4721       46.44480       3306.517    
  -108.4841       44.23810       9330.913    
  -119.0283       44.13470       8819.631    
  -112.2816       43.05740       11503.86    
  -111.6766       41.74210       8598.849    
  -114.9702       41.81540       9203.092    
  -115.5147       40.81300       9268.001    
  -106.9022       39.10340       5705.452    
  -97.88250       37.91620       909.5797    
  -98.03680       35.76720       2480.145    
  -105.6438       48.93630       4645.865    
  -106.2817       45.86970       6228.354    
  -108.8944       44.50930       7099.859    
  -97.68920       36.97310       45033.75    
  -110.0179       27.24020       1791.265    
  -69.20170       18.50040       366.8668    
  -106.5790       50.94310       7877.044    
  -110.5575       49.48860       6972.040    
  -105.9010       48.85250       3741.805    
  -104.8012       47.99910       4763.059    
  -102.8294       44.22940       5484.671    
  -120.6249       44.85010       17823.08    
  -108.1001       43.76140       4857.187    
  -106.4345       42.33070       5136.069    
  -117.0933       42.03870       6263.216    
  -117.8210       41.55510       1374.635    
  -115.3874       41.16760       6449.136    
  -110.9612       39.41580       6542.097    
  -115.2198       39.27980       7820.305    
  -117.5742       38.43230       14704.41    
  -98.06320       35.76830       3652.601    
  -109.2741       35.95740       25552.52    
  -117.8067       33.55480       8609.919    
  -114.7841       32.68480       13442.71    
  -88.46350       18.17840       2001.453    
  -113.2309       47.06770       1963.764    
  -116.4679       46.00230       1708.475    
  -118.6200       44.55210       25648.73    
  -105.8009       41.57580       4148.363    
  -105.8623       41.26870       4903.668    
  -115.7117       40.91170       7518.182    
  -107.2401       38.69510       10671.13    
  -107.3163       38.56640       8114.081    
  -107.8230       37.46450       8197.832    
  -111.3216       47.39950       16221.61    
  -106.3586       45.22030       6356.176    
  -106.4206       42.35870       4159.983    
  -122.5650       43.07920       18031.29    
  -111.5933       41.67920       8087.565    
  -117.0817       42.06640       7506.562    
  -115.2080       41.37940       12514.81    
  -119.0746       41.11940       15861.39    
  -111.1541       40.05630       6978.421    
  -107.8372       38.97230       849.7742    
  -97.89270       37.94280       3725.063    
  -121.4196       38.37920       19266.07    
  -97.94920       36.31950       14217.48    
  -97.92270       36.31840       10832.14    
  -97.93980       36.29370       21009.15    
  -97.91330       36.29260       16091.91    
  -114.9575       32.50290       1005.983    
  -77.08380       26.42840       14116.48    
  -70.34600       18.92870       15331.44    
  -111.4858       48.91300       12549.67    
  -102.3662       45.89660       5926.233    
  -111.2772       41.71350       10382.53    
  -105.8349       41.07030       7541.423    
  -112.0478       41.20260       1181.829    
  -115.1954       41.40670       9865.435    
  -115.5544       40.89980       14234.58    
  -107.8051       38.97030       810.4990    
  -97.81400       36.16160       1351.427    
  -112.3500       33.60480       7046.971    
  -106.3337       50.74330       4721.204    
  -106.5493       47.99000       5101.209    
  -116.2360       46.20300       1985.187    
  -120.2027       44.56910       17370.65    
  -118.6091       44.43010       15245.52    
  -107.8192       43.41540       7076.620    
  -105.3013       41.57330       4334.284    
  -105.8847       40.79380       6739.564    
  -119.5852       41.18890       12284.22    
  -106.9167       39.94560       6181.875    
  -122.6308       41.07650       15199.05    
  -106.8580       39.69620       7376.013    
  -115.9731       40.20940       7797.063    
  -110.9813       39.44420       6042.434    
  -106.7613       51.28560       6127.520    
  -121.3344       43.91700       19865.75    
  -120.6793       42.76890       37108.51    
  -117.8036       41.69580       9993.257    
  -117.9776       41.39770       12188.24    
  -77.08330       26.40690       33225.83    
  -108.8731       25.87100       916.7208    
  -111.7199       24.95360       6772.771    
  -106.7547       51.32180       6671.630    
  -105.8422       45.24710       6065.674    
  -117.7614       41.69240       10376.72    
  -110.8969       40.61870       19373.57    
  -122.2613       38.04660       17468.34    
  -110.8616       33.42080       19279.28    
  -108.9501       26.26720       1365.262    
  -112.2108       47.04880       11236.60    
  -111.9150       44.06800       7192.821    
  -117.6756       43.75080       10004.88    
  -114.8392       39.33340       6559.527    
  -98.11760       37.48280       14315.92    
  -103.7039       44.67780       723.0222    
  -119.4416       41.20540       8900.970    
  -120.8063       40.53340       20559.26    
  -117.7392       38.07290       11309.50    
  -97.83120       36.13700       1922.703    
  -97.80480       36.13590       12246.67    
  -108.2403       25.41040       844.4185    
  -103.4357       45.58710       3555.740    
  -110.0894       48.15930       10946.10    
  -121.1845       44.44450       19982.64    
  -106.0270       40.41380       6308.717    
  -119.4222       41.14750       14231.04    
  -114.9329       39.23200       6960.420    
  -116.1396       46.41640       23310.93    
  -106.6074       45.14460       4648.026    
  -115.7862       44.49490       15055.91    
  -117.0979       44.27150       2908.156    
  -119.4100       41.17460       10131.74    
  -121.6688       38.26560       1535.306    
  -116.3524       46.91420       26375.80    
  -116.0948       46.41250       17053.75    
  -116.4988       40.38730       10693.85    
  -120.3042       40.32630       13614.09    
  -97.80290       37.21000       8341.163    
  -117.7786       38.07580       7256.187    
  -81.02320       46.49280       6172.640    
  -121.2891       45.49440       2267.255    
  -94.90250       29.85730       1903.762    
  -98.43040       21.58650       452.9409    
  -112.0680       49.06400       8157.286    
  -116.0620       44.73050       1228.245    
  -120.1098       38.94650       16599.53    
  -97.59440       36.71260       2242.618    
  -97.56780       36.71140       2169.067    
  -120.9986       38.23990       4768.902    
  -121.5549       37.83280       1562.978    
  -120.3839       36.57070       9638.174    
  -120.5434       39.93220       13937.34    
  -122.2238       38.60300       14636.87    
  -120.4624       40.28380       15698.71    
  -122.9149       39.08900       22154.84    
  -77.10430       26.42850       35218.29    
  -124.1120       40.83840       53109.55    
  -121.8843       42.29310       22326.60    
  -112.1965       39.47250       27657.42    
  -94.04100       18.08740       1938.101    
  -107.7378       24.98000       1007.322    
  -99.94190       25.57780       991.3080    
  -98.64710       19.03790       3948.497    
  -112.2318       39.47490       69367.45    
  -81.05120       46.49320       1272.930    
  -80.66950       28.52390       1641.802    
  -101.7973       31.35190       19048.25    
  -77.37880       26.73130       6923.312    
  -85.26390       29.92570       12108.48    
  -97.99960       35.58990       7320.641    
  -92.48470       17.90260       1492.783    
  -97.69480       36.41050       1264.247    
  -98.43300       35.78390       1751.172    
  -85.26110       29.90300       9910.502    
  -93.10960       31.64630       9938.538    
  -82.20250       27.54750       9334.795    
  -98.89000       35.25250       1044.365    
  -98.65240       36.65560       6137.331    
  -98.82000       36.81660       15939.41    
  -97.62220       36.28040       1297.870    
  -79.37240       34.36180       934.5732    
  -97.46590       28.76560       646.7032    
  -96.92030       19.27940       4945.023    
  -81.49760       27.67180       6093.513    
  -108.7269       26.58630       5246.675    
  -98.79300       36.81540       1999.915    
  -97.43370       36.62910       29725.71    
  -97.64860       36.28150       12146.84    
  -97.46020       36.63020       4251.549    
  -97.40720       36.62800       14915.22    
  -97.42450       36.60320       9526.412    
  -88.64500       17.98380       1039.010    
  -98.27720       37.82880       6349.349    
  -98.83010       36.84270       15628.99    
  -98.80300       36.84150       6276.086    
  -97.45100       36.60430       5038.640    
  -98.03410       35.54130       11654.93    
  -76.87160       36.43640       4938.047    
  -97.66830       36.40940       889.0495    
  -82.20090       27.52560       11114.37    
  -77.08420       26.45000       24979.43    
  -97.58070       38.66880       6906.016    
  -97.70410       36.43640       856.9152    
  -85.70060       30.43370       821.5673    
  -80.93240       28.01800       4064.923    
  -81.16110       27.97600       6644.363    
  -97.83540       38.28240       2419.695    
  -71.35720       17.90090       4448.997    
  -97.47520       37.61110       1620.998    
  -97.87070       35.81060       9999.066    
  -97.85110       35.60890       9853.816    
  -97.84220       35.58340       18080.82    
  -81.16260       27.99800       14889.67    
  -97.86160       35.78510       10922.86    
  -81.49050       28.75360       18797.16    
  -81.48880       28.73130       20529.43    
  -81.14010       27.97580       11084.81    
  -111.3001       28.30680       19166.67    
  -76.43270       20.67330       967.6000    
  -81.46920       28.75340       15822.83    
  -81.46760       28.73110       9667.247    
  -81.36830       26.69140       5133.745    
  -93.79800       17.98420       2720.552    
  -97.84440       35.80950       9447.113    
  -81.49600       27.64990       1280.017    
  -97.91410       37.57800       7823.875    
  -76.43360       20.75370       637.3306    
  -80.93180       26.34260       3042.832    
  -94.37350       18.07360       412.3904    
  -98.40660       35.78270       9191.472    
  -98.11210       35.46940       11689.79    
  -98.08590       35.46840       10190.80    
  -98.10310       35.44410       20335.11    
  -98.07690       35.44300       13827.88    
  -108.8830       25.82790       712.3108    
  -98.58440       34.17900       6635.057    
  -112.2176       39.50110       17859.64    
  -112.1822       39.49870       16934.99    
  -97.77960       36.21090       814.0693    
  -97.75310       36.20980       10433.36    
  -97.77040       36.18520       2300.282    
  -97.74390       36.18410       2449.349    
  -108.8556       25.82680       803.3580    
  -76.57860       18.13100       3439.539    
  -98.17560       35.64740       2433.639    
  -96.28290       34.72670       5651.972    
  -98.75050       21.61540       1952.414    
  -97.69080       37.62040       1338.930    
  -97.49230       37.58580       1305.010    
  -97.46540       37.58470       5891.292    
  -97.43850       37.58350       1915.562    
  -97.89580       37.31750       4640.731    
  -97.93260       37.34500       17261.61    
  -97.90570       37.34390       50221.93    
  -97.92280       37.31870       4070.347    
  -97.87740       35.61000       13595.48    
  -97.89460       35.58560       1144.339    
  -97.86840       35.58450       74844.83    
  -97.85950       35.55910       16128.65    
  -81.61030       34.23790       5920.811    
  -80.54640       26.46860       380.2561    
  -97.71780       37.62160       1108.634    
  -92.81640       18.08570       385.6118    
  -98.42030       37.78290       4905.364    
  -109.7509       27.07290       1554.944    
  -109.7412       27.05030       1043.770    
  -98.84390       34.04310       11108.78    
  -98.81800       34.04210       16849.10    
  -98.83530       34.01840       6530.478    
  -98.80930       34.01730       11015.82    
  -98.31420       37.43950       10237.28    
  -98.28700       37.43830       12665.87    
  -98.30400       37.41310       9412.253    
  -98.27690       37.41190       16605.07    
  -81.61250       34.26220       6764.196    
  -97.44050       36.50180       16111.22    
  -98.73130       21.73820       705.1698    
  -97.62620       36.94470       2011.965    
  -91.64800       16.65400       7983.585    
  -97.79110       38.30680       2601.095    
  -97.78070       38.28000       4815.982    
  -97.75340       38.27880       3281.271    
  -76.84770       36.41100       8128.171    
  -95.19710       35.35570       3253.618    
  -97.76370       38.30560       1103.278    
  -97.77040       38.25310       1378.205    
  -107.4088       24.64490       9720.824    
  -97.61670       36.91860       1142.554    
  -98.18480       35.67290       13746.54    
  -109.4331       27.16910       4263.829    
  -89.32170       20.06020       2356.923    
  -105.5040       20.15190       6251.833    
  -106.0212       32.94380       7636.504    
  -107.4011       24.62320       7140.402    
  -99.95970       32.92980       4813.284    
  -115.1765       32.54020       37250.24    
  -109.7695       27.05160       1738.110    
  -107.6514       24.74020       999.7344    
  -107.6248       24.73920       5763.552    
  -88.01650       15.48340       2132.814    
  -76.82440       36.41090       9802.357    
  -78.07350       35.21350       773.0089    
  -92.57240       34.99290       1072.037    
  -109.7792       27.07420       2774.263    
  -95.50940       17.48270       644.4716    
  -114.9313       32.26170       1525.487    
  -108.0486       31.07960       5689.676    
  -98.21670       37.25380       13551.90    
  -98.31670       35.67840       1588.150    
  -94.10560       35.46640       635.5454    
  -98.22670       37.28010       7622.762    
  -98.76040       25.06920       4304.959    
  -96.35370       19.50780       4828.312    
  -75.96540       20.75310       994.7358    
  -98.18970       37.25260       8354.827    
  -82.45640       31.77050       8640.240    
  -115.0575       32.55700       1817.374    
  -108.7359       26.60870       5171.233    
  -75.98490       20.75310       1072.929    
  -85.53450       40.07380       1180.044    
  -98.43960       36.08680       9226.332    
  -98.41300       36.08570       13165.54    
  -98.43010       36.06110       9432.270    
  -98.40350       36.06000       30479.43    
  -97.74360       37.83150       29445.24    
  -97.71650       37.83040       20559.00    
  -97.73360       37.80500       45643.61    
  -97.70650       37.80380       31474.69    
  -97.72360       37.77840       9336.552    
  -97.69650       37.77720       6960.420    
  -98.37500       36.33760       5252.270    
  -79.96610       35.40150       3331.327    
  -109.3210       35.98550       17337.79    
  -81.95530       30.31210       3365.114    
  -98.98370       35.85780       2742.129    
  -105.1690       19.79580       10360.10    
  -97.90240       35.46080       28649.27    
  -97.87620       35.45970       25134.20    
  -97.89350       35.43540       5487.828    
  -97.86730       35.43430       2911.727    
  -90.92640       34.37760       508.7934    
  -99.76510       33.95970       8308.347    
  -98.38800       35.73170       19603.05    
  -98.37870       35.70620       17494.01    
  -98.35230       35.70500       1976.261    
  -78.06810       35.08970       17228.08    
  -78.08980       35.06510       6906.016    
  -78.06700       35.06490       40130.23    
  -78.04410       35.06480       7416.643    
  -82.18970       26.82910       10198.02    
  -82.95610       22.70230       3902.952    
  -98.26330       37.72370       19818.17    
  -98.23610       37.72250       26514.87    
  -109.7598       27.02900       874.7676    
  -98.27360       37.75020       55616.18    
  -98.24630       37.74900       3925.742    
  -97.98210       36.19400       1365.709    
  -82.77610       30.27630       3790.835    
  -97.66250       36.97200       6462.569    
  -97.63570       36.97090       39885.88    
  -97.65290       36.94590       3279.486    
  -97.34710       35.03990       5600.872    
  -114.8875       32.59480       12990.28    
  -97.67200       36.99810       9249.876    
  -97.64530       36.99700       1787.025    
  -98.28910       35.60200       2058.382    
  -117.2429       35.96170       13011.21    
  -114.7853       32.63670       1975.368    
  -93.12210       31.60000       6189.521    
  -97.75710       38.35820       43586.87    
  -103.4809       36.32350       7274.160    
  -97.78440       38.35940       5453.908    
  -97.72980       38.35700       1587.078    
  -97.77410       38.33250       40979.37    
  -97.74680       38.33130       72578.93    
  -97.71940       38.33010       6114.484    
  -82.21060       26.82930       8779.171    
  -97.81840       38.30810       9923.536    
  -93.83830       37.46740       6789.023    
  -97.81260       37.23630       1592.434    
  -97.78570       37.23520       1227.353    
  -97.77600       37.20890       1161.596    
  -93.80050       17.84600       2544.794    
  -93.79790       17.82630       2150.893    
  -97.93050       36.26790       2077.126    
  -97.90400       36.26680       5745.795    
  -97.92120       36.24220       1608.501    
  -97.89470       36.24110       4538.080    
  -98.39590       36.11030       18330.65    
  -98.38640       36.08460       27760.34    
  -107.5044       33.62450       11586.85    
  -84.48780       30.00430       23760.02    
  -93.79300       17.62910       540.9277    
  -98.36930       36.10910       1722.757    
  -98.35980       36.08340       2729.632    
  -98.32590       35.70390       1698.656    
  -78.07130       35.16390       931.8952    
  -110.3562       33.53790       14848.00    
  -110.3252       33.53610       11957.05    
  -93.50460       17.64380       4278.591    
  -111.5284       40.74590       8006.226    
  -105.6305       37.80780       11900.33    
  -98.29950       35.70280       11805.99    
  -110.3420       33.51270       14222.96    
  -95.93160       17.33310       8243.995    
  -106.9609       36.94770       6286.455    
  -94.14470       33.84400       8195.368    
  -84.23140       31.98250       2195.931    
  -93.07250       18.14940       405.2495    
  -96.12790       18.08730       660.5388    
  -93.88000       35.28420       13963.45    
  -93.04560       17.77390       524.8605    
  -98.48060       37.52480       8672.282    
  -106.2703       37.89680       7396.172    
  -98.47030       37.49840       2696.605    
  -98.44310       37.49720       31789.60    
  -83.48520       29.76350       1916.943    
  -98.91170       22.88110       733.7336    
  -95.87800       17.54880       2536.391    
  -92.79710       45.30860       632.8676    
  -80.64240       34.64250       4263.956    
  -111.3463       33.88780       9830.113    
  -90.62410       19.65980       6443.969    
  -93.10270       17.73540       683.7469    
  -95.55880       17.38520       4543.322    
  -93.08260       44.67290       2714.458    
  -93.59160       44.26820       912.2577    
  -113.1193       43.74150       38507.31    
  -113.0801       43.73850       115911.6    
  -113.0912       43.70960       39295.74    
  -113.0521       43.70660       72808.75    
  -87.69660       21.02420       524.8605    
  -90.83520       18.48880       4033.816    
  -93.50710       17.66350       4244.061    
  -91.49930       17.33640       4617.655    
  -98.83230       16.66300       3739.275    
  -93.01790       44.73140       956.8886    
  -86.41800       39.41400       1978.798    
  -97.86270       38.28360       2045.885    
  -97.82820       37.91380       10208.23    
  -97.80100       37.91260       9005.551    
  -97.81800       37.88720       16739.87    
  -97.79090       37.88600       11390.57    
  -97.96070       37.84100       8982.311    
  -97.93360       37.83980       29125.70    
  -97.95060       37.81440       2391.031    
  -97.92340       37.81320       3990.522    
  -94.96900       32.86160       5288.475    
  -94.03350       44.89720       1028.298    
  -93.91790       43.92040       1147.909    
  -94.94450       32.86080       693.8632    
  -98.69630       22.72950       2499.881    
  -79.10780       21.85560       662.3240    
  -98.51300       21.87650       1410.340    
  -98.35860       21.56410       549.8539    
  -95.65180       17.44600       6395.389    
  -94.91600       44.41670       2008.990    
  -112.1611       39.47010       22904.53    
  -98.41600       37.49600       10434.82    
  -95.35250       33.01800       652.5053    
  -99.22330       24.78480       5321.991    
  -107.2279       24.57360       2909.826    
  -107.2203       24.55190       9570.977    
  -107.1902       24.31570       1865.486    
  -97.93120       33.52130       3451.159    
  -95.11580       32.86660       2963.309    
  -107.4081       24.49500       36664.05    
  -107.2164       24.31670       1149.337    
  -107.1827       24.29410       1613.347    
  -95.33780       45.63930       1471.930    
  -84.24770       40.04710       1006.328    
  -97.43250       36.55250       1072.572    
  -97.96640       36.29480       3325.902    
  -98.52420       35.46170       2590.383    
  -102.9892       32.29830       5895.327    
  -107.5687       24.80130       921.1838    
  -107.4005       24.47340       1824.515    
  -95.56160       17.40490       6286.567    
  -105.7637       37.99920       7564.662    
  -97.49650       37.09370       1250.114    
  -106.3203       30.16170       35871.14    
  -77.13110       17.93590       9252.121    
  -97.07860       18.00750       5599.997    
  -88.74940       15.06780       471.3033    
  -84.91630       39.84200       1141.506    
  -105.8837       38.16420       6286.455    
  -105.6002       37.80610       14567.24    
  -97.50600       37.11990       11066.18    
  -97.40600       36.55140       860.4857    
  -98.33390       35.65410       1550.481    
  -95.10910       32.84250       3975.752    
  -105.4439       38.00740       12433.47    
  -97.53270       37.12110       1222.889    
  -107.6817       25.04230       1683.035    
  -107.3706       24.53630       1438.903    
  -107.3443       24.53530       919.3986    
  -107.1977       24.33730       10214.00    
  -107.3139       24.29910       3072.844    
  -107.2876       24.29810       2607.566    
  -113.0409       43.73550       131482.9    
  -106.5691       29.60020       6054.053    
  -107.4319       24.71010       1262.165    
  -107.3214       24.32080       22664.80    
  -107.2951       24.31970       2397.577    
  -77.79290       35.63490       3599.499    
  -119.9364       37.00330       35871.14    
  -98.34310       35.67950       1569.226    
  -100.4777       21.10840       3665.722    
  -113.0130       43.70350       68816.93    
  -107.3817       24.49400       16853.19    
  -98.44470       21.21810       564.1359    
  -98.61460       21.28380       512.3639    
  -77.85750       34.96500       6290.753    
  -97.59190       21.17620       3934.336    
  -93.13770       18.01220       1522.340    
  -91.81390       17.95090       346.3365    
  -97.36350       36.65170       4682.089    
  -97.39800       36.60210       5929.674    
  -77.31050       35.65760       3448.823    
  -109.7880       27.03030       1133.627    
  -95.80740       45.34930       1321.352    
  -97.37280       36.67770       3039.669    
  -97.33700       36.65060       3721.779    
  -101.2597       31.56330       8342.150    
  -107.9808       25.14060       10877.17    
  -111.5161       42.85440       1172.903    
  -108.8743       25.80580       7892.385    
  -95.79350       45.31750       1300.616    
  -97.34630       36.67660       1805.770    
  -97.39000       36.65280       1604.931    
  -77.83460       34.96490       5611.985    
  -106.2121       29.90410       21845.72    
  -111.8136       25.43450       9670.164    
  -91.77570       18.14760       549.8539    
  -119.9109       36.97550       38729.68    
  -98.21920       35.62420       3366.963    
  -98.19280       35.62310       4101.291    
  -119.2970       36.67150       15976.91    
  -111.2442       28.84650       9124.047    
  -77.06320       26.42840       14085.10    
  -98.23670       37.93180       16570.21    
  -98.20940       37.93060       9417.296    
  -97.90640       37.83870       17624.29    
  -97.89630       37.81200       2406.504    
  -119.8954       37.00030       32923.52    
  -97.78340       23.51810       896.1904    
  -106.9843       43.06470       18708.30    
  -106.9635       43.03400       42453.91    
  -98.22830       35.64960       3039.817    
  -98.20200       35.64850       1828.086    
  -98.24550       35.62530       2241.964    
  -98.21010       35.59870       13107.44    
  -98.18370       35.59760       12979.61    
  -98.16940       23.31950       1477.502    
  -98.48080       20.95350       9207.972    
  -110.8766       46.23860       15945.63    
  -112.4327       44.95730       8912.591    
  -108.1983       30.62140       27580.22    
  -92.86980       18.34380       3158.888    
  -90.48780       16.13200       2318.285    
  -106.1170       37.88800       5844.893    
  -97.56820       37.43310       10694.33    
  -97.55840       37.40670       1648.372    
  -115.1627       32.41940       1597.790    
  -102.4254       18.11020       4685.180    
  -98.25470       35.65070       4381.773    
  -108.1873       30.59760       26389.17    
  -106.4010       23.79680       5764.101    
  -98.83230       21.57650       453.4510    
  -98.26390       35.67620       20817.35    
  -98.28110       35.65180       1695.978    
  -106.6752       34.75840       118496.1    
  -106.6457       34.75680       40414.58    
  -106.6623       34.73290       42103.60    
  -98.40620       29.31510       2541.586    
  -98.39960       29.29220       13121.43    
  -98.37530       29.29140       1126.486    
  -113.1081       43.77040       66521.21    
  -113.0689       43.76740       179623.4    
  -98.23750       35.67510       10911.24    
  -113.0018       43.73250       123337.1    
  -113.3051       31.83270       5931.753    
  -114.8746       30.41860       8280.877    
  -113.0298       43.76440       185410.9    
  -112.9739       43.70050       24576.44    
  -98.46390       38.09960       10844.54    
  -98.45330       38.07280       12108.11    
  -98.21240       37.79980       7952.382    
  -98.49130       38.10080       1845.938    
  -98.87910       16.68360       9710.292    
  -120.0885       39.40450       18814.29    
  -98.03640       37.47930       10978.47    
  -98.46220       26.19950       6030.136    
  -113.0578       43.79640       105278.5    
  -107.4861       24.86240       8592.682    
  -113.0970       43.79940       69010.59    
  -112.9906       43.76140       47957.67    
  -112.9627       43.72950       40925.88    
  -106.9977       43.03630       20056.23    
  -102.8221       37.00720       13138.72    
  -98.53340       35.48710       8602.722    
  -113.3168       31.90460       5980.524    
  -110.0761       27.30940       890.8347    
  -112.1469       39.49620       15536.03    
  -93.50890       18.15700       1460.326    
  -113.0186       43.79340       42326.12    
  -97.71590       36.97430       2480.769    
  -112.9426       33.34790       44753.07    
  -112.9100       33.34600       61055.48    
  -111.7279       28.82550       7670.779    
  -109.8348       27.01040       1449.615    
  -108.9776       26.26840       785.5056    
  -113.2842       49.27070       15524.41    
  -97.72550       37.00040       5523.532    
  -108.1616       31.43660       36619.58    
  -92.17610       17.89750       603.4111    
  -97.43960       36.93690       1792.381    
  -97.45680       36.91190       5321.800    
  -97.43020       36.91080       8972.260    
  -97.40360       36.90970       2827.820    
  -97.44740       36.88580       1892.354    
  -97.42080       36.88470       3838.266    
  -102.8507       37.00860       12476.16    
  -112.9270       33.32270       47381.97    
  -112.8945       33.32080       41061.63    
  -113.2846       31.90270       4369.145    
  -113.3197       31.85730       2320.455    
  -113.2905       31.80810       4828.312    
  -108.1905       31.43810       21853.84    
  -111.2596       28.28230       13648.37    
  -113.2248       49.36870       10980.96    
  -113.9882       47.58700       11550.35    
  -97.36760       36.88250       2390.794    
  -98.50700       35.48600       1558.515    
  -113.0860       43.82840       29119.89    
  -111.5045       42.97050       7622.762    
  -111.8746       42.56080       6913.939    
  -107.6254       39.63470       8366.447    
  -103.7687       39.27210       17494.01    
  -97.87860       38.60220       7401.982    
  -97.32780       36.62470       2416.144    
  -98.78180       21.65730       1774.322    
  -97.35430       36.62580       2219.054    
  -100.9474       30.59750       3671.941    
  -98.57690       35.46390       14234.58    
  -98.55060       35.46280       27579.01    
  -102.1354       18.26260       7286.416    
  -101.3954       17.74660       4744.298    
  -98.56610       38.28870       3293.768    
  -98.55530       38.26180       2538.611    
  -102.8344       37.03360       14461.17    
  -98.55980       35.48820       2618.054    
  -105.2076       35.35300       6608.250    
  -101.3916       17.72660       1374.635    
  -110.6770       44.63980       16621.90    
  -107.7013       32.93370       9887.651    
  -103.1200       50.87010       1228.840    
  -111.4171       42.81800       7675.054    
  -97.88550       36.64810       689.1026    
  -77.88430       35.06390       6998.096    
  -118.3408       34.92670       25144.25    
  -112.2125       47.37370       13851.12    
  -111.8374       42.55800       7123.100    
  -108.0537       39.47130       8376.848    
  -110.7990       45.38640       6948.799    
  -108.0389       39.49750       7746.185    
  -104.1054       51.15910       955.1034    
  -107.4604       51.12110       7680.863    
  -115.3702       47.44410       21610.71    
  -97.70860       36.66620       5347.240    
  -84.66690       30.23430       9261.733    
  -108.8550       30.58450       6375.178    
  -109.1608       26.45170       5562.161    
  -99.07210       48.50670       746.2303    
  -113.4177       47.57160       31923.90    
  -96.26650       18.70610       415.9609    
  -119.5573       44.78580       15862.54    
  -104.4130       36.04150       5879.753    
  -105.1486       21.72220       3756.557    
  -104.6987       21.41840       3020.964    
  -110.7009       45.44100       7890.025    
  -113.5859       43.68840       7750.583    
  -111.5899       42.68510       2789.931    
  -97.73520       36.66730       2884.055    
  -97.69920       36.64020       4739.812    
  -74.11120       44.23580       3855.356    
