  -114.9811       46.73180       500.3579    
  -118.4534       44.32610       957.5381    
  -106.8830       42.33090       563.9688    
  -106.8495       42.32870       80.34685    
  -106.8159       42.32650       38.54191    
  -106.8632       42.30080       599.8525    
  -106.8297       42.29860       71.30233    
  -119.0246       36.44580       94.84824    
  -97.04900       32.45900      0.7641662    
  -93.38920       32.12370       15.22120    
  -103.2443       31.81340       109.3796    
  -92.94950       31.36190       2.697520    
  -100.7152       29.06040       4.157130    
  -118.9811       37.87440       195.7375    
  -118.2492       36.31330       83.20815    
  -106.9166       42.33310       56.72998    
  -88.37820       17.68550       20.35521    
  -114.2317       48.43660       9.003442    
  -118.2334       48.56170       12.54516    
  -106.7962       42.29640       26.08603    
  -98.24550       35.62530      0.7078320    
  -98.21920       35.62420      0.7544988    
  -115.4003       29.70710       5.448216    
  -112.6918       48.54000       7.224826    
  -91.43820       32.32630      0.3363768    
  -119.4673       47.09710       95.33064    
  -113.0770       47.34710       10.86731    
  -117.3078       47.35440       1.252800    
  -112.9938       34.77680       32.91430    
  -94.52780       17.97760       45.89885    
  -116.3467       47.99000       13.40753    
  -115.8444       49.36050       75.10300    
  -118.4900       44.35940       74.16098    
  -109.9118       27.12450      0.4810753    
  -111.6563       49.68440       8.089196    
  -116.0880       47.83490       9.963848    
  -119.0310       46.99270       1.391235    
  -118.4989       44.33000       67.83032    
  -118.4080       44.32220       94.28228    
  -118.6683       48.87190       17.72068    
  -116.2220       47.87980       9.544386    
  -118.4170       44.29280       404.5686    
  -121.9287       45.98970       11.86719    
  -117.1542       49.61900       12.79038    
  -119.3987       47.22000       11.89732    
  -98.01440       22.91890      0.2972268    
  -118.4715       44.26740       199.7719    
  -98.64710       19.03790       14.12856    
  -106.8968       42.30290       453.8744    
  -108.0467       36.59900       38.47113    
  -97.81050       22.27050      0.6166031    
  -118.9554       37.84610       12.78019    
  -105.9171       41.10340       6.499083    
  -103.9409       37.45400       3.922282    
  -81.56090       47.15040       3.109622    
  -70.47920       48.01820       2.286149    
  -94.90810       29.88020       4.934443    
  -119.2379       35.74570       81.04169    
  -70.34600       18.92870       5.845340    
  -119.5109       36.14750      0.8623441    
  -109.6423       30.50830       98.86243    
  -93.18470       17.89460      0.2698531    
  -93.11510       17.83420       2.608312    
  -90.22370       17.31780       3.445328    
  -98.81750       21.71990      0.3482784    
  -114.1446       37.73830       39.59669    
  -98.01880       20.63670      0.4748113    
  -98.09800       19.40630       25.09449    
  -101.4631       26.88850       3.667439    
  -110.8616       33.42080       5.573352    
  -88.17880       15.04240       21.07143    
  -88.17740       15.02320       17.07684    
  -98.93610       23.09030      0.4113360    
  -97.36280       20.78340       9.781612    
  -74.45440       49.29470       4.297878    
  -98.05290       20.69850       2.097138    
  -74.90280       46.51280       1.813946    
  -98.29760       20.92850      0.3232224    
  -92.81800       31.19560       198.2925    
  -73.58600       50.61740       6.311298    
  -90.53190       32.89460       1.132352    
  -90.50840       32.89400       3.354269    
  -71.30840       19.77850       2.805125    
  -85.82520       15.92480      0.7872595    
  -90.34520       33.34400       1.244291    
  -75.14550       20.09060      0.6389281    
  -68.06640       48.32330       2.050047    
  -68.18460       48.11840       22.91408    
  -97.53820       21.01170      0.4422384    
  -88.57120       39.68610      0.4134240    
  -91.18380       32.76940      0.9192421    
  -92.89960       30.73590       31.53310    
  -90.50340       32.87000       1.042956    
  -92.82330       31.21900       8.312804    
  -92.84140       31.19630       6.757659    
  -110.0291       27.32940      0.7328881    
  -98.76930       34.77620       2.134342    
  -101.1455       30.95250       37.77206    
  -112.6871       27.38950       7.796917    
  -97.59800       25.69840       2.503643    
  -93.33720       18.27270      0.3232224    
  -71.47500       50.37710       4.426943    
  -76.44300       49.68390       6.982438    
  -55.14240       47.44770       14.09099    
  -113.3051       31.83270       4.542320    
  -92.24470       18.29360      0.3758400    
  -90.17110       35.39290      0.4610305    
  -87.10410       15.57040       4.643703    
  -71.36910       50.19780       4.001028    
  -76.57230       49.96870       7.111503    
  -76.54240       49.96860       6.775934    
  -79.61670       33.92640       3.723726    
  -97.21750       20.23240       12.92815    
  -72.24180       49.76200       5.756317    
  -99.06090       33.49390       4.505324    
  -92.87630       30.73520       64.02915    
  -57.53360       49.26650       5.614345    
  -91.34700       35.55180      0.4192704    
  -90.51340       32.91790       1.340305    
  -111.2303       28.46120       65.11771    
  -112.6982       27.41240       7.739163    
  -98.41360       20.95180       1.979651    
  -70.65900       50.34950       3.988121    
  -70.73420       50.20440       25.23667    
  -90.23570       33.26920      0.9157969    
  -112.6570       27.38810       7.402259    
  -91.20740       32.77010       1.319788    
  -92.22530       18.13520       5.241899    
  -70.08900       48.70210       1.623914    
  -70.89810       45.54840       1.226573    
  -110.7764       33.00450       46.70561    
  -114.4543       29.70070       6.199031    
  -114.2957       29.53100       4.456757    
  -114.2052       29.48020       5.217197    
  -97.19550       20.23180       14.18220    
  -114.4407       29.67690       40.87629    
  -114.2772       29.55300       45.42600    
  -111.2526       28.50740       50.82878    
  -98.14340       27.49950      0.6602256    
  -95.51160       18.51170       2.361483    
  -70.45350       50.56940       3.575112    
  -70.88540       50.20270       2.103843    
  -91.47540       33.85780       4.358757    
  -91.45140       33.85710      0.8728439    
  -115.7131       32.21330       9.943476    
  -115.6789       32.21120       266.2330    
  -115.4344       31.88630       4.023594    
  -112.6995       30.50700       65.72197    
  -113.1895       27.39210       18.51874    
  -73.13280       18.22970       48.66368    
  -115.7472       32.21530       11.13708    
  -115.7485       32.16760       81.00614    
  -115.7321       32.14270       82.10803    
  -115.7157       32.11780       12.23923    
  -115.6994       32.09300       13.12000    
  -111.2415       28.48430       40.37867    
  -73.15200       18.22960       10.70505    
  -70.65800       50.06180       28.57786    
  -115.7637       32.24030       85.94685    
  -115.7295       32.23820       73.64841    
  -115.7815       32.21740       73.43515    
  -115.7650       32.19250       82.32130    
  -72.69530       19.21740       3.718421    
  -115.7335       32.09500       74.14604    
  -115.3867       31.81220       29.00440    
  -111.8331       25.54410       3.320909    
  -89.71060       35.93100      0.5409660    
  -91.80810       33.24070       86.05426    
  -115.8145       32.26730       10.25150    
  -115.7980       32.24230       10.69429    
  -91.43870       33.90530       1.837858    
  -91.41470       33.90460       1.228371    
  -103.3556       33.70750       10.09791    
  -103.3451       33.68270       8.725243    
  -115.7460       32.26310       16.91257    
  -115.6831       32.06810       11.19483    
  -111.8880       30.67250       60.07038    
  -84.47720       15.33510       5.725570    
  -70.42690       50.53340       3.949402    
  -91.83190       33.24140       48.53184    
  -113.0845       27.11980       32.16787    
  -86.00170       15.65620      0.3457728    
  -69.87300       50.07160       3.355700    
  -113.3197       31.85730       14.82665    
  -113.1147       27.12130       4.485633    
  -92.76620       18.34200       1.023538    
  -92.74550       18.34170       4.957895    
  -106.8693       42.35880       27.79675    
  -99.33730       21.40530       26.51627    
  -95.83450       18.53800      0.6088609    
  -92.72040       18.14340      0.7648345    
  -70.86560       50.09530       5.201335    
  -113.3305       27.19860       29.07549    
  -113.3191       27.17580       32.10862    
  -113.3078       27.15300       4.129479    
  -70.83540       50.09560       1.583604    
  -113.4316       31.62670       22.03765    
  -113.3645       27.26710       31.84797    
  -113.3532       27.24430       30.92381    
  -113.3495       27.17730       28.79113    
  -113.3382       27.15450       27.72479    
  -92.79570       18.08540       10.06956    
  -86.46020       15.25600       18.12676    
  -87.48970       15.76730       7.448968    
  -90.72110       33.88490      0.6940512    
  -91.57840       33.78820      0.8378100    
  -89.37530       15.01710       7.756148    
  -90.15450       35.64220      0.5549905    
  -97.85890       31.08130      0.3608064    
  -91.27350       17.31340       2.467221    
  -88.31110       15.23620       4.127736    
  -86.36850       14.73690      0.5261760    
  -90.69720       33.88430      0.7710985    
  -71.27500       18.86540      0.4898448    
  -95.78260       18.47730      0.5906952    
  -86.61940       15.31520      0.7090848    
  -93.81470       30.67050       87.09338    
  -91.35510       18.39790       10.77389    
  -90.20230       16.28360      0.4052808    
  -93.27100       16.23040       19.67986    
  -106.9029       42.36100       686.6749    
  -97.38370       16.92850       47.20760    
  -97.36220       16.92810       3.624645    
  -101.1476       31.53520       43.79095    
  -92.78750       18.18410       20.69090    
  -93.84530       18.18280      0.5712768    
  -106.8357       42.35670       19.53445    
  -115.7735       33.66840       42.93788    
  -91.07050       17.31040       69.04879    
  -96.00230       17.23610       18.72954    
  -86.32740       14.69820       14.68172    
  -91.57280       33.76380       1.332729    
  -90.86590       33.57470      0.9864152    
  -91.40000       33.10930       1.304374    
  -92.76680       18.18370       26.87211    
  -91.07260       17.33000      0.9020160    
  -112.6863       30.48300       77.34505    
  -114.4196       27.56570       4.244988    
  -114.3571       27.56250       4.755157    
  -114.3763       27.54120       4.832164    
  -114.3642       27.51820       37.46401    
  -70.04270       18.75230       4.527194    
  -96.79850       18.00180       23.75707    
  -92.48230       17.88280      0.2543184    
  -110.8171       43.50900       293.1942    
  -107.8718       38.57350       6.727407    
  -91.56210       34.12760       1.728238    
  -91.53800       34.12690       1.872840    
  -91.55630       34.10300       45.04241    
  -91.53230       34.10230       2.599795    
  -90.56770       34.05060      0.4115448    
  -112.6683       30.50530       71.12476    
  -110.7920       43.47750       17.26993    
  -91.82750       34.13540       1.441973    
  -97.86600       31.10480       7.501060    
  -115.5914       31.77690       90.85201    
  -97.66980       20.42530      0.6000913    
  -91.80330       34.13470       1.451995    
  -90.87120       33.59900       1.096075    
  -91.03140       33.14690       1.040325    
  -91.51760       32.89780      0.7992865    
  -88.16940       15.17690       25.82209    
  -89.87950       35.70960      0.4272048    
  -91.18070       34.75310      0.4146768    
  -110.1632       27.38010      0.7216128    
  -92.46530       18.07990       109.2211    
  -91.83330       34.15990       1.152576    
  -91.80910       34.15920       1.047341    
  -91.03670       33.17100       1.168863    
  -115.4923       32.17600       11.19563    
  -97.84130       31.10390       7.360734    
  -111.3053       35.49860       6.439677    
  -91.85580       33.24210       1.651608    
  -115.4938       32.12830       12.38844    
  -93.83820       30.67120       29.12158    
  -91.51390       34.12620       1.279735    
  -91.50820       34.10160       7.691855    
  -92.79000       18.20390       1.041077    
  -92.76930       18.20360       12.06697    
  -86.96820       15.29930       21.61127    
  -118.4624       44.29670       45.28167    
  -91.83750       33.26560       158.2528    
  -100.7498       21.19780       21.19805    
  -92.26530       18.29400       24.41517    
  -109.3912       41.24330       17.95220    
  -91.86140       33.26630       12.80704    
  -110.5151       27.66380       67.25040    
  -85.51610       14.99790       4.044515    
  -115.4746       32.19880       8.263770    
  -91.73000       18.10740      0.6664897    
  -90.61190       16.58090       6.824080    
  -110.8543       43.51170       25.68646    
  -110.7801       43.50630       27.10737    
  -113.3168       31.90460       6.155715    
  -92.46570       32.71100       8.669498    
  -100.6759       21.17520       44.30635    
  -86.21630       14.77390       47.20760    
  -95.63030       18.45440      0.6056036    
  -92.71970       18.30160       24.08652    
  -96.41830       18.03370       10.75199    
  -91.40200       33.95270       1.344881    
  -109.6954       27.13670      0.7303824    
  -92.72220       18.32150       14.41379    
  -91.39640       33.92830      0.9993169    
  -118.5169       44.27120       51.15819    
  -85.43120       30.91070       1.662437    
  -118.4352       44.23410       61.47707    
  -115.3334       32.38170       7.700659    
  -115.6612       32.23400       21.20248    
  -109.3705       41.21380       17.93679    
  -111.3192       43.04480       96.85396    
  -118.4805       44.23800       31.32525    
  -109.6700       43.36700       71.46243    
  -92.69900       18.30130       79.67561    
  -118.4261       44.26350       44.55596    
  -111.2943       43.01360       118.3991    
  -92.46280       18.06010       1.326715    
  -114.9658       46.25300       14.29157    
  -109.4257       41.24570       17.80113    
  -90.83180       33.09360      0.5004936    
  -115.7118       32.26100       20.55113    
  -115.6953       32.23610       18.65485    
  -115.5249       32.22580       73.47070    
  -115.6448       32.20910       18.68373    
  -115.6966       32.18830       19.26127    
  -115.6625       32.18630       19.35753    
  -115.0250       46.73560       48.33500    
  -90.40260       33.39360       1.205015    
  -115.5086       32.20090       10.67504    
  -115.6980       32.14060       22.03351    
  -92.71720       18.28180       73.64693    
  -92.16520       18.64900       4.310821    
  -121.3194       39.23090       11.55075    
  -121.0270       35.92570       44.87229    
  -110.3314       24.05690       104.7322    
  -91.73490       17.26150      0.5868116    
  -117.4985       35.34620       35.68678    
  -115.7144       32.16550       21.76880    
  -115.6802       32.16340       21.79286    
  -92.91380       31.10570       41.11507    
  -102.4848       32.41820       13.36511    
  -115.5711       45.33410       13.77558    
  -106.8556       42.38680       11.69345    
  -109.4592       33.36620       34.83371    
  -101.7799       31.37450       3.936962    
  -115.5369       45.30040       13.77128    
  -119.3720       34.72280       303.1659    
  -115.7010       32.93400       9.337049    
  -95.85280       18.51850       1.659500    
  -123.4472       40.28120       14.59730    
  -112.3295       46.03700       26.30353    
  -109.9623       27.30410      0.7408224    
  -92.93490       18.20640      0.3207168    
  -93.60780       18.11920       1.979651    
  -97.37940       38.84650       3.461557    
  -98.38390       38.30690       1.029802    
  -119.3501       34.69640       228.9072    
  -95.87420       18.51890       22.45427    
  -119.4110       34.72550       155.4365    
  -115.4500       37.20110       36.11332    
  -103.2194       36.89870       3.196538    
  -99.22860       24.80630       26.46487    
  -103.5326       37.66680       35.06475    
  -112.9769       34.75090       199.9426    
  -107.8746       27.80980       3.720699    
  -118.0652       36.22340       75.99436    
  -118.3870       35.73640       88.86150    
  -88.94960       18.44150      0.2969137    
  -91.29600       18.41680       7.583515    
  -123.1523       42.43240       10.43767    
  -118.1066       36.09850       58.01324    
  -93.11760       17.85400      0.6715008    
