  -105.7499       44.87130       367.0106    
  -111.9277       39.83530       515.2917    
  -109.3531       35.93670       1737.957    
  -109.3216       35.93490       2330.983    
  -109.3376       35.91050       2748.540    
  -109.3062       35.90860       3073.199    
  -103.1505       35.17370       300.5282    
  -112.1396       34.32810       531.6763    
  -108.5992       33.34340       324.5417    
  -110.8616       33.42080       526.6176    
  -108.3604       33.16130       168.5220    
  -110.7856       32.42870       996.4817    
  -110.7720       32.40410       1796.714    
  -110.7413       32.40240       1830.328    
  -110.6358       32.37270       511.6823    
  -110.6051       32.37100       626.6868    
  -110.5745       32.36930       819.3741    
  -110.5439       32.36760       1060.516    
  -110.6224       32.34800       704.8377    
  -110.5917       32.34630       852.4828    
  -110.5611       32.34470       1237.534    
  -115.2037       32.18250       1472.198    
  -115.1877       32.15760       1856.237    
  -101.7973       31.35190       323.4168    
  -107.4753       29.94010       393.7987    
  -77.10430       26.42850       823.4181    
  -104.8160       19.54190       39.02937    
  -104.7717       19.45970       186.1589    
  -102.3347       18.66770       247.0997    
  -102.2609       18.42560       150.7041    
  -120.1547       46.93530       321.1811    
  -109.3223       35.88420       1914.564    
  -108.2546       33.17980       55.00795    
  -108.7535       26.91760       237.2766    
  -102.4629       18.51080       89.47194    
  -112.2601       39.55840       684.3218    
  -112.2461       39.44880       265.4675    
  -122.1907       40.12130       227.7816    
  -109.3537       35.88610       1933.168    
  -107.4582       33.64640       582.2830    
  -110.5573       32.39220       666.7203    
  -110.5134       32.36590       431.6270    
  -115.2375       32.18450       419.7106    
  -115.2214       32.15960       834.2408    
  -102.5703       18.25360       33.85943    
  -93.18470       17.89460       233.2697    
  -112.0445       45.14230       190.9910    
  -120.0530       45.56830       366.6641    
  -107.2422       42.09540       219.0281    
  -112.2814       39.58700       262.6084    
  -104.7476       19.45900       151.1016    
  -103.1591       18.40880       47.05855    
  -102.5492       18.37300       44.63288    
  -111.0737       42.64760       327.8489    
  -107.3825       42.30590       245.8857    
  -104.6710       19.53770       51.09695    
  -102.5449       18.35290       29.97181    
  -119.5260       45.49000       268.7172    
  -120.0875       45.41640       289.7270    
  -107.3961       42.27800       219.7212    
  -109.6423       30.50830       588.0562    
  -94.52780       17.97760       203.5416    
  -121.3461       45.99840       226.5872    
  -103.6943       29.51920       115.4844    
  -120.8496       46.45710       448.7996    
  -120.9755       45.06510       466.8209    
  -117.9824       36.60260       377.3237    
  -120.8436       49.59330       249.1737    
  -120.7358       45.44400       321.2642    
  -107.9217       30.74710       2879.113    
  -107.8932       30.74570       1151.977    
  -107.9108       30.72330       496.8069    
  -92.48470       17.90260       103.8606    
  -112.1543       45.05850       207.5915    
  -118.4425       37.65020       427.5069    
  -108.8775       36.31540       232.8906    
  -117.9085       36.03360       234.4878    
  -108.5497       31.24520       1373.678    
  -93.11510       17.83420       317.8391    
  -112.1440       45.08840       311.2140    
  -119.1493       38.47050       319.2616    
  -107.4708       33.67140       645.9538    
  -88.96720       50.04190       54.56886    
  -120.2571       46.30740       481.4517    
  -121.2916       44.06280       135.2838    
  -111.8626       42.67600       291.8063    
  -118.4027       37.64730       490.7288    
  -118.3068       37.32610       261.0396    
  -115.5752       52.61410       200.1584    
  -120.8574       46.74430       536.4802    
  -97.84970       36.18850       43.26075    
  -118.3311       37.35400       398.9171    
  -92.48230       17.88280       98.80461    
  -120.4671       47.31940       297.4183    
  -112.0825       43.15990       335.5495    
  -116.9181       39.40510       294.2323    
  -116.1103       31.21630       73.87193    
  -108.1187       28.20090       43.58534    
  -111.3677       42.84360       226.9990    
  -121.8607       38.01520       294.1751    
  -108.2305       36.97000       146.8348    
  -101.1853       50.23580       34.87482    
  -112.4804       45.29980       215.9090    
  -120.5020       45.82700       73.47672    
  -120.7350       45.01280       337.4960    
  -111.0148       37.11460       224.8907    
  -117.9116       36.77820       351.8238    
  -109.2902       35.93300       1206.778    
  -113.5449       36.17180       246.4065    
  -113.1754       35.48910       198.2342    
  -108.5863       33.31850       359.0630    
  -104.4878       26.87100       75.88793    
  -104.3893       26.58230       266.4779    
  -122.3515       48.92380       1849.376    
  -121.0540       45.16440       391.2701    
  -120.9353       44.81690       316.5822    
  -121.6328       39.80090       90.40665    
  -116.9981       32.96700       207.6160    
  -121.1906       45.23830       75.39351    
  -120.6857       45.00840       1045.653    
  -118.0373       40.34000       330.1383    
  -120.2897       46.72360       905.9166    
  -120.8029       45.60510       118.2017    
  -120.3473       45.16220       164.8799    
  -120.5172       44.68810       173.4478    
  -115.7842       38.54150       320.8611    
  -114.8870       38.07950       220.0922    
  -110.9993       37.13950       217.2952    
  -106.9166       41.64610       143.4772    
  -107.1631       40.59490       111.9400    
  -112.1922       38.50460       285.0321    
  -121.4196       38.37920       323.3436    
  -116.9614       32.81960       90.26384    
  -120.0129       46.53870       574.2555    
  -110.7940       42.59840       393.6960    
  -115.6599       38.34620       252.0823    
  -120.6110       47.00990       76.29865    
  -120.4296       44.83260       373.6449    
  -119.2789       42.47630       392.1992    
  -120.2807       40.18630       587.7715    
  -97.77840       36.13480       18.68864    
  -110.6925       35.36090       182.9836    
  -120.1501       46.96700       486.5750    
  -119.7044       46.28860       132.1516    
  -119.1080       46.04570       117.1368    
  -120.9971       45.19000       553.9626    
  -120.3877       43.77410       363.8915    
  -115.3074       36.10990       367.5740    
  -116.7954       49.79350       348.7347    
  -119.9129       46.52950       569.4036    
  -120.5015       44.74760       945.3087    
  -115.4420       38.25100       249.1791    
  -118.0708       37.30890       226.4902    
  -112.6142       35.02750       179.5198    
  -96.33980       18.62790       69.31268    
  -116.4627       52.02440       318.3785    
  -124.3648       48.92340       478.8326    
  -120.7704       46.99260       778.0348    
  -120.5303       46.84180       763.1325    
  -120.9009       46.46180       356.0503    
  -120.7979       45.17200       520.4796    
  -116.0659       44.57870       349.3440    
  -120.2115       38.36520       153.9492    
  -114.9326       37.87160       193.5404    
  -118.2650       37.19270       523.2357    
  -124.6201       49.05080       407.8209    
  -118.4977       46.40140       300.1239    
  -120.4730       45.26580       758.9738    
  -120.4529       44.74320       383.4716    
  -120.6634       44.70120       237.8878    
  -121.6889       42.82690       188.2806    
  -121.1266       41.85550       356.6137    
  -115.0856       38.19930       204.8190    
  -117.6001       36.44690       231.5043    
  -120.9079       48.44690       452.9583    
  -118.4884       46.21070       494.5677    
  -120.7170       46.03460       199.3028    
  -120.4331       43.48130       219.4524    
  -120.2374       40.96130       374.5188    
  -118.2240       37.05970       382.9152    
  -120.8541       47.16150       273.7477    
  -120.0000       44.24920       428.5100    
  -122.8895       39.41220       141.6622    
  -113.9809       37.70080       123.1153    
  -122.2613       38.04660       346.9147    
  -114.0963       37.44700       69.71964    
  -117.6106       36.80840       399.2410    
  -120.7629       46.35400       812.3445    
  -119.6448       45.00750       632.4451    
  -122.9723       44.57620       82.84768    
  -121.5440       41.09740       149.6126    
  -120.9274       40.18340       412.9928    
  -121.4046       44.98140       287.1189    
  -119.6316       44.18690       274.4705    
  -121.2689       40.96220       246.5754    
  -108.3063       30.67320       349.8904    
  -121.0395       42.71250       417.9554    
  -113.8080       38.50840       174.6680    
  -80.45580       25.95260       175.8705    
  -121.1268       40.06180       144.0112    
  -123.7820       42.28590       165.1521    
  -115.0045       38.14060       133.3989    
  -115.0563       32.60500       230.6489    
  -108.5323       31.26770       2818.472    
  -92.16520       18.64900       21.49847    
  -120.3839       36.57070       290.3105    
  -108.5613       31.26920       2342.113    
  -108.5207       31.24370       2207.741    
  -122.2238       38.60300       347.5047    
  -108.1962       31.50890       357.8922    
  -120.1314       44.47200       173.6446    
  -101.4273       35.84260       120.9506    
  -120.5435       46.42880       55.95945    
  -121.0728       46.06730       171.9280    
  -124.1120       40.83840       200.5676    
  -115.0225       32.60300       30.66854    
  -124.1769       48.83700       552.7355    
  -101.8494       31.49440       493.4511    
  -126.4990       49.65460       1002.898    
  -124.2467       51.42310       1012.053    
  -102.7723       18.98030       303.4163    
  -114.9091       32.42800       173.3866    
  -101.8407       31.47060       373.5272    
  -98.01860       37.71290       101.1965    
  -70.34600       18.92870       97.05063    
  -114.4986       34.74710       274.1235    
  -114.4642       34.74490       252.7221    
  -114.4807       34.72110       191.9409    
  -70.36530       18.92860       15.64025    
  -102.4159       39.93130       181.9458    
  -99.28510       21.79420       83.96873    
  -81.38910       26.69150       105.2975    
  -97.47090       36.73300       36.20592    
  -84.52960       31.12660       14.36257    
  -82.38380       32.63910       26.94625    
  -81.91410       31.11430       40.99138    
  -98.55870       34.10470       437.7096    
  -98.44100       37.00560       474.8784    
  -82.01330       27.54560       135.7373    
  -81.32060       27.53880       54.09813    
  -98.43100       36.97940       178.3674    
  -87.69660       21.02420       50.84508    
  -77.25230       35.28380       20.03979    
  -93.68860       18.10090       13.80795    
  -81.65360       26.91050       63.66312    
  -80.93180       26.34260       67.07513    
  -99.02090       38.07230       76.96421    
  -99.03180       38.09910       133.7489    
  -81.04500       28.12920       42.62626    
  -93.56620       17.96040       60.16789    
  -93.54540       17.96000       17.11795    
  -82.84830       29.41730       292.7625    
  -81.04350       28.10710       362.7935    
  -82.17980       27.52540       48.03370    
  -80.73410       27.53360       15.56855    
  -86.23400       30.62620       107.5966    
  -81.09290       27.58050       144.8908    
  -82.20090       27.52560       295.0859    
  -99.13160       38.07740       160.5484    
  -86.23090       30.60320       136.2200    
  -84.64230       30.21120       721.3286    
  -81.50370       26.54140       35.54482    
  -99.15920       38.07870       68.71139    
  -99.12060       38.05060       959.4026    
  -108.2490       30.67030       376.5411    
  -108.2379       30.64650       574.9486    
  -99.14830       38.05190       76.61811    
  -99.98630       33.29100       413.7966    
  -81.91600       31.13740       13.92873    
  -105.1122       21.67960       141.7378    
  -100.0212       33.31650       271.7057    
  -99.99510       33.31540       571.1365    
  -100.0124       33.29210       264.8784    
  -88.81580       30.47190       84.25616    
  -83.90420       30.04110       84.69917    
  -82.18150       27.54730       166.0234    
  -89.65790       36.89460       109.8501    
  -84.62310       30.23370       152.7719    
  -90.18050       19.89300       33.87095    
  -84.64500       30.23400       831.0565    
  -80.89590       27.77590       58.17061    
  -92.14110       17.60160       64.08901    
  -88.83840       30.47240       291.6021    
  -84.62570       30.25650       98.11608    
  -87.71690       21.02450       103.2759    
  -93.11760       17.85400       33.17101    
  -97.81260       37.23630       60.25091    
  -97.78570       37.23520       65.45463    
  -93.21050       17.93450       35.75335    
  -81.46620       32.06290       149.9435    
  -84.64760       30.25680       594.2574    
  -93.51690       17.90030       19.82674    
  -81.44410       32.06260       153.5276    
  -106.2230       31.50510       312.2536    
  -81.09430       27.60240       50.34684    
  -99.52650       24.60270       94.72731    
  -84.62040       30.21080       114.1254    
  -98.36150       35.73050       40.46544    
  -98.37870       35.70620       271.0125    
  -98.35230       35.70500       151.9901    
  -98.32590       35.70390       122.7540    
  -98.34310       35.67950       51.59413    
  -98.31670       35.67840       45.09767    
  -81.46810       32.08640       289.6830    
  -81.44600       32.08610       156.8403    
  -90.17820       19.87290       66.28062    
  -92.11400       17.71920       11.26111    
  -93.66770       18.10050       17.42144    
  -88.81200       30.44900       315.5476    
  -90.62170       19.63970       18.81514    
  -93.64690       18.10010       16.45240    
  -90.57750       19.43910       39.41159    
  -102.0405       18.02090       334.8598    
  -102.0365       18.00090       254.8521    
  -115.1415       32.58620       459.5188    
  -82.03010       28.31550       41.34621    
  -104.2499       39.73290       289.9349    
  -114.8888       32.54680       84.81770    
  -108.5381       31.22120       320.4613    
  -104.8110       19.52150       234.6897    
  -88.74650       17.35690       53.88785    
  -100.7288       39.03080       180.5037    
  -100.7163       39.00340       229.6865    
  -100.6876       39.00200       286.8585    
  -88.72660       17.35670       52.09844    
  -114.8769       32.37810       188.1020    
  -94.04100       18.08740       12.57890    
  -86.00170       15.65620       12.61883    
  -104.4305       20.01770       177.6847    
  -108.5092       31.21970       218.6815    
  -91.68410       17.71240       16.18618    
  -96.04290       16.00380       19.42099    
  -102.1257       28.06110       198.0190    
  -108.5439       31.29170       967.5099    
  -108.5149       31.29030       335.3867    
  -108.5033       31.26620       213.8541    
  -111.2739       28.84800       598.5179    
  -104.6063       21.43610       114.8102    
  -93.51940       17.92010       14.69534    
  -98.82600       21.00320       36.19851    
  -104.7868       19.52080       107.3113    
  -108.5729       31.29320       557.2682    
  -82.62400       32.80820       69.96702    
  -103.1202       18.22780       58.63645    
  -81.81210       31.97310       189.7596    
  -77.09630       49.65150       75.91426    
  -71.02340       48.04600       29.50686    
  -111.2442       28.84650       999.1470    
  -80.94170       28.48190       15.70871    
  -77.08380       26.42840       141.4401    
  -77.10390       26.40700       334.6528    
  -77.08330       26.40690       303.2188    
  -102.7200       18.19750       178.6379    
  -102.8510       18.16100       92.07784    
  -102.7388       32.26340       246.0600    
  -81.11390       27.58070       177.2898    
  -80.14090       27.00610       241.0577    
  -102.7075       19.42180       204.8473    
  -97.48540       36.55470       51.71767    
  -97.45900       36.55360       25.71685    
  -84.66950       30.25710       63.95915    
  -84.66690       30.23430       930.2327    
  -84.66420       30.21150       173.5016    
  -78.59860       21.99600       122.2615    
  -77.63200       21.11950       20.39245    
  -82.58620       42.06170       32.47884    
  -84.68610       30.21190       83.73755    
  -78.61840       21.99610       89.48541    
  -79.85210       38.92830       24.83091    
  -81.40210       28.11040       133.6926    
  -81.11530       27.60250       32.10613    
  -82.32080       27.17790       196.3407    
  -82.29980       27.17760       149.1523    
  -80.13970       26.98440       205.5370    
  -78.59930       22.01640       46.40215    
  -78.61780       21.97570       54.84132    
  -78.59800       21.97560       79.41343    
  -81.88900       29.76680       192.4323    
  -81.10530       29.01740       210.7957    
  -81.10370       28.99510       262.3484    
  -78.61900       22.01650       40.09274    
  -81.88720       29.74420       238.6743    
  -78.79630       21.99690       25.91081    
  -88.93030       19.63380       20.56489    
  -96.22530       39.06460       280.0232    
  -82.05200       29.65570       229.0624    
  -88.82420       19.39270       18.58019    
  -90.25070       18.71760       15.96288    
  -97.80290       37.21000       25.50388    
  -98.37500       36.33760       145.9032    
  -117.2429       35.96170       366.3468    
  -88.93370       19.47410       22.77921    
  -69.38960       18.63730       60.48525    
  -92.28000       18.41300       37.62173    
  -92.25940       18.41270       31.49483    
  -93.27100       16.23040       74.81696    
  -121.6089       39.03780       663.8569    
  -101.1632       35.20380       223.5334    
  -93.61650       17.54730       58.94618    
  -95.76060       17.46780       73.89915    
  -88.92100       15.72520       6.447210    
  -97.51190       36.55580       64.93106    
  -97.52920       36.53100       73.26376    
  -97.50270       36.52990       118.1484    
  -97.47620       36.52880       64.98431    
  -87.47910       20.87950       22.85691    
  -96.71250       17.72300       54.74575    
  -89.33070       21.21110       15.60049    
  -88.80400       19.39240       11.86011    
  -90.42000       19.13750       64.71768    
  -88.27280       17.84140       8.757173    
  -105.5844       37.83150       158.2858    
  -76.74420       36.00650       118.7767    
  -88.56360       19.60850       14.25185    
  -98.60470       21.34500       16.82510    
  -88.27460       17.86100       25.93385    
  -93.47200       17.05390       13.49736    
  -96.16390       16.88560       82.53457    
  -108.9552       33.41130       167.6284    
  -98.60900       21.36560       14.64210    
  -88.28390       20.81010       25.71668    
  -96.35450       18.44910       12.67207    
  -96.12790       18.08730       14.02980    
  -96.66030       17.93960       69.71964    
  -88.60670       15.74090       121.0461    
  -98.85960       23.94790       172.6790    
  -98.86800       21.63910       13.63046    
  -88.43470       19.12840       25.99538    
  -88.12530       19.04470       70.93153    
  -88.28170       20.78990       23.55369    
  -89.00480       18.18560       17.01073    
  -93.08260       44.67290       65.33038    
  -94.96900       32.86160       20.93439    
  -90.62560       16.71750       21.65377    
  -93.20660       44.46450       26.40903    
  -105.6451       37.83490       247.9236    
  -104.9433       28.21870       140.1168    
  -99.84770       21.66550       309.0248    
  -87.96320       20.06060       12.44622    
  -88.04120       19.42170       26.23924    
  -104.7969       19.56160       224.1595    
  -89.21220       18.05040       9.963869    
  -71.41420       17.92030       200.1015    
  -92.81580       17.75030       16.82510    
  -95.35250       33.01800       15.49401    
  -94.94450       32.86080       19.66479    
  -81.21870       26.62520       133.1548    
  -98.49150       22.51640       21.98977    
  -87.95520       20.38190       240.8615    
  -90.96080       17.23040       22.01120    
  -97.21930       16.39610       19.98121    
  -95.33780       45.63930       20.39245    
  -94.03350       44.89720       31.14774    
  -100.3824       37.61250       292.6728    
  -100.3545       37.61120       227.1899    
  -100.3711       37.58590       244.4996    
  -100.3432       37.58460       300.0072    
  -106.8859       24.02720       389.9984    
  -87.96120       20.04050       11.92906    
  -106.1762       38.84550       230.1180    
  -98.36950       35.68060       36.36565    
  -95.11580       32.86660       80.30708    
  -105.6156       29.48870       165.7089    
  -88.12720       19.06460       67.60130    
  -71.41370       17.93990       42.83731    
  -92.85840       17.08310       6.585118    
  -98.55400       38.39390       38.86221    
  -98.52640       38.39270       217.6418    
  -98.61460       21.28380       15.62711    
  -90.44960       19.21770       19.27267    
  -92.44600       15.96520       97.26878    
  -79.77430       22.69830       16.42197    
  -79.24180       21.73410       19.14122    
  -96.35370       19.50780       124.5702    
  -105.0266       19.71030       40.47596    
  -90.42910       19.21730       27.93363    
  -90.15690       19.15340       103.1134    
  -93.48810       18.15660       27.47391    
  -91.56420       17.55330       50.18152    
  -84.75670       30.44100       73.61890    
  -102.7707       18.21880       205.1922    
  -102.5767       18.17390       149.5402    
  -93.03480       17.85260       61.25478    
  -102.0445       18.04090       248.6791    
  -98.67660       16.50290       21.35084    
  -108.0595       30.19830       196.5014    
  -79.79170       22.63670       42.79044    
  -97.05680       20.06700       70.40392    
  -90.61790       19.26020       71.56652    
  -88.74830       17.37650       23.35192    
  -109.3697       35.86170       1170.728    
  -104.8192       19.35990       175.8790    
  -88.53070       18.67330       38.16086    
  -88.22730       17.99810       14.94228    
  -112.2378       38.61420       314.7830    
  -99.03350       22.19990       121.3144    
  -87.94730       20.50260       20.73380    
  -110.4320       33.29940       302.6268    
  -87.69820       20.84210       14.86284    
  -104.9230       19.58560       98.56058    
  -88.10520       19.04450       53.22276    
  -99.96580       37.98510       169.3314    
  -99.93780       37.98380       31.94640    
  -119.1914       36.38070       272.3988    
  -82.05130       28.31570       61.44709    
  -88.51070       18.67300       37.81492    
  -91.02570       18.37300       15.03256    
  -101.5489       18.06850       139.3238    
  -108.2251       31.51030       615.1705    
  -101.4738       30.29630       138.1974    
  -79.77180       22.63660       47.01445    
  -78.50090       21.34510       14.05642    
  -88.86820       19.81290       8.171062    
  -100.0210       17.95270       77.18410    
  -110.1391       40.34560       224.5731    
  -88.06130       19.42200       13.41749    
  -88.10710       19.06440       25.09930    
  -102.7455       18.09840       68.60382    
  -115.0569       38.86380       237.4366    
  -108.2132       33.49230       152.2731    
  -88.22550       17.97840       14.69524    
  -96.76750       34.74520       215.2159    
  -108.3896       30.90990       943.1761    
  -108.3608       30.90850       568.3639    
  -108.3783       30.88610       573.7432    
  -84.68880       30.23470       76.51662    
  -107.5325       25.20870       281.0867    
  -88.67600       18.51690       57.58026    
  -98.33990       36.66760       177.0939    
  -82.04950       28.29360       168.4353    
  -102.0706       21.87380       151.7948    
  -89.69680       19.40550       272.0523    
  -101.5836       18.12920       21.23104    
  -93.09290       16.46140       106.3950    
  -89.67650       19.40520       52.79086    
  -90.59970       19.27980       39.86178    
  -104.6590       36.48690       206.8983    
  -99.88130       35.24560       231.6199    
  -111.0704       33.04520       1213.283    
  -88.88850       19.81320       22.79505    
  -88.48140       18.98990       9.308805    
  -88.76640       17.35720       23.33081    
  -89.40530       36.86190       49.65003    
  -84.66160       30.18870       222.9734    
  -84.63970       30.18840       306.0155    
  -90.25420       16.61500       34.02045    
  -99.87160       35.22030       137.8119    
  -111.0846       33.07020       400.8806    
  -82.02840       28.29330       93.59963    
  -107.4081       24.49500       121.9912    
  -99.53430       35.23040       534.3083    
  -102.4374       35.28870       155.2604    
  -102.4264       35.26320       172.5885    
  -107.4414       33.66980       442.7436    
  -111.1016       33.04700       321.5923    
  -111.0392       33.04350       651.2825    
  -106.4190       31.82070       153.8207    
  -107.4344       24.49610       49.25070    
  -104.8509       21.79520       187.9102    
  -88.67800       18.53670       22.65094    
  -102.8553       18.18100       168.2920    
  -99.39610       37.46220       178.1336    
  -106.6752       34.75840       3952.062    
  -106.6457       34.75680       1722.420    
  -106.6623       34.73290       839.4213    
  -115.1754       32.58820       498.7263    
  -107.4157       24.51670       230.7119    
  -104.6083       21.62190       78.96221    
  -111.1099       38.83290       225.6127    
  -97.46700       36.50290       44.61848    
  -99.52480       35.20510       127.3208    
  -102.6284       34.85020       245.3669    
  -102.6008       34.84890       368.3102    
  -102.6176       34.82500       174.3214    
  -102.5899       34.82360       276.7308    
  -99.54390       35.25580       225.0679    
  -99.56090       35.23160       371.0539    
  -99.50770       35.22930       733.1740    
  -107.8827       38.38810       162.1900    
  -99.85460       35.24450       214.5227    
  -104.2529       25.40500       108.7665    
  -103.1562       19.03090       28.40328    
  -105.3596       38.50490       197.3792    
  -121.4292       39.37530       973.6046    
  -99.27100       21.93800       113.6316    
  -88.68710       19.63030       13.61214    
  -110.1531       40.31890       191.3030    
  -121.4604       39.40500       1149.248    
  -114.9750       32.48000       345.8135    
  -87.65550       20.41800       6.516163    
  -97.11150       20.37160       19.55830    
  -109.0671       42.73830       323.3436    
  -96.02680       36.14030       40.09237    
  -101.7768       35.13270       221.9738    
  -101.7494       35.13140       351.9929    
  -112.9426       33.34790       1838.474    
  -112.9100       33.34600       1698.585    
  -102.1928       40.46940       51.05035    
  -117.0458       39.09000       486.4169    
  -90.17450       36.47520       171.2663    
  -112.9270       33.32270       810.8222    
  -102.4507       18.67070       328.9972    
  -112.8945       33.32080       917.7972    
  -108.1587       30.59620       1480.184    
  -108.1301       30.59480       1095.487    
  -108.1477       30.57250       713.5739    
  -108.1191       30.57110       506.6757    
  -102.5934       18.25420       98.77056    
  -93.17120       35.03700       268.6465    
  -112.9582       33.37320       516.3209    
  -112.9256       33.37120       525.0435    
  -112.9752       33.34990       387.0807    
  -105.0908       21.86520       20.48563    
  -109.3383       35.85990       361.7330    
  -107.4660       24.73290       27.43841    
  -104.8804       39.09230       220.0677    
  -121.8163       38.25050       1014.911    
  -121.7719       38.24710       1283.296    
  -108.9977       26.11630       64.69147    
  -107.4616       24.64700       17.83674    
  -103.5813       21.19830       112.9109    
  -104.9452       19.38380       18.63540    
  -123.4547       40.81020       252.9682    
  -102.3648       35.68610       158.3795    
  -108.4084       30.77120       937.6312    
  -108.4259       30.74880       308.0948    
  -108.3972       30.74740       1119.335    
  -108.3684       30.74590       311.9070    
  -105.0060       19.62860       93.57211    
  -108.3860       30.72360       346.2168    
  -104.9640       21.67480       103.4582    
  -88.48170       18.15900       16.59549    
  -93.43870       18.09650       21.19111    
  -111.0533       33.06840       467.1475    
  -107.3177       24.23530       25.69403    
  -99.11750       21.64570       20.81840    
  -98.57530       21.20100       14.10966    
  -103.1187       45.28710       142.8051    
  -101.5994       37.12660       226.9990    
  -118.3408       34.92670       686.7643    
  -110.7278       32.37770       764.3839    
  -104.2895       19.24370       426.5927    
  -104.2656       19.24300       171.7596    
  -103.4122       18.81660       208.8132    
  -93.44380       18.13610       12.35261    
  -90.25610       16.63450       11.61877    
  -103.7030       44.83060       149.7154    
  -107.4750       33.62290       870.6009    
  -110.7548       32.42700       362.0156    
  -88.66880       18.02350       11.28773    
  -88.48140       17.94230       10.30864    
  -118.3621       34.95320       625.4073    
  -107.5044       33.62450       423.2156    
  -113.5104       32.99410       284.0600    
  -110.7585       32.37940       661.0980    
  -93.46470       18.13650       15.70698    
  -105.2483       44.01940       169.8161    
  -113.4776       32.99210       403.3957    
  -113.5276       32.97100       450.8254    
  -113.4948       32.96900       134.1394    
  -113.4620       32.96710       367.2469    
  -115.2054       32.13480       476.6665    
  -105.1734       21.72300       90.18920    
  -88.49660       18.31700       10.06312    
  -111.6575       41.00650       280.7163    
  -111.0562       33.02030       326.9392    
  -116.5587       32.28900       460.1782    
  -97.77140       50.06270       26.24929    
  -104.6515       41.67580       180.2130    
  -110.0409       40.53270       86.00918    
  -120.4810       40.34060       324.0367    
  -111.0250       33.01850       390.5996    
  -97.87450       21.81870       14.30489    
  -103.9296       45.49380       157.6863    
  -107.9245       24.98750       49.26845    
  -111.2620       39.00400       304.8661    
  -108.5694       33.34180       101.4583    
  -110.6933       41.61550       251.9516    
  -121.4711       40.72730       158.8279    
  -121.8016       38.27600       1209.160    
