  -103.6717       51.31140       6.072635    
  -117.4231       43.70000       34.27512    
  -115.5717       41.20980       29.91454    
  -112.3559       40.58160       39.62035    
  -114.7031       40.11510       39.90167    
  -121.3903       38.35020       239.4895    
  -109.6423       30.50830       432.0734    
  -106.3638       24.07130       503.2044    
  -100.5366       23.70340       299.2626    
  -102.7690       22.20560       1167.533    
  -102.7450       22.20490       844.0248    
  -102.7876       22.18550       189.7777    
  -102.7636       22.18470       191.3380    
  -102.7396       22.18400       340.9743    
  -104.4285       21.22450       31.29574    
  -103.3568       20.39340       80.75967    
  -99.73840       20.19270       15.14482    
  -105.0654       20.24040       2.694146    
  -105.3504       19.84190       73.84683    
  -105.2230       19.81770       79.68746    
  -103.2486       19.33570       60.77163    
  -103.2250       19.33500       478.8578    
  -91.00370       18.88810       37.97707    
  -101.2200       18.91990       99.76330    
  -91.66260       18.40290       29.59990    
  -92.00240       18.32920       69.91752    
  -96.20720       18.18800       3.663031    
  -102.3851       18.24890       27.99648    
  -93.18470       17.89460       22.76940    
  -99.76310       17.62950       395.6228    
  -101.0517       17.59950       38.52221    
  -100.8380       17.41630       169.7608    
  -98.93120       17.13720       26.89060    
  -99.74820       17.03640       70.45013    
  -97.15520       16.39490       65.08513    
  -93.58850       16.31330       77.24804    
  -97.78990       16.34830       62.07494    
  -97.98080       16.33240       11.90654    
  -97.84860       16.31030       15.55740    
  -93.19160       16.07360       286.3377    
  -100.5938       39.10460       16.64524    
  -103.7370       20.58830       253.5106    
  -91.00130       18.86820       50.12419    
  -93.11510       17.83420       39.49594    
  -99.56680       16.87490       83.38609    
  -106.1932       24.17130       128.1891    
  -103.0781       21.18310       239.1308    
  -103.1438       20.48910       13.29076    
  -104.4839       20.32480       136.9590    
  -95.18670       18.02950       8.849688    
  -101.4923       18.12690       74.80195    
  -103.2413       51.61360       13.61480    
  -111.8692       50.40590       37.95582    
  -109.9666       47.39030       43.13694    
  -115.2441       40.45890       39.29213    
  -114.9803       40.19060       24.66308    
  -90.81240       18.64690       28.76815    
  -102.0986       18.08210       88.55531    
  -98.97660       16.88210       163.5010    
  -98.89780       16.66430       62.19810    
  -98.50240       16.63660       38.64152    
  -97.85850       16.23230       16.50183    
  -104.6293       21.25140       120.3285    
  -90.24850       17.94680       82.94283    
  -93.93640       17.45440       16.77460    
  -98.02250       16.60740       51.48278    
  -112.3975       50.55850       35.72864    
  -112.0604       50.31590       45.62201    
  -103.2150       19.59740       76.97784    
  -98.98570       16.80370       68.89005    
  -98.90100       16.68400       12.87864    
  -96.68470       15.91780       12.09710    
  -96.86230       15.82360       13.34227    
  -104.2975       19.77010       35.64236    
  -96.17960       18.28670       41.88455    
  -96.06960       18.26460       25.94424    
  -88.49800       18.11980       4.089692    
  -102.2516       18.04610       89.91013    
  -99.87180       17.49330       39.97904    
  -98.72660       16.81800       95.16891    
  -97.52790       16.46070       83.18886    
  -108.2297       39.69980       39.15147    
  -117.4058       40.07040       39.18673    
  -104.1055       24.45700       244.7246    
  -101.5699       18.84850       73.15975    
  -96.11550       18.42440       3.763881    
  -96.22550       18.30750       2.895847    
  -99.01800       17.00110       65.52354    
  -99.41490       16.75370       14.56772    
  -98.36270       16.71230       12.10592    
  -96.95260       15.86420       16.89678    
  -107.0842       44.86990       32.16516    
  -115.0383       40.47130       152.8672    
  -102.7715       20.70290       22.41614    
  -100.9771       20.57080       28.80250    
  -96.21330       18.22780       8.579467    
  -95.61960       16.91480       17.12086    
  -99.41160       16.73390       12.33154    
  -98.14380       16.41390       29.90183    
  -102.7658       51.46870       5.222610    
  -94.96280       16.86380       7.937697    
  -93.58420       16.44970       177.6583    
  -111.7583       51.62710       38.48938    
  -119.2240       41.92530       218.3327    
  -114.0721       39.46820       32.51682    
  -104.4787       20.30430       72.74920    
  -100.9150       19.53560       104.1972    
  -92.08610       18.17240       28.76775    
  -100.8036       17.59370       111.3703    
  -99.91890       17.25710       14.01196    
  -97.05850       16.31480       120.4906    
  -97.03710       16.31440       16.48112    
  -98.02500       16.19640       97.85713    
  -119.0468       43.36250       175.4888    
  -119.3138       43.00300       187.1423    
  -115.0264       40.41500       162.4642    
  -117.2440       39.97560       151.2677    
  -111.0323       38.72080       100.0834    
  -100.5419       23.72460       244.1740    
  -102.9100       19.28610       14.35371    
  -88.56920       18.23900       2.218709    
  -101.0679       18.15650       44.43145    
  -102.2042       17.92530       7.579589    
  -113.1127       51.97060       5.409904    
  -111.7272       50.11060       32.07138    
  -90.54060       19.29880       11.79813    
  -99.02780       17.06040       32.26744    
  -95.46400       16.85310       12.55639    
  -98.65170       16.75750       13.44530    
  -98.15190       16.74740       13.05894    
  -97.98590       16.50870       10.00657    
  -111.8510       51.01400       34.99342    
  -112.3189       50.91040       33.75935    
  -117.0010       44.29350       39.94855    
  -119.1913       41.89400       201.7664    
  -111.1807       37.46320       119.7345    
  -104.4938       22.86590       78.70215    
  -101.8219       20.73690       2.127463    
  -90.66040       19.62030       48.26068    
  -111.8057       51.01010       43.23512    
  -112.7370       50.37470       41.54275    
  -119.4668       42.23220       203.5944    
  -118.6987       41.88220       45.76267    
  -112.0010       40.11460       106.4815    
  -103.8142       20.61100       251.1779    
  -103.6294       20.44220       25.70443    
  -91.22150       18.65340       27.17830    
  -90.81020       18.62710       3.576103    
  -95.54560       16.83500       15.70044    
  -116.0010       47.79430       599.3281    
  -112.6716       42.15770       31.03984    
  -114.4989       41.69410       140.7566    
  -120.0072       40.66320       50.03503    
  -111.1960       37.43810       109.6805    
  -103.6244       20.42160       13.03318    
  -104.1964       19.74690       13.44622    
  -90.68170       19.28110       4.222846    
  -96.16130       18.30620       1.901750    
  -92.08370       18.15260       2.497849    
  -98.99700       17.13850       15.76964    
  -100.1615       17.12430       70.45013    
  -98.24790       16.80820       20.06492    
  -112.0775       50.17590       6.634515    
  -118.9342       42.30330       176.6313    
  -112.8085       39.43340       27.95098    
  -107.9510       37.78570       83.63137    
  -111.7629       36.74890       26.02283    
  -103.2200       19.82030       110.6018    
  -100.5976       19.42670       110.1091    
  -103.5828       18.74090       15.29982    
  -102.2993       18.16690       99.76328    
  -100.1649       17.14410       458.6090    
  -98.15950       16.37500       316.5987    
  -91.92440       16.01590       2.305152    
  -112.0298       51.76190       56.54342    
  -113.6939       49.27200       61.89214    
  -117.5724       44.79670       45.71579    
  -116.3419       41.24080       43.55894    
  -119.1633       41.32370       44.82491    
  -104.0187       23.92310       97.11295    
  -96.29840       18.90610       27.15350    
  -99.10350       17.12110       56.65570    
  -111.9833       51.75780       34.85831    
  -111.9852       51.72100       33.03433    
  -112.8620       50.06780       9.688842    
  -111.9904       40.86210       41.33644    
  -117.2183       39.69990       33.71246    
  -112.7723       39.29550       79.97536    
  -111.7116       36.71980       23.67843    
  -110.8616       33.42080       26.23913    
  -103.7182       20.60810       27.18904    
  -99.76660       17.64930       579.5676    
  -99.87530       17.51320       120.6734    
  -111.6712       51.54570       46.51288    
  -111.8346       49.97920       6.173485    
  -113.7080       49.51440       231.9285    
  -116.0138       45.49520       357.8983    
  -116.8748       44.13250       32.82159    
  -116.6245       40.81390       163.8352    
  -111.5717       37.27990       108.3095    
  -104.7119       21.37760       80.05696    
  -115.8540       49.25840       378.9274    
  -115.4411       42.05190       39.24524    
  -116.3392       41.15620       32.82159    
  -121.0317       41.50620       57.13301    
  -111.7429       36.67040       27.24192    
  -118.4968       36.82020       35.53373    
  -104.6252       21.41610       332.2555    
  -102.6703       20.47550       20.39977    
  -96.21020       18.20790       3.695447    
  -102.4841       18.17160       93.85139    
  -120.5279       43.34180       220.0465    
  -113.8898       42.16250       26.63237    
  -119.9824       40.52210       57.61777    
  -90.65890       19.26080       12.90971    
  -100.5153       19.24350       34.73889    
  -96.06350       18.36380       9.930566    
  -98.19530       16.74820       72.66709    
  -112.9362       49.82910       5.532365    
  -114.6189       43.35440       32.63403    
  -121.2691       41.98200       43.88715    
  -119.5820       40.79610       47.35686    
  -111.5018       37.22350       19.27096    
  -103.8338       20.87760       26.73332    
  -96.07270       18.28450       7.802588    
  -96.15210       18.24640       42.87395    
  -98.37520       16.65370       64.29190    
  -104.0108       20.82150       132.5251    
  -104.2124       20.76620       99.07764    
  -104.6712       20.67790       107.3483    
  -103.4186       19.66380       172.6636    
  -103.2204       19.31470       94.00549    
  -96.07580       18.44350       11.95721    
  -88.73070       18.04400       4.089692    
  -115.4251       41.99330       28.97677    
  -118.7653       41.83060       201.5379    
  -120.2315       41.72340       223.9132    
  -116.3568       40.76550       138.4716    
  -119.5577       40.65470       60.49590    
  -90.94280       19.06620       5.706548    
  -100.5112       19.22330       60.10430    
  -96.02990       18.28370       75.96385    
  -99.77890       17.21460       55.73837    
  -120.1833       42.81390       43.74649    
  -120.0172       42.13440       38.68259    
  -119.5200       40.73530       73.61414    
  -103.6875       20.77080       69.71114    
  -98.77030       16.81890       98.90768    
  -120.1661       42.23320       50.63902    
  -120.1535       42.14590       48.38840    
  -119.3715       41.05910       57.53156    
  -119.3772       40.94740       45.80956    
  -96.22860       18.18850       6.991929    
  -98.05370       16.52960       7.802588    
  -97.55480       16.20690       25.13911    
  -119.4206       40.95090       233.9851    
  -119.5293       40.43020       34.08756    
  -90.65840       19.08150       60.59697    
  -98.37210       16.63400       24.73497    
  -97.18740       16.02440       47.04886    
  -119.6911       42.25100       38.72947    
  -119.4832       41.01200       37.60416    
  -97.18460       16.00480       11.69381    
  -104.8270       21.44310       49.79974    
  -103.3522       19.68220       23.13540    
  -104.4584       19.45060       23.41241    
  -103.2014       19.33440       380.3321    
  -95.14620       18.18710       43.09382    
  -99.00580       17.05990       73.80021    
  -96.85220       16.05720       28.19787    
  -119.5504       40.29350       67.78280    
  -103.9845       20.71840       15.76346    
  -103.6788       20.54570       52.87787    
  -95.18560       18.16800       7.228371    
  -103.7165       20.50600       98.90768    
  -99.04420       17.15930       39.68589    
  -98.69210       16.60120       14.61029    
  -88.51770       17.90350       14.27588    
  -99.02220       17.15880       88.43216    
  -99.00910       17.07970       104.1972    
  -101.2467       20.23240       66.26253    
  -103.7793       19.49190       84.97224    
  -91.68310       18.40320       30.46274    
  -95.20970       18.18830       1.865732    
  -90.60740       19.51950       3.337668    
  -100.0553       17.02330       1.808104    
  -97.67960       16.75760       35.36732    
  -104.0840       21.83260       27.61890    
  -101.9604       21.12960       62.51535    
  -104.6071       21.16840       89.91013    
  -104.0350       20.82230       2.009804    
  -100.4528       17.38770       13.69339    
  -104.6505       21.14920       52.54485    
  -101.0668       17.79830       75.45535    
  -94.52780       17.97760       247.5404    
  -95.61210       17.01270       15.90806    
  -104.6798       21.43840       64.78455    
  -101.3542       17.88470       60.35063    
  -104.1694       20.78540       130.5544    
  -103.8589       20.69410       2.240320    
  -95.15590       18.10800       17.53049    
  -104.5313       19.55390       112.3261    
  -103.3096       19.49890       445.6093    
  -101.0371       17.40110       13.64492    
  -95.08960       18.08700       2.056628    
  -93.45360       16.21380       61.82861    
  -115.0050       32.62600       3.637818    
  -104.0034       20.69850       1.836918    
  -96.26410       18.82560       12.39718    
  -99.77540       17.19480       198.6703    
  -100.5106       17.82500       13.90893    
  -101.1814       18.15920       62.81393    
  -103.3380       19.62110       17.35155    
  -102.0937       19.26410       90.27962    
  -99.05950       17.12020       102.4729    
  -93.78570       16.41390       37.35002    
  -100.5272       17.42890       15.74493    
  -100.5308       17.44880       62.04401    
  -100.6306       17.74840       198.9573    
  -103.7697       19.45120       76.85468    
  -100.7130       17.82970       66.47904    
  -95.59450       17.18920       41.80378    
  -92.48230       17.88280       11.84441    
  -92.48470       17.90260       9.326562    
  -76.54360       45.71960       50.79818    
  -98.59020       17.05120       90.89545    
  -93.20050       16.15150       48.91061    
  -112.2446       33.37950       134.7242    
  -70.34600       18.92870       186.0232    
  -93.18940       16.05410       79.31797    
  -103.1842       18.30940       12.82713    
  -93.11760       17.85400       15.42702    
  -57.34440       50.69750       52.21828    
  -103.8227       20.55000       18.26500    
  -104.1154       19.80540       22.47810    
  -104.5082       19.65450       42.05852    
  -100.6682       17.70960       37.93527    
  -103.7491       20.44570       24.24264    
  -103.9670       20.55430       32.77470    
  -90.80870       19.14370       81.78127    
  -104.1394       19.80610       79.15191    
  -101.3705       18.08410       14.37312    
  -103.2717       19.63950       15.22255    
  -103.9416       20.73750       78.20742    
  -104.0874       20.55790       110.0866    
  -103.8708       20.55140       14.47559    
  -105.1411       20.34480       238.1634    
  -104.4097       21.24450       108.5388    
  -104.1534       19.76590       92.12710    
  -90.04310       35.14090       4.803048    
  -90.04860       35.16580       5.045474    
  -101.0405       17.89710       16.36286    
  -101.1233       17.74010       12.63055    
  -103.8691       20.44930       20.03680    
  -90.96900       18.41170       2.175488    
  -96.11860       18.44430       1.998999    
  -99.49290       17.34650       51.11894    
  -99.48950       17.32670       220.3152    
  -95.47290       18.25290       12.17190    
  -75.69530       41.62800       82.76657    
  -104.2014       19.76730       45.97675    
  -103.5436       51.19200       8.202499    
  -93.22430       17.04980       61.82861    
  -93.12260       16.36440       10.73735    
  -104.2064       19.78770       32.75044    
  -103.9500       20.67640       18.49373    
  -96.11240       18.40450       10.01501    
  -96.01180       18.16430       2.342771    
  -93.32360       16.15340       74.02110    
  -96.73400       18.00050       91.38810    
  -89.57290       15.71360       3.785343    
  -104.1096       20.45640       14.39061    
  -99.07100       18.20930       12.35498    
  -89.57120       15.69430       3.728278    
  -57.14810       48.15460       45.95208    
  -91.25500       18.06040       203.0897    
  -75.92220       20.17110       2.437218    
  -93.55520       16.72260       67.24784    
  -89.42400       15.59590       18.86938    
  -95.33600       17.89390       1.800900    
  -89.43780       16.64330       15.65192    
  -95.93630       17.94500       2.427613    
  -95.32470       17.81460       3.766283    
  -95.44730       17.63930       5.186592    
  -77.65090       18.11360       1.649624    
  -94.57370       17.70200       10.30212    
  -95.45010       17.65910       22.07693    
  -103.3712       19.66250       23.58466    
  -95.88670       18.18170       2.517658    
  -100.7813       18.18940       91.14177    
  -95.37550       17.87480       13.78507    
  -88.83940       17.06480       10.46914    
  -101.3990       19.12530       14.68165    
  -103.4043       18.67580       175.9611    
  -95.20490       17.26060       14.49052    
  -101.4594       49.96950       6.987493    
  -102.3530       18.96920       16.17636    
  -91.06470       18.71040       42.88966    
  -91.68550       18.42300       24.99983    
  -91.66500       18.42270       91.70223    
  -90.73640       18.15120       96.88945    
  -105.1357       20.32420       57.91885    
  -100.7344       19.20880       91.72916    
  -102.3486       18.94900       13.54833    
  -91.03420       17.34900       2.299749    
  -91.28860       17.07860       17.81136    
  -95.27010       17.12430       2.996697    
  -90.87390       15.98200       56.16304    
  -105.1655       20.34550       26.98424    
  -90.05840       17.47240       18.01925    
  -91.30890       17.07890       16.54162    
  -91.92650       15.84140       74.88405    
  -101.9026       50.21160       9.069332    
  -90.74080       19.26210       23.16252    
  -88.85930       17.06500       10.52781    
  -103.9071       20.69560       50.17519    
  -91.72420       18.40390       84.90849    
  -93.28750       16.01670       269.0020    
  -104.7438       22.45650       32.93223    
  -98.82550       21.86420       2.676738    
  -95.19430       18.22760       52.10834    
  -91.10780       17.46780       2.398799    
  -89.62980       15.90780       2.107053    
  -65.81450       43.73070       108.4668    
  -88.50270       21.50310       10.51907    
  -101.9781       21.00720       35.55020    
  -103.1942       18.57000       82.76657    
  -90.96030       18.15460       11.76552    
  -96.54410       17.73940       12.35866    
  -90.16830       16.96500       13.99630    
  -89.28370       15.57490       10.17020    
  -103.6628       51.34760       5.685081    
  -101.4812       21.46480       650.3993    
  -91.98180       18.32890       57.22681    
  -95.16160       18.14780       1.894547    
  -91.03630       17.36870       14.34772    
  -104.7498       22.47760       55.33709    
  -101.9732       20.98660       25.55123    
  -100.5846       18.68370       180.0666    
  -100.5619       18.68320       144.1641    
  -90.97130       18.43150       58.15466    
  -93.38980       16.54410       78.57899    
  -89.43570       15.73130       16.91938    
  -104.7666       21.39990       95.08303    
  -101.9546       21.00650       30.99296    
  -95.39380       17.85540       15.07702    
  -95.96880       17.59000       30.95702    
  -89.20620       15.59330       11.51810    
  -90.58160       19.29950       75.04295    
  -100.6135       18.94480       96.19151    
  -95.14730       18.04850       2.355577    
  -95.14440       18.02870       2.283541    
  -93.21360       17.79650       18.42559    
  -95.86090       17.43030       22.52110    
  -89.64890       15.67590       21.37014    
  -103.3407       18.91520       156.6888    
  -102.8740       18.70190       21.99672    
  -99.45840       18.39740       110.8481    
  -102.9869       18.36430       50.20425    
  -95.37630       18.17170       4.447022    
  -95.35510       18.17130       18.61137    
  -91.19610       18.07930       6.073633    
  -95.58160       17.83930       17.05760    
  -100.7919       17.89120       97.30000    
  -95.25140       16.98660       36.84527    
  -90.94000       16.83900       6.029919    
  -99.54470       16.87440       69.21848    
  -96.79560       47.41280       7.285241    
  -103.9858       20.53440       2.903051    
  -89.90270       19.78840       90.66192    
  -90.93580       19.00630       20.56635    
  -90.91530       19.00600       16.32029    
  -96.85930       18.51930       28.11182    
  -92.00620       18.19090       110.3660    
  -91.21650       18.07960       31.85426    
  -102.8426       18.12080       721.1906    
  -95.58450       17.85910       25.29930    
  -92.67210       17.41360       10.26158    
  -91.92520       17.32330       11.46264    
  -99.69710       17.25230       44.74282    
  -95.31220       17.12510       15.94267    
  -95.24870       16.96690       34.24583    
  -93.83730       16.66860       118.2380    
  -93.81660       16.66820       22.78756    
  -93.44000       16.44740       17.65333    
  -93.31160       15.68720       7.746773    
  -102.0852       21.64720       277.5659    
  -90.58390       19.31950       60.42278    
  -90.27030       19.07550       3.893546    
  -100.5659       18.70330       179.5739    
  -91.19830       18.09900       4.250124    
  -91.19380       18.05950       12.40223    
  -102.2111       18.18460       262.1763    
  -89.26000       17.08970       34.17823    
  -89.24000       17.08940       20.76293    
  -92.33670       16.99650       32.84804    
  -91.53800       16.18520       9.016345    
  -89.18640       15.59310       5.801657    
  -104.8690       22.29400       225.0065    
  -96.83770       18.51880       31.16029    
  -90.48740       18.28570       15.77278    
  -92.02680       18.19120       20.17611    
  -96.49800       17.85720       129.1578    
  -100.3983       17.82240       680.8828    
  -96.37000       17.71620       19.23007    
  -95.42890       17.65870       5.445922    
  -95.42610       17.63890       5.225011    
  -96.14190       17.61310       21.25689    
  -93.26180       16.32760       85.24897    
  -90.82120       16.05880       27.81310    
  -91.96700       16.03600       4.196097    
  -84.74360       15.62600       16.23641    
  -96.63060       46.68800       6.447223    
  -64.80390       44.78300       400.6406    
  -97.70290       21.62940       4.043621    
  -104.3976       20.07780       15.05104    
  -90.92410       18.90670       12.49358    
  -91.08250       18.33430       2.814807    
  -102.7010       18.21700       112.4492    
  -102.6778       18.21640       52.49311    
  -95.62790       17.42590       9.795456    
  -94.32870       16.46190       89.85657    
  -89.58140       15.81040       5.231002    
  -84.74250       15.60670       16.32029    
  -96.64640       46.72100       8.565081    
  -87.92380       20.86560       38.31172    
  -104.3925       20.05730       22.80358    
  -103.6606       19.18570       93.35874    
  -91.08470       18.35410       18.52075    
  -90.58120       18.03050       51.96524    
  -95.98430       17.55090       47.24714    
  -95.12070       17.25910       6.672632    
  -89.26180       17.10920       27.52082    
  -89.10060       15.74660       29.40714    
  -88.30510       15.66020       8.247509    
  -107.1293       25.32190       56.02209    
  -102.1088       21.64790       20.61899    
  -87.92170       20.84530       5.307089    
  -90.58340       18.05020       16.14555    
  -101.8570       18.01630       182.9330    
  -101.2977       17.94300       128.3138    
  -89.24180       17.10900       11.60331    
  -91.91540       16.87280       116.7600    
  -107.1558       25.32300       43.89135    
  -107.1214       25.30000       275.6500    
  -104.2204       22.41830       15.87940    
  -87.77790       21.02540       3.630615    
  -104.0963       21.15240       29.62989    
  -89.88230       19.78810       19.96256    
  -90.97590       18.64950       15.09793    
  -103.1401       18.42830       18.85433    
  -90.60370       18.05050       8.559822    
  -102.1528       18.12330       38.61832    
  -101.7228       17.91350       60.21341    
  -93.88460       17.37490       17.59236    
  -100.9994       17.43980       222.4800    
  -95.11800       17.23940       10.33589    
  -90.85520       16.99410       10.13863    
  -95.15940       16.92610       44.88664    
  -94.85850       16.70540       3.436117    
  -89.46740       15.86710       10.53072    
  -90.31120       15.74220       9.575498    
  -89.44380       15.59610       13.74003    
  -59.85140       50.88220       91.85742    
  -73.83400       43.57600       6.448399    
  -102.8521       20.05340       25.51565    
  -95.76450       18.77550       89.78696    
  -102.2693       18.46580       94.83671    
  -94.04100       18.08740       1.903551    
  -102.2424       18.22530       127.8941    
  -102.8658       18.12140       162.3309    
  -102.8194       18.12020       53.62009    
  -102.8151       18.10020       36.28502    
  -102.1406       18.06320       235.9833    
  -93.13580       17.83460       4.981422    
  -93.68770       17.29290       10.03563    
  -96.10560       17.21840       64.46275    
  -100.3679       17.28690       29.46633    
  -99.15200       16.88580       43.95954    
  -89.37800       16.64250       19.86304    
  -89.86330       15.85260       41.00509    
  -90.56960       19.71890       15.06719    
  -90.66770       19.16130       41.44482    
  -100.2940       19.03720       82.64342    
  -90.71990       18.36830       36.68045    
  -94.54880       17.97800       10.21469    
  -94.54610       17.95820       34.58595    
  -99.91720       17.87090       127.5985    
  -101.2176       17.52410       39.63092    
  -100.9957       17.41990       221.6141    
  -95.00210       16.84490       36.76349    
  -89.42940       15.88600       17.42112    
  -89.82260       15.62000       3.994583    
  -96.64800       47.11040       4.858428    
  -64.79760       44.81380       357.9055    
  -98.41560       20.85000       17.30080    
  -90.56970       19.02050       8.845149    
  -90.56750       19.00050       36.76018    
  -90.69950       18.36800       17.94532    
  -90.71770       18.34850       11.73647    
  -88.36700       17.99990       75.68901    
  -94.17940       18.03060       1.768484    
  -102.5055       18.05240       50.67921    
  -101.8530       17.99630       295.5128    
  -92.75050       16.14460       131.5397    
  -89.42770       15.86660       31.29773    
  -89.08240       15.76580       114.2967    
  -89.06270       15.76550       141.3929    
  -87.79750       15.17300       1.311055    
  -105.0497       30.51850       198.1920    
  -104.2540       24.37710       132.2787    
  -89.12440       20.11750       17.10077    
  -91.98090       18.15090       3.853926    
  -88.36880       18.01960       15.97081    
  -94.52510       17.95780       33.93361    
  -95.98720       17.57060       13.82623    
  -94.75670       16.72320       3.414507    
  -93.71800       16.70570       105.4289    
  -102.7930       22.20640       66.72160    
  -87.93220       21.33190       3.515357    
  -90.96680       18.39180       125.5786    
  -90.94640       18.39150       50.44960    
  -90.39660       18.38320       48.13486    
  -90.94410       18.37170       126.2473    
  -93.57920       18.05940       1.980990    
  -100.3044       18.15820       23.95427    
  -102.1446       18.08320       25.06286    
  -88.49600       17.66740       23.20905    
  -88.49420       17.64780       27.67109    
  -99.02300       17.55370       129.7283    
  -99.00100       17.55330       431.2623    
  -89.35810       16.64230       17.48228    
  -88.61070       15.54780       5.173936    
  -95.78490       48.70100       5.759278    
  -104.4475       20.18100       155.1202    
  -101.9817       19.80630       608.9608    
  -103.5426       19.08170       274.6218    
  -90.94860       18.41130       10.17668    
  -102.9455       18.60350       51.43729    
  -91.98420       18.34870       25.80841    
  -91.87670       18.30740       10.28863    
  -90.43600       18.18620       10.23374    
  -101.6385       18.29010       246.3045    
  -101.6344       18.27000       200.4449    
  -92.23950       17.74090       6.983484    
  -92.60640       17.55010       2.078238    
  -92.09540       17.38480       8.545690    
  -93.86390       17.37450       10.82342    
  -90.31090       16.98640       16.93768    
  -97.13100       15.92590       196.7957    
  -85.63220       15.63350       6.676660    
  -101.9394       50.21410       117.3606    
  -96.70400       47.67210       5.993395    
  -61.48380       45.62020       368.0006    
  -105.0767       30.51970       150.7781    
  -89.23750       18.50480       11.72474    
  -90.96450       18.37200       55.84607    
  -101.6116       18.26940       257.3647    
  -90.59080       17.93210       9.177976    
  -96.37600       17.75590       20.26646    
  -101.3842       17.80590       136.4663    
  -96.13900       17.59330       22.22087    
  -91.32490       17.41220       41.46540    
  -90.01850       17.27580       7.247315    
  -90.33110       16.98670       4.023211    
  -99.61420       16.89560       93.35873    
  -86.40200       15.25540       61.89240    
  -102.9482       20.36120       37.94048    
  -105.5147       20.37670       25.60084    
  -105.2970       20.10480       3.133566    
  -89.37890       19.28110       8.864169    
  -102.7454       18.31810       156.4190    
  -96.61130       18.03760       38.80618    
  -99.78530       17.63000       348.9663    
  -96.03770       17.33510       13.44622    
  -100.1204       17.14310       21.79066    
  -93.73320       16.49110       76.68482    
  -89.06300       16.23040       20.06806    
  -91.98310       15.80340       371.4070    
  -89.42230       15.57650       42.18111    
  -89.40250       15.57630       32.74541    
  -103.4851       21.19540       30.13171    
  -98.30840       20.64380       12.05854    
  -103.5379       19.06140       65.87762    
  -100.6882       18.40650       100.9949    
  -90.73210       18.11160       64.04557    
  -92.04650       18.01380       39.68589    
  -96.73090       17.98060       75.70515    
  -90.76710       17.87560       2.794997    
  -100.6518       17.25380       42.88874    
  -89.40420       15.59560       14.79898    
  -89.44220       15.57680       9.606022    
  -78.07350       35.21350       2.622111    
  -105.4709       20.39580       32.11289    
  -105.3999       20.31190       20.56480    
  -104.5343       19.27080       7.251814    
  -103.5189       19.08100       229.3324    
  -101.8841       19.03730       182.8310    
  -103.5806       19.04240       53.66035    
  -102.8405       18.22060       84.49088    
  -92.26880       17.64300       11.51810    
  -95.96590       17.57020       12.32876    
  -100.8532       17.37700       72.14853    
  -100.6554       17.27360       8.316557    
  -94.82410       16.92020       7.342424    
  -93.71570       16.68610       99.14747    
  -60.01160       50.62050       194.9232    
  -107.1662       51.61230       97.89826    
  -113.8566       41.36250       291.6816    
  -105.4328       20.25170       87.44684    
  -102.9759       19.26770       35.03559    
  -102.9524       19.26700       126.7891    
  -101.3864       19.06460       160.8881    
  -103.6943       19.02540       181.5007    
  -100.6011       18.30470       17.05132    
  -93.23600       18.13250       2.398799    
  -92.46480       17.56750       1.375888    
  -99.12940       16.74770       54.30701    
  -99.10750       16.74720       94.34405    
  -104.2093       21.03270       35.35846    
  -100.2541       19.17670       86.58469    
  -101.4094       19.06520       140.6539    
  -96.32310       18.92660       149.5218    
  -69.48780       18.59730       2.233116    
  -102.6588       18.23590       110.2323    
  -100.1713       17.67830       24.88153    
  -95.82880       17.05600       36.43332    
  -94.97330       16.94240       6.463279    
  -95.75640       16.83880       3.846723    
  -93.83350       16.80540       144.8415    
  -107.2021       51.65220       103.6629    
  -106.3266       24.49610       169.9445    
  -103.0840       20.14120       61.12286    
  -104.9117       20.11350       6.846120    
  -104.5584       19.27150       5.975787    
  -69.73690       18.65520       135.8866    
  -69.71760       18.65530       34.44252    
  -102.9912       18.38440       46.15958    
  -96.37900       17.77570       61.22478    
  -100.3947       17.80250       256.1758    
  -100.7620       17.73160       53.64984    
  -100.7394       17.73110       128.0722    
  -101.0219       17.44030       39.71773    
  -114.2507       48.07130       304.1125    
  -91.31130       31.73560       133.3490    
  -91.30630       31.71210       383.0418    
  -106.9273       25.11990       105.5931    
  -104.9170       20.13400       229.3324    
  -103.9007       19.90060       59.38893    
  -105.0354       19.64970       43.31368    
  -103.0102       18.36490       92.89356    
  -102.2087       18.28440       438.3202    
  -102.1856       18.28380       169.4744    
  -96.73700       17.88170       14.15275    
  -101.0820       17.87820       147.7975    
  -96.35760       17.77530       64.75935    
  -100.1391       17.49930       229.4251    
  -105.0111       19.64900       145.0878    
  -69.48710       18.61710       28.14290    
  -76.99750       17.95520       5.278726    
  -100.9051       17.53660       35.30666    
  -97.88170       31.64140       33.52784    
  -101.8312       18.11530       156.3369    
  -100.6742       17.25430       21.00956    
  -105.0593       30.54210       572.3198    
  -106.5790       25.08460       72.26354    
  -103.3496       18.53400       73.15975    
  -101.8352       18.13540       168.4891    
  -100.0206       18.07190       36.82762    
  -99.75670       17.21410       19.78159    
  -86.37070       35.59890       10.77500    
  -106.5714       25.06280       280.2404    
  -104.5792       20.87990       39.42472    
  -101.9842       18.41860       264.4336    
  -101.9612       18.41800       232.1442    
  -105.0863       30.54330       178.1451    
  -107.9323       26.13630       32.09357    
  -106.5529       25.08360       354.6741    
  -61.51240       45.61930       316.6632    
  -106.5453       25.06180       50.69033    
  -106.4335       24.58570       27.58452    
  -104.5737       20.85930       37.47092    
  -105.3215       20.10550       3.717058    
  -97.21090       47.30320       5.323461    
  -65.72760       46.58550       654.7388    
  -96.28280       46.99410       5.064131    
  -73.78700       43.33870       63.33263    
  -107.7854       25.89050       40.74802    
  -69.73620       18.67490       103.3022    
  -71.37680       17.88120       41.99449    
  -84.22700       15.67970       63.43146    
  -70.16360       19.16720       14.98761    
  -77.01660       17.95520       3.011105    
  -84.80250       15.64570       17.87019    
  -87.47530       15.57410       2.211505    
  -84.44300       15.41180       52.54807    
  -96.75170       47.64150       5.316257    
  -65.80920       43.76070       184.1949    
  -69.71690       18.67500       28.41634    
  -88.35980       18.13770       23.07946    
  -88.24720       17.99840       18.45205    
  -88.46240       17.29470       21.22891    
  -88.42090       17.27460       70.65040    
  -88.41910       17.25500       74.09498    
  -88.54790       17.13930       6.524486    
  -89.45090       15.90560       12.26642    
  -88.47030       15.75870       4.679369    
  -85.24190       15.57230       13.54199    
  -87.65670       15.38330       23.35338    
  -87.97930       15.25190       10.69380    
  -88.14320       19.84260       42.43422    
  -88.95310       19.07600       32.70508    
  -88.93290       19.07570       24.46295    
  -88.95110       19.05600       20.83345    
  -88.93090       19.05580       15.18450    
  -88.50870       18.65320       25.52709    
  -88.50680       18.63340       34.17110    
  -88.95750       18.52070       19.28642    
  -88.95550       18.50090       16.79207    
  -77.32800       18.28960       12.24895    
  -88.62490       17.55130       8.788083    
  -88.77910       17.49450       19.11022    
  -89.94480       16.72780       11.46652    
  -90.01160       15.95130       23.54851    
  -85.17500       15.74520       8.769061    
  -87.63710       15.38310       6.065431    
  -85.36230       14.67080       20.04214    
  -106.1683       48.73580       13.36782    
  -88.47870       19.36790       12.08004    
  -88.77540       19.11320       19.40262    
  -88.77340       19.09330       20.04349    
  -88.75320       19.09300       19.27913    
  -90.37630       18.38290       190.0703    
  -90.51510       18.16760       29.24072    
  -90.51290       18.14780       33.51924    
  -90.34140       17.86940       13.78754    
  -89.10030       17.30270       25.72279    
  -88.46060       17.27510       11.22288    
  -91.05910       16.82120       21.07308    
  -91.03890       16.82090       23.48443    
  -89.92480       16.72750       10.49577    
  -90.26230       16.28440       7.513621    
  -89.79840       15.79380       2.153876    
  -86.00170       15.65620       2.697748    
  -87.65810       15.40250       10.65222    
  -88.28230       15.37070       52.17116    
  -86.78910       15.23990       7.589709    
  -85.38150       14.67100       9.739175    
  -106.1303       48.73300       67.99397    
  -97.21420       47.43480       4.574286    
  -90.56110       19.29920       28.06949    
  -88.75530       19.11290       12.70658    
  -88.93740       18.52050       9.929393    
  -90.49260       18.14750       41.48567    
  -91.70720       18.08730       3.969183    
  -91.10340       17.97920       84.61405    
  -88.64860       17.37530       9.225584    
  -90.74650       17.30570       34.49904    
  -88.39930       17.25470       133.6731    
  -91.58580       17.20050       12.87800    
  -90.08920       17.17890       4.831544    
  -92.67880       15.09780       16.99005    
  -92.67680       15.07850       22.86732    
  -96.74910       47.50920       5.481940    
  -90.36100       19.15650       140.4076    
  -91.15770       18.63250       113.4345    
  -88.76220       18.57740       83.99822    
  -92.08850       18.19220       5.646422    
  -90.91360       17.91720       2.492445    
  -89.08030       17.30250       24.15871    
  -91.34410       16.64960       20.01303    
  -93.33270       16.58230       26.73332    
  -93.47420       16.38950       4.116858    
  -90.91780       16.02130       5.687526    
  -88.58790       15.50900       12.29499    
  -89.90500       19.80850       20.36016    
  -90.49940       18.93980       11.89948    
  -90.88050       18.52910       4.641325    
  -90.44460       18.26530       7.798948    
  -93.73610       17.51000       20.34246    
  -93.73360       17.49030       23.75236    
  -94.87940       16.70570       16.19980    
  -93.63300       16.68480       136.9590    
  -93.20500       16.19050       50.23997    
  -88.45060       15.75850       3.519037    
  -91.19450       15.77310       16.76877    
  -88.05100       15.67680       6.562530    
  -84.58870       14.91370       15.02025    
  -91.15560       14.73090       2.793196    
  -100.8445       50.82550       12.13086    
  -65.72130       46.61790       1148.079    
  -65.69910       46.58620       775.7902    
  -78.33930       21.18250       2.545272    
  -89.92320       19.78880       9.567978    
  -88.76760       19.43180       31.22103    
  -88.46250       19.40760       17.84631    
  -90.49940       19.11890       16.16885    
  -88.79170       18.87510       7.932101    
  -88.78970       18.85520       8.997323    
  -88.47650       18.31670       2.305152    
  -91.01000       18.23430       3.389294    
  -91.10560       17.99900       1.980990    
  -95.98140       17.53110       14.31681    
  -90.74440       17.28600       29.95680    
  -95.47800       17.10840       13.21317    
  -95.64340       16.93480       41.84641    
  -93.61240       16.68440       139.4223    
  -93.19830       16.13200       141.6660    
  -85.32490       14.68970       19.56786    
  -65.69280       46.61860       1296.830    
  -78.35890       21.18260       2.970284    
  -68.69420       18.60200       107.3995    
  -95.86500       18.45910       2.883841    
  -71.35330       18.05780       56.19419    
  -88.51240       17.62840       25.07761    
  -97.00100       17.64980       58.46931    
  -96.16700       17.49520       59.38953    
  -96.16410       17.47540       56.41903    
  -95.56330       17.26720       26.10148    
  -95.56050       17.24750       18.04364    
  -91.50760       17.04270       10.44298    
  -95.27510       17.00660       27.79412    
  -89.55480       15.73270       2.048223    
  -86.24640       15.54280       9.168520    
  -85.34420       14.68980       9.548957    
  -91.16240       18.67230       26.29095    
  -88.48670       18.63310       27.63347    
  -90.76730       18.42830       13.95024    
  -88.33080       18.25560       53.65800    
  -88.31090       18.25530       39.07756    
  -90.51400       17.97040       34.09087    
  -90.49370       17.97010       6.144050    
  -90.51180       17.95060       24.49790    
  -90.49160       17.95030       6.353291    
  -96.21840       17.55540       25.85431    
  -90.26000       17.27920       8.673951    
  -95.58080       17.09070       21.84304    
  -95.55970       17.09030       29.85851    
  -94.99420       16.94280       14.72214    
  -93.26410       16.34720       778.1537    
  -93.24350       16.34680       42.78226    
  -93.24130       16.32730       442.1608    
  -87.52160       15.67110       4.907631    
  -115.6859       32.71580       24.41300    
  -98.12910       21.31230       20.41846    
  -98.37710       20.76760       33.41969    
  -97.89600       20.57270       3.083141    
  -88.77020       19.65140       5.554373    
  -90.61930       19.61970       89.91013    
  -90.96220       18.53030       47.95836    
  -88.33270       18.27540       44.73475    
  -88.32900       18.23590       23.30970    
  -93.51940       17.92010       2.405102    
  -96.61750       17.80020       15.91795    
  -88.47430       17.64750       12.05984    
  -93.76500       17.41210       16.70294    
  -95.67730       17.32840       26.32806    
  -89.90640       17.15690       4.755456    
  -95.58900       17.14980       30.60003    
  -95.56790       17.14940       87.98573    
  -95.56510       17.12970       54.04910    
  -95.70750       17.09300       29.09228    
  -90.82300       16.68130       15.17497    
  -98.67030       16.60080       212.9971    
  -97.95450       16.15590       137.3151    
  -93.04170       16.01300       92.86607    
  -86.09240       15.56060       21.12900    
  -86.09110       15.54130       13.69571    
  -88.19640       15.27340       19.00538    
  -111.6867       50.42580       178.9715    
  -117.2429       35.96170       59.55497    
  -98.09340       20.67920       4.689544    
  -88.31270       18.27510       45.52640    
  -92.10670       18.17270       4.296947    
  -93.47250       18.03780       3.328063    
  -88.67930       17.70900       73.65240    
  -101.1085       17.42250       34.72056    
  -91.33550       17.13800       8.160363    
  -99.52350       17.26820       252.7063    
  -100.2904       17.22590       42.98388    
  -100.1427       17.14360       208.2185    
  -95.89230       17.05720       43.34922    
  -95.87110       17.05680       37.52088    
  -93.93220       16.76790       24.45208    
  -98.22980       16.55270       19.96490    
  -89.64620       15.86930       1.892146    
  -89.44410       15.82810       1.966583    
  -84.75140       15.76100       16.11060    
  -91.21460       15.77340       9.967437    
  -87.89550       15.69440       62.22219    
  -89.67990       15.34810       24.49708    
  -90.25060       17.96650       85.75664    
  -101.0906       18.15700       117.1541    
  -100.1461       17.16340       212.2372    
  -95.96860       16.99970       130.3081    
  -94.88950       16.94090       16.25705    
  -89.39440       16.60380       13.10515    
  -96.52430       47.49760       9.706851    
  -96.69750       47.27640       9.739267    
  -100.9908       25.07590       66.72230    
  -100.3767       23.34150       13.08175    
  -90.56340       19.31910       47.93515    
  -90.38140       19.15680       28.58263    
  -102.3560       19.08990       6.528100    
  -88.48870       18.65290       15.16703    
  -90.57170       18.12900       50.91282    
  -100.0278       18.23130       150.8949    
  -97.18400       18.12870       2.658128    
  -93.47510       18.05760       2.204302    
  -88.95980       17.92890       19.85168    
  -93.50380       17.95930       3.760279    
  -93.48300       17.95890       3.508153    
  -93.50120       17.93950       5.309053    
  -93.48040       17.93910       4.567083    
  -91.78650       17.89130       3.139877    
  -95.96490       17.70830       28.69393    
  -91.84570       17.34160       10.37928    
  -94.96610       17.35460       2.733766    
  -95.68010       17.34810       26.89244    
  -95.69850       17.32880       21.31356    
  -97.23260       17.06310       39.66621    
  -97.09820       16.58950       27.43151    
  -98.59900       16.42290       33.52490    
  -89.19810       15.96060       25.72105    
  -97.65520       49.07560       10.02021    
  -90.36400       32.53390       2.017008    
  -103.7524       20.65000       278.5982    
  -97.05680       20.06700       10.21204    
  -103.2860       19.49830       188.5270    
  -91.04190       18.15580       3.645021    
  -76.61540       17.99370       5.499949    
  -90.28340       18.08530       9.986458    
  -88.44510       17.98120       16.15553    
  -77.28350       17.89700       1.980990    
  -88.67740       17.68940       3.670234    
  -101.0706       17.81830       81.83128    
  -95.94370       17.70790       39.05335    
  -90.89560       16.99460       13.36726    
  -98.66720       16.58110       79.31798    
  -93.55190       16.35170       135.4810    
  -89.19980       15.98000       31.95910    
  -92.00340       15.80370       134.3972    
  -86.42010       15.23640       58.26460    
  -102.7015       49.94610       307.3339    
  -104.9930       22.29820       141.3929    
  -103.0799       20.71190       26.65030    
  -103.7920       20.42660       44.04495    
  -103.7680       20.42590       157.3495    
  -105.0473       20.07690       36.47287    
  -104.8283       20.07030       147.5511    
  -105.0421       20.05630       55.39150    
  -101.5414       19.79440       1902.623    
  -104.6580       19.67920       139.4223    
  -96.62320       19.31310       91.14177    
  -103.5085       19.44390       27.85146    
  -104.8726       19.38170       23.52605    
  -70.12270       18.67290       104.4435    
  -88.50490       18.61360       18.00637    
  -95.37850       18.33040       3.400100    
  -93.66010       18.19930       1.685642    
  -91.03960       18.13610       3.385692    
  -100.0315       18.25130       798.7707    
  -91.15790       17.92090       16.41079    
  -92.05290       17.89550       11.39427    
  -92.03240       17.89520       6.505465    
  -101.5735       17.73100       257.1676    
  -101.5697       17.71100       343.1364    
  -99.04500       17.55420       324.4240    
  -89.96470       17.13810       28.58263    
  -90.89360       16.97510       20.12768    
  -100.1031       17.04410       99.27063    
  -90.54190       16.48260       5.459264    
  -89.59580       16.41180       4.279911    
  -90.55670       16.01650       4.747172    
  -89.47540       15.73180       3.500949    
  -89.76980       15.69670       3.785343    
  -84.90230       15.03120       10.11961    
  -103.0864       20.83480       95.08303    
  -104.9572       20.19640       165.9643    
  -102.1077       19.74900       129.5691    
  -88.93370       19.47410       26.63259    
  -103.3285       19.58040       133.2262    
  -88.56350       19.20980       9.910371    
  -88.60240       18.37760       3.774687    
  -88.58240       18.37730       3.925962    
  -88.35090       18.25590       66.39966    
  -95.67330       18.31630       2.874237    
  -100.2596       18.27660       146.8121    
  -88.76890       18.02480       17.64827    
  -88.74890       18.02450       17.38267    
  -90.27090       17.96680       37.78778    
  -90.23040       17.96620       36.25759    
  -101.0290       17.71800       182.8994    
  -99.04840       17.57410       60.13810    
  -100.7062       17.55190       288.6012    
  -91.64690       17.20140       19.50047    
  -98.84130       17.25360       42.38674    
  -95.16500       17.12240       13.29791    
  -92.40950       16.00350       92.76051    
  -96.70860       15.93770       30.35286    
  -104.5563       22.74250       64.59926    
  -102.1020       19.93110       654.9581    
  -96.16700       19.02320       6.431014    
  -98.89140       18.68360       42.68568    
  -100.1105       18.55230       28.61516    
  -90.25270       17.98630       33.02499    
  -93.73310       17.64770       3.844665    
  -91.52120       17.53300       2.081841    
  -99.07040       17.57460       133.1658    
  -99.06700       17.55470       67.69014    
  -92.11820       17.40480       5.211980    
  -89.10210       17.32230       12.15495    
  -99.52690       17.28800       98.10754    
  -98.83800       17.23380       38.32684    
  -98.37860       17.08620       20.72449    
  -93.59820       16.56700       4.946987    
  -93.59580       16.54740       215.7227    
  -94.31530       16.52020       156.9116    
  -90.61680       16.01730       3.774687    
  -84.92960       15.83960       7.551665    
  -88.28850       15.69870       2.430015    
  -87.56220       15.69080       10.38705    
  -87.03880       15.47330       7.684818    
  -97.42480       47.90990       4.531065    
  -67.84430       47.32480       294.9251    
  -107.8040       28.99770       124.5331    
  -107.7189       25.21620       22.13939    
  -97.82060       21.55030       2.406003    
  -103.7610       20.58900       35.41626    
  -88.99560       20.05530       9.691076    
  -102.0272       20.01010       159.2518    
  -88.39400       19.32690       5.059805    
  -77.19140       18.13210       6.657639    
  -95.37560       18.31050       3.839519    
  -100.3796       18.31930       353.2806    
  -100.3758       18.29930       43.99574    
  -76.63460       17.99380       15.46833    
  -76.63430       17.97420       26.85683    
  -90.55240       17.95120       42.21435    
  -88.49240       17.62810       20.88787    
  -88.60310       17.53140       59.19903    
  -95.48390       17.60050       3.104751    
  -95.94750       17.58960       10.17827    
  -91.66940       17.22130       9.777219    
  -91.64900       17.22100       10.89951    
  -90.18970       17.18030       12.47610    
  -91.85560       17.06750       7.228294    
  -91.65750       16.36190       13.36143    
  -89.16830       15.61220       135.7274    
  -107.6185       25.51470       145.2357    
  -107.3863       25.31070       52.69176    
  -99.14020       21.64630       13.99000    
  -103.1020       21.18380       286.2344    
  -103.0319       20.99700       47.12036    
  -98.42180       20.76870       22.39389    
  -105.6022       20.33860       213.4266    
  -88.49480       19.32830       11.13064    
  -103.3048       19.57970       28.15786    
  -100.1143       18.57240       47.49643    
  -91.31400       18.04160       57.90732    
  -95.95710       18.08400       3.565782    
  -94.51420       17.87860       12.18968    
  -98.38320       17.77740       24.07698    
  -97.62020       17.48460       15.56681    
  -88.91700       17.26120       12.68579    
  -93.62060       17.25250       2.278739    
  -90.41330       17.20300       6.790792    
  -100.8495       17.35710       38.21370    
  -99.68860       17.07450       90.89545    
  -98.24000       16.33750       90.40279    
  -91.98110       15.78400       153.7094    
  -85.61280       15.63340       8.103297    
  -88.50460       15.45020       1.519960    
  -90.69830       15.39920       26.51085    
  -85.38240       15.34250       19.45387    
  -92.67480       15.05920       19.75980    
  -92.65450       15.05890       13.97541    
  -98.47840       48.84720       7.787092    
  -98.17690       31.16250       36.26200    
  -107.5564       25.27440       161.1074    
  -106.4341       24.05270       24.16033    
  -98.12220       20.59860       14.87982    
  -88.40090       20.18720       28.58263    
  -103.5765       20.42020       182.2835    
  -103.5526       20.41950       186.5141    
  -105.0838       20.40430       119.3010    
  -102.1254       19.93170       315.0771    
  -102.0975       19.91070       113.7491    
  -88.49690       19.34820       7.589709    
  -88.31340       19.32580       25.79094    
  -102.0958       19.48600       140.5836    
  -90.18410       19.21350       32.97996    
  -88.64490       18.81360       18.57437    
  -99.71150       18.80270       37.88549    
  -100.8713       18.65080       198.0873    
  -90.53210       17.95090       39.52098    
  -93.49100       17.86040       2.506853    
  -102.2895       18.00710       3.936768    
  -95.97370       17.76780       19.19299    
  -88.73010       17.39590       4.603282    
  -95.78460       17.48790       24.73634    
  -91.06080       17.40830       42.14839    
  -95.45370       16.93140       23.58031    
  -89.61090       15.69480       18.24237    
  -88.43040       15.25670       9.282651    
  -98.29400       20.68410       4.966882    
  -98.13400       20.65980       10.01501    
  -103.5803       20.33880       6.267132    
  -88.75530       19.31200       4.793500    
  -103.1065       19.53370       142.2551    
  -102.1003       19.50630       160.1811    
  -90.92180       18.88680       5.953831    
  -99.71530       18.82280       169.4744    
  -93.00730       18.28680       4.313156    
  -94.86580       18.14220       2.204302    
  -88.96170       17.94860       20.12660    
  -93.63400       17.84310       1.411906    
  -98.38650       17.79730       134.5960    
  -95.95040       17.60940       3.868333    
  -93.86780       17.08010       12.52660    
  -91.12610       16.29610       16.77460    
  -89.43910       15.77000       16.59404    
  -88.19910       15.56260       4.336976    
  -86.96220       15.49180       11.13064    
  -89.57750       15.30830       12.00432    
  -85.22160       14.89950       7.989167    
  -87.22820       14.84080       14.62905    
  -97.53890       25.54630       170.4618    
  -101.3699       25.06710       23.74450    
  -106.1743       23.95810       18.54524    
  -100.9069       21.88080       138.1289    
  -102.1294       20.25660       98.28532    
  -105.6269       20.33940       48.32066    
  -102.1258       19.83040       62.12616    
  -102.6497       19.78410       77.94264    
  -88.12170       19.42280       17.32210    
  -96.32780       18.68740       3.032716    
  -90.62690       18.44600       16.72694    
  -90.62180       18.03110       28.49060    
  -96.50110       17.87700       18.18371    
  -101.6999       17.91300       19.36474    
  -90.83110       17.15020       2.874237    
  -94.89490       16.82350       17.82301    
  -94.87400       16.82310       10.23374    
  -94.87140       16.80350       10.21472    
  -85.13090       14.99470       20.12951    
  -103.2517       21.02410       25.76933    
  -98.68740       20.30810       12.94108    
  -90.15690       19.15340       111.0944    
  -104.2708       19.36430       159.3046    
  -99.06550       18.54780       30.68818    
  -103.4480       18.55670       99.27063    
  -90.62400       18.05090       57.76990    
  -99.74440       17.64880       276.3813    
  -100.5317       17.33010       24.98456    
  -90.29540       16.42090       10.00548    
  -84.91030       15.83950       11.49759    
  -85.16920       15.64880       16.03488    
  -85.15200       14.68830       15.62833    
  -101.9862       19.82660       357.6699    
  -102.1213       19.81010       41.07771    
  -88.89740       19.51340       5.725570    
  -100.2302       19.05570       216.8517    
  -100.2076       19.05510       49.11283    
  -93.02810       18.28710       21.63022    
  -91.52300       17.72960       3.147973    
  -100.3759       17.82190       785.0806    
  -101.0027       17.81670       305.5602    
  -100.3722       17.80190       758.5177    
  -95.96010       17.53070       20.40661    
  -93.74500       17.25460       4.375020    
  -90.87740       17.01390       15.08431    
  -90.87540       16.99440       11.14679    
  -91.21070       16.72570       12.55441    
  -88.65540       16.55570       15.96208    
  -90.17670       16.22500       4.698391    
  -84.82410       15.68440       11.48918    
  -90.73290       15.34180       5.699849    
  -85.48330       14.76760       39.74086    
  -101.7813       50.23920       6.079838    
  -90.13840       32.10350       83.01291    
  -98.15210       31.16160       31.37476    
  -88.76940       19.05350       12.21201    
  -104.4045       19.22680       4.235717    
  -100.2342       19.07580       485.2683    
  -100.2116       19.07530       653.6064    
  -91.17550       18.25670       2.766182    
  -77.67000       18.11360       9.633742    
  -102.9845       18.24430       60.59696    
  -93.55320       18.01940       3.731465    
  -91.78420       17.87150       1.940650    
  -88.68290       17.74830       13.99980    
  -90.94650       17.66190       18.27033    
  -95.96300       17.55040       22.14671    
  -98.53270       17.36540       25.70577    
  -94.93920       17.00060       15.61340    
  -89.61570       16.41210       27.31840    
  -89.13530       15.92120       24.40179    
  -87.22130       15.57150       14.49052    
  -85.13200       15.01390       19.83829    
  -87.42300       32.55910       2.434817    
  -101.4302       25.11190       28.03901    
  -100.0628       24.04720       97.11295    
  -69.50790       18.57750       8.140068    
  -88.48480       18.61330       18.85395    
  -91.39810       18.24040       3.475737    
  -88.22730       17.99810       12.91674    
  -93.55570       18.03920       3.450525    
  -92.83400       17.73100       3.140769    
  -92.48370       17.72520       1.671235    
  -91.06620       17.64400       49.52777    
  -93.75390       17.64810       4.318559    
  -95.42380       17.32370       13.40444    
  -90.88190       17.24880       7.608730    
  -100.2234       17.22440       160.8529    
  -99.97330       17.06100       97.91582    
  -98.46510       16.67510       18.51003    
  -98.89150       16.62490       15.09377    
  -89.11240       16.11460       4.336976    
  -65.71490       46.65030       546.0494    
  -65.68650       46.65100       608.6925    
  -116.6793       32.46450       186.4568    
  -106.8807       24.23980       37.98340    
  -104.9554       22.33860       58.15994    
  -104.0052       21.35540       20.41650    
  -102.4432       19.89990       464.9358    
  -101.5645       19.79500       77.68397    
  -73.99360       18.40540       77.26523    
  -88.69230       18.47760       2.048223    
  -91.96130       18.32850       25.30387    
  -100.0539       18.25180       218.3635    
  -100.0502       18.23180       208.8409    
  -90.80030       17.99430       14.30441    
  -90.78000       17.99400       39.37320    
  -101.4563       17.82750       16.36391    
  -94.71940       17.07520       15.59222    
  -97.75760       16.56300       53.45502    
  -98.09690       16.53050       14.28785    
  -89.78540       15.87100       1.512756    
  -84.67420       15.76030       9.558024    
  -102.2339       50.73650       5.976587    
  -97.49730       49.44850       8.042819    
  -107.6500       25.38620       41.09731    
  -102.0706       21.87380       24.10712    
  -98.44830       21.01390       2.035017    
  -103.0370       21.01770       39.33232    
  -103.0132       21.01700       48.20853    
  -103.0557       20.99770       50.89639    
  -103.0080       20.99630       93.34522    
  -103.0268       20.97640       172.6636    
  -71.67780       19.75710       15.23859    
  -97.94720       19.78500       14.81660    
  -101.5370       19.77410       1394.454    
  -88.33450       18.29510       11.66038    
  -88.31450       18.29490       25.03958    
  -71.15890       18.15660       3.274037    
  -100.0988       18.37250       30.80571    
  -89.31270       18.05180       4.070671    
  -95.27710       18.07080       11.97988    
  -95.79600       17.56700       11.78832    
  -88.36820       17.35220       17.98027    
  -89.36880       16.97390       42.04945    
  -88.34290       15.64140       9.456679    
  -89.28210       15.55560       11.27994    
  -108.4875       26.72970       43.22025    
  -107.6767       25.38720       42.65406    
  -102.0891       21.85360       23.53191    
  -100.0062       20.17930       26.86681    
  -88.35170       19.30640       12.82557    
  -103.2296       19.35530       98.28532    
  -104.4094       19.24710       24.31300    
  -91.16420       18.33560       40.31899    
  -88.52170       18.15950       9.260975    
  -100.0951       18.35240       190.0840    
  -90.53540       18.16790       17.84631    
  -90.47230       18.14720       88.99094    
  -94.72810       18.06040       1.919760    
  -100.9845       18.07480       98.53165    
  -91.04590       17.64370       4.254708    
  -95.84960       17.35130       15.17643    
  -95.27240       16.98690       43.25529    
  -97.15250       16.66890       17.44336    
  -91.22690       16.29750       17.64827    
  -90.43700       16.22840       10.13465    
  -92.84310       16.24330       313.0843    
  -92.82260       16.24300       265.0501    
  -89.23320       16.13550       49.75848    
  -89.19300       15.67040       5.078827    
  -88.17950       15.56230       5.592417    
  -85.40410       14.72860       8.527085    
  -108.5149       26.73090       32.91536    
  -107.2858       25.17720       32.40266    
  -104.6874       21.37680       140.7771    
  -98.35080       21.19530       1.937768    
  -104.4341       21.24520       119.9447    
  -88.91350       19.47380       24.76001    
  -91.16190       18.31580       5.954411    
  -71.23520       18.17600       47.71101    
  -95.08100       18.02750       8.511913    
  -95.12330       17.73190       9.750420    
  -93.74750       17.27430       16.05236    
  -94.94190       17.02030       23.74071    
  -93.61000       16.66480       4.711154    
  -93.60760       16.64530       108.6311    
  -99.45560       16.73490       109.1238    
  -98.48690       16.67560       4.046823    
  -98.32000       16.43690       68.33085    
  -93.44900       16.35010       215.9748    
  -93.44670       16.33060       108.2842    
  -93.42620       16.33020       34.04067    
  -93.20720       16.21000       212.6722    
  -90.50220       16.07400       10.07874    
  -97.02240       16.06030       17.05132    
  -92.40530       15.96470       112.0797    
  -89.79140       15.71630       3.480994    
  -89.78970       15.69690       3.671212    
  -89.44550       15.61550       21.85939    
  -108.1639       26.32090       163.9731    
  -102.0654       21.85290       22.60001    
  -98.40350       20.78860       17.28976    
  -88.36150       19.80570       3.747300    
  -88.77590       19.51170       13.76915    
  -104.3854       19.24640       210.8577    
  -98.65070       18.31930       243.4678    
  -71.39550       17.90080       9.976006    
  -89.02000       17.92970       29.96129    
  -88.99990       17.92940       7.983647    
  -90.42450       17.89030       12.31884    
  -102.3751       18.08900       115.4052    
  -91.06410       17.62430       20.75357    
  -93.73860       17.52970       5.383176    
  -93.59250       17.19320       34.77554    
  -99.67050       16.83780       148.1670    
  -92.29330       15.86600       35.17863    
  -89.96250       14.71650       209.2155    
  -89.94270       14.71620       179.8202    
  -81.02320       46.49280       9.540440    
  -111.0249       29.63350       40.05017    
  -88.93160       19.45410       38.53886    
  -88.46650       19.44750       11.85405    
  -88.33750       19.36600       8.015917    
  -91.28670       18.15960       8.200097    
  -91.26630       18.15930       78.94543    
  -100.2783       18.25710       209.4619    
  -93.41810       17.93810       2.903051    
  -95.75210       17.40850       16.39050    
  -89.41060       16.99390       10.87633    
  -93.64340       16.25580       79.12092    
  -85.16170       14.86070       4.622303    
  -105.2100       22.36790       71.84570    
  -102.0942       21.87450       132.7714    
  -102.2614       21.11790       9.677680    
  -104.3420       19.16440       133.2641    
  -101.7184       19.01290       114.8598    
  -98.88380       18.76330       36.31777    
  -91.14370       18.33530       164.9584    
  -93.61650       17.54730       92.86057    
  -95.91320       17.35250       33.44252    
  -94.50230       16.52340       91.16803    
  -98.22070       16.49380       23.38761    
  -93.78520       16.06340       91.66092    
  -89.44080       15.78940       7.670883    
  -85.17040       15.66810       13.93223    
  -89.68320       15.38670       6.581551    
  -90.62070       15.20540       47.75671    
  -96.76270       48.54760       4.516657    
  -87.49980       31.20340       10.13507    
  -105.1851       22.36710       53.72969    
  -104.9944       20.34030       44.73834    
  -104.8317       19.98900       29.94027    
  -88.22050       19.40420       16.91438    
  -88.33550       19.34600       112.6956    
  -69.54510       18.61670       209.6261    
  -69.54580       18.59700       9.782489    
  -69.50720       18.59720       163.2508    
  -69.52730       18.57740       278.1056    
  -69.50870       18.55780       277.3666    
  -91.18460       18.33590       5.492745    
  -91.18230       18.31610       4.358179    
  -77.70940       18.17260       13.60606    
  -96.63970       18.35560       234.6933    
  -103.4258       18.45590       27.40575    
  -100.3007       18.25770       167.2575    
  -93.57660       18.03960       2.787793    
  -94.59540       17.86030       17.89721    
  -91.08650       17.64430       3.047123    
  -93.63730       17.54760       24.34937    
  -93.61400       17.52760       27.75496    
  -93.71590       17.35230       11.48594    
  -95.91040       17.33270       29.34769    
  -89.43430       17.03330       14.00006    
  -97.09530       16.56990       43.97328    
  -93.53600       16.39040       123.1646    
  -94.37880       16.36520       64.18280    
  -94.35810       16.36480       35.84128    
  -98.47220       16.30290       64.75066    
  -84.81740       15.56880       29.35217    
  -85.05490       14.66840       6.847857    
  -96.78050       48.58260       4.336567    
  -108.4965       26.75210       160.6066    
  -105.2161       22.38900       263.4736    
  -101.5183       19.79380       81.16120    
  -88.22250       19.42420       14.29335    
  -88.47300       19.10910       11.20803    
  -100.9480       19.03340       125.6279    
  -100.9252       19.03280       130.8008    
  -91.14150       18.31540       6.043820    
  -88.23630       18.09670       11.19704    
  -89.02190       17.94940       4.819209    
  -89.00180       17.94910       25.30751    
  -101.9040       18.13710       197.6380    
  -101.8811       18.13650       215.5380    
  -99.44500       18.07860       128.4780    
  -93.47790       17.91940       4.149274    
  -91.06840       17.66370       4.723161    
  -100.3056       17.18670       170.0903    
  -88.74450       16.44020       4.375020    
  -85.41970       14.99710       4.165780    
  -85.05590       14.68750       8.859083    
  -97.87440       31.61780       17.58299    
  -99.31210       22.22830       33.91216    
  -77.86260       21.76910       2.535667    
  -104.9254       22.23350       26.32394    
  -104.3494       22.00690       162.4669    
  -98.58220       21.34440       2.357978    
  -103.9968       21.04670       24.50277    
  -103.1802       20.73530       124.7393    
  -102.9612       20.70840       15.44223    
  -77.37430       19.89390       2.301550    
  -101.5227       19.81410       196.6339    
  -88.91140       19.45380       27.81088    
  -88.34440       19.02780       4.203824    
  -90.77430       19.02370       65.27721    
  -91.69660       18.34400       15.15739    
  -93.51690       17.90030       2.431936    
  -100.0023       17.97210       121.0954    
  -94.61640       17.86070       3.810704    
  -93.63480       17.52790       10.93755    
  -94.52610       17.50410       2.188454    
  -95.73090       17.40810       22.93767    
  -95.43660       17.26490       17.69938    
  -95.41550       17.26450       24.13645    
  -89.60580       15.63670       6.048940    
  -85.13490       14.72640       15.39419    
  -106.7730       34.83810       177.7738    
  -88.56710       33.44340       91.14177    
  -106.4002       24.56300       35.88954    
  -103.7731       20.44640       39.51882    
  -101.7948       18.27400       94.34405    
  -100.3006       18.13820       41.31468    
  -90.58230       17.85320       40.56535    
  -101.3309       17.64580       174.1112    
  -98.29830       16.43650       431.2747    
  -88.36250       15.64160       10.30356    
  -88.58950       15.52830       2.542871    
  -105.9872       32.99010       101.1217    
  -108.3013       31.13900       37.60416    
  -102.2664       21.13850       8.955605    
  -101.2404       20.92490       257.4064    
  -96.80970       18.47840       36.08728    
  -96.78810       18.47800       47.21006    
  -93.68860       18.10090       1.555978    
  -88.80330       17.96620       21.52740    
  -90.58020       17.83350       15.67376    
  -101.3082       17.64520       197.0633    
  -99.51330       17.20880       93.11240    
  -95.97870       16.92140       92.61974    
  -95.56130       16.79610       163.9320    
  -98.46820       16.69480       20.64364    
  -98.32300       16.45660       116.2673    
  -98.34160       16.43740       18.47387    
  -98.31690       16.41730       29.65522    
  -98.29530       16.41690       25.60274    
  -93.18450       16.19020       25.71755    
  -89.77850       15.79350       1.661630    
  -107.7185       38.77750       29.75043    
  -106.6313       35.17890       31.33345    
  -106.6017       35.17730       32.21224    
  -98.26540       20.76480       8.140362    
  -88.40000       19.38680       12.23148    
  -88.50700       19.24880       26.26273    
  -94.00640       17.67220       18.71946    
  -91.10570       17.44820       12.03132    
  -86.72770       15.75960       23.02513    
  -85.41810       15.61240       11.72474    
  -96.88970       28.45630       9.863010    
  -106.7682       24.81270       306.0463    
  -106.7868       24.79200       55.73304    
  -106.7606       24.79100       54.17586    
  -97.40100       21.56030       9.639751    
  -103.1564       20.73460       48.43657    
  -100.8187       19.83600       79.56430    
  -103.4326       19.52260       59.36393    
  -68.59810       18.58290       64.09106    
  -68.57870       18.58300       14.79898    
  -68.59900       18.56320       44.30915    
  -68.57960       18.56330       93.33329    
  -100.0968       17.26110       64.85822    
  -94.02610       16.69120       7.172075    
  -89.89550       15.98860       4.736434    
  -106.7943       24.81380       66.61863    
  -104.6176       21.47770       260.9241    
  -102.5299       21.06420       16.87967    
  -102.5062       21.06350       17.51266    
  -100.1939       20.42770       55.35127    
  -100.1711       20.42710       268.8315    
  -100.1896       20.40730       178.6415    
  -100.1668       20.40670       81.04587    
  -88.39800       19.36680       7.856014    
  -103.4374       19.54300       197.1356    
  -88.50500       19.22890       52.64777    
  -99.04330       18.54730       161.0992    
  -91.26410       18.13950       6.578328    
  -93.58700       18.11880       1.714457    
  -88.80520       17.98590       10.42396    
  -88.40150       17.94130       13.62353    
  -99.40770       18.11750       22.17801    
  -94.00900       17.69200       13.52786    
  -100.7287       17.55240       22.73993    
  -91.63520       17.27960       11.38299    
  -93.72270       17.07770       93.11240    
  -95.56390       16.81580       98.03899    
  -93.18670       16.20970       7.181989    
  -103.9950       20.75960       26.15092    
  -102.4023       19.61540       44.93867    
  -101.6954       19.01230       92.98924    
  -89.19150       18.24730       50.58302    
  -100.0726       18.23240       201.7435    
  -100.0054       18.23080       243.3732    
  -95.10220       18.02790       2.643721    
  -90.80230       17.64010       13.67887    
  -94.97760       17.59110       2.613106    
  -95.58840       17.44480       13.54509    
  -93.34560       17.03220       29.24223    
  -98.49000       16.69530       26.83556    
  -89.39920       15.53770       8.107721    
  -85.13600       14.74560       8.673951    
  -113.0307       33.79210       414.4016    
  -106.3052       24.04790       211.8430    
  -105.2187       22.05620       79.07164    
  -100.7322       19.30930       148.7354    
  -88.76140       18.97390       7.606814    
  -77.01980       18.19070       4.222846    
  -99.85290       18.12770       126.3254    
  -94.97490       17.57140       10.32463    
  -101.3271       17.62590       156.9116    
  -95.65750       17.48550       10.66847    
  -93.75000       17.29400       20.05525    
  -91.54820       17.04330       26.90925    
  -93.74920       16.45240       125.8742    
  -85.05570       15.68640       19.02868    
  -85.03630       15.68620       21.28976    
  -92.36600       18.27590       3.842409    
  -91.24590       18.15900       28.90644    
  -91.97940       18.30910       42.57189    
  -89.28480       17.97260       3.823387    
  -102.7813       18.15920       102.7192    
  -88.83240       15.60830       5.592417    
  -110.8122       32.09640       374.7417    
  -107.0213       25.81550       18.80208    
  -101.4304       19.16630       62.58864    
  -88.63590       18.51640       7.152206    
  -95.91280       17.78630       2.880239    
  -93.88470       16.88450       76.23886    
  -92.65930       15.87140       63.06025    
  -113.0468       33.81760       546.0573    
  -112.9426       33.34790       772.7144    
  -112.9100       33.34600       1001.825    
  -110.8256       32.12090       54.10873    
  -110.8429       32.09810       292.4813    
  -105.1785       23.09900       30.18753    
  -104.6349       21.27210       128.9359    
  -103.5608       19.26360       134.9359    
  -103.5561       19.24330       105.0594    
  -88.40580       18.41450       6.604997    
  -92.88170       17.94860       190.8791    
  -90.89520       17.56290       11.93443    
  -91.53270       17.45460       5.725570    
  -93.97800       17.45510       37.81856    
  -97.42310       17.04720       17.06723    
  -102.1240       51.53540       56.87513    
  -112.9270       33.32270       494.1335    
  -112.8945       33.32080       627.5209    
  -104.3596       20.11730       31.09662    
  -69.41050       18.59780       2.895847    
  -92.01580       18.27010       7.275637    
  -101.6236       18.32960       71.89632    
  -92.86100       17.94830       10.65886    
  -102.2245       18.02540       3.488143    
  -90.97210       17.52470       4.945674    
  -88.80660       17.14250       9.977390    
  -89.97690       16.22240       9.156135    
  -113.0797       33.81960       60.40255    
  -113.0636       33.79410       317.4565    
  -112.9582       33.37320       328.2417    
  -112.9256       33.37120       83.46062    
  -98.25190       21.47930       2.103451    
  -68.54000       18.58330       74.77708    
  -100.4630       18.52090       87.06615    
  -77.15340       18.15170       38.86139    
  -93.60260       18.07960       10.16701    
  -102.1298       18.12280       162.1872    
  -87.81400       15.65490       5.573394    
  -115.4291       35.58510       159.0024    
  -103.1691       20.10300       39.03425    
  -102.1257       18.10270       139.6686    
  -101.0479       17.81780       28.11665    
  -115.4486       35.61170       564.2833    
  -115.4648       35.58750       682.9895    
  -104.7950       19.35920       82.39709    
  -100.6914       18.30680       50.18451    
  -95.03760       18.16520       1.948574    
  -100.2371       18.03720       185.8964    
  -100.2334       18.01720       193.1220    
  -99.92210       17.02040       85.96887    
  -93.76180       16.72600       15.80711    
  -98.23860       16.74910       13.25764    
  -94.52560       16.54330       125.4260    
  -104.8133       21.83540       3.263231    
  -102.3977       19.59510       44.49117    
  -104.2083       19.30200       77.10101    
  -69.41200       18.55830       2.416808    
  -88.48590       18.41560       5.345133    
  -94.54330       17.93840       14.32163    
  -100.7469       17.77100       35.00930    
  -89.78030       17.09650       15.12820    
  -99.63850       16.77810       20.01340    
  -98.33510       16.53520       93.12958    
  -93.52220       16.27330       8.122320    
  -115.0194       35.81100       377.0267    
  -115.0354       35.78670       405.1323    
  -115.0000       35.78440       305.4129    
  -114.9646       35.78200       282.8843    
  -114.9806       35.75780       96.80450    
  -102.9107       20.40080       694.2232    
  -102.4479       19.92030       59.83171    
  -69.07990       18.63910       2.863431    
  -88.39640       18.31570       142.3269    
  -97.60400       16.54050       36.71769    
  -114.9840       35.80870       282.9985    
  -102.8870       20.40020       106.0170    
  -102.9058       20.38030       83.45359    
  -102.8821       20.37960       288.9440    
  -101.8281       19.84260       16.16512    
  -69.08070       18.61940       11.22967    
  -95.74920       18.39720       4.012405    
  -93.82150       18.00440       5.056127    
  -93.80060       18.00400       4.239319    
  -95.32060       17.93310       10.36404    
  -101.5410       18.02850       90.64912    
  -100.0246       17.97270       167.6270    
  -95.93890       17.53030       11.87277    
  -94.56770       17.19030       3.918496    
  -96.57350       15.87680       13.84169    
  -107.5725       25.10250       429.3930    
  -105.5795       22.94510       51.00901    
  -101.7147       20.77480       78.08633    
  -103.6269       20.23830       25.30779    
  -98.80710       19.54360       98.94093    
  -88.48140       18.98990       12.61589    
  -103.2276       18.93220       73.15974    
  -88.41650       18.31590       25.48925    
  -93.97550       17.43540       31.36235    
  -100.8234       17.33680       2.446522    
  -98.91690       16.78260       111.5871    
  -89.55640       15.75210       4.355998    
  -100.6868       24.10890       288.7111    
  -100.6813       24.08760       227.3585    
  -105.5860       22.96630       21.22400    
  -103.9573       20.79940       96.06836    
  -102.2792       20.30150       22.15799    
  -88.18360       19.02570       68.60266    
  -88.66110       18.77410       8.771716    
  -95.61200       18.47390       4.631915    
  -91.95890       18.30870       184.9932    
  -99.49110       17.84140       212.8838    
  -98.51870       16.32340       37.37729    
  -97.14750       16.04310       10.75203    
  -92.06820       15.84340       2.557278    
  -101.7065       51.10140       5.734066    
  -113.4948       32.96900       80.34776    
  -107.5805       25.12440       77.68397    
  -88.51380       18.91100       8.824137    
  -102.4201       19.17210       166.8264    
  -98.80420       16.62310       12.98797    
  -90.20600       16.32250       7.234045    
  -97.63940       16.34540       11.34689    
  -90.38770       36.02560       1.887343    
  -113.5104       32.99410       2148.122    
  -101.6196       18.30960       218.3297    
  -95.65470       17.46580       7.903919    
  -91.20070       16.82320       9.149497    
  -99.49180       16.95210       63.55291    
  -103.3752       49.85120       5.435116    
  -113.5261       33.01920       907.7203    
  -113.4932       33.01730       479.1666    
  -113.5432       32.99610       1624.338    
  -113.4776       32.99210       3490.734    
  -113.5276       32.97100       589.1293    
  -113.4620       32.96710       3991.685    
  -113.5119       32.94590       733.6025    
  -113.4791       32.94390       2004.335    
  -113.4464       32.94200       1240.989    
  -103.7992       20.83560       17.02034    
  -103.9018       20.67500       15.37417    
  -103.0340       20.42480       20.24522    
  -88.18170       19.00580       53.69974    
  -88.51180       18.89110       4.774478    
  -69.17830       18.59910       3.594597    
  -95.60900       18.45400       3.198399    
  -101.6008       18.32910       248.3819    
  -101.5779       18.32850       299.9468    
  -102.7665       18.19870       150.5071    
  -89.77840       17.07690       9.016346    
  -99.25210       16.82890       14.21802    
  -94.50480       16.54290       11.69613    
  -93.69670       16.52960       52.46810    
  -98.71070       16.58200       145.0057    
  -101.7336       51.13980       7.491745    
  -101.6633       42.30360       17.25478    
  -105.5767       33.71910       17.91121    
  -115.3928       33.79120       86.84177    
  -115.3581       33.78900       111.3058    
  -113.5589       33.02120       468.1986    
  -113.4604       33.01530       180.2873    
  -113.5761       32.99800       108.4113    
  -113.4448       32.99020       692.1296    
  -113.4292       32.96510       653.0559    
  -113.4636       32.91890       57.53156    
  -108.4738       28.96110       129.4977    
  -104.9031       21.63140       60.35333    
  -103.8472       20.26510       175.8925    
  -101.8498       20.14730       16.94829    
  -105.2618       20.06300       3.970625    
  -69.49010       18.53820       1.865732    
  -102.7897       18.19930       89.91013    
  -98.39460       16.36010       13.44530    
  -96.91010       15.86340       15.71194    
  -102.3929       42.37370       18.66142    
  -104.5737       39.99740       2.823812    
  -110.8489       29.39570       227.3125    
  -100.0222       20.68770       80.30328    
  -102.7843       20.56030       79.56430    
  -90.58690       19.51920       11.06657    
  -104.7134       19.41750       71.68177    
  -90.78520       18.58700       33.80446    
  -102.6947       18.29680       76.11570    
  -96.00620       17.98590       1.808104    
  -94.56430       17.93880       23.78776    
  -102.2137       18.08500       128.4780    
  -102.1744       18.00430       66.63203    
  -101.0744       17.83830       62.13932    
  -95.88070       17.27310       18.82635    
  -99.02120       17.02080       17.20789    
  -94.19200       16.69400       59.36531    
  -96.67960       16.03460       79.40009    
  -104.1643       49.14010       18.54381    
  -102.3304       42.37010       21.80291    
  -114.9608       41.92890       26.39793    
  -104.6058       37.46380       25.55395    
  -110.8193       29.39420       157.3144    
  -98.05390       21.82330       1.851325    
  -103.3027       18.95440       56.67057    
  -93.41010       18.03670       4.814406    
  -95.12000       16.78820       62.97814    
  -98.01900       16.72510       20.67760    
  -93.37600       16.42690       50.00481    
  -93.35540       16.42660       55.17772    
  -111.4304       40.43360       4.819209    
  -103.0790       24.54880       97.91268    
  -104.6238       21.23060       426.5606    
  -69.38960       18.63730       25.61444    
  -69.25730       18.55920       1.916158    
  -89.65210       16.80190       5.427912    
  -95.48240       16.83390       14.23717    
  -105.3934       35.21270       121.7910    
  -105.0322       22.09150       4.874436    
  -102.8288       20.74540       16.59835    
  -98.90700       17.25500       18.10737    
  -111.9330       43.91950       4.851625    
  -105.2565       20.04250       4.314957    
  -77.65050       18.09400       26.71377    
  -94.95720       18.04490       40.89515    
  -93.37650       17.93730       2.413206    
  -95.12340       17.27880       9.187461    
  -89.65390       16.82150       211.3504    
  -95.47970       16.81420       13.64396    
  -98.00150       16.46980       11.14655    
  -104.6218       37.43860       20.77138    
  -105.0806       21.38940       32.33025    
  -104.9371       20.76800       21.06946    
  -103.6888       19.30750       31.33096    
  -96.16440       18.18720       26.14373    
  -102.2762       18.16630       17.36041    
  -96.71860       17.90120       14.08887    
  -94.92100       16.86310       1.872936    
  -94.90000       16.86270       26.71377    
  -97.91230       16.44850       24.95484    
  -97.00110       16.06000       10.82618    
  -96.84950       16.03770       17.39544    
