  -67.74190       47.06410      2.9503439E-02
  -111.6745       47.33000      0.2454484    
  -103.6365       46.35720      0.1139621    
  -105.9011       46.28600      0.1643118    
  -110.2362       45.53010      0.2271009    
  -106.2059       44.47480      0.1696122    
  -111.5160       42.59250      0.2772507    
  -116.6437       32.99300       8.267515    
  -116.6084       32.99080       19.47988    
  -111.7660       25.19370      0.2324636    
  -87.66070       21.26700       1.576526    
  -101.7118       21.55380       2.223118    
  -102.3823       21.32670      0.2425944    
  -102.5329       21.26950       128.2654    
  -102.5092       21.26880       11.81114    
  -103.5915       20.76790      0.7438837    
  -103.6103       20.74800       26.73219    
  -103.5863       20.74730       110.5672    
  -104.0139       20.73970      0.1660454    
  -104.1409       20.57990      0.6602966    
  -91.00130       18.86820      7.0394129E-02
  -92.04360       18.32990      1.2949397E-02
  -91.46840       18.14270       4.232964    
  -89.23420       18.07040       6.030118    
  -100.2071       18.23550       4.628214    
  -100.0278       18.23130       3.905966    
  -102.3116       18.22710       1.862248    
  -92.48470       17.90260      0.1528242    
  -101.4804       18.06690       31.54512    
  -93.18470       17.89460      0.1521526    
  -93.11510       17.83420      0.3415352    
  -100.4770       17.76470       1.109302    
  -99.45140       17.74140      0.5578092    
  -94.18900       17.63600      3.2457959E-02
  -99.44790       17.72150       15.32558    
  -88.70840       17.37600       12.92168    
  -100.9548       17.32000      0.2076176    
  -91.33340       17.11840       25.76921    
  -91.46910       17.06170      0.1208645    
  -90.80670       16.91520       5.247886    
  -99.06840       17.04150       8.403886    
  -98.75800       16.87760       2.265543    
  -90.86930       16.74040       3.255669    
  -93.68020       16.39270       1.617014    
  -93.65960       16.39240      7.9066306E-02
  -98.16240       16.39470      0.9043015    
  -97.77130       16.36750       10.63792    
  -98.48130       16.36180      0.5660339    
  -98.13190       16.33540      0.5315285    
  -93.28520       15.99730       5.534799    
  -97.01960       16.04080       5.145017    
  -92.98570       15.87620       4.760288    
  -103.5747       48.11570      0.2287318    
  -107.0888       46.08380      0.1353636    
  -115.4602       39.56870      0.2368862    
  -116.5906       32.96550       11.27364    
  -108.9489       26.39860      0.9413946    
  -103.5812       20.72670      0.4060907    
  -101.8683       20.63620      0.6600878    
  -88.68850       17.37580       14.04305    
  -100.9244       17.39850      0.3862309    
  -99.51160       17.32720      0.1334361    
  -91.42850       17.06110       8.287699    
  -98.96700       16.82290      0.7661122    
  -97.92120       16.50750      7.4897788E-02
  -97.74980       16.36710       1.783058    
  -106.3793       46.79930      0.2430021    
  -104.2093       42.07740      0.1259860    
  -108.9027       40.48480       1.571072    
  -106.1247       35.02700      0.1883674    
  -106.7270       34.86040      0.2534426    
  -105.4981       23.00520       7.816047    
  -87.66280       21.28730       3.516331    
  -103.5624       20.74660       2.752107    
  -104.4285       19.22740      0.8997415    
  -104.4045       19.22680      2.9962800E-02
  -101.1082       17.66040       5.867508    
  -99.68720       17.44960       29.57030    
  -100.7748       17.31590      0.4856604    
  -90.79690       16.62240       4.886475    
  -97.23280       16.04470      0.4895692    
  -109.6064       45.54520      0.2499333    
  -105.3930       45.12430      0.1753203    
  -106.5175       44.92310      0.2226160    
  -106.5978       44.56190      0.1846979    
  -103.1778       43.65090      0.1777666    
  -109.6423       30.50830       6.408003    
  -103.5675       20.76720      0.4325926    
  -101.6354       20.32420      0.6464072    
  -91.00760       18.39250       3.290300    
  -100.4289       18.46010       5.515272    
  -91.18690       18.17780       6.414933    
  -101.1044       17.64040       1.130377    
  -111.5513       47.32010      0.2438175    
  -105.5728       45.29090      0.2898900    
  -102.8763       44.62660      0.1659427    
  -104.2854       41.20160      0.1753203    
  -118.7281       38.92060       3.051504    
  -105.8402       34.73890      0.1361790    
  -105.2783       22.43280       6.312680    
  -104.7893       21.48320       2.333558    
  -104.8780       21.36230       2.371876    
  -88.43920       18.96950       5.606821    
  -102.3075       18.20700       1.394136    
  -100.7469       17.77100       11.17911    
  -100.6278       17.49060       3.940005    
  -100.8417       17.43610       13.48812    
  -91.13210       16.93940       5.519192    
  -98.01570       16.84280      1.6035840E-02
  -98.47130       16.71450       2.153463    
  -98.05370       16.52960      6.8436004E-02
  -97.90340       16.38960      1.2402719E-02
  -93.33960       16.11480      0.3513198    
  -97.14200       16.00400      0.1100848    
  -102.5160       48.72030      8.8009208E-02
  -106.7980       45.03450      0.2140538    
  -105.3841       44.57220      0.1537111    
  -104.5109       43.97230      0.2621650    
  -105.3886       42.78610      0.1614577    
  -117.7654       43.49120      0.3905973    
  -101.8961       20.25010      0.5078914    
  -103.1443       19.49440       1.283648    
  -88.49660       18.31700      1.6286401E-02
  -109.7412       46.05680      0.3404475    
  -105.5371       42.97080      0.1459643    
  -104.4273       41.97590       1.517387    
  -102.5842       41.78230      0.1720585    
  -101.6213       20.36450      0.3647996    
  -104.2668       20.03320       67.50524    
  -104.2428       20.03250      0.5285381    
  -88.46020       18.35600      1.6787518E-02
  -89.23230       18.05070       3.614110    
  -92.48230       17.88280      0.1491258    
  -100.3157       17.97940      0.7575619    
  -100.4807       17.78460      0.4042610    
  -100.7432       17.75100       57.90482    
  -98.21390       16.72900       1.138040    
  -93.22550       16.19080       3.553730    
  -105.2419       45.14520      0.2283241    
  -105.5039       42.96870      0.1855133    
  -104.3953       41.97400      2.2738319E-02
  -114.9331       41.27390       3.643322    
  -104.7662       36.41600      0.1406640    
  -105.3843       22.45720      0.1766492    
  -88.65620       18.10210      2.4053762E-02
  -101.1050       17.99810      0.5369523    
  -100.9502       17.53770      0.7502941    
  -100.8532       17.37700      0.6293065    
  -99.54930       17.03210       3.982558    
  -90.82110       16.66170       21.34392    
  -98.14620       16.57070      6.8729721E-02
  -105.4378       45.53050      0.1724662    
  -118.7224       37.67090      0.3322931    
  -105.3215       20.10550      2.4664501E-02
  -90.15490       19.67230       1.649192    
  -100.6807       19.16730      0.5948608    
  -100.3715       17.30670       1.917535    
  -98.84450       17.27340       7.353400    
  -97.94270       16.50790      6.8436004E-02
  -98.44090       16.38060      9.8668635E-02
  -103.3569       46.43490      0.5198619    
  -102.9802       43.57960      0.1597819    
  -105.5724       43.32580      0.1618655    
  -101.7286       20.73430      0.1630886    
  -104.9710       20.15600      0.4780141    
  -90.61690       19.59960       8.040485    
  -103.2670       19.51800       7.679051    
  -103.6365       19.38680      0.8362252    
  -69.25650       18.57890      1.8666718E-02
  -93.38660       18.17460      2.9378165E-02
  -100.6177       17.31230      0.4993410    
  -99.94080       17.00110      0.9732736    
  -98.04670       16.76490      1.4469840E-02
  -104.5378       48.11430      4.5163438E-02
  -120.0533       46.92590       5.775997    
  -109.8122       45.62290       1.256237    
  -116.8078       40.60520       2.100686    
  -104.4607       20.61010       1.268577    
  -104.4931       19.59330       11.18767    
  -90.49370       17.97010       3.520044    
  -98.34730       16.61390      8.2681276E-02
  -97.98080       16.33240      0.1198365    
  -97.90440       16.25270      0.8736472    
  -101.8261       50.09990      2.6809920E-02
  -104.6727       48.15710      0.1471521    
  -106.5905       43.68880      0.1537111    
  -119.6000       43.82500       7.307215    
  -112.0639       41.96980      0.3037526    
  -112.5877       41.66570      0.3926359    
  -122.4552       39.97800       3.264681    
  -104.8648       21.40310       1.002102    
  -104.4882       19.57290       3.628701    
  -103.3949       19.35990      0.1239474    
  -69.23480       18.63820      9.1329634E-02
  -99.42360       17.06880       5.685061    
  -98.27590       16.71060       1.107386    
  -98.08500       16.45190      1.6630922E-02
  -104.6782       43.47610      0.1435180    
  -115.8763       41.26130      0.3249541    
  -108.2716       40.49920      0.1965218    
  -121.8896       39.57580       3.486925    
  -118.3350       37.14570       3.668203    
  -102.8963       20.82920      0.1325957    
  -103.4611       19.44250       1.666827    
  -101.5280       17.72990      9.0310335E-02
  -90.73810       17.03150       10.26605    
  -98.94660       17.09810       6.568107    
  -94.14810       16.67370      0.6360967    
  -102.3157       48.36840      2.2926237E-02
  -118.4496       45.73660      7.2850324E-02
  -119.6203       44.06590      0.8672238    
  -112.1313       41.66100      5.6188077E-02
  -118.3905       36.22080       1.355904    
  -119.0619       34.70140       2.408147    
  -116.0051       32.20710       1.745240    
  -104.9763       20.17660       6.743256    
  -103.3666       19.74340       1.615804    
  -92.16520       18.64900       8.947343    
  -88.63060       18.04270      1.4156640E-02
  -101.5508       17.73040      0.8659837    
  -100.2608       17.68040       1.249162    
  -88.71020       17.39560       6.861858    
  -98.98160       17.17760       3.752104    
  -90.96820       16.72230       8.031889    
  -111.9219       41.70280      5.4308876E-02
  -113.2284       41.28800      0.4201672    
  -108.4624       40.59470      0.1541187    
  -112.8644       40.39600       2.776033    
  -103.6823       20.75020       17.73389    
  -88.59240       18.06190       1.948310    
  -101.5454       48.21820      3.4013521E-02
  -120.0580       46.89420      0.8432221    
  -121.7986       39.56840       2.019874    
  -104.1373       36.63840      0.1308786    
  -121.3122       37.26300       4.598143    
  -103.2443       31.81340       1.252355    
  -98.85010       17.17490       2.080660    
  -98.07230       16.51040      0.1697092    
  -93.40800       16.17420      0.2668133    
  -93.38740       16.17390       1.766814    
  -91.84960       15.87910       1.084395    
  -103.1235       48.45530      6.5145604E-02
  -121.0389       46.95350       5.362668    
  -106.2666       40.04290      0.1475952    
  -116.1561       40.58310       2.381488    
  -90.70920       19.34140       2.242361    
  -93.41010       18.03670      1.5472080E-02
  -100.8642       17.43670       2.284131    
  -100.3750       17.32660      0.6583777    
  -99.82660       17.23540      0.4275180    
  -90.74010       17.05110       14.56288    
  -98.05070       16.51000      0.1413267    
  -89.90980       16.14390       1.311748    
  -118.2321       43.32340      0.3400398    
  -118.2392       43.17680      0.4480861    
  -105.7617       40.53610       1.034674    
  -109.4006       40.07620      0.1871442    
  -121.7079       39.56110       3.173893    
  -104.4095       20.22070      0.7828294    
  -103.3285       19.58040       1.401339    
  -101.7904       48.91210      0.2095099    
  -106.2900       45.12290      0.2328090    
  -106.6089       45.05230      0.2438175    
  -107.8008       42.68110      0.1997836    
  -119.8617       41.18330      0.4130220    
  -100.9421       19.55650      0.5369626    
  -94.12730       16.67340       1.118058    
  -109.3006       46.08690      0.2768430    
  -105.2606       44.53370      0.1524879    
  -104.7905       20.57920      0.7351003    
  -102.5042       20.16550      0.3216924    
  -102.4807       20.16480       1.296235    
  -102.4068       19.63580       7.216837    
  -116.8599       35.42870       2.395706    
  -93.50890       18.15700      2.7812161E-02
  -98.96110       48.94380      0.1283493    
  -108.1336       46.44480      0.2087535    
  -121.7248       44.52330       5.932394    
  -111.9327       41.76050      0.2862206    
  -121.1555       39.54380       2.798568    
  -117.7176       37.62340      0.4634834    
  -104.6120       21.45690       2.582624    
  -103.9240       20.57340       2.360380    
  -103.5057       18.91970       1.664272    
  -98.99370       17.11880      0.1385347    
  -105.3751       48.67850      0.1597819    
  -104.7059       48.05920      0.1445087    
  -116.6347       43.42750      8.1056148E-02
  -88.60320       17.96360       1.389022    
  -89.32110       17.93380       6.173692    
  -91.26760       16.88270       5.696507    
  -117.1082       47.40160       3.970193    
  -121.2629       40.76590       6.253474    
  -106.2834       26.00300       3.269456    
  -105.0185       20.70910       5.200709    
  -98.99700       17.13850       7.563497    
  -101.7549       48.90980      0.2513117    
  -120.1134       46.86730      0.6486851    
  -119.2515       46.31080      6.8340234E-02
  -117.3416       45.82700       5.825760    
  -103.5792       18.62030       1.299933    
  -95.20390       18.14860      1.9073879E-02
  -116.2162       38.75990       2.360162    
  -98.26340       16.76920       2.912157    
  -97.02240       16.06030       10.54729    
  -120.6414       43.44020      0.3624645    
  -119.4420       39.70780       1.958507    
  -121.8627       39.62820      9.8783277E-02
  -104.6290       51.67730      0.2943750    
  -120.6859       46.50540      9.4022647E-02
  -109.1703       26.40830       1.427560    
  -104.7384       21.29600       1.283648    
  -90.60740       19.51950      0.1812993    
  -90.60510       19.49950      4.1342400E-02
  -98.26360       16.63180       4.575780    
  -104.8270       21.44310      0.4873705    
  -102.5516       48.51890      9.2550606E-02
  -103.9521       20.77880       1.317496    
  -103.8691       20.44930      0.1594191    
  -95.20680       18.16840       1.130377    
  -112.4963       33.58910       1.681260    
  -104.6609       21.45850      0.4881384    
  -96.02990       18.28370      0.8310949    
  -95.30690       18.13070      1.3655519E-02
  -90.80870       16.93480       5.083270    
  -103.6771       20.72960      1.7915040E-02
  -104.4743       20.56960      0.8174144    
  -104.4824       19.45130       1.218508    
  -102.4447       48.51190      0.2627358    
  -112.6189       47.83380      0.3645031    
  -109.8084       27.14190      3.1664521E-02
  -91.26560       16.86320       1.701313    
  -114.3688       46.52040       2.645841    
  -95.38060       18.62840      1.9668959E-02
  -88.77000       17.39640       8.471586    
  -114.4897       48.25830       2.544740    
  -104.3192       19.46680       1.000096    
  -100.9617       17.47850       39.38587    
  -104.5304       20.22430      0.1595908    
  -93.39440       18.23410      1.3217039E-02
  -117.5094       45.52990      5.3118728E-02
  -90.90640       18.03540       1.447684    
  -106.3149       25.87390       1.195517    
  -96.04830       18.26420      1.5409440E-02
  -99.30250       16.86930      0.1217667    
  -92.04590       15.82370      1.6578719E-02
  -99.12870       17.14130       1.452247    
  -120.0625       45.10600      0.3661340    
  -98.93450       17.15690       6.174021    
  -99.15070       17.14180      1.7413918E-02
  -99.96080       17.49530       2.272336    
  -102.9799       20.68850      0.1275422    
  -99.04240       16.88350      2.9064965E-02
  -104.5062       20.22360      0.6638682    
  -96.03300       18.30360      1.2903839E-02
  -98.74390       17.19230      0.5676869    
  -104.6742       21.41760       1.254910    
  -101.0640       18.13640       3.006803    
  -100.2928       17.36430       2.545150    
  -104.6685       21.39680       1.452247    
  -104.4343       19.44990      4.5727201E-02
  -95.15870       18.12790      0.1069129    
  -88.66880       18.02350      2.0984400E-02
  -95.15420       17.94970      1.2903839E-02
  -95.15140       17.92990      6.0358800E-02
  -88.69030       17.39540       5.173976    
  -103.8227       20.55000      0.1583448    
  -103.4572       37.45440       5.061259    
  -90.73850       19.24220      3.4733880E-02
  -91.33550       17.13800       20.95009    
  -90.75900       19.24250       1.196480    
  -95.23480       18.07000      1.7476559E-02
  -95.16840       18.04890      9.2153646E-02
  -91.20510       18.15840       5.683559    
  -93.20500       16.19050      0.1573822    
  -94.52780       17.97760       3.244292    
  -110.8616       33.42080      0.6586164    
  -103.7421       20.60880      4.1279759E-02
  -93.89250       18.22320       3.794815    
  -93.26470       15.99700       2.936866    
  -101.0453       19.17650      0.9962643    
  -93.20550       16.01550       1.309513    
  -98.82090       16.99700      0.9004697    
  -103.8365       20.50950      0.1109003    
  -90.74080       19.26210      0.1561574    
  -104.1204       19.82580       7.837940    
  -103.3049       19.68090       1.371779    
  -103.8313       20.48900      0.6763335    
  -103.7011       20.73030       11.89922    
  -104.4550       19.63270      0.5677438    
  -104.2404       19.82930      0.2555656    
  -103.4563       19.52330       1.467574    
  -104.1724       19.74620       6.134837    
  -103.3522       19.68220       8.340857    
  -101.0668       17.79830      0.9283670    
  -101.0706       17.81830       5.210409    
  -104.2835       19.81030      0.5524173    
  -104.6517       21.33450      0.5975175    
  -102.7159       21.15170       7.691982    
  -103.9364       20.71690      5.9695926E-02
  -104.0874       20.55790       8.013090    
  -91.51240       17.45430       4.225538    
  -57.28130       48.96600      0.2262855    
  -104.0192       20.76030      0.1246544    
  -104.2885       19.83070       5.692359    
  -93.82300       16.55110      0.1175597    
  -100.5554       18.06460       1.381838    
  -100.0606       17.18130       7.626527    
  -91.72120       18.20600       5.476524    
  -103.3924       18.93670       5.870718    
  -101.0375       18.11590       1.053741    
  -91.70070       18.20570       5.325684    
  -100.1490       17.67780       5.889402    
  -103.9155       20.63450      2.2550400E-02
  -100.6889       18.52630      0.9847690    
  -93.56170       16.60550      1.2903839E-02
  -93.54100       16.60510      8.6844690E-02
  -104.1964       19.74690       17.24898    
  -92.73320       17.23790       2.037237    
  -98.29300       27.17470      0.1285112    
  -104.6036       19.55600       18.28123    
  -103.1636       19.37370       3.502008    
  -100.5517       18.04460       1.306639    
  -100.4617       18.16190       7.958355    
  -100.5901       18.36420      0.6716424    
  -97.90630       23.56340      1.4970961E-02
  -81.71300       36.04650      0.2504974    
  -93.27990       17.16840      0.5455130    
  -103.3016       51.06500      5.4726478E-02
  -92.06620       15.82400      0.7625254    
  -98.02030       49.97050      0.1072710    
  -102.6966       19.05870      0.7917398    
  -89.05290       15.64940       10.07371    
  -97.98570       49.96850      0.1731056    
  -103.0174       20.64880      0.1506441    
  -104.1754       19.46270      0.3094607    
  -91.09820       17.56590      7.0492029E-02
  -103.7237       48.86960      0.4626306    
  -93.34630       30.15280      4.3873683E-02
  -103.7494       48.90550      9.8204754E-02
  -93.32910       30.88660       1.677045    
  -91.99610       17.93410      0.1574825    
  -91.56470       17.37660      1.4407201E-02
  -103.1468       49.73010      4.0856939E-02
  -81.70410       29.87790       2.902988    
  -104.5082       19.65450      0.2185387    
  -100.1174       18.23340       1.149536    
  -81.68260       29.87760       1.449492    
  -102.9164       21.19880       2.795288    
  -91.13630       16.97860       4.329505    
  -85.78260       15.86640       2.780991    
  -91.29590       17.33330      1.6453441E-02
  -82.39320       22.69710       1.000096    
  -91.89820       15.76350      0.2793895    
  -89.05450       15.66880       11.38387    
  -84.88880       30.80980      1.9084319E-02
  -90.73360       18.30920       6.647171    
  -101.2176       17.52410      0.9490899    
  -91.30820       16.88330       4.754923    
  -90.26950       15.72230       2.215091    
  -89.33490       15.71080       3.249879    
  -103.9231       51.25590      3.7646640E-02
  -87.99260       20.74530       2.506126    
  -104.7851       20.55860       1.527605    
  -101.0028       17.57860      0.4947809    
  -90.48280       16.69600      3.6707036E-02
  -90.46270       16.69580      3.9134338E-02
  -88.08990       21.09060       5.772674    
  -101.0634       17.42150       1.350705    
  -99.75670       17.21410       30.84695    
  -100.0579       49.49430      0.1671235    
  -100.0227       49.49210      0.2251282    
  -83.84020       31.67290      4.3346878E-02
  -107.2997       25.71840      0.7285918    
  -91.06720       17.46720      0.1274810    
  -89.50320       16.91700      1.8040320E-02
  -90.48470       16.71560       16.09269    
  -90.46460       16.71530      7.0986778E-02
  -105.2150       48.70100      0.6867525    
  -102.5635       48.48590      0.1322957    
  -65.82270       18.13150      0.2557230    
  -100.4773       18.36150       1.084395    
  -90.94000       18.15430       1.072900    
  -91.48220       17.72900       2.643558    
  -89.07430       15.66900       12.59493    
  -99.35040       49.38160      6.1470725E-02
  -99.33560       21.71330       1.188928    
  -101.1008       17.50160       1.578696    
  -89.50140       16.89750      0.4206777    
  -89.07260       15.64970       5.586234    
  -89.89520       15.54360      1.6724881E-02
  -99.01020       49.25720      0.1104970    
  -105.1880       48.66520      4.0903922E-02
  -83.03740       30.50780       7.634928    
  -88.10510       21.23290      3.3731643E-02
  -102.2326       18.06550       2.567297    
  -99.22880       49.06270      3.7584003E-02
  -83.55290       34.06990       1.003928    
  -101.6158       18.84970       1.369864    
  -90.99890       18.13540       6.663825    
  -90.53830       15.82250       3.831946    
  -99.04460       49.25920      0.1176797    
  -103.7603       48.87210      9.6737042E-02
  -82.25790       27.17720       1.004883    
  -88.09640       21.15160      6.0026202E-02
  -104.4388       20.71170      0.2446330    
  -91.13240       18.23620      7.8537136E-02
  -90.64860       18.09070       7.745582    
  -89.18800       15.61240       1.417761    
  -102.8184       50.30910      4.2783123E-02
  -104.2039       48.66410      0.3415926    
  -104.1671       48.66160      0.2860801    
  -83.03960       30.53070      0.2252074    
  -103.2756       21.02480       1.020029    
  -88.72190       19.77080       1.786625    
  -90.61610       19.41980       2.468947    
  -90.59560       19.41940       8.353751    
  -103.5467       18.57940       2.042342    
  -100.0280       18.47050      0.4890805    
  -92.02570       15.82340      0.5694540    
  -85.23370       30.74650       1.011591    
  -82.23700       27.17700      0.3642313    
  -98.48680       20.87220       5.525555    
  -100.5600       20.01130      0.1634964    
  -92.67130       15.79390       1.053741    
  -101.9099       48.78310      5.2889038E-02
  -82.25620       27.15540      0.4882991    
  -87.71420       21.38970       7.139104    
  -88.07600       21.15130      6.5873787E-02
  -85.64070       15.76860       3.128615    
  -89.45550       15.73150       3.217541    
  -102.2497       50.30620      0.4079934    
  -99.01160       22.71750       1.206456    
  -88.22110       21.17370       7.179005    
  -88.09860       21.17190       9.239060    
  -88.07820       21.17160       8.532676    
  -88.70300       21.09980       13.68916    
  -100.9060       19.81800       11.69123    
  -100.2820       18.27710       5.471525    
  -89.69120       15.92790      7.1033753E-02
  -89.33190       15.90420       2.449536    
  -92.80310       31.33450      0.8993448    
  -101.9055       19.13840       4.403885    
  -89.65480       15.96620      7.7918932E-02
  -88.87660       15.66670       2.101912    
  -102.4332       48.44350      0.1713078    
  -105.1357       20.32420       5.975163    
  -91.11200       18.23590      9.4788767E-02
  -98.41970       49.32680      5.7628796E-02
  -97.94210       49.29950      7.8801118E-02
  -80.26450       35.08190       1.034582    
  -100.1137       18.33300      0.1830670    
  -90.94050       17.97670      1.9481041E-02
  -91.15650       16.97880       5.348387    
  -89.71110       15.92820      4.8998401E-02
  -89.62630       15.86900       8.224989    
  -90.31120       15.74220       2.223176    
  -100.7275       50.38490      5.2742884E-02
  -98.34000       50.06010      4.4787601E-02
  -102.0977       50.18900      7.8420877E-02
  -104.1804       49.21020      4.8671275E-02
  -88.33750       19.36600       9.931741    
  -90.15690       19.15340       1.118882    
  -100.6531       17.74890       7.529459    
  -100.7187       50.63620      7.7579640E-02
  -102.3661       50.42140      0.1140988    
  -98.03400       49.93590      0.2375219    
  -103.4360       48.51000      0.2922482    
  -112.3614       47.28810      0.2319936    
  -99.31280       21.71260      0.2342392    
  -103.2584       20.86040      0.2254247    
  -89.65660       15.98560       4.543363    
  -89.63500       15.96600       7.025235    
  -89.65310       15.94680      3.1988163E-02
  -98.37480       50.06210      6.6575885E-02
  -97.72270       49.07940      4.2804003E-02
  -97.88820       23.58390      2.1767400E-02
  -87.91930       21.20980      3.4577280E-02
  -104.1938       19.24100       2.023183    
  -99.40240       18.81540       1.411374    
  -91.13020       18.21640      5.3197019E-02
  -91.10980       18.21610      5.6125436E-02
  -90.54190       15.64840       8.852093    
  -102.4567       48.47890      0.1250294    
  -102.3977       48.44120      0.1623942    
  -83.00160       31.03540      8.6499602E-02
  -108.2360       25.88760      0.2014203    
  -88.33550       19.34600       1.781780    
  -99.78630       18.84450       1.820098    
  -89.57630       15.75230      0.5027611    
  -98.05490       49.97250      0.1280362    
  -97.99940       49.93390      0.1664188    
  -105.0065       22.17380       1.221205    
  -89.19210       18.05020      3.5537757E-02
  -91.27250       17.48990      0.1408678    
  -89.69290       15.94730       9.891768    
  -89.46740       15.86710       2.473788    
  -102.3298       26.92010       1.503536    
  -103.8401       20.71400      0.3080263    
  -104.8242       19.38030       1.770285    
  -90.70960       18.09160       2.037237    
  -101.6850       17.95240       1.440751    
  -99.82980       17.63090       1.061955    
  -89.67470       15.96650      2.8000079E-02
  -100.4283       49.86810      0.1310679    
  -98.44020       49.36280      5.5686966E-02
  -103.3126       18.89430       1.674490    
  -89.17200       18.04990       4.971829    
  -99.48950       17.32670       1.495355    
  -89.61260       15.71410       2.433367    
  -100.8598       50.32180      0.1498192    
  -100.8352       50.28450      0.1248415    
  -88.68250       21.09950       12.13945    
  -88.70070       21.07950       11.62999    
  -104.0461       19.41860       13.92439    
  -104.0222       19.41790       1.180572    
  -89.28090       17.93320       5.093093    
  -89.26080       17.93290       1.826804    
  -91.52300       17.72960      3.2322235E-02
  -89.49180       15.69330       2.595052    
  -88.82920       15.56960       9.438768    
  -57.76030       48.70470       1.834880    
  -103.4415       49.15920      8.7758645E-02
  -103.4158       49.12300      0.1027922    
  -117.6173       44.80060       1.382584    
  -102.4026       21.88380       8.989329    
  -105.1951       19.89820      2.6183520E-02
  -101.7456       17.91410      0.9480640    
  -89.45090       15.90560       3.904705    
  -89.47710       15.75110      2.3364719E-02
  -105.0313       22.17460       22.28811    
  -89.83400       21.11780      0.8157043    
  -105.4654       20.37520       11.56717    
  -89.10440       18.78030       11.48841    
  -101.6104       18.14980      0.9661906    
  -89.60640       15.86880       5.715582    
  -98.33860       49.18340      5.4120958E-02
  -91.83190       33.24140      0.5027611    
  -101.4374       17.84690       1.866846    
  -90.84320       16.68150       9.342226    
  -89.93010       15.93090      2.2299837E-02
  -84.59650       31.68450      0.1533202    
  -106.5529       25.08360       1.676545    
  -107.7220       24.93630      5.8682289E-02
  -106.3626       24.75420       9.359829    
  -106.4431       23.92560       2.364212    
  -103.4445       20.84540       1.744273    
  -104.7200       20.86380      0.2951919    
  -105.4382       20.27230       16.50601    
  -102.5999       18.17450       37.35065    
  -101.5559       17.98910       10.23530    
  -89.48210       15.80920       3.840031    
  -101.1280       50.88040      0.4570560    
  -104.3100       48.56970      0.1248415    
  -103.4443       37.42770       46.75151    
  -106.5790       25.08460       28.00595    
  -106.4502       23.94710       16.21447    
  -104.9294       22.50440      0.2947012    
  -100.5556       18.18400       7.772259    
  -102.6230       18.17510       10.93590    
  -101.1650       50.88280      5.6845803E-02
  -97.93080       49.75340      6.0071759E-02
  -107.4398       25.09720      0.3284331    
  -104.8938       22.29490       18.98664    
  -103.4684       20.84610       3.444776    
  -103.3799       51.21700      6.0447600E-02
  -100.2818       50.39240      0.1960006    
  -100.2457       50.39010      0.1340496    
  -97.91040       49.71710      0.1469534    
  -105.8270       23.10070      0.3354599    
  -102.3789       21.88300       2.433433    
  -99.08490       20.17620       1.283160    
  -102.7539       18.13850       2.176455    
  -102.7497       18.11840       2.437016    
  -103.7860       48.90800       1.059290    
  -105.0707       20.26100       1.367948    
  -100.9834       19.86050      0.1208645    
  -71.41470       17.90070       2.498041    
  -98.55070       25.06280       1.379130    
  -104.0789       22.08110      0.5534849    
  -104.2458       21.44530      0.5286984    
  -100.7921       18.01050      0.5600485    
  -83.01550       30.50750       3.080756    
  -81.33160       28.90800      0.1668311    
  -107.5861       25.42680      0.5112382    
  -107.5409       25.01510      0.7903624    
  -104.7713       19.84490       5.823721    
  -103.3506       18.85510       3.179616    
  -103.3569       18.35400       1.743463    
  -101.9878       18.09930       2.241595    
  -103.4629       48.64740      0.5254006    
  -74.51850       46.06510       6.408894    
  -82.79430       31.61170      8.7135985E-02
  -80.14090       27.00610       1.316857    
  -104.0846       22.10210       20.68953    
  -104.5089       20.79580       3.122905    
  -102.6040       18.19460       7.035487    
  -101.4406       17.62850      0.1374594    
  -117.2429       35.96170      0.4542319    
  -81.06800       26.53760      0.2349734    
  -107.5594       25.42570      0.4116823    
  -100.5791       21.04980       3.161224    
  -100.5746       21.02920      0.4986435    
  -105.5092       20.35610       2.240318    
  -104.7276       19.37750       1.342407    
  -100.9715       18.81340       2.651596    
  -102.6272       18.19520       2.007856    
  -100.7657       17.75160       14.58639    
  -103.4878       48.68310      8.9136720E-02
  -81.02790       26.55880      0.1341404    
  -104.9126       22.27470       2.172623    
  -101.9754       20.19140       1.245330    
  -101.9708       20.17090      0.6797779    
  -101.9648       18.09870       2.456175    
  -101.9138       17.95800      0.2682808    
  -101.6182       50.05070      0.3885587    
  -103.4734       37.42920       2.735717    
  -107.5327       25.42460       16.94572    
  -104.5900       20.92130      0.2256739    
  -105.4328       20.25170       2.141968    
  -103.5126       51.00690      0.3709541    
  -103.4741       51.00420      0.7736500    
  -100.7521       50.42240      0.1037005    
  -99.88990       49.27530      6.5584078E-02
  -81.89540       27.36960      0.2972291    
  -81.87440       27.36940       10.54661    
  -108.8860       26.24260       1.809220    
  -107.7486       24.93740      4.1530322E-02
  -107.7141       24.91450      8.4188156E-02
  -83.38420       31.75950      0.1124935    
  -80.52340       27.86060       3.168248    
  -80.43860       27.48750      0.4012172    
  -81.18130       26.68970      0.1500893    
  -107.8040       25.86950       2.209025    
  -107.5941       25.44870       21.28066    
  -85.09660       15.72530       14.77824    
  -98.39950       48.70600      9.0754919E-02
  -99.01670       48.63930      7.3831677E-02
  -103.4863       37.45590       3.278553    
  -84.23420       32.00590      0.2658536    
  -80.52480       27.88250       1.954612    
  -80.52870       27.59750      0.3058326    
  -80.56930       27.57600      0.4490930    
  -80.45950       27.48760      5.6480404E-02
  -80.43740       27.46560      0.2407596    
  -107.5675       25.44770      0.3693958    
  -100.7266       50.27760      7.0733085E-02
  -98.38000       48.67070      8.9199349E-02
  -120.7699       35.85600      0.7280889    
  -85.21640       30.60860      0.1399618    
  -80.54580       27.88270      4.0841278E-02
  -80.54970       27.59770      4.7669038E-02
  -80.59020       27.57620      4.0559400E-02
  -80.56800       27.55410      0.2731566    
  -80.54860       27.22660      5.0456524E-02
  -88.09180       15.69650       7.730730    
  -97.45260       45.15130      4.5100797E-02
  -85.07730       15.72510       20.52616    
  -97.43760       45.11970      8.1651248E-02
  -85.16770       31.27570      0.1915033    
  -91.86770       30.98390      5.0550476E-02
  -81.10370       28.99510      0.1806207    
  -81.76640       27.32470      0.2787372    
  -88.78990       19.45200       18.66748    
  -88.91980       18.34240       6.297462    
  -88.66510       17.98410      0.6709182    
  -89.31010       15.65250       7.397112    
  -91.87270       31.00710      5.0112002E-02
  -81.76490       27.30290      0.2082452    
  -78.58780       21.62950      6.1011359E-02
  -88.80810       17.37730       24.11842    
  -90.15980       17.08210      0.9439991    
  -89.96670       16.74760       10.15911    
  -85.27410       15.78470       4.094340    
  -100.3338       49.82700      0.2403301    
  -100.1664       49.39640      9.2989080E-02
  -98.29510       48.87100      3.5704803E-02
  -92.80850       31.35780       1.682152    
  -91.95230       31.05550      6.9868654E-02
  -88.78790       19.43210       14.73864    
  -89.40930       18.01370       5.277591    
  -88.78820       17.37700       15.55839    
  -90.04850       17.37420       4.700819    
  -91.31520       17.13770       16.47886    
  -90.13970       17.08180      0.6806087    
  -89.96860       16.76710       11.08888    
  -89.74470       16.72520      8.9583620E-02
  -90.47890       16.65700       2.384861    
  -90.66440       16.50370       11.02799    
  -89.07610       16.15300       3.906209    
  -100.3570       49.86370      0.2345450    
  -99.50670       49.53050      5.1865924E-02
  -98.37460       48.60240      9.9409677E-02
  -91.97550       31.05620       1.558406    
  -91.31310       17.11810       6.992898    
  -90.66640       16.52320      3.7834559E-02
  -91.98110       15.78400       2.734618    
  -91.97050       31.03290      6.8371557E-02
  -94.87790       29.94750      3.3261839E-02
  -99.93470       50.33480      0.1748604    
  -100.3926       49.86590      9.9722892E-02
  -100.3693       49.82920      0.1170491    
  -99.48490       49.49420      0.3668523    
  -89.03980       18.93810       13.98116    
  -89.18430       17.97130       7.788654    
  -95.48550       17.01040       6.743256    
  -95.08600       16.84640      2.9879281E-02
  -90.75860       16.64140       2.522294    
  -101.1392       50.84470      9.3145683E-02
  -94.85430       29.94680       1.176530    
  -89.02680       18.20560       2.465704    
  -90.50010       18.02930       2.133881    
  -89.18630       17.99100       4.365509    
  -96.63590       17.78080       8.803071    
  -95.46450       17.01000       18.12596    
  -95.08330       16.82680      0.1307040    
  -94.72390       16.46850       2.302903    
  -91.96090       15.78370       1.070505    
  -85.52710       15.49770       3.023519    
  -87.07230       15.39660       7.914506    
  -100.2097       50.38790      0.1105805    
  -99.80910       47.74520      6.3767523E-02
  -88.84860       19.43290       4.025969    
  -88.62630       19.03170       1.932142    
  -89.04190       18.95800       6.160218    
  -88.75580       17.88690       32.81475    
  -88.73580       17.88660       27.91135    
  -95.83400       17.39040       5.441516    
  -92.96830       17.14370       1.766453    
  -88.66750       15.76090      0.5609462    
  -97.84340       49.53790      4.9861439E-02
  -98.46450       20.87160       10.23364    
  -95.65200       18.31590      0.2478970    
  -88.75770       17.90660      5.9118241E-02
  -91.81160       17.93110      6.0071759E-02
  -88.75400       17.86720      0.3526871    
  -88.73400       17.86690      4.4109948E-02
  -96.41110       17.42110       8.361867    
  -95.83690       17.41010       5.840701    
  -95.30140       17.04630       11.71769    
  -97.75940       16.85740      0.5640711    
  -87.65510       15.09460       1.713866    
  -87.76800       15.03810      1.5847920E-02
  -99.89890       50.33250      0.1089310    
  -100.8235       50.31950      0.1316693    
  -89.12500       21.20780       1.421592    
  -98.39940       20.76810       17.84250    
  -100.3045       18.27770       3.260849    
  -100.7212       18.22780       2.479932    
  -91.81390       17.95090      4.0778641E-02
  -88.77580       17.88710      5.1594485E-02
  -88.80990       17.39690       15.70900    
  -88.51160       17.17790       8.819944    
  -98.66410       16.56140       8.190977    
  -94.87240       16.49060      0.2817356    
  -87.71360       15.09520      3.4514640E-02
  -98.20710       49.94590      6.5928601E-02
  -97.70320       49.88160      4.1029200E-02
  -100.3214       49.86140      0.1164895    
  -100.2982       49.82470      0.1950296    
  -100.2086       49.57340      9.9138245E-02
  -72.76850       46.42240       1.797952    
  -91.94730       31.03230      5.8380477E-02
  -89.78440       21.21850      0.6891590    
  -89.06700       19.77580       1.265453    
  -101.8947       18.31640       1.341125    
  -101.4444       17.64850       1.128648    
  -98.50240       16.63660      0.6652180    
  -116.7258       34.84260       2.353052    
  -100.4419       20.84170       1.066338    
  -102.6917       20.76190       8.987360    
  -88.88760       19.61320       6.944393    
  -88.73770       17.90630      3.8410850E-02
  -91.88410       17.67620      3.0693602E-02
  -101.3157       17.56610      0.3094796    
  -100.9469       17.39900       3.908422    
  -98.62670       16.59990      0.6273483    
  -98.00450       16.48950      0.1704196    
  -101.0270       50.15430      7.4228406E-02
  -97.56900       49.27850      5.6898002E-02
  -100.3548       49.37330      6.8653435E-02
  -97.65040       49.00640      0.1058616    
  -103.4281       37.45280       39.80476    
  -106.7517       27.47160       1.549745    
  -103.1633       21.14460      0.7213602    
  -98.29010       20.66370       12.95599    
  -88.35960       19.38620       5.739836    
  -88.35760       19.36620       12.62463    
  -100.3960       18.63910       1.612665    
  -97.38620       49.96990      6.5270878E-02
  -98.45400       49.32880      5.8228351E-02
  -97.66960       49.04200      0.2049581    
  -97.63600       49.04010      0.1519646    
  -98.28100       48.90450      0.1112486    
  -97.66300       47.32740      6.4393923E-02
  -103.4152       37.42610       26.03463    
  -107.3909       27.61030       2.235044    
  -107.3818       27.58770       2.236940    
  -104.7742       24.37450       1.720359    
  -101.7296       23.40430      0.1100848    
  -101.5795       20.38370       1.560235    
  -87.98660       19.48080       7.533192    
  -104.7326       19.39780       2.277039    
  -88.10330       19.02460       10.32249    
  -88.08320       19.02430      3.2489281E-02
  -88.77070       18.45890       2.603137    
  -96.81290       18.49840       5.357477    
  -102.9992       18.20470       1.914616    
  -100.6568       17.76890       1.306115    
  -101.3195       17.58600      0.3108782    
  -95.68180       17.21040       4.054875    
  -95.66990       16.97450       10.46284    
  -98.38800       16.45790       1.475238    
  -98.30080       48.94000      0.1750161    
  -97.99320       47.47680      5.0738402E-02
  -96.10760       46.02290      0.1424121    
  -81.09960       26.71060       1.295144    
  -108.4268       26.37590      0.4521731    
  -106.6338       24.72180       15.85103    
  -106.5866       24.35660       2.287576    
  -106.3709       24.09290       11.54485    
  -106.0400       23.69880       2.517483    
  -99.72920       20.47660      0.1285047    
  -99.88820       19.93330      0.1337327    
  -104.0015       19.92390       1.268321    
  -88.24070       19.40450      0.5604998    
  -88.23870       19.38460       7.649041    
  -102.3560       19.08990      4.8880287E-02
  -99.08360       18.64810       1.582528    
  -89.31660       18.09130       3.662177    
  -102.4593       18.05130       10.15867    
  -100.2749       17.87910      0.6087856    
  -95.14160       17.71250      2.0232718E-02
  -99.26430       16.77020       1.203181    
  -97.35190       49.96790      4.8170164E-02
  -100.2817       49.47320      0.1412532    
  -98.25280       48.97160      0.1072084    
  -103.4402       48.71390      6.8496838E-02
  -96.12230       46.05530      0.1428192    
  -96.13850       46.02440      0.1668730    
  -107.3388       25.17930      0.7412472    
  -107.6337       25.12650      0.9365026    
  -107.1153       24.54780       1.111871    
  -104.7810       24.39610       2.008270    
  -106.5939       24.37820       2.213495    
  -106.3967       24.09380       23.16993    
  -103.0557       20.99770       19.64490    
  -101.4259       20.72580       1.409936    
  -88.81020       19.45230       14.84755    
  -101.5898       19.59360      0.3240645    
  -96.07890       18.18550      3.0255118E-02
  -94.97420       18.16400      2.2425119E-02
  -89.39310       18.05290       10.28536    
  -90.27710       18.02600       4.236160    
  -100.2936       17.85970       1.268321    
  -101.2969       17.58550       1.611761    
  -101.2931       17.56550       1.439881    
  -95.66800       17.11190       7.619523    
  -88.83030       15.82080      0.9462398    
  -89.57290       15.71360       4.633982    
  -87.55470       15.05520      0.2764109    
  -100.3170       49.47540      0.2260677    
  -97.82920       49.15450      4.6510201E-02
  -100.7047       49.01480      6.1387204E-02
  -96.15320       46.05680      0.1166983    
  -103.5078       23.25210      0.1977450    
  -98.59210       22.97640      2.8094038E-02
  -98.29400       20.68410      3.4452002E-02
  -104.4224       20.83410       19.64490    
  -100.1440       18.49320       2.412237    
  -94.04100       18.08740      1.3467601E-02
  -94.18960       17.95170      3.9475385E-02
  -98.72850       17.23140       1.707061    
  -93.58230       16.60580      2.3740562E-02
  -95.38630       16.10930      0.9046280    
  -87.87820       14.94320       3.112446    
  -99.70630       50.46410      5.3995676E-02
  -100.3044       49.50950      0.1717389    
  -97.65100       49.24840      0.1067072    
  -100.0739       49.35600      9.0918466E-02
  -103.1115       37.61860      0.8125891    
  -118.8036       35.36080       6.243409    
  -84.35660       30.38920       2.008270    
  -104.7625       24.41670      0.2001913    
  -88.57560       18.51560      4.5476638E-02
  -100.1665       18.49380       2.564012    
  -103.4405       18.41620       16.49616    
  -103.4170       18.41560       19.25081    
  -95.67450       17.30860       10.54688    
  -95.59170       17.16950       15.98139    
  -95.24870       16.96690       4.790215    
  -95.00750       16.72750      0.8701636    
  -94.98660       16.72720       2.161127    
  -88.81050       15.82060       2.570799    
  -96.63970       15.89750       14.85387    
  -100.3397       49.51170      0.1526850    
  -98.52340       48.57680      6.1449841E-02
  -101.9234       46.76150      0.4595199    
  -64.31890       44.61100       2.314653    
  -103.1406       37.62010      0.9499913    
  -103.0987       37.59180      0.5137292    
  -84.35910       30.41210       1.323481    
  -105.2574       25.09830       1.091219    
  -104.6560       21.16990       1.548042    
  -98.92960       20.29390      0.6446971    
  -88.39600       19.34680       8.213437    
  -88.59570       18.51590      0.7968936    
  -98.92790       18.14650      0.2622669    
  -100.6534       17.62990       8.656002    
  -100.8459       17.33730       1.935052    
  -100.8234       17.33680      4.3735247E-02
  -95.08900       17.17990      6.6673718E-02
  -95.29880       17.02670       15.06957    
  -99.68860       17.07450       1.475238    
  -100.1738       50.38560      0.1296022    
  -99.35770       48.83000      7.3727272E-02
  -72.74070       46.42260       1.288682    
  -72.76990       46.39030       16.04181    
  -83.52420       30.99640      0.3034095    
  -103.3592       25.48000       2.080248    
  -104.9802       22.33940       1.550291    
  -102.4291       19.94010      0.3828506    
  -88.36340       18.80980       2.109996    
  -100.6282       18.90510      0.4411325    
  -88.29450       17.86130       8.265775    
  -97.49950       15.97170      0.6626028    
  -87.86040       15.23140       7.235426    
  -97.73750       49.88350      3.0067202E-02
  -97.59270       49.14120      5.8735438E-02
  -98.23310       48.93610      5.9445359E-02
  -97.98820       46.30990      5.8035962E-02
  -85.21360       30.58560      0.3819840    
  -106.3451       24.09190       15.17962    
  -106.3638       24.07130       3.316411    
  -98.09340       20.67920      2.2550398E-02
  -100.2928       20.57270      0.8424070    
  -101.0641       20.02460      2.8877040E-02
  -88.58650       18.83260       7.076649    
  -95.52280       18.01610      0.1609568    
  -95.50160       18.01570      0.1530264    
  -100.6717       17.84860       11.99044    
  -90.15740       17.25820       1.883636    
  -96.03770       17.33510       16.38758    
  -95.59450       17.18920       18.92975    
  -95.57530       17.05130       18.81408    
  -94.73790       16.89910       2.401030    
  -89.37090       16.56460      1.6536960E-02
  -101.5858       50.62070      5.1051602E-02
  -103.4994       37.48260       1.250007    
  -103.4702       37.48110       90.49422    
  -106.0486       28.58000      0.3221000    
  -101.9862       19.82660       1.931220    
  -88.80810       19.43240       12.94544    
  -88.63850       18.95240       2.004900    
  -101.5283       19.08840      0.4822403    
  -95.64900       18.29600      3.2635439E-02
  -96.63580       17.91930      7.5778924E-02
  -96.04050       17.35490       17.71959    
  -99.54590       17.01230      0.1455566    
  -99.84880       16.97940      0.2397403    
  -98.00750       16.50910      0.1163118    
  -97.55900       49.13940      7.6483443E-02
  -98.46440       48.88070      0.1467342    
  -65.70780       48.27010      0.7508106    
  -101.7101       48.16150      0.8568270    
  -107.5257       39.57410      0.6760024    
  -82.11900       32.18780      0.2170567    
  -103.3659       25.50180       2.273077    
  -105.2184       23.39490      0.8786492    
  -88.82830       19.43260       7.049488    
  -96.16440       18.32610      4.1655600E-02
  -89.22640       17.99150      6.5443151E-02
  -89.20630       17.99130      5.8004636E-02
  -102.5957       18.15440       23.00687    
  -97.84860       16.31030       7.699281    
  -89.77430       15.96770       2.894171    
  -87.97930       15.25190       4.729301    
  -97.64000       50.12640      6.5364838E-02
  -97.79240       49.92200      7.3351435E-02
  -96.56750       46.68480      4.5915123E-02
  -104.7873       22.43710       1.765678    
  -97.77210       20.26560      7.1666904E-02
  -88.19580       19.76330       2.239345    
  -88.79000       17.39660       11.04284    
  -98.22680       16.53310      0.6344367    
  -89.64490       16.29580       9.931376    
  -98.20650       16.25860      0.6831737    
  -85.13290       15.68700      0.9272923    
  -86.33010       15.04340       2.199445    
  -103.0608       21.01840       3.086230    
  -97.46790       20.52180      7.3276505E-02
  -100.3735       18.63860      0.9545818    
  -100.1362       18.33350      0.5514156    
  -88.23630       18.09670       4.092541    
  -100.3194       18.11870       3.667658    
  -96.53180       17.79850       5.725147    
  -96.51040       17.79810       6.302914    
  -98.26960       16.94620      0.7011295    
  -101.8327       48.40480      8.9935392E-02
  -102.9417       21.01490      0.3202993    
  -88.17790       18.96600       5.323138    
  -102.7052       18.23710       1.812435    
  -100.3418       18.11920       25.98781    
  -95.87640       17.39120       7.878643    
  -95.68730       17.24990       5.378487    
  -99.44110       16.91160       1.551873    
  -97.75630       16.83770       1.488010    
  -93.80470       16.57040       1.440751    
  -88.97030       16.07410       12.17906    
  -89.85630       15.77510       4.685966    
  -98.43050       48.87870      0.1573517    
  -98.50390       48.54180      3.6331203E-02
  -97.07410       46.77530      0.1071562    
  -120.7451       35.82870       5.881791    
  -106.3052       24.04790       3.818374    
  -106.2981       24.02640       17.05518    
  -103.3738       23.20570       1.062784    
  -101.7613       20.16520      0.5063183    
  -88.40000       19.38680       5.577116    
  -104.5207       19.41190      4.7293197E-02
  -102.5725       18.15390       2.843185    
  -100.3422       49.40730      4.6729438E-02
  -105.2422       48.73700      0.8881995    
  -96.88760       47.15540      3.5642162E-02
  -91.60980       30.63150       7.896906    
  -108.9680       26.31180      0.7546927    
  -101.7169       23.44590      0.1035613    
  -102.0891       21.85360      0.1831485    
  -88.89740       19.51340       7.582205    
  -88.10160       19.42260       6.657637    
  -95.86500       18.45910      3.6503460E-02
  -100.2963       17.38410       26.00895    
  -95.95980       17.23530       9.307304    
  -93.79730       17.17700      6.8142302E-02
  -100.0962       49.39210      0.1191100    
  -91.74030       31.46740      0.1077941    
  -105.4273       26.27370      0.9170507    
  -102.0706       21.87380      0.1886120    
  -102.0747       19.80880       19.11722    
  -93.65460       17.19420       1.867468    
  -95.19900       17.06410       7.878643    
  -98.75030       48.05020      0.1170992    
  -97.29590       47.47210      8.1619926E-02
  -97.73010       47.39670      6.2117994E-02
  -100.1900       22.56400      0.1151370    
  -102.0654       21.85290      0.1228601    
  -102.5278       21.24880      0.4818899    
  -101.4918       21.01380      0.1190547    
  -103.8160       20.71330      0.5399285    
  -95.92000       18.53970      5.1634151E-02
  -94.49790       17.75980      9.1199055E-02
  -95.63400       17.17020       7.745582    
  -89.59030       16.78160      8.4814556E-02
  -89.30520       15.59450       8.603313    
  -99.57680       49.25630      8.1572950E-02
  -97.70040       46.97030      0.1004902    
  -103.4411       37.47950       2.130093    
  -104.6672       24.90460      0.1484107    
  -105.1533       24.38830      0.1793975    
  -100.1087       23.66930       2.225092    
  -105.5919       22.90360       1.111871    
  -88.64880       18.85330       5.359875    
  -100.0988       18.37250       9.173455    
  -71.29620       18.03830       1.747294    
  -103.1054       18.26740       14.41266    
  -95.98480       17.98550      9.1052204E-02
  -89.57030       16.78140       13.19354    
  -100.0422       49.63310      6.3266404E-02
  -98.49830       48.88260      0.1921169    
  -98.47840       48.84720      0.1343628    
  -98.35520       48.56730      4.6332721E-02
  -106.5268       25.08260       3.277454    
  -103.8863       20.61320       1.360159    
  -95.94140       18.54020       3.351110    
  -95.86200       18.43920      3.8836803E-02
  -93.03480       17.85260      0.4394885    
  -92.66290       17.84630      9.0758488E-02
  -95.15430       17.04370       11.51332    
  -93.49280       16.54580       1.107386    
  -97.44350       49.16750      5.9382729E-02
  -73.16830       45.37600      3.6268562E-02
  -92.23930       30.99410      3.1194719E-02
  -108.4520       26.57430      0.3200586    
  -98.86960       22.17480      3.3888239E-02
  -104.4850       20.61080      0.2878121    
  -88.60020       18.97170       6.356873    
  -95.07980       18.16600      0.1493550    
  -95.14730       18.04850      1.7163359E-02
  -96.07960       17.90820      0.1095564    
  -96.71860       17.90120       10.64492    
  -95.16270       17.71290      0.1124935    
  -95.15990       17.69310      0.1783244    
  -93.69960       17.54870      9.6779689E-02
  -95.98110       17.23570       9.496391    
  -94.94970       16.92240      1.9794241E-02
  -103.5025       37.43070       1.024717    
  -103.4895       37.40410      0.7791851    
  -103.4604       37.40250       21.62383    
  -103.4313       37.40100      0.8527496    
  -106.4104       27.05920       1.300932    
  -94.24500       18.05150      1.5597359E-02
  -96.73090       17.98060       1.264489    
  -95.26410       17.83320      0.6148080    
  -100.6755       17.86860       19.66053    
  -96.11000       17.39560       8.214798    
  -89.30680       15.61380       5.279033    
  -100.9734       49.06610      0.1497096    
  -105.2137       35.65440      0.9948407    
  -114.9329       32.21400       5.370790    
  -102.5566       21.27020       11.45770    
  -102.5698       19.94400       2.157295    
  -88.86040       18.75700      0.4548791    
  -96.20120       18.42610      0.1486207    
  -95.09530       18.12670      0.1767473    
  -98.04960       16.92210      0.8362252    
  -89.87380       15.96900      0.9490899    
  -106.8156       34.86520      0.5818187    
  -106.7861       34.86360       5.672919    
  -106.8026       34.83970      0.8333828    
  -106.7730       34.83810       9.110081    
  -107.1861       25.04400      0.8665788    
  -101.5699       18.84850       3.446418    
  -95.24290       17.83280       2.172623    
  -94.82700       16.78310      2.3865838E-02
  -101.9028       46.72800      0.4166373    
  -105.9872       32.99010       2.037787    
  -98.25740       20.72390      0.1486207    
  -101.5469       18.84790       18.72275    
  -95.87930       17.41090       4.012856    
  -95.36460       17.04750       3.928817    
  -93.30800       16.01710      0.2631702    
  -93.30570       15.99760       7.107200    
  -99.93780       49.24360      6.6335760E-02
  -101.7976       48.40250      0.1089936    
  -101.8100       48.36960      7.6754875E-02
  -106.6313       35.17890      0.2292499    
  -106.6017       35.17730      0.2246385    
  -107.1099       26.82440      0.6707383    
  -100.0502       18.23180       3.573140    
  -96.54700       17.89770      8.0772124E-02
  -87.89550       15.69440      0.4506040    
  -97.82340       49.50180      7.5606473E-02
  -97.99590       48.68310      7.9803355E-02
  -107.6003       30.22220      0.2087535    
  -88.93580       19.49400       4.882903    
  -99.66250       18.54170       1.318134    
  -96.21020       18.20790      3.3073921E-02
  -88.36880       18.01960       6.108093    
  -95.29450       17.30160      6.2855393E-02
  -95.61290       17.16980       6.373448    
  -98.37210       16.63400      0.4486089    
  -93.47420       16.38950      2.1798719E-02
  -93.57020       16.33250      3.0192479E-02
  -98.47560       48.60810      5.3870402E-02
  -103.0846       21.01910       14.40605    
  -101.7981       20.32870       8.232027    
  -69.00410       18.60010       2.531975    
  -96.20410       18.30700      0.1030946    
  -103.2223       18.27040       3.405181    
  -93.46000       17.78100      2.0566799E-02
  -95.03880       16.96320      0.1070808    
  -98.53040       16.81390       7.914569    
  -87.73210       15.34550       2.805244    
  -99.26160       48.72180      2.8313279E-02
  -104.1781       48.62840      8.0304481E-02
  -102.5041       21.24810      0.3933461    
  -102.7419       20.57950      0.1617138    
  -69.02350       18.60000       3.345471    
  -69.00490       18.58040      0.6360457    
  -95.92610       18.44050      0.1045632    
  -93.32940       18.21320      1.7977679E-02
  -98.90580       18.14600      0.4547115    
  -98.90230       18.12600       1.366788    
  -99.64510       16.81750       4.772824    
  -98.57700       16.55970      0.1210933    
  -94.32390       16.42280       5.821520    
  -104.4170       20.81340      4.5351360E-02
  -103.5692       20.19590      0.1621951    
  -99.71200       18.92280      0.9213868    
  -103.2267       18.29060       2.579750    
  -103.1989       18.26980       3.088419    
  -95.63320       17.01310       8.677013    
  -99.31470       16.81050       1.217741    
  -98.67030       16.60080      0.5375549    
  -93.75810       16.35500      4.6103045E-02
  -98.71690       48.04830      7.2662406E-02
  -92.29600       31.04190      0.1687313    
  -98.14560       21.39470      1.2590639E-02
  -94.98390       18.08500      3.2979958E-02
  -96.69100       17.99960       9.489388    
  -100.2785       17.89910      0.1339349    
  -100.7694       17.77150       4.912350    
  -94.16550       17.61590      1.2841200E-02
  -98.09610       17.08040      0.2541329    
  -92.27280       31.04120       17.79790    
  -92.29090       31.01860      6.7463279E-02
  -92.08630       30.71320      4.1242179E-02
  -96.08250       17.92810      7.8716099E-02
  -100.4503       17.24920       8.560432    
  -98.11780       17.08090       1.682154    
  -97.36680       16.67300       1.712808    
  -96.84950       16.03770      0.1620014    
  -99.32900       49.34550      6.2890559E-02
  -110.8562       32.12260       3.526024    
  -110.8256       32.12090      0.4572597    
  -110.8122       32.09640       5.228611    
  -88.19990       18.98620      0.9272923    
  -68.96620       18.58060      0.1511414    
  -103.3700       18.41440       1.011591    
  -95.04040       18.18510      0.1309977    
  -88.62690       18.00330      1.5597359E-02
  -101.5396       17.78980      0.8524708    
  -100.4363       17.66460      0.8174143    
  -97.42310       17.04720      0.1636711    
  -98.58010       16.57940      0.7934734    
  -75.33110       48.22860      0.5536818    
  -96.61520       46.52640      6.0948726E-02
  -112.9426       33.34790       8.351559    
  -112.9100       33.34600       8.701319    
  -110.8429       32.09810       4.464402    
  -108.3186       26.30560       14.03385    
  -107.5954       25.66540       1.657247    
  -102.3974       21.86290       1.701522    
  -102.3736       21.86220      6.1345432E-02
  -88.43470       19.12840       5.814756    
  -69.02430       18.58030      6.9185875E-02
  -100.3644       17.26700      0.7530017    
  -99.10420       47.17800      0.1265328    
  -103.5279       21.17610       1.565284    
  -101.8820       20.29040       2.770381    
  -96.07020       17.98720      8.3709285E-02
  -89.60390       16.06250       2.441451    
  -107.2515       47.97500      0.2813279    
  -97.01010       46.70750      8.8306747E-02
  -112.9270       33.32270       4.617243    
  -112.8945       33.32080       5.132640    
  -106.7985       24.30070       8.472858    
  -100.5366       23.70340       4.153387    
  -88.37190       19.30670       6.371725    
  -68.94680       18.58070      0.1206196    
  -68.96700       18.56090       5.941823    
  -88.38760       18.43400      0.7045496    
  -91.70600       18.42340       1.292881    
  -91.70370       18.40350       1.218645    
  -96.05430       18.30400      0.1054443    
  -96.15260       17.39640       8.475920    
  -95.13060       17.02360      0.1606631    
  -99.53590       16.95300       6.327276    
  -115.4648       35.58750       15.35290    
  -115.4291       35.58510       3.011800    
  -102.2372       20.01590      0.5931317    
  -68.67560       18.58240      0.5598018    
  -103.1201       18.86900       2.632437    
  -97.82520       16.58400       6.283489    
  -96.77260       46.47020      4.3597437E-02
  -115.4486       35.61170       16.33630    
  -108.4879       26.66380       1.834101    
  -103.5227       19.50490       8.719030    
  -88.17980       18.98590       12.41076    
  -68.94770       18.56100      7.0188120E-02
  -103.7192       18.82490       11.71312    
  -88.44350       18.17820       1.649192    
  -97.91430       16.17470       8.483805    
  -98.43500       46.33400      4.8170161E-02
  -115.4843       35.61400       8.324545    
  -115.4129       35.60930       6.582860    
  -115.3934       35.58270       9.970262    
  -92.22110       31.01670      5.9508003E-02
  -104.9807       20.38070       6.449982    
  -88.22050       19.40420       6.361823    
  -98.71590       18.44020       1.187854    
  -102.6610       18.13610       1.352620    
  -88.27460       17.86100       1.996816    
  -100.4326       17.64460       8.550954    
  -95.47970       16.81420       7.429800    
  -97.21700       16.08340      9.7455233E-02
  -103.8395       50.95740      0.6323723    
  -103.4832       37.50780      0.5969044    
  -103.6497       20.52440      0.2005990    
  -101.1805       19.28050       1.264489    
  -101.5967       18.30900       2.264585    
  -93.68870       17.13590       5.822182    
  -98.91690       16.78260       1.379443    
  -92.96520       15.87590       1.521219    
  -97.82940       49.57210      6.7024797E-02
  -107.7968       24.85330      5.5887401E-02
  -103.0968       21.16310      0.3407070    
  -103.7721       20.91670      0.6978571    
  -96.33580       18.32960      2.1986637E-02
  -96.03350       18.02610      0.1663906    
  -106.0029       48.38550      0.2886669    
  -120.6207       45.74420       2.551193    
  -105.6299       22.94680       2.161820    
  -68.67480       18.60210      0.5127099    
  -98.50450       17.72060       1.298975    
  -91.47160       17.45370      1.6465373E-02
  -99.09840       16.82570       1.100361    
  -96.26980       15.81310      2.0733839E-02
  -98.21130       48.42350      4.7919601E-02
  -96.81370       48.14490      5.6751836E-02
  -113.4948       32.96900      0.5772366    
  -107.8235       24.85440      5.0174642E-02
  -101.9217       18.99810      0.6019453    
  -68.69420       18.60200       4.287768    
  -99.44530       17.32580       1.282371    
  -98.51180       16.55840      1.4219282E-02
  -99.93790       48.96760      0.6345779    
  -107.6921       47.94130      0.2703194    
  -105.6047       22.94600       3.617206    
  -101.8680       20.33070       1.210844    
  -91.46950       17.43400       4.836966    
  -95.11270       17.20000      2.0358000E-02
  -100.5881       17.27210       2.163043    
  -92.18210       17.07250       4.652547    
  -93.33520       16.07580       1.081841    
  -92.00540       15.82310      9.0106480E-02
  -113.5104       32.99410       26.96741    
  -99.12260       21.56370      1.8447479E-02
  -104.6363       21.00490       22.20307    
  -101.9534       19.36110       4.424861    
  -102.6652       18.15620       6.502426    
  -101.0517       17.59950       6.660080    
  -95.71850       17.17180       5.042332    
  -99.73810       16.97700      0.4466708    
  -95.48240       16.83390       4.968797    
  -94.73640       16.56640       1.126545    
  -98.53760       48.54370      3.5328962E-02
  -115.3928       33.79120       1.403686    
  -115.3581       33.78900       1.704011    
  -113.5432       32.99610       27.57373    
  -113.4776       32.99210       31.90957    
  -113.5276       32.97100       5.509340    
  -113.4620       32.96710       53.16051    
  -113.5119       32.94590       20.73494    
  -113.4791       32.94390       49.83887    
  -113.4464       32.94200       18.42454    
  -102.7285       18.23770       1.272153    
  -95.09910       16.78790      2.0671200E-02
  -93.38510       16.32960      0.5831345    
  -99.73750       49.30070      4.1091837E-02
  -107.8084       37.69860       2.235755    
  -118.2092       36.00370      0.2499333    
  -119.4825       34.85550      0.5100597    
  -113.5589       33.02120       3.590005    
  -113.5261       33.01920       12.40507    
  -113.4932       33.01730       5.402780    
  -113.4448       32.99020       4.691887    
  -113.4292       32.96510       5.751117    
  -101.5188       20.62640       6.392957    
  -102.8146       19.58630       4.196764    
  -102.8100       19.56600       6.240885    
  -101.9302       19.36050       4.508735    
  -100.1699       18.39410      0.2260136    
  -93.63640       18.02090      1.7351279E-02
  -91.56860       17.04360       4.199546    
  -96.95850       16.05920       1.627743    
  -97.05950       16.02200       8.487453    
  -92.00340       15.80370       1.696204    
  -97.92580       49.50760      8.7946549E-02
  -97.89160       49.50560      6.8152316E-02
  -98.07820       49.30720      3.4765199E-02
  -106.0739       48.66100      0.2804995    
  -107.1886       37.08990      0.1814361    
  -120.1120       36.52490      7.2255239E-02
  -104.1356       20.55930      2.7843479E-02
  -100.9351       17.57700       6.428973    
  -94.87640       16.99950       1.964479    
  -96.84910       15.88180       1.537824    
  -103.4079       50.52900      3.4827836E-02
  -107.4713       46.81310      0.3412629    
  -106.7797       38.32210      0.1753203    
  -120.3029       37.10860      0.1858216    
  -100.0222       20.68770       2.746113    
  -101.0059       19.09510       1.743462    
  -99.65800       17.78560       2.103651    
  -99.46320       16.91210      0.1540132    
  -95.12000       16.78820       1.448415    
  -98.81080       16.80000      0.5459918    
  -99.48670       48.59890      4.9172401E-02
  -108.8645       48.46540      0.1581960    
  -84.01460       46.41900      0.2261619    
  -120.1237       35.98740       3.099489    
  -91.88680       33.17110      3.8189519E-02
  -91.86290       33.17040       8.547626    
  -92.26770       31.01800      5.8662355E-02
  -103.8193       20.63160      0.6418116    
  -100.2109       18.25550       2.632437    
  -96.23780       18.10940       1.272153    
  -99.66170       16.91630      0.8889744    
  -98.81390       16.81980      0.8259647    
  -94.91610       16.66730      2.2341600E-02
  -97.05670       16.00250      8.5765310E-02
  -104.8998       51.54900      4.1718237E-02
  -103.5892       50.43420      3.5391599E-02
  -98.48160       49.26100      3.2572802E-02
  -99.39020       49.27980      8.2622148E-02
  -103.4525       49.12550      5.9382729E-02
  -109.5599       47.98440      0.3172074    
  -106.2608       47.24470      0.2209851    
  -107.2617       37.48350      0.3278082    
  -107.8080       37.12600      0.2218006    
  -102.7865       19.56530       23.44814    
  -96.25920       18.10980      9.4283089E-02
  -101.5598       18.00910       1.164863    
  -91.57070       17.06320       3.304682    
  -95.07030       17.04220      0.6284515    
  -95.01780       16.96280       4.755198    
  -99.65840       16.89650       4.586728    
  -93.65300       16.50930      0.2401480    
  -104.9553       51.47910      5.1051602E-02
  -98.72960       49.51910      6.8152316E-02
  -108.8593       48.02980      0.3718421    
  -96.69550       47.08020      3.1069441E-02
  -106.6305       46.11470      0.1659427    
  -107.2022       37.22010      0.2311782    
  -105.6204       36.46210      0.1871442    
  -104.9891       20.87220       1.245330    
  -104.8938       20.41890       1.948463    
  -98.89500       16.78210      0.1076385    
  -108.4332       48.56690      0.1292354    
  -106.2717       47.21290      0.1985525    
  -112.9063       37.41920      3.1758480E-02
  -115.2525       37.52650       1.899890    
  -111.3678       37.21490      0.2613495    
  -100.9747       19.81980       1.080765    
  -100.5245       17.29040       11.59736    
  -99.87430       16.99970       9.063988    
  -99.87090       16.97990      0.7028396    
  -97.34350       16.51590      0.9043015    
