  -99.88550       49.10210       14.62769    
  -100.7398       49.01700       10.06312    
  -98.95590       47.43170       9.355169    
  -118.0011       40.50340       249.0966    
  -108.8542       38.60750       577.1022    
  -108.8216       38.60550       509.8924    
  -110.8616       33.42080       111.8858    
  -111.3809       33.42640       489.7437    
  -107.3980       25.98320       69.73988    
  -104.2290       24.37630       534.0599    
  -104.2040       24.37540       825.0382    
  -104.2224       24.35470       459.6831    
  -104.1975       24.35380       122.6100    
  -99.25340       21.75220       137.1561    
  -104.9129       20.39910       24.40214    
  -103.4235       19.28000       125.1787    
  -103.4189       19.25970       267.0865    
  -105.7184       49.35470       37.74848    
  -97.26750       47.60260       23.71738    
  -114.2285       45.90800       230.9626    
  -98.34470       19.55270       46.49249    
  -105.0392       19.56880       480.2651    
  -105.0150       19.56800       1035.757    
  -99.04090       17.13950       79.37267    
  -99.02780       17.06040       68.13203    
  -98.51520       16.44080       30.22440    
  -96.20740       47.81250       7.682170    
  -97.28470       47.63660       16.29567    
  -97.60400       46.96520       40.40210    
  -114.1864       45.90450       170.7535    
  -100.8752       18.67090       42.30533    
  -98.41620       16.36050       26.26671    
  -106.1421       51.27440       9.365932    
  -99.49800       49.46010       20.23147    
  -114.5419       49.14090       240.4895    
  -113.1422       46.57840       75.17571    
  -108.5864       43.73560       87.84769    
  -105.7194       43.45350       52.65725    
  -108.8088       42.28610       43.83823    
  -114.2907       41.53640       216.6799    
  -114.5727       40.85400       185.7256    
  -111.1709       40.58200       334.7448    
  -98.65220       47.28330       13.04916    
  -107.8184       41.84700       43.92385    
  -120.5672       35.46060       408.8406    
  -101.9302       19.36050       280.3749    
  -99.90230       17.41490       56.80191    
  -114.7842       49.47150       191.4685    
  -114.8579       45.67850       273.0701    
  -115.4617       42.19700       59.67821    
  -105.9024       36.83650       31.16624    
  -102.1057       19.42570       141.5602    
  -102.8722       18.26140       77.24880    
  -96.71170       47.11370       13.62796    
  -112.8854       46.42990       97.39355    
  -114.0840       46.11630       205.2140    
  -112.2695       43.46890       60.44880    
  -111.8905       42.96970       54.19843    
  -116.6382       41.80250       174.2701    
  -109.3968       38.37570       117.4800    
  -108.8720       25.93630       7.638322    
  -104.7609       21.37910       32.36433    
  -100.5607       21.06970       71.41419    
  -103.3787       18.87600       490.4687    
  -102.8680       18.24130       65.42501    
  -100.5703       17.17290       16.46870    
  -103.5710       50.36130       7.077067    
  -96.69550       47.08020       15.52877    
  -95.88800       46.13900       7.563780    
  -122.7161       45.50220       288.0740    
  -107.5408       43.39650       51.80103    
  -110.0815       43.36690       203.8588    
  -111.8013       43.46330       83.13851    
  -111.8224       43.31720       65.58610    
  -114.5075       42.90520       78.77180    
  -110.3511       42.42200       67.72663    
  -116.6972       42.58350       68.06912    
  -121.3142       40.35310       167.6559    
  -109.3817       38.40130       165.7394    
  -108.8632       25.91420       11.14178    
  -100.4126       17.28790       101.0034    
  -98.65440       49.61970       6.984986    
  -121.3620       50.58770       462.6995    
  -114.0025       48.45030       208.3116    
  -97.57190       46.96350       216.2034    
  -114.8493       45.70900       335.8927    
  -112.0555       43.51200       22.38348    
  -112.4292       42.89280       19.92102    
  -108.1084       42.55660       50.25984    
  -110.4916       40.70220       49.83174    
  -111.5358       39.48160       40.15650    
  -120.5400       40.12450       224.9669    
  -109.6423       30.50830       437.0934    
  -102.1102       19.44600       158.1568    
  -98.68500       47.28520       11.07904    
  -97.58710       46.93180       33.49110    
  -113.9867       45.42030       74.49074    
  -111.2896       43.96100       9.142308    
  -112.0936       43.51480       163.6939    
  -114.6503       41.45020       71.40836    
  -110.5764       40.81940       116.4493    
  -115.7678       41.14040       131.4291    
  -106.0810       39.67650       107.0598    
  -103.7376       18.90590       84.86858    
  -101.2721       50.78090       10.05936    
  -121.3659       50.62350       532.5884    
  -123.2607       44.72420       18.87657    
  -110.8772       43.36550       184.2409    
  -111.2097       42.51240       184.6926    
  -108.2612       41.59180       55.31151    
  -114.6640       41.50790       68.92534    
  -116.5141       40.61040       66.44231    
  -121.3015       40.37980       208.6243    
  -112.9766       36.05870       174.2701    
  -112.9766       34.70120       140.8785    
  -103.4480       18.55670       77.24880    
  -99.66390       16.79830       76.32919    
  -102.2678       51.43410       255.6774    
  -100.0580       51.17690       7.103376    
  -114.5271       51.87790       12.00997    
  -123.8862       52.22610       531.6205    
  -98.28100       48.90450       14.29226    
  -99.68010       48.81500       15.64058    
  -112.8957       45.95640       178.1748    
  -106.0892       44.49730       41.52644    
  -111.2410       43.59950       158.7504    
  -111.3558       42.95960       8.260963    
  -117.1372       42.67710       243.4907    
  -114.9834       41.08080       88.61829    
  -105.0902       51.23140       8.892374    
  -95.86990       47.36560       34.11067    
  -123.1809       45.08320       272.1989    
  -112.2486       43.23110       7.550626    
  -122.2446       43.43330       234.0601    
  -107.1000       42.17220       49.14676    
  -115.5709       41.66230       68.49723    
  -114.8414       41.12630       157.2087    
  -104.3126       40.17440       41.44082    
  -118.8218       39.38720       107.5199    
  -113.5489       35.51300       218.6298    
  -112.9598       34.67530       161.3291    
  -103.4758       19.20070       86.40050    
  -126.0540       53.55840       507.0334    
  -92.52420       50.61890       55.75625    
  -102.4365       50.06970       4.788202    
  -114.5136       49.00190       289.8163    
  -97.66080       47.26170       8.899891    
  -112.9919       46.66200       384.1420    
  -110.0690       43.48430       153.1361    
  -111.9268       42.88470       212.0401    
  -113.0111       42.81980       238.3723    
  -107.7708       41.87250       32.62180    
  -115.5680       41.57690       63.27432    
  -114.3027       41.42410       83.99472    
  -116.8064       40.52170       193.5251    
  -117.7532       40.48400       105.3145    
  -121.8607       38.01520       77.48449    
  -110.7492       36.50540       156.9650    
  -111.0243       31.61050       120.1611    
  -102.8560       50.70680       7.695324    
  -98.36460       49.63780       6.610086    
  -110.3132       43.53160       284.5594    
  -113.6495       43.01440       82.71040    
  -112.2762       42.79390       233.0602    
  -108.4942       42.49580       45.12255    
  -114.4200       41.60290       155.2588    
  -116.8077       41.41830       132.7990    
  -116.9097       40.91990       215.3393    
  -116.0397       40.82490       71.15150    
  -117.8811       40.93990       226.4293    
  -117.0164       40.87220       112.8492    
  -117.6862       40.53430       301.4995    
  -118.1903       39.52880       234.4725    
  -119.1274       39.38370       117.7479    
  -111.6003       36.84160       54.02719    
  -103.3719       50.38310       62.76059    
  -114.5790       51.14970       12.22044    
  -110.6927       49.95310       62.58934    
  -98.26130       48.86910       15.54286    
  -95.83820       47.36400       40.71944    
  -115.6605       45.03350       199.5997    
  -112.3483       43.17980       7.576934    
  -111.5284       42.56450       12.77292    
  -114.3033       41.50900       72.52143    
  -116.5954       41.51490       186.9443    
  -116.8091       41.13640       180.6072    
  -116.5697       40.75390       200.3497    
  -116.9178       40.72500       199.6185    
  -117.3945       40.26250       252.0214    
  -113.3446       35.92990       65.75735    
  -100.5072       17.68600       55.97321    
  -114.8705       51.57790       279.5557    
  -114.2806       51.48660       14.44353    
  -104.5198       50.60830       45.39687    
  -121.3507       50.97810       248.9672    
  -120.4814       50.21770       100.4341    
  -113.8576       49.42390       10.65506    
  -112.3554       46.22850       365.1261    
  -111.9677       43.53500       10.65506    
  -112.3601       43.15130       8.024184    
  -119.5884       40.88050       219.3610    
  -111.4011       39.66280       101.5328    
  -112.4128       37.23050       159.8898    
  -103.3759       19.68290       92.09424    
  -102.6905       18.27670       195.4868    
  -99.54930       17.03210       67.78977    
  -103.6626       51.68100       34.60278    
  -120.4320       50.31820       388.0252    
  -96.18790       47.38160       16.89025    
  -111.7275       42.89920       52.99973    
  -108.2264       41.73150       55.82524    
  -114.4325       41.57540       75.17571    
  -115.3573       41.58910       48.71866    
  -114.5854       41.41710       207.1743    
  -116.6245       40.81390       218.1423    
  -113.8814       34.60860       174.5138    
  -110.0265       27.19620       7.820291    
  -70.34600       18.92870       140.1741    
  -103.7124       50.55050       7.208611    
  -96.17190       47.34790       17.90314    
  -113.0534       47.83710       66.27107    
  -107.6674       44.78800       113.4485    
  -112.8196       42.80530       11.89158    
  -114.5351       41.52650       77.57311    
  -114.2643       41.42120       75.00446    
  -115.2472       41.38240       53.94157    
  -114.5328       41.18750       67.55540    
  -108.8964       40.76220       163.5458    
  -116.8113       40.77250       187.9192    
  -117.5759       40.49790       219.6047    
  -121.4196       38.37920       860.0683    
  -121.4342       38.35370       122.1649    
  -121.3903       38.35020       2962.451    
  -121.3028       38.26350       1008.176    
  -121.3612       38.24150       769.4808    
  -121.3175       38.23810       107.7608    
  -118.9895       36.95960       175.2063    
  -113.3765       34.62670       159.1586    
  -100.9756       32.75740       138.5927    
  -110.0166       27.17360       7.669015    
  -100.6365       17.29300       139.5208    
  -121.1348       51.09970       391.8425    
  -121.3910       50.83930       334.4377    
  -112.9518       45.24440       66.95604    
  -109.3335       43.37270       51.37292    
  -121.9732       44.36430       1170.301    
  -114.0899       41.89120       144.5345    
  -114.6234       41.33520       68.79691    
  -108.7584       40.89260       64.81550    
  -116.5185       40.86160       81.68295    
  -116.7837       40.74250       75.60382    
  -119.6008       40.85350       217.1674    
  -123.1400       40.50490       182.8212    
  -117.3917       39.93200       69.35344    
  -117.7964       39.79870       97.60104    
  -121.4636       38.38260       509.8763    
  -121.3465       38.34680       247.8744    
  -113.1449       34.86090       71.69821    
  -100.9494       32.75630       552.7897    
  -100.9667       32.73310       398.1402    
  -100.9405       32.73200       408.9864    
  -104.2445       19.74830       404.2276    
  -104.3432       19.46750       48.26592    
  -102.5289       18.71290       123.7557    
  -103.6361       50.54510       8.379353    
  -109.5398       50.13980       100.7765    
  -120.8716       50.18640       463.7556    
  -122.0238       44.36890       1093.442    
  -121.9386       44.30090       1112.996    
  -110.5212       43.04540       126.8068    
  -106.8908       42.24490       49.48925    
  -115.2001       42.72610       194.2563    
  -122.9309       42.61570       208.3116    
  -111.9844       41.65040       6.274649    
  -112.1176       41.29210       7.037604    
  -115.5181       41.14940       56.42459    
  -116.5283       41.19900       112.1642    
  -119.1247       41.20780       253.4838    
  -117.8413       40.65760       211.0740    
  -118.0679       39.68290       140.4889    
  -114.9564       50.25450       424.9479    
  -112.9420       45.27450       80.05614    
  -110.4492       43.66020       169.2048    
  -121.9811       44.33490       1247.256    
  -110.8638       43.21710       10.78661    
  -110.3505       43.09180       59.93507    
  -115.1483       42.75120       76.63128    
  -115.4638       41.62560       69.86716    
  -109.6185       41.00590       48.71866    
  -116.2892       41.26490       63.70242    
  -115.7662       41.05600       61.98999    
  -112.8196       40.55910       60.10632    
  -113.3401       36.49090       146.1188    
  -105.2044       20.12240       3.170210    
  -103.0647       19.35080       629.7670    
  -114.3831       51.20420       93.37029    
  -97.67870       46.74260       51.96555    
  -122.0316       44.33940       1097.121    
  -106.5088       43.03340       38.35845    
  -114.7528       42.80760       86.56337    
  -114.9875       42.73860       61.04816    
  -119.6455       42.01740       319.7795    
  -114.6107       41.36240       68.66847    
  -116.1188       41.36460       55.48276    
  -115.6860       40.96580       108.1400    
  -112.7831       40.55650       60.64269    
  -117.7999       40.65440       107.2838    
  -100.0468       17.10200       40.95379    
  -99.59880       16.93460       17.38117    
  -114.2725       49.87700       93.92682    
  -112.7502       46.16530       62.50372    
  -108.1055       45.37340       51.88665    
  -121.0841       46.00550       320.2113    
  -121.4403       44.43720       112.3354    
  -121.5059       44.38260       208.5052    
  -121.9890       44.30540       1059.423    
  -111.9371       41.59020       66.95604    
  -119.6008       42.01370       280.0508    
  -115.8229       41.65340       72.69269    
  -114.3539       41.39960       164.2770    
  -114.6361       41.30790       70.98026    
  -116.5754       41.37180       59.59259    
  -118.9135       40.32580       256.6523    
  -103.2955       19.43790       60.16999    
  -114.4266       51.64690       20.75764    
  -119.4309       49.90510       81.01216    
  -108.5459       44.81960       45.63628    
  -116.3807       41.81070       82.11106    
  -115.3425       41.53120       65.32923    
  -115.2080       41.37940       52.65725    
  -117.2758       41.22920       72.86392    
  -119.3525       41.00140       104.5439    
  -114.1887       51.22280       24.71712    
  -114.9211       51.18120       11.85211    
  -114.7023       50.47920       244.0957    
  -120.7222       51.02200       284.2021    
  -109.1576       44.89430       162.3271    
  -121.4324       44.46670       91.10133    
  -111.1601       43.23870       152.1329    
  -121.4154       43.98390       342.0879    
  -110.3265       43.06080       183.5320    
  -116.3400       41.80750       88.27580    
  -116.2304       41.48640       128.2043    
  -115.6760       41.16150       129.1792    
  -116.8781       41.16990       165.0082    
  -113.1132       40.58010       53.97199    
  -117.8104       40.90640       225.4544    
  -117.9479       40.88920       680.7422    
  -116.7289       40.68260       81.25484    
  -101.7004       49.91460       7.261229    
  -114.3104       50.62170       188.7469    
  -121.8203       45.20340       1192.371    
  -121.8542       45.05290       1181.529    
  -111.7826       43.22580       55.65400    
  -118.6321       43.35690       193.5251    
  -115.7368       41.47650       186.9443    
  -116.6038       41.40230       61.86156    
  -121.6517       41.75740       105.3145    
  -114.6870       41.19900       47.43433    
  -116.5595       41.31410       68.96815    
  -116.5206       40.94570       55.73962    
  -119.3403       41.02850       89.47450    
  -117.4904       40.32510       301.8651    
  -120.1709       39.24830       230.1699    
  -107.4842       25.79100       71.43092    
  -119.8948       50.58270       442.7589    
  -121.8270       45.17330       1183.272    
  -121.8986       45.08770       1614.343    
  -113.3004       44.23490       68.24036    
  -121.8821       44.93300       1216.377    
  -112.9432       43.07780       81.68295    
  -115.5070       41.26120       104.2870    
  -117.1278       40.46320       169.3954    
  -120.1571       39.27430       166.8816    
  -104.3290       19.50760       54.64413    
  -99.30960       48.52060       10.77345    
  -109.9964       43.74650       94.08868    
  -121.4065       44.37370       284.4381    
  -115.7464       42.82750       77.23062    
  -118.2211       41.64400       180.1197    
  -123.2345       40.09770       234.8345    
  -123.3160       43.17540       284.4220    
  -120.2554       42.87840       200.3497    
  -112.8925       40.87070       47.43433    
  -103.3806       19.60200       63.49813    
  -112.0892       42.86750       76.40149    
  -108.5817       50.06260       104.7151    
  -101.8025       48.87870       345.4605    
  -101.5454       48.21820       26.57627    
  -115.0982       42.08270       41.52644    
  -115.6998       41.55870       49.91735    
  -104.9203       20.05270       374.9152    
  -104.2205       19.74760       85.41376    
  -103.5041       19.22170       42.63076    
  -97.56190       47.19100       5.538002    
  -118.3959       39.62630       73.88300    
  -96.48590       18.87020       130.9551    
  -108.7958       51.30180       57.11617    
  -96.48260       18.85010       316.3083    
  -105.1674       19.97870       143.9876    
  -121.9403       44.90780       1147.069    
  -113.7833       50.68130       7.563780    
  -118.8454       49.77910       165.1392    
  -101.1665       18.19870       233.7708    
  -116.4981       52.43910       382.9371    
  -118.3067       51.21400       283.7711    
  -124.2467       51.42310       1640.260    
  -124.0763       52.20950       787.7181    
  -100.3769       17.58390       37.91208    
  -124.6891       53.17700       1277.941    
  -125.2655       52.37540       2082.341    
  -124.2582       51.71480       677.6902    
  -105.1709       20.36610       50.40684    
  -125.3024       53.47430       2519.679    
  -103.4185       51.21980       11.27332    
  -101.4631       26.88850       32.84812    
  -102.2042       17.92530       8.936792    
  -101.2693       18.26100       30.39083    
  -101.1971       18.23930       78.56258    
  -104.1774       19.76660       160.5409    
  -64.00350       46.05180       51.10990    
  -77.28840       34.98700       69.62538    
  -104.1915       19.72640       12.75977    
  -103.9652       20.45210       46.61424    
  -104.1650       20.58070       60.56180    
  -104.2735       19.76940       188.6553    
  -78.04090       34.99070       17.76399    
  -104.5504       19.53420       47.77681    
  -101.9414       32.15720       132.0634    
  -104.5630       21.45530       33.70634    
  -96.29590       30.68000       4.594174    
  -100.3201       18.47750       95.90413    
  -78.81860       40.24670       16.83878    
  -104.2595       19.80960       203.4080    
  -104.1245       19.74480       23.80279    
  -100.5032       17.78510       70.02316    
  -66.51520       46.92480       30.23244    
  -66.33460       47.28850       53.23948    
  -96.29980       31.56170       5.415410    
  -72.01120       42.87640       41.24857    
  -77.22010       34.98670       449.5670    
  -69.50720       18.59720       82.47434    
  -99.34880       32.26250       31.62860    
  -69.52650       18.59710       9.839491    
  -99.75930       49.33680       14.54219    
  -103.9147       19.86040       51.09146    
  -104.0507       19.03530       93.01387    
  -98.83940       48.73130       9.374702    
  -101.4979       48.24880       35.09622    
  -82.67690       32.66660       19.78183    
  -97.62640       47.19440       18.57455    
  -98.64710       19.03790       58.41391    
  -102.0950       19.16350       61.70330    
  -103.3664       19.64210       231.6030    
  -101.5327       48.25100       85.29183    
  -103.3427       19.64150       212.1775    
  -67.05760       47.07690       21.50822    
  -97.44100       46.82690       82.09677    
  -103.7680       20.42590       191.0200    
  -100.7631       18.32850       729.8417    
  -78.87320       39.94570       30.30730    
  -101.9906       17.99970       90.91187    
  -82.18340       33.35120       45.06913    
  -103.8967       20.65440       98.97430    
  -99.11900       32.77610       47.68304    
  -114.9912       32.50500       173.7827    
  -79.14010       35.04740       3.827930    
  -64.97860       46.50650       26.77731    
  -103.9622       21.37460       35.57705    
  -103.6533       20.44290       31.50872    
  -98.27880       24.50160       42.68340    
  -100.5444       20.15280       86.44510    
  -102.5302       19.35640       79.89198    
  -103.6925       20.50530       176.1798    
  -121.3475       38.10770       9.724860    
  -81.79200       31.99630       142.6936    
  -102.7581       18.15860       103.2612    
  -80.66550       40.10050       33.34206    
  -98.56000       18.67600       29.71067    
  -97.54310       47.09210       19.16158    
  -99.34430       34.57850       60.02069    
  -81.76990       31.99600       200.9548    
  -81.79000       31.97280       271.2904    
  -103.4290       18.57620       94.59038    
  -75.28120       49.46970       82.08560    
  -97.66200       46.70940       16.97904    
  -77.74550       34.42450       29.53943    
  -84.61630       32.38820       82.50382    
  -104.0989       21.07030       106.4142    
  -102.2294       18.38480       109.3044    
  -99.87450       17.25620       172.6274    
  -99.85230       17.25570       159.4899    
  -103.1401       18.42830       96.20559    
  -102.5661       18.23350       102.2102    
  -80.40490       39.96060       26.34541    
  -83.17980       31.71010       26.09086    
  -77.54280       21.54450       4.722430    
  -98.88310       48.46180       11.68111    
  -97.57520       47.09380       21.37590    
  -97.52610       47.05860       18.46878    
  -88.56710       33.44340       124.8067    
  -104.4279       21.03940       130.6850    
  -102.1100       18.80220       91.64413    
  -101.7694       18.03410       78.56256    
  -74.95530       49.75200       114.0293    
  -98.23630       48.76500       9.234388    
  -98.20260       48.76310       9.017342    
  -71.01490       47.47890       68.53374    
  -102.7623       18.17870       171.0509    
  -99.79420       49.33890       16.56797    
  -92.32420       38.67480       5.971002    
  -104.1699       19.24030       53.68470    
  -79.28490       35.17220       75.30966    
  -93.17020       31.99950       61.69386    
  -103.6979       20.81210       95.64140    
  -103.8896       20.53150       171.5764    
  -98.24950       48.49340       10.79538    
  -102.9342       32.82000       77.75127    
  -108.3556       26.26350       64.75970    
  -103.7426       20.32320       64.84105    
  -102.6615       18.57600       141.0973    
  -102.8257       18.26020       114.9974    
  -105.4737       20.31420       97.74339    
  -102.9126       18.34240       117.5154    
  -102.8130       18.19990       274.3121    
  -99.67450       18.12360       29.45381    
  -115.5968       45.39820       70.98026    
  -103.4068       18.89690       228.5934    
  -103.3833       18.89620       207.5733    
  -103.1827       18.73010       87.05135    
  -105.0735       22.32170       498.0417    
  -104.0425       20.47480       36.78990    
  -102.2805       19.69300       118.3826    
  -100.6237       18.30520       110.8153    
  -101.9081       18.15710       163.2810    
  -100.2073       17.99680       107.9907    
  -99.47440       51.14010       9.089690    
  -74.59870       49.64600       136.0995    
  -97.65870       47.19620       28.24085    
  -96.23840       30.37930       3.485916    
  -107.9083       26.00440       35.78980    
  -105.0991       21.72050       190.4945    
  -104.2904       21.15850       98.38725    
  -102.0993       19.18370       127.5812    
  -101.5471       19.06880       310.6408    
  -102.3177       18.36710       139.3566    
  -103.2926       18.27230       415.2592    
  -97.64160       47.16260       16.28515    
  -97.60930       47.16090       17.90314    
  -82.20590       33.35150       104.5749    
  -107.8999       25.98230       63.31185    
  -98.25110       20.80510       5.064444    
  -103.8882       20.71550       41.54024    
  -101.9310       18.15770       169.0803    
  -75.46070       49.64610       109.8299    
  -102.7077       20.43580       109.0375    
  -102.6841       20.43510       83.68540    
  -102.8214       18.24010       62.38343    
  -100.0548       17.89390       55.64778    
  -101.0896       17.44190       26.64599    
  -90.27220       35.52050       13.45695    
  -100.5367       18.08400       56.52435    
  -104.2850       21.13770       49.60341    
  -102.6033       20.29030       37.17687    
  -105.4710       20.21210       151.2577    
  -103.1161       19.87820       86.47042    
  -102.3135       18.34700       150.9505    
  -103.1077       20.14190       34.30355    
  -103.4996       18.57810       117.3184    
  -78.07350       35.21350       5.051289    
  -100.3312       18.99800       138.8639    
  -102.5619       18.21350       72.78204    
  -101.7019       18.15200       77.68673    
  -73.93150       50.18190       67.95293    
  -74.80740       49.50480       83.05360    
  -78.09630       35.21360       5.472230    
  -96.98690       34.40930       748.5010    
  -98.11970       20.70010       4.682966    
  -100.7857       18.32910       574.1205    
  -75.19670       50.43300       119.5517    
  -98.85490       21.57710       3.775313    
  -98.83230       21.57650       4.091018    
  -98.10530       20.74050       6.567335    
  -104.6652       19.41610       172.0603    
  -102.9992       18.20470       186.5532    
  -102.9759       18.20410       208.7557    
  -102.9717       18.18400       272.6042    
  -91.96320       35.67080       83.81758    
  -77.27440       35.25910       98.80208    
  -79.20430       34.97380       15.05005    
  -79.46470       34.75430       4.196254    
  -97.01240       34.41030       828.4291    
  -102.0096       18.31930       119.2890    
  -96.80780       16.64280       51.67170    
  -93.98020       37.68070       34.06464    
  -102.1442       33.28850       225.0481    
  -107.4049       25.28980       82.98354    
  -105.0247       20.91440       166.2925    
  -104.8150       19.44070       354.0080    
  -102.9950       18.18460       220.9736    
  -101.7228       17.91350       56.75485    
  -101.6999       17.91300       43.49574    
  -74.77410       50.21640       116.9333    
  -102.1540       33.31310       107.1982    
  -104.2480       20.62410       114.6908    
  -100.9585       18.97350       74.23772    
  -100.9021       18.23220       130.6667    
  -79.07290       35.07160       61.99991    
  -103.7821       21.14280       50.51670    
  -101.4220       17.76710       86.34398    
  -104.6305       20.79950       166.1462    
  -103.3013       19.15560       107.1775    
  -71.28050       17.90120       72.89246    
  -101.8582       18.13590       150.0308    
  -101.8541       18.11590       148.4543    
  -102.4444       18.09080       260.3405    
  -101.4447       17.76760       67.89474    
  -101.4409       17.74770       30.65522    
  -101.4182       17.74710       60.79129    
  -97.59160       47.98570       20.79711    
  -102.8302       21.42230       68.02089    
  -104.0099       20.53510       99.46818    
  -103.9566       20.51310       177.8359    
  -105.0472       19.79220       200.7681    
  -102.1897       18.30390       256.9705    
  -71.28000       17.92080       265.1158    
  -89.74550       37.49020       125.0074    
  -89.73940       37.46410       91.52943    
  -78.94110       35.16960       80.01096    
  -94.84790       34.25740       43.51714    
  -110.9708       29.69960       36.57467    
  -104.1618       20.66240       29.36330    
  -104.5054       19.24980       5.110485    
  -104.4814       19.24910       22.76012    
  -103.6902       18.90460       213.3538    
  -102.3408       18.36770       135.5795    
  -75.53060       50.50590       96.03551    
  -108.1206       38.82900       144.7782    
  -103.3897       18.71560       153.7094    
  -77.70800       18.09410       20.55806    
  -77.17250       18.15170       16.19589    
  -84.79810       15.56860       28.05482    
  -73.87880       49.89580       84.34308    
  -108.2261       33.51730       50.60233    
  -109.0413       26.35880       11.69426    
  -84.81740       15.56880       54.17508    
  -85.36960       15.76620       47.98745    
  -120.3460       36.69690       33.26748    
  -101.7082       34.31420       36.21791    
  -85.84900       15.69330       228.5934    
  -109.8787       33.26840       140.1473    
  -70.23230       18.27840       22.51846    
  -102.2571       50.91960       14.15212    
  -99.04450       34.32030       57.19519    
  -99.01840       34.31920       451.7618    
  -120.8192       35.78320       172.8443    
  -98.99230       34.31810       51.37292    
  -85.93350       15.50130       25.95409    
  -90.73110       36.13650       5.932634    
  -78.91820       35.16940       163.8808    
  -96.97890       34.38450       255.1312    
  -85.62860       15.57570       23.17572    
  -97.00440       34.38550       276.9396    
  -72.53780       48.74770       72.98649    
  -95.97140       48.95050       26.12464    
  -105.6462       34.16220       44.78006    
  -98.67650       16.64020       38.93101    
  -98.84470       16.60440       63.67331    
  -90.71000       31.27740       18.43215    
  -98.79620       21.18630       65.77740    
  -99.65910       48.77960       30.04465    
  -91.04610       34.06400       25.41869    
  -100.8140       18.58930       216.8962    
  -100.7913       18.58880       53.73760    
  -100.6931       17.23490       107.0650    
  -91.05170       34.08850       23.99362    
  -101.7183       34.33920       155.7463    
  -102.8714       34.02560       28.16949    
  -98.72030       21.14340       16.03694    
  -101.0368       20.00360       111.9350    
  -70.04090       19.34640       36.97619    
  -101.6210       18.42940       85.65683    
  -92.40060       44.28020       6.971832    
  -93.59160       44.26820       8.695058    
  -91.75190       30.98070       7.761096    
  -99.08060       30.43330       27.69857    
  -103.0668       19.04860       99.58266    
  -102.8808       18.30160       443.0980    
  -102.8575       18.30100       422.3301    
  -85.76650       15.61550       39.64267    
  -93.11170       44.67410       17.64005    
  -93.08260       44.67290       42.31113    
  -93.00410       44.06280       16.73240    
  -92.99310       44.03230       14.68031    
  -101.0598       20.00430       107.8727    
  -103.5347       18.84000       217.2951    
  -100.6895       17.21510       83.63438    
  -88.80250       15.72380       35.12146    
  -93.20660       44.46450       19.04099    
  -108.7762       38.28390       162.0834    
  -104.5804       21.78650       99.58266    
  -98.19050       20.72220       38.70453    
  -105.0632       20.13840       98.85194    
  -105.1550       19.83600       156.2843    
  -105.1307       19.83530       57.69668    
  -105.0229       19.79140       84.47635    
  -105.0177       19.77100       143.8802    
  -102.4060       18.34930       99.66160    
  -102.6504       18.19580       180.0686    
  -100.8757       17.37750       52.37897    
  -99.45910       17.14840       43.58136    
  -93.94680       43.92160       15.94313    
  -93.91790       43.92040       11.43117    
  -96.99470       32.19680       46.40687    
  -104.7079       22.33030       126.7419    
  -98.28340       20.96900       3.696386    
  -104.8960       20.05190       111.1645    
  -100.8794       17.39740       9.010764    
  -94.91600       44.41670       18.52797    
  -104.8402       22.10600       176.5687    
  -98.67230       21.34680       22.39003    
  -104.9868       20.21770       243.0072    
  -104.9151       20.03220       147.3343    
  -104.8908       20.03140       176.9750    
  -103.3362       18.89490       144.5131    
  -103.3126       18.89430       202.0556    
  -98.62870       18.31880       61.84645    
  -102.8426       18.12080       242.1908    
  -99.61640       16.77760       129.6676    
  -85.39210       49.08550       83.44078    
  -97.75280       47.56260       20.07362    
  -98.64120       47.38110       32.51768    
  -81.30090       36.87930       25.51522    
  -110.5915       31.35160       187.0425    
  -106.0133       28.75860       184.5069    
  -103.8073       25.17350       106.7557    
  -104.8201       19.46110       47.32017    
  -103.5518       19.12220       246.3291    
  -103.2404       19.09350       123.4930    
  -95.73980       50.81420       3309.836    
  -99.35950       36.15220       30.52408    
  -95.51670       32.73730       37.33099    
  -109.0137       26.35760       12.53615    
  -104.9815       20.19710       62.97581    
  -103.3164       19.01510       137.8129    
  -100.6626       17.31330       144.7758    
  -103.6423       37.54220       49.31800    
  -97.99200       22.81420       120.8655    
  -103.3249       19.15630       151.4856    
  -71.19680       18.17610       29.11132    
  -104.8477       28.17000       115.2864    
  -106.8807       24.23980       140.8215    
  -100.9069       21.88080       115.0426    
  -104.4677       21.90710       150.1199    
  -103.1795       18.60970       161.8546    
  -102.7919       18.31930       137.0685    
  -100.2297       17.00750       197.5888    
  -82.35470       46.77290       69.50172    
  -110.6217       31.35320       405.9803    
  -104.0346       28.33760       109.6805    
  -107.4957       25.03480       82.85957    
  -103.7445       22.36120       106.2682    
  -68.85590       18.44330       28.16949    
  -99.34350       17.24460       55.23970    
  -115.4518       36.89010       65.89838    
  -110.6344       31.37740       280.7821    
  -110.6042       31.37580       359.1949    
  -98.15780       20.78250       3.827930    
  -77.30360       17.95580       159.7526    
  -85.34670       15.70820       48.59609    
  -97.30750       47.30840       54.14022    
  -77.80990       34.91550       15.35845    
  -109.6858       33.40310       193.7689    
  -116.6084       32.55620       102.8708    
  -97.27530       47.30670       60.66809    
  -90.71900       36.08570       14.03574    
  -113.8979       35.25860       170.8578    
  -107.3757       25.35340       117.1779    
  -100.9877       17.61790       141.9226    
  -97.56890       46.83370       17.00206    
  -71.95570       19.47750       79.87632    
  -101.0883       18.37630       83.56879    
  -85.34430       15.66960       85.68018    
  -97.47720       47.02350       8.195190    
  -104.0176       38.00730       200.3497    
  -101.1123       32.35860       129.1792    
  -100.2699       20.57210       91.40041    
  -104.2304       19.78840       97.12513    
  -100.2104       18.95490       142.0607    
  -97.84950       46.52640       24.90128    
  -97.83290       46.49350       25.44061    
  -83.55780       35.44690       29.86965    
  -93.65440       33.27300       102.0069    
  -105.0486       22.32090       219.3971    
  -104.9900       21.05710       114.8222    
  -102.9589       20.50420       87.98244    
  -102.9352       20.50350       80.82674    
  -110.0824       35.87890       66.95604    
  -107.6688       35.11100       135.5163    
  -108.1472       27.15590       290.0772    
  -104.9956       21.07780       68.31527    
  -98.37090       20.84890       48.54650    
  -68.85510       18.46300       2.797503    
  -111.9595       40.99980       12.79923    
  -116.8258       36.85630       81.86763    
  -119.1985       35.74290       21.02073    
  -100.2928       20.57270       72.38912    
  -105.8008       23.01580       206.1282    
  -102.0706       21.87380       50.94482    
  -99.64820       18.22250       114.3871    
  -78.00000       35.63610       4.367261    
  -101.5132       19.45030       114.3871    
  -100.9436       18.21320       86.88302    
  -111.7033       33.71310       178.9011    
  -108.9399       26.37630       192.6639    
  -111.9411       34.61300       137.9537    
  -104.8974       22.73310       64.27156    
  -103.2081       48.52860       11.37856    
  -97.65540       46.32420       7.829499    
  -105.7271       28.49850       108.7055    
  -108.9489       26.39860       87.88792    
  -108.9675       26.37750       10.57175    
  -99.34900       21.77540       56.06760    
  -104.7610       19.31780       84.10093    
  -101.0519       17.48060       24.58586    
  -99.26430       16.77020       81.45283    
  -99.60380       48.74210       12.04943    
  -96.90950       48.52150       17.85052    
  -96.64640       46.72100       17.70582    
  -117.3072       35.86440       145.7532    
  -104.8249       21.87720       78.17979    
  -101.8082       20.06500       98.69598    
  -92.39690       31.18360       5.130216    
  -98.40620       29.31510       15.61427    
  -101.8315       20.06560       182.8747    
  -76.90260       18.01380       27.91262    
  -77.30150       17.81870       4.551423    
  -119.8871       38.39360       58.99324    
  -106.6752       34.75840       1132.146    
  -106.6457       34.75680       180.6614    
  -105.9872       32.99010       62.66411    
  -105.9068       28.95710       86.28199    
  -108.8780       27.54330       57.30734    
  -99.36200       16.83120       104.8377    
  -85.37360       15.51570       31.98520    
  -109.9760       46.67900       62.50372    
  -77.99900       35.61110       37.32906    
  -109.0881       27.19780       95.64140    
  -104.2442       20.13430       81.71602    
  -103.9717       19.80120       125.8578    
  -102.1877       19.16590       147.6333    
  -85.59230       15.61390       42.69211    
  -96.91550       48.65790       85.27998    
  -96.88240       48.65610       52.99908    
  -102.2672       48.50040       11.10231    
  -105.8151       33.63400       52.14352    
  -103.0908       26.35830       59.22769    
  -104.7693       22.37400       115.3634    
  -69.04610       18.52100       19.80176    
  -66.27430       18.40310       32.80547    
  -96.58850       47.50090       29.56671    
  -110.1067       43.22130       133.0019    
  -104.7084       19.39710       140.4667    
  -100.3245       19.07810       55.32235    
  -100.6258       17.23340       150.2936    
  -99.35870       16.81150       81.26262    
  -117.4008       33.38180       260.7958    
  -104.7134       19.41750       194.3044    
  -78.74820       34.55270       20.78634    
  -69.04530       18.54070       16.61776    
  -69.06550       18.52090       16.22760    
  -102.8342       18.30040       63.45799    
  -95.85600       47.07040       15.97821    
  -112.1874       46.82110       121.8395    
  -102.5332       18.73300       121.3838    
  -102.4461       18.21050       108.7132    
  -98.48430       16.38150       61.56189    
  -97.86620       46.55940       38.23985    
  -101.9332       32.20420       91.15668    
  -97.46470       47.67930       16.90998    
  -101.3401       47.83790       9.924994    
  -112.9426       33.34790       1654.307    
  -112.9100       33.34600       1608.241    
  -108.9584       26.35520       10.06312    
  -103.1605       18.62920       155.4173    
  -95.70550       50.81230       1780.909    
  -117.9062       40.88590       308.3240    
  -112.9270       33.32270       845.7584    
  -112.8945       33.32080       889.9352    
  -104.0591       20.82300       181.5610    
  -112.9582       33.37320       564.8139    
  -112.9256       33.37120       181.6033    
  -109.6547       26.84760       6.945523    
  -69.06460       18.54060       14.40407    
  -100.5873       17.39070       46.43578    
  -85.57410       15.63300       20.66840    
  -97.86950       45.39000       57.77409    
  -99.74630       49.37070       20.85630    
  -99.71140       49.36860       26.67712    
  -97.54670       47.22290       24.19094    
  -104.8622       37.06290       139.6598    
  -111.0006       29.70110       93.10655    
  -102.1420       18.18290       89.65475    
  -95.72500       50.84980       3326.265    
  -100.0373       49.84370       10.41828    
  -115.7951       33.89040       203.7620    
  -95.75940       50.85170       2327.662    
  -95.83630       49.77950       73.22077    
  -103.7315       49.07580       9.681638    
  -99.61720       48.70880       22.71765    
  -98.30050       22.98910       5.610352    
  -95.66610       49.70020       68.99023    
  -110.4678       46.78120       81.42607    
  -114.5577       34.97540       86.01154    
  -77.15370       18.17130       10.23897    
  -97.90070       45.39170       26.33759    
  -113.4948       32.96900       99.16882    
  -105.3715       19.92380       62.19580    
  -102.3809       18.22880       92.22663    
  -115.0008       48.84120       281.4916    
  -107.2966       45.44030       55.48276    
  -112.0754       41.45850       239.6290    
  -122.0535       38.24260       30.37956    
  -101.1438       18.19810       135.8423    
  -95.69060       50.84800       745.1314    
  -108.6850       47.38990       53.51346    
  -113.5104       32.99410       1289.492    
  -113.4776       32.99210       273.5919    
  -113.4620       32.96710       1179.268    
  -111.6797       48.59020       68.06912    
  -105.7443       42.34450       105.7807    
  -93.05350       34.12440       4.472497    
  -108.4775       33.55520       109.1930    
  -113.5261       33.01920       335.6223    
  -113.5432       32.99610       826.9909    
  -113.5276       32.97100       492.6713    
  -113.5119       32.94590       468.9450    
  -113.4791       32.94390       874.3972    
  -113.4464       32.94200       425.8040    
  -109.0591       26.46920       95.71437    
  -104.7119       21.37760       90.91186    
  -69.25730       18.55920       4.485650    
  -101.9431       50.32140       15.94971    
  -95.65360       49.80530       40.32774    
  -104.8250       47.50440       31.70379    
  -104.9925       47.45030       25.22734    
  -113.4008       41.58350       233.0618    
  -106.3744       39.44960       104.7366    
  -103.4826       29.07950       183.5320    
  -69.25810       18.53950       3.827931    
  -113.0857       51.30490       81.85419    
  -94.69120       49.89770       106.9397    
  -98.00670       48.34440       11.35663    
  -97.42330       46.72900       51.90726    
  -109.8751       47.28530       64.13053    
  -112.6023       35.35240       152.3340    
  -102.5704       18.47350       61.47465    
  -95.74460       50.88740       792.0099    
  -104.8004       47.46990       36.94664    
  -113.2762       42.11640       155.7463    
  -79.30780       35.17240       34.88483    
  -108.0680       26.68950       101.6093    
  -104.3765       19.40780       78.82532    
  -100.8046       17.35610       81.97833    
  -95.77900       50.88920       772.1984    
  -95.79380       50.85350       513.2286    
  -111.4717       46.28510       141.2755    
  -94.75600       50.90880       89.82953    
  -106.8490       48.82000       51.62978    
  -108.1576       39.58640       50.34546    
  -108.0769       26.71190       148.7171    
  -104.5929       19.41400       62.02997    
  -69.42670       18.67660       61.97301    
  -96.14360       50.18630       75.17332    
  -105.8338       48.07180       57.53767    
  -106.9420       42.85710       49.48925    
  -112.6467       42.21330       72.43581    
