  -102.2515       18.92640       4595.224    
  -109.6423       30.50830       24203.81    
  -101.8541       20.26930       3997.245    
  -124.9539       52.45300       79986.12    
  -105.2347       21.76640       16255.53    
  -78.17930       21.06070       318.7123    
  -101.8997       19.21870       6849.044    
  -92.67050       15.21350       3197.545    
  -101.6677       20.46760       7759.914    
  -101.5843       20.30250       8416.924    
  -98.47620       18.57430       5097.370    
  -83.16390       42.30190       1148.687    
  -102.2042       17.92530       4376.070    
  -103.3664       19.64210       3948.913    
  -100.5891       17.15360       5581.518    
  -96.52800       28.69040       1320.965    
  -102.0080       20.23290       5932.224    
  -99.25450       17.87580       10045.89    
  -103.4043       19.60270       7018.171    
  -103.7886       19.22960       6227.200    
  -104.2735       19.76940       5430.188    
  -70.34600       18.92870       24868.40    
  -87.86330       15.26990       3465.538    
  -103.2670       19.61910       7896.994    
  -101.1850       20.57650       938.0362    
  -101.4782       19.06700       4712.002    
  -76.37510       20.75370       417.7567    
  -76.39460       20.75370       456.4890    
  -92.36960       16.19730       2092.401    
  -76.83600       20.23250       687.2235    
  -72.33260       19.00040       333.6520    
  -75.16500       20.19060       348.5916    
  -120.2799       38.63750       23200.79    
  -110.8616       33.42080       7828.699    
  -89.71060       35.93100       722.9127    
  -96.85030       32.45180       3941.723    
  -96.85750       32.47580       4519.034    
  -101.7973       31.35190       24669.49    
  -104.2014       19.76730       9355.796    
  -104.2925       19.74970       4724.096    
  -104.2445       19.74830       19423.17    
  -98.71940       18.46020       2126.353    
  -104.3075       19.81100       8005.092    
  -103.4705       19.48320       4041.633    
  -103.4942       19.48390       770.2216    
  -97.70510       38.78090       8235.824    
  -76.91460       20.29270       463.3363    
  -97.69450       38.75370       805.0807    
  -86.53570       30.72350       5114.888    
  -96.95250       27.96930       8299.970    
  -98.33520       26.06580       834.4564    
  -76.72880       20.93560       809.2305    
  -76.74830       20.93560       828.3201    
  -103.7649       19.22890       2165.027    
  -78.64730       38.65150       1672.939    
  -98.11850       28.72020       2428.628    
  -71.97940       19.27890       544.4669    
  -98.01520       26.27220       106308.8    
  -101.9240       20.27120       505.4579    
  -97.92380       27.55850       1681.562    
  -98.02060       26.29410       19718.02    
  -98.03860       26.27300       16002.87    
  -97.99180       26.27150       6033.955    
  -103.2683       25.58450       6418.340    
  -101.6308       20.30380       4182.348    
  -91.44460       30.71900       2459.585    
  -98.09450       28.71940       2128.786    
  -71.80850       43.67550       4724.322    
  -97.74770       26.50260       3353.119    
  -97.72080       26.11170       1087.274    
  -78.98870       38.70730       2797.700    
  -95.06390       32.41330       83525.91    
  -97.72430       26.50190       9667.101    
  -70.22010       45.49300       6256.099    
  -84.91930       30.87920       1689.019    
  -102.3353       20.03890       6078.308    
  -72.35150       19.02020       454.8290    
  -72.74850       42.58050       5949.744    
  -105.8912       40.18500       4366.268    
  -103.6244       20.42160       6799.922    
  -91.30570       30.48580       693.8633    
  -78.64570       38.62500       1931.997    
  -97.75670       26.06960       4000.504    
  -97.73340       26.06890       2673.642    
  -102.2136       20.21830       4589.710    
  -91.87320       30.68440       1000.541    
  -95.42030       28.92480       41124.52    
  -94.28300       33.00590       4204.215    
  -91.55830       30.49240       687.2235    
  -94.52620       29.55110       4346.515    
  -97.99430       35.86610       644.8945    
  -97.73880       26.09060       1655.810    
  -91.23690       30.48410       527.8672    
  -102.3634       20.06000       15414.33    
  -78.52220       38.57100       1712.369    
  -78.55670       21.91430       889.7385    
  -101.6911       20.67200       8733.817    
  -103.6294       20.44220       3239.571    
  -86.07600       15.00270       1108.023    
  -94.72430       34.08240       33129.21    
  -97.67420       26.11030       13084.40    
  -92.31930       31.04250       810.8905    
  -91.43400       30.44340       26269.75    
  -112.3609       29.65700       51791.20    
  -97.66890       26.08850       1802.717    
  -76.07890       20.33150       720.4228    
  -100.6293       20.33770       9035.984    
  -114.3022       46.61060       10594.32    
  -76.09830       20.33150       693.8633    
  -84.27230       33.79070       970.6229    
  -91.50290       30.44520       552.7667    
  -78.19100       18.27230       4086.720    
  -92.17760       30.92310       493.0081    
  -97.23400       28.95980       1984.791    
  -92.83680       34.97660       3735.053    
  -92.14120       30.96830       4888.035    
  -94.53160       29.57390       22170.02    
  -98.89760       27.92230       3576.330    
  -103.6411       20.58540       6228.865    
  -101.6543       20.20280       5267.491    
  -102.3868       20.06060       14199.40    
  -94.17780       29.74470       19978.31    
  -94.45080       29.52620       46104.46    
  -100.5182       18.22300       22660.80    
  -102.7919       18.09960       2444.263    
  -100.2329       17.40250       4887.170    
  -92.74560       15.34980       2233.191    
  -112.3302       29.65540       10610.57    
  -101.0346       26.91700       4939.684    
  -99.36520       18.73450       6737.944    
  -97.74580       32.55610       485.5383    
  -94.20110       29.74540       7949.679    
  -101.6335       27.04820       11847.05    
  -80.72020       22.86900       949.4972    
  -100.5407       18.22350       5873.528    
  -100.5143       18.20300       15766.14    
  -95.86610       29.95580       1573.467    
  -91.37500       30.60230       922.7759    
  -91.45700       30.44400       538.1591    
  -90.74080       30.03770       850.6110    
  -95.42570       28.94740       1674.900    
  -95.62000       15.97700       14920.47    
  -100.4956       18.22240       6396.337    
  -91.67140       30.81710       722.0826    
  -112.1341       35.95430       7742.398    
  -92.11300       30.94440       3813.913    
  -97.68490       26.15390       13106.01    
  -97.70280       26.13280       2562.978    
  -97.67960       26.13210       4876.962    
  -90.42330       29.66710       8451.825    
  -95.73840       28.80000       11132.08    
  -98.03120       29.34720       1902.314    
  -91.67630       30.84030       683.9036    
  -101.5334       20.28080       1064.034    
  -95.04000       29.27300       560.8589    
  -92.05500       29.91220       463.9589    
  -99.82220       25.66000       5553.576    
  -96.03160       32.06840       782.6711    
  -97.71440       31.16890       826.3281    
  -92.86150       34.97740       6905.973    
  -98.03760       29.37010       10025.14    
  -96.44880       29.38480       647.3845    
  -101.7244       28.04590       14598.07    
  -101.1491       38.04250       1322.158    
  -99.18720       18.73040       9362.695    
  -98.83270       18.60240       3042.740    
  -95.08830       32.41410       12583.32    
  -94.03470       34.15640       6198.145    
  -98.81170       30.51530       2982.076    
  -94.16520       29.78970       5915.458    
  -94.53710       29.59670       3238.582    
  -96.42500       29.38400       463.1289    
  -79.30330       21.79550       395.0705    
  -98.76640       18.60090       4514.993    
  -93.88380       16.20120       4943.115    
  -95.71500       28.79930       4011.294    
  -101.9146       20.33200       5964.448    
  -94.73120       34.10700       7379.059    
  -94.28650       31.91660       4776.828    
  -78.92740       21.77330       444.8693    
  -95.19980       16.28150       5432.569    
  -92.15940       30.94570       434.9095    
  -90.51390       30.03220       1114.663    
  -98.01340       29.36920       15980.04    
  -95.74400       28.82260       10827.20    
  -119.2642       37.05760       75829.04    
  -91.49470       30.62840       4484.285    
  -92.20210       29.96160       1046.107    
  -101.8680       20.33070       9546.621    
  -101.5889       20.32300       4162.804    
  -82.47170       42.55020       4471.618    
  -97.76740       26.11310       17385.73    
  -71.19010       18.43180       453.9991    
  -94.05930       34.15720       5999.980    
  -91.47420       29.85170       566.8764    
  -98.95580       26.38870       3207.397    
  -97.74410       26.11240       29431.79    
  -95.87210       29.97880       470.4327    
  -92.54490       44.04440       832.8851    
  -91.09570       30.00110       563.8331    
  -95.40230       28.94670       10384.86    
  -98.93200       19.26510       1367.484    
  -111.9803       30.67750       15137.53    
  -92.70330       30.47770       859.8593    
  -101.6538       20.40610       2167.465    
  -84.07920       15.06330       2016.908    
  -91.60700       30.83840       21646.85    
  -91.60210       30.81530       10501.28    
  -96.68230       28.56120       4678.402    
  -101.8940       21.04580       2765.984    
  -94.99260       33.55820       580.1561    
  -95.37030       32.99470       3183.450    
  -92.03220       30.45920       463.1289    
  -98.93580       19.28530       2432.667    
  -92.39670       33.90950       3578.945    
  -108.7464       42.57090       8709.443    
  -98.96520       18.72520       6092.044    
  -101.0340       20.30790       3367.113    
  -91.62520       30.81590       732.8724    
  -95.73290       28.77750       35410.08    
  -94.18310       29.76750       2171.595    
  -103.7953       20.63090       622.4850    
  -103.8931       20.45000       6160.168    
  -92.03710       30.48230       904.6783    
  -91.49250       29.82950       398.3904    
  -101.9053       20.29100       8402.508    
  -99.22450       18.57150       4519.318    
  -93.57960       15.88530       2477.375    
  -98.51670       18.55530       459.8090    
  -92.89830       15.44870       378.4709    
  -102.4338       20.16350       5863.104    
  -92.51860       15.11490       3852.830    
  -91.73100       30.77270       635.7647    
  -99.15020       18.64960       1743.296    
  -98.56430       18.57630       590.9458    
  -99.58510       42.71260       11511.39    
  -105.1885       23.54140       4282.232    
  -92.57540       15.07710       1961.441    
  -78.99330       21.97740       1268.541    
  -97.69380       33.94830       11939.11    
  -108.2437       31.13610       21990.26    
  -101.8307       20.37030       3759.539    
  -101.8447       20.33000       2482.047    
  -98.57570       18.51680       3853.682    
  -102.6591       19.82490       3799.292    
  -84.00070       15.02430       3779.236    
  -92.53690       15.09580       2054.843    
  -100.9108       22.19100       3353.597    
  -104.4741       19.61300       3814.926    
  -103.8267       19.19030       16424.69    
  -108.1762       30.57390       46546.31    
  -78.35200       21.64890       370.1711    
