  -90.50920       32.56140       1.595617    
  -110.9320       34.42900       7.797701    
  -92.41460       16.23680       15.32715    
  -119.7018       49.96630       15.81568    
  -89.71060       35.93100      0.8061859    
  -70.34600       18.92870       8.337446    
  -93.87020       16.25940       2.746833    
  -93.32690       15.82320       4.344110    
  -110.8616       33.42080       12.56744    
  -124.5212       48.27070       27.65872    
  -93.27930       30.26510       32.89182    
  -112.1176       38.44630       91.09152    
  -109.6423       30.50830       80.64663    
  -70.36530       18.92860       1.503260    
  -112.0977       38.41840       130.3577    
  -98.64710       19.03790       10.84804    
  -102.2042       17.92530       1.089501    
  -88.56710       33.44340       59.43370    
  -80.61340       26.55540       1.350518    
  -80.61220       26.53380       1.611101    
  -82.11660       31.67310       131.2814    
  -80.50620       26.48990       1.203645    
  -80.49040       26.57600      0.7967808    
  -68.52960       45.86180       1.744844    
  -93.80480       33.66330       2.236038    
  -95.98220       33.66560      0.8238029    
  -80.54880       26.51170       1.232755    
  -80.57570       26.61980      0.6577201    
  -80.53300       26.59790      0.7566913    
  -80.45510       26.68370      0.9922176    
  -72.21090       43.52380       2.210902    
  -70.38480       44.59440       9.521058    
  -84.40740       31.40250       2.592051    
  -70.75150       44.37730       10.37262    
  -78.37790       21.87280      0.3645648    
  -93.32470       15.80370       10.87606    
  -108.9635       37.53310       81.49899    
  -83.10500       32.27110       8.250147    
  -84.42960       31.40280       2.944139    
  -83.30010       32.84130       62.23122    
  -83.86540       30.49620       21.67088    
  -70.30570       44.87130       9.633915    
  -123.3896       45.41050       26.69149    
  -84.51560       31.38100       8.325796    
  -80.68330       22.93060       2.166021    
  -70.11080       45.21360       1.439640    
  -98.15740       19.85050       10.29463    
  -120.2507       34.70920       42.37955    
  -84.78440       30.30450       20.28806    
  -90.81170       29.69910       2.448058    
  -83.33000       31.87550       1.589008    
  -90.71140       30.35630       9.145808    
  -84.51840       31.40420       1.403966    
  -68.65630       18.58250       4.484938    
  -97.66660       35.07750       3.628722    
  -87.12420       31.82380       4.311787    
  -84.49600       32.50420       4.281077    
  -83.82790       32.35220       1.462290    
  -84.43540       15.62350       8.741428    
  -124.4993       53.04210       207.5550    
  -96.60770       36.64640       5.027207    
  -85.24540       15.63020       14.74912    
  -86.74850       31.11910       6.313584    
  -72.52140       43.61130       1.623914    
  -105.1758       41.62240       2.642036    
  -80.71190       26.46990       5.983012    
  -79.42150       35.52120       1.989047    
  -73.83900       44.54040       8.196351    
  -108.9790       37.50800       94.79838    
  -68.65730       45.51380       1.664224    
  -123.4439       45.41560       28.89775    
  -111.7275       35.22310       148.5288    
  -86.61680       15.27670       4.776855    
  -94.53230       31.85400       10.34184    
  -96.68560       35.96400       2.250623    
  -91.15000       30.16190      0.6727536    
  -120.2742       40.88030       6.768179    
  -92.71490       35.07170       1.011832    
  -84.78710       30.32740       21.65397    
  -91.69800       29.94830      0.4303368    
  -89.10230       15.99820       3.312175    
  -105.9852       39.61630       19.03287    
  -112.1324       38.42070       12.72585    
  -88.68110       17.72870       7.507068    
  -88.37940       17.25450       16.64532    
  -86.71050       31.16460       4.893856    
  -91.24130       30.39260      0.5825520    
  -88.70880       18.02400       3.661701    
  -78.72170       22.13950      0.3651912    
  -85.43920       15.32380       16.70659    
  -111.1040       34.56290       7.877273    
  -86.55860       15.27610      0.5418360    
  -123.4497       45.38530       144.3247    
  -92.69030       35.07090      0.8393761    
  -91.71760       30.81840      0.6518737    
  -110.9485       34.40530       6.148207    
  -84.98920       31.97130       9.244409    
  -102.4994       39.23000       7.952610    
  -92.20900       30.85480      0.4547664    
  -96.76270       35.04180       3.922282    
  -92.39440       31.06780      0.6752592    
  -80.68060       26.64230      0.6595993    
  -88.68290       17.74830       3.661701    
  -82.16390       31.46440       2.859586    
  -120.1285       49.52330       46.55444    
  -112.1575       38.50220       347.5451    
  -112.1227       38.49990       384.7116    
  -98.32500       34.68380       4.408583    
  -121.1104       50.35070       96.02332    
  -96.76710       39.22210       85.52071    
  -96.75680       39.19470       2.597889    
  -98.33370       34.70880       52.39329    
  -88.91410       17.86930       2.266932    
  -96.73970       39.22090       2.583274    
  -96.72940       39.19350       105.3746    
  -92.66560       35.07010       35.86552    
  -70.11450       18.91010       7.079698    
  -111.1194       34.58850       48.70200    
  -120.2108       34.70640       62.15157    
  -91.21380       30.25480      0.3783457    
  -81.25620       33.55620       8.858173    
  -112.1375       38.47430       353.5400    
  -86.53680       31.81210       19.23557    
  -78.73640       21.97620      0.2906496    
  -116.1521       46.76840       12.98721    
  -112.1028       38.47190       331.1351    
  -97.56000       36.76230      0.8485633    
  -84.15120       30.70650       1.584602    
  -112.4317       34.49410       19.87328    
  -91.77010       30.95810      0.4284576    
  -84.63540       29.96110       18.21376    
  -121.1679       50.35640       54.90872    
  -83.70120       15.15650       6.540018    
  -88.59330       33.70910       3.669495    
  -98.50170       18.59490      0.7015681    
  -120.9524       49.50080       17.68196    
  -121.4089       45.94150       34.37011    
  -112.1775       38.53020       204.8080    
  -112.1427       38.52790       115.4698    
  -102.3196       37.36970       35.47351    
  -102.2910       37.36820      0.5612544    
  -121.3851       41.93460       9.336824    
  -97.48820       36.70810      0.4807620    
  -124.3541       43.29840       22.13257    
  -83.95100       15.17750       7.507217    
  -96.79450       39.22320       20.41870    
  -100.8261       37.11490       6.792643    
  -112.9400       42.98970       7.290063    
  -108.2139       25.69100       3.783657    
  -108.0645       25.29500      0.7701588    
  -113.6195       42.60400       1.039920    
  -116.2651       47.35940       21.97984    
  -114.7399       43.36390       8.651853    
  -114.6995       43.36070       8.146278    
  -116.9859       44.20190       1.950610    
  -121.3741       41.96230       9.397984    
  -108.0727       25.31700      0.7059528    
  -97.25260       38.44200       3.838019    
  -113.0314       38.37520       6.531700    
  -123.7433       43.89490       66.88815    
  -119.6926       45.01170       80.03324    
  -116.7138       42.75920       37.32932    
  -108.1639       25.27750      0.4873393    
