  -105.0974       49.76230       16.19244    
  -113.0209       48.43340       216.0925    
  -108.5073       39.14850       304.8102    
  -119.9233       39.63650       5785.848    
  -119.9368       39.61030       9202.960    
  -119.8938       39.60690       9424.200    
  -119.9074       39.58070       985.8300    
  -119.8644       39.57730       1341.733    
  -114.2793       38.40810       2217.895    
  -114.2429       38.40560       3956.757    
  -114.2939       38.38260       22089.88    
  -114.2576       38.38000       10695.05    
  -114.2213       38.37750       3096.216    
  -114.1850       38.37500       3180.070    
  -114.2722       38.35450       11085.23    
  -114.2359       38.35190       19171.90    
  -114.1996       38.34940       9426.928    
  -114.2506       38.32640       1593.986    
  -114.2143       38.32390       979.4976    
  -115.0395       37.56400       1239.970    
  -115.0911       37.54140       1013.598    
  -115.0546       37.53890       626.0062    
  -115.1062       37.51630       664.0524    
  -115.0697       37.51380       3112.256    
  -115.0332       37.51130       2553.164    
  -115.1213       37.49120       288.4630    
  -115.0848       37.48870       1824.713    
  -115.0483       37.48620       926.0965    
  -115.0635       37.46110       279.9174    
  -112.0631       37.05210       625.7443    
  -112.0293       37.05000       797.3975    
  -77.99950       35.08930       46.11354    
  -99.99510       33.31540       450.5324    
  -112.3411       33.38520       17.78976    
  -93.18470       17.89460       114.0772    
  -93.11510       17.83420       109.8067    
  -104.8378       42.40350       153.7111    
  -122.1907       40.12130       214.2964    
  -115.0609       37.59170       1301.990    
  -115.0181       37.53640       334.1711    
  -115.0119       37.48370       269.7758    
  -109.4012       35.86360       8882.409    
  -96.95850       35.17350       212.7846    
  -109.0423       38.45960       556.7365    
  -114.3157       38.41070       3009.424    
  -114.3303       38.38510       1546.032    
  -114.3086       38.35700       655.4125    
  -93.45430       18.05720       7.485480    
  -88.66320       17.96440       5.762880    
  -108.4896       39.12040       268.1282    
  -119.8509       39.60350       1857.932    
  -97.44050       36.50180       75.02077    
  -100.0039       33.33990       231.5859    
  -100.0212       33.31650       444.6884    
  -102.2609       18.42560       174.1821    
  -98.43390       35.28310       188.8431    
  -88.49920       18.55410       24.02694    
  -107.2848       41.33010       111.5119    
  -120.1406       41.82990       189.9982    
  -110.7413       32.40240       3595.765    
  -102.5826       18.85470       135.7784    
  -102.7307       18.35770       129.3080    
  -88.67060       18.04320       7.892641    
  -103.8590       35.15900       89.61722    
  -107.9542       38.65850       302.6268    
  -106.3315       45.46650       131.2864    
  -110.2703       38.11350       408.7426    
  -112.4932       42.92680       29.31552    
  -105.6264       50.47430       29.12760    
  -106.8125       41.38460       101.1150    
  -110.4613       38.25790       310.4872    
  -105.3152       37.71160       124.3551    
  -120.7254       38.24530       707.5558    
  -113.4141       49.00820       831.4594    
  -109.7493       26.94020       19.57500    
  -104.1858       48.05680       14.40720    
  -115.5480       48.28440       897.6068    
  -121.2904       37.44440       311.2954    
  -103.9549       47.87460       91.49277    
  -116.5310       46.51380       205.5597    
  -119.9144       41.27220       296.8214    
  -99.29740       35.92190       154.3226    
  -111.9710       43.62430       16.53696    
  -107.4754       39.13830       19.38708    
  -110.3829       38.33240       364.6369    
  -108.4194       37.24000       353.1889    
  -115.0850       32.19920       51.95988    
  -116.4231       45.99850       22.92624    
  -107.6721       40.40550       96.63003    
  -119.9503       39.58410       1129.924    
  -121.3919       37.42600       429.2671    
  -121.3949       37.34770       521.3693    
  -118.5264       52.26460       1088.802    
  -120.3007       47.40110       57.11484    
  -110.4365       38.12410       258.0843    
  -109.5478       35.54420       191.2706    
  -122.3402       52.35870       1733.950    
  -105.1946       45.17290       107.8424    
  -120.5115       38.22880       582.3329    
  -121.3672       37.31940       652.9473    
  -104.7851       46.62500       123.7435    
  -115.5695       47.13650       786.0943    
  -116.3360       46.56060       438.7505    
  -122.1123       38.88930       474.5284    
  -122.3000       38.63580       1612.031    
  -121.6740       37.71030       769.0126    
  -110.8616       33.42080       467.8725    
  -122.2527       38.55170       1879.518    
  -109.3858       35.83740       1521.936    
  -122.2835       38.58100       2049.699    
  -116.0601       46.98530       853.3383    
  -116.2562       46.71340       757.3015    
  -117.8961       46.28450       54.99793    
  -119.9799       39.61370       960.9319    
  -109.9904       38.12210       430.5772    
  -122.1424       38.16990       275.0138    
  -110.4183       38.09660       293.0195    
  -112.0477       37.07710       417.8040    
  -103.4114       48.47460       12.18348    
  -115.8358       48.24330       967.8184    
  -115.2315       46.43400       439.1665    
  -98.94580       35.40460       241.6974    
  -110.3894       37.07530       251.5339    
  -108.3404       36.89910       162.4490    
  -115.1575       38.68350       125.3744    
  -108.4510       37.24190       230.5728    
  -113.2187       38.62770       1953.304    
  -121.6250       38.10280       923.3410    
  -121.9344       38.04750       828.7719    
  -98.93650       35.37920       438.7084    
  -93.89250       18.22320       130.6735    
  -114.2066       38.40300       855.6547    
  -97.23310       35.83480       106.4153    
  -120.3839       36.57070       647.3942    
  -121.5549       37.83280       24.52356    
  -98.29630       36.97350       46.27530    
  -97.24190       35.86030       84.19451    
  -119.6379       45.87380       801.5821    
  -121.8843       42.29310       883.8398    
  -97.62100       36.71370       11.27520    
  -98.32320       36.97470       362.6684    
  -98.28650       36.94740       84.97115    
  -119.9664       39.63990       1424.070    
  -120.9251       53.22990       1124.762    
  -112.1495       33.83720       316.2039    
  -93.41270       18.05650       21.67537    
  -80.78280       46.58590       454.3504    
  -109.6423       30.50830       767.0402    
  -84.02650       44.66480       491.7043    
  -92.48470       17.90260       54.39501    
  -81.02320       46.49280       68.42593    
  -92.48230       17.88280       53.71423    
  -72.90310       42.57980       67.84735    
  -102.2042       17.92530       28.76603    
  -110.7548       32.42700       4268.051    
  -70.34600       18.92870       367.9155    
  -106.6970       35.08270       29.97376    
  -88.56710       33.44340       115.3368    
  -103.4358       18.81720       133.6965    
  -98.03580       35.69180       20.89044    
  -98.05510       35.81830       17.97768    
  -90.19770       36.67970       24.82110    
  -74.14690       18.40530       220.9600    
  -97.98120       37.19190       27.62424    
  -104.2035       19.28160       237.5780    
  -94.28970       37.35430       107.3327    
  -89.60130       36.97000       75.19102    
  -94.62740       36.87710       63.19685    
  -76.28490       36.15630       153.3936    
  -77.67100       35.45970       50.22558    
  -115.1439       32.49020       30.74058    
  -89.72600       36.43710       43.47216    
  -103.5647       18.66010       392.6158    
  -70.43850       43.98740       153.0280    
  -89.72020       36.41150       41.02920    
  -102.7729       18.33880       191.5218    
  -94.04100       18.08740       10.47028    
  -91.04150       35.39300       10.49220    
  -104.4360       20.79350       388.3789    
  -76.47230       36.25790       14.78304    
  -103.4391       18.51630       113.1099    
  -115.1765       32.54020       506.1247    
  -103.0630       18.28630       159.1177    
  -88.79330       30.47140       349.1882    
  -104.9332       19.62640       455.8997    
  -94.18750       18.09000       7.861320    
  -94.98920       16.74680       11.68236    
  -104.5900       20.73680       280.2134    
  -104.9575       19.62720       227.3048    
  -104.9281       19.60600       403.8170    
  -76.42020       38.16460       361.8985    
  -124.0197       50.29650       523.5923    
  -78.07350       35.21350       10.80540    
  -115.1427       32.53820       36.75402    
  -103.1885       18.32960       233.0273    
  -76.42080       38.19090       577.6254    
  -76.26170       36.15630       303.3551    
  -89.24420       36.90880       52.58628    
  -89.21960       36.90810       68.40288    
  -71.31590       18.01870       113.4485    
  -108.5992       33.34340       1504.961    
  -114.8419       32.42400       22.86360    
  -104.7851       19.31850       234.9104    
  -71.31540       18.03830       156.4428    
  -110.9446       30.62220       171.9106    
  -104.8708       21.15610       183.5786    
  -103.2938       18.49250       224.0828    
  -104.8342       19.42100       366.2531    
  -104.6308       21.43690       487.7045    
  -103.4951       18.55790       229.2612    
  -82.45640       31.77050       209.2538    
  -82.66400       31.63330       57.42163    
  -108.6908       26.49690       131.9394    
  -100.9092       17.43770       45.81983    
  -105.3134       36.65000       106.0076    
  -77.86240       35.08850       67.33457    
  -121.1799       37.04450       749.7122    
  -82.77610       30.27630       53.19945    
  -81.88900       29.76680       254.4470    
  -81.10530       29.01740       148.5228    
  -81.10370       28.99510       222.7519    
  -88.89670       32.97250       64.17712    
  -114.9105       32.38020       52.52364    
  -114.8769       32.37810       669.1559    
  -82.05200       29.65570       75.04465    
  -81.12500       28.99530       142.4987    
  -121.2069       37.07250       630.2153    
  -88.43820       19.56680       94.42117    
  -104.2041       39.70310       90.31033    
  -71.41470       17.90070       221.6727    
  -93.92850       18.02610       6.953041    
  -89.25560       36.96040       51.17688    
  -90.22180       36.78260       84.88416    
  -108.7552       37.49430       903.8954    
  -87.85510       20.98600       59.98200    
  -71.41420       17.92030       317.4097    
  -71.43380       17.90060       157.7810    
  -71.39550       17.90080       113.7588    
  -76.10290       36.35820       126.8367    
  -108.7716       37.52140       1120.958    
  -108.7397       37.51950       5314.638    
  -108.7233       37.49240       528.7287    
  -98.68500       21.40860       7.109641    
  -71.41510       17.88110       119.5438    
  -89.73580       37.12810       74.79216    
  -100.2699       20.57210       160.3238    
  -92.79710       45.30860       12.65328    
  -89.74180       37.15400       104.9220    
  -98.56540       21.26210       13.02912    
  -96.19720       18.94400       42.69574    
  -103.2457       18.27110       215.1384    
  -102.2721       18.14630       271.9112    
  -92.88510       45.46800       115.2838    
  -88.84820       18.83620       172.2028    
  -88.72350       15.72290       107.7785    
  -118.1788       37.81490       607.4370    
  -88.12100       19.82230       133.6202    
  -102.0878       19.02250       94.22741    
  -84.99600       29.87610       181.8169    
  -104.4960       19.31020       16.03584    
  -101.6104       18.14980       82.14697    
  -110.6186       32.39560       559.6505    
  -89.22830       20.32010       50.84288    
  -105.0150       19.56800       179.3604    
  -76.31720       35.42980       81.51669    
  -106.8103       30.23070       150.6584    
  -90.32700       19.03660       11.02464    
  -105.0199       36.12420       118.8508    
  -90.17450       36.47520       127.9137    
  -87.54000       20.88040       30.87718    
  -96.12790       18.08730       9.270720    
  -89.94120       37.05670       12.63762    
  -110.6051       32.37100       1030.590    
  -88.21460       19.34440       110.6381    
  -98.66100       16.67910       74.37348    
  -112.3524       39.45610       640.7439    
  -88.86840       18.83650       157.8486    
  -105.6159       37.78080       286.3682    
  -103.6193       34.74980       120.2779    
  -92.16520       18.64900       22.18658    
  -101.9797       18.05920       273.9837    
  -112.3382       39.48220       1110.076    
  -100.2928       20.57270       173.3663    
  -87.97340       20.36200       31.86020    
  -102.0865       18.02200       65.49885    
  -108.7881       37.54850       402.2173    
  -103.6141       34.30600       150.6532    
  -98.82350       20.88070       134.6380    
  -112.3027       39.47980       759.7321    
  -112.3169       39.45360       4688.446    
  -108.7561       37.54660       440.4209    
  -76.29430       35.42970       228.9642    
  -76.29380       35.40480       268.5866    
  -98.20610       21.02820       47.55275    
  -109.3697       35.86170       12750.97    
  -101.5600       34.20940       129.0439    
  -110.7856       32.42870       2301.680    
  -88.86640       18.81660       86.70148    
  -92.13880       17.58190       9.489961    
  -112.2815       39.45120       609.4497    
  -85.64470       30.34140       76.00841    
  -112.3098       39.53460       129.0056    
  -112.3240       39.50840       576.3204    
  -112.2885       39.50600       911.8104    
  -79.37350       35.12340       72.17395    
  -109.4166       35.88980       2415.858    
  -109.4327       35.86550       726.1077    
  -110.5879       32.39390       518.5704    
  -108.6538       26.53920       197.8909    
  -112.2743       39.53220       1841.255    
  -112.2673       39.47740       1333.718    
  -110.5745       32.36930       498.7010    
  -88.76560       18.81520       38.64759    
  -112.2530       39.50350       733.2648    
  -109.3851       35.88800       7912.737    
  -109.3544       35.83550       1304.046    
  -104.9762       35.34090       149.7850    
  -110.7720       32.40410       1154.928    
  -102.2490       18.14570       122.3857    
  -106.9040       37.69760       1582.600    
  -115.0760       37.56660       501.6859    
  -115.6498       36.33750       14859.97    
  -115.6293       36.31050       505.5238    
  -88.50540       20.97520       92.44161    
  -96.74010       17.90160       131.8134    
  -76.42650       36.28300       255.6239    
  -93.26260       17.85640       6.232680    
  -93.24190       17.85610       6.295320    
  -99.59680       17.05280       54.22698    
  -96.25440       16.47590       80.52502    
  -103.0224       42.46800       81.95205    
  -112.3736       39.48470       1960.324    
  -89.60720       36.99580       30.67011    
  -115.6703       36.36450       2728.112    
  -115.6135       36.33500       3946.534    
  -106.6881       34.78390       571.8258    
  -106.6752       34.75840       4293.981    
  -106.6457       34.75680       873.7475    
  -106.6623       34.73290       1783.445    
  -105.1044       22.34360       94.41975    
  -102.5133       18.31210       250.0324    
  -102.1027       18.10210       261.0377    
  -112.3311       39.56330       1261.163    
  -112.2956       39.56080       471.1965    
  -112.3453       39.53710       478.6652    
  -101.6228       19.53390       51.89336    
  -112.2388       39.52970       659.5875    
  -109.3383       35.85990       2962.790    
  -109.5826       27.13160       648.0492    
  -109.5544       27.13030       80.39845    
  -112.2601       39.55840       1943.977    
  -112.2176       39.50110       807.9972    
  -109.3537       35.88610       5569.577    
  -76.10330       36.38350       141.3936    
  -115.6340       36.36200       3683.122    
  -116.3240       31.89240       660.7133    
  -116.2895       31.89030       643.7914    
  -119.8017       35.83680       1524.587    
  -99.17060       21.99720       130.8719    
  -112.2247       39.55590       1173.646    
  -119.8255       35.86400       2522.595    
  -119.8419       35.83970       1094.959    
  -112.2814       39.58700       671.5603    
  -112.2459       39.58460       5123.650    
  -112.3594       39.51090       1381.529    
  -116.8204       38.83110       175.1164    
  -115.0824       37.61940       227.7125    
  -119.8657       35.86690       1265.676    
  -119.7854       35.86110       1240.106    
  -113.2543       38.63010       931.1705    
  -115.6861       36.34000       678.6867    
  -109.4006       35.91420       708.6400    
  -119.7616       35.83390       891.2861    
  -112.9426       33.34790       1369.826    
  -112.9100       33.34600       1379.579    
  -98.88840       16.60520       121.1397    
  -112.2105       39.58210       2038.786    
  -115.7067       36.36700       1221.861    
  -112.9270       33.32270       840.8918    
  -112.8945       33.32080       937.0294    
  -112.2673       39.61330       914.3795    
  -112.1892       39.55350       455.2755    
  -112.2034       39.52730       1019.309    
  -103.0170       19.55150       158.6469    
  -102.6694       18.17630       172.4877    
  -93.51940       17.92010       8.988840    
  -112.3028       39.61570       347.0730    
  -112.2318       39.61080       5101.341    
  -106.8888       37.67060       2071.930    
  -112.9582       33.37320       538.8765    
  -112.9256       33.37120       243.8175    
  -96.65070       39.27090       71.22206    
  -115.0244       37.58920       413.5859    
  -90.33130       19.95560       77.25684    
  -112.1963       39.60840       2361.863    
  -112.1751       39.57970       1035.239    
  -89.62020       35.62740       19.48104    
  -101.8494       31.49440       310.0505    
  -111.9397       40.30320       990.3557    
  -111.9040       40.30070       606.9955    
  -111.9178       40.27410       995.2485    
  -109.0529       26.11870       18.71892    
  -120.7051       52.03980       1334.020    
  -109.7572       44.23870       189.1828    
  -115.5978       36.35960       2145.462    
  -115.5773       36.33260       682.3425    
  -112.2531       39.63950       1254.475    
  -112.2177       39.63710       2646.000    
  -112.3950       39.51330       951.2000    
  -112.2957       39.42510       935.6829    
  -104.8501       35.83680       106.2115    
  -115.6546       36.38910       1163.157    
  -108.2842       33.18140       320.4756    
  -105.0060       19.62860       67.07021    
  -113.4948       32.96900       57.50875    
  -113.5104       32.99410       282.0169    
  -118.3408       34.92670       503.9412    
  -113.5276       32.97100       202.6236    
  -113.4620       32.96710       475.1197    
  -113.4791       32.94390       400.2272    
  -112.1822       39.63460       2338.324    
  -112.1609       39.60590       1030.150    
  -112.2461       39.44880       418.9340    
  -109.3223       35.88420       797.3975    
  -104.2647       20.21630       83.26337    
  -94.52780       17.97760       118.6321    
  -112.2390       39.66580       992.9550    
  -90.55000       19.37880       40.94923    
  -112.2035       39.66330       959.6407    
  -115.4850       39.98040       128.0246    
  -120.0831       35.98450       636.6953    
  -112.2746       39.66820       533.7076    
  -112.2887       39.64200       537.7848    
  -112.1467       39.63220       778.7483    
  -110.8163       32.43040       1060.057    
  -109.5143       30.36280       90.97095    
