  -114.3904       46.26810       411.1508    
  -106.9166       45.01190       189.5523    
  -108.7649       44.83530       122.3205    
  -107.1457       44.72120       58.02286    
  -121.7729       44.74010       4369.329    
  -121.7223       44.73550       5674.870    
  -121.6718       44.73090       8811.938    
  -121.7298       44.70580       469.1407    
  -121.6793       44.70120       3847.698    
  -121.6289       44.69660       3193.494    
  -112.9818       43.08070       336.1297    
  -122.3513       41.98870       571.2830    
  -123.4239       41.22860       1204.490    
  -123.5085       41.15140       5937.748    
  -97.55260       39.01470       90.18280    
  -120.7864       40.28240       2914.466    
  -97.85530       38.68100       52.90298    
  -123.0999       40.16920       561.4706    
  -120.8351       39.90080       2359.411    
  -121.1555       39.81700       2314.301    
  -114.7937       39.06010       56.70592    
  -122.9828       39.61060       2320.957    
  -122.9356       39.60670       3009.237    
  -122.9491       39.58050       6236.259    
  -122.9020       39.57660       15274.09    
  -122.9155       39.55050       2270.983    
  -122.8685       39.54660       2368.518    
  -122.9761       39.52820       1506.236    
  -98.07470       37.29940       18.26896    
  -122.5761       38.73840       1665.546    
  -122.5446       38.70900       3493.491    
  -104.4201       37.03910       6.989413    
  -97.84940       36.62100       3.963233    
  -93.28270       36.34430       185.4639    
  -121.6930       37.52770       1054.785    
  -121.4326       37.14170       3580.521    
  -121.3897       37.13850       2653.768    
  -121.4052       37.11360       2508.369    
  -121.3624       37.11030       2544.900    
  -118.5837       36.36270       65.66112    
  -118.4363       36.27530       6333.096    
  -118.3974       36.27250       410.5449    
  -118.4523       36.25080       2601.334    
  -118.4134       36.24810       6622.222    
  -118.5071       36.22910       1852.778    
  -118.4682       36.22640       1941.597    
  -118.4293       36.22360       2304.931    
  -118.4453       36.19910       1034.377    
  -118.4064       36.19640       2131.502    
  -118.4224       36.17190       3374.568    
  -118.3836       36.16920       2496.719    
  -92.85740       34.68120       192.7690    
  -114.5432       35.04940       428.3327    
  -110.7005       33.50880       2585.700    
  -109.6423       30.50830       1096.430    
  -97.48440       38.55820       567.5118    
  -122.9392       39.99050       6579.271    
  -122.7215       39.83520       2326.362    
  -114.7565       39.05740       57.79045    
  -122.5904       38.71270       2859.996    
  -118.3745       36.24530       4942.487    
  -118.4384       36.14750       2096.535    
  -108.9516       33.45960       233.0710    
  -113.7765       46.79080       416.9382    
  -117.8098       46.46710       12.52048    
  -121.5143       45.17540       2309.127    
  -115.1979       43.37070       471.3214    
  -123.5580       41.15570       2708.370    
  -97.45710       38.55700       108.4539    
  -122.8550       39.57280       1936.369    
  -122.2939       38.90390       818.8142    
  -98.80660       37.33170       80.32048    
  -97.68200       36.66510       4.582116    
  -118.3996       36.14480       1734.049    
  -119.4516       45.39050       551.0835    
  -117.8763       41.73010       86.53075    
  -109.9917       40.83540       364.0161    
  -123.4122       41.25580       3820.911    
  -123.3745       41.22440       2501.720    
  -120.8039       39.87090       1538.309    
  -98.39900       37.52120       56.82212    
  -98.83390       37.33290       18.07853    
  -97.53850       36.99250       46.88635    
  -118.4612       36.17470       256.2457    
  -110.5846       33.09020       631.6512    
  -70.34600       18.92870       281.1116    
  -97.33500       38.87130       50.74096    
  -97.56520       36.99360       16.72175    
  -97.73850       36.38690       7.327418    
  -98.04700       35.86830       29.43750    
  -116.4409       48.33070       420.9706    
  -115.5636       45.21000       381.6205    
  -107.6291       44.17840       47.64227    
  -117.1239       43.29050       797.1029    
  -115.2017       41.66230       315.8334    
  -121.4601       37.16990       1748.460    
  -122.8246       44.74480       251.5778    
  -122.4731       42.89560       653.6389    
  -117.9311       40.47010       443.8708    
  -93.06560       35.00880       89.89238    
  -110.6694       33.50700       2469.517    
  -101.8153       31.75100       30.63823    
  -109.8534       26.98910       321.1201    
  -113.0694       47.37910       444.6562    
  -122.7200       44.73520       1697.485    
  -118.1633       39.66290       102.5664    
  -122.9049       39.96020       4007.110    
  -122.8575       39.95630       403.7017    
  -118.0354       37.77800       70.41290    
  -118.4772       36.15030       2545.989    
  -110.6862       33.48370       1529.982    
  -110.6551       33.48190       2409.954    
  -116.4006       33.36640       565.5856    
  -116.3355       52.38570       532.1793    
  -122.6117       42.79110       559.9373    
  -122.8918       39.98660       3771.910    
  -112.0745       42.11380       52.75509    
  -112.5229       41.88890       52.60017    
  -123.4708       41.12000       2670.208    
  -119.6016       38.82640       276.5919    
  -116.1840       50.12100       3110.786    
  -120.7697       48.03520       917.1387    
  -122.6852       44.88440       1490.422    
  -122.5962       43.14060       541.1971    
  -109.0411       41.16360       34.78273    
  -98.00940       36.62780       17.54296    
  -97.99980       36.60190       17.22955    
  -97.97320       36.60070       22.55353    
  -115.7308       47.73760       386.7315    
  -109.7415       45.49300       50.81842    
  -120.3841       45.01200       562.9960    
  -122.7652       44.76980       1222.860    
  -121.7441       43.56650       810.9437    
  -122.3718       43.35610       675.2186    
  -114.5072       41.24180       56.16365    
  -116.3826       33.34090       635.5070    
  -116.3269       32.92470       489.9671    
  -121.5651       45.18010       1043.835    
  -117.4939       38.21380       485.3056    
  -112.0166       37.64800       370.8419    
  -121.4360       43.74710       626.0963    
  -122.0007       43.08810       599.1052    
  -120.1730       41.20880       55.49598    
  -116.9606       48.04510       456.5818    
  -120.3388       43.47310       1018.779    
  -109.1587       40.52940       51.98042    
  -120.1610       41.23600       10400.89    
  -101.8065       31.72710       33.11718    
  -116.0505       48.39600       600.8253    
  -81.02320       46.49280       12.49566    
  -120.1284       41.20520       7959.248    
  -117.3863       38.25890       390.5235    
  -96.22210       33.72270       32.30378    
  -82.27560       50.43080       780.2778    
  -116.0635       52.24690       494.6303    
  -119.3285       52.38280       724.7331    
  -124.1769       48.83700       765.5128    
  -116.7659       48.06070       454.3102    
  -120.8412       43.42810       798.6567    
  -122.4310       43.33190       535.5182    
  -122.5326       42.87160       500.8770    
  -114.5462       49.10710       503.7164    
  -106.1168       45.63890       564.0319    
  -121.4705       45.14070       852.4807    
  -120.4607       44.71350       790.8876    
  -110.7031       33.46030       1321.772    
  -110.6720       33.45860       1520.141    
  -120.6222       51.55420       1212.440    
  -120.7109       44.52330       793.3392    
  -121.2453       43.87920       658.1819    
  -122.1676       43.51520       502.9155    
  -123.4293       41.71070       632.0591    
  -110.5217       32.86970       296.2592    
  -115.2877       48.46210       675.7864    
  -106.1402       45.67180       42.60691    
  -120.3401       44.79410       854.0758    
  -121.6798       43.29500       122.6304    
  -113.2984       47.92380       406.0397    
  -121.5569       43.52040       838.2023    
  -120.2113       48.41340       119.3768    
  -116.2319       50.16060       4547.456    
  -116.1826       50.15600       5077.485    
  -116.1348       50.11640       5090.830    
  -122.4846       38.73100       755.2028    
  -121.8622       44.20370       672.9470    
  -120.8375       40.36960       536.6540    
  -122.9088       39.65910       3381.466    
  -122.8751       39.62900       2487.623    
  -121.7804       37.53450       485.2026    
  -122.8617       39.65520       2516.465    
  -120.1164       41.23240       563.6260    
  -120.0838       41.20150       473.9658    
  -119.9987       41.08200       72.97401    
  -110.6155       33.09200       582.9365    
  -122.8365       39.89960       851.7255    
  -116.0872       50.07690       727.6536    
