  -123.6008       51.90070       1331.531    
  -105.5247       45.84940       42.82242    
  -124.1941       42.17840       1978.422    
  -122.6433       40.82530       191.4105    
  -87.65380       31.18340       20.63625    
  -96.76240       28.14070       132.0366    
  -93.18470       17.89460       49.51975    
  -93.11510       17.83420       36.44133    
  -123.0429       41.90540       160.3853    
  -103.2954       19.64010       41.72815    
  -124.3185       43.23630       194.8980    
  -121.3076       42.64840       92.71827    
  -121.2435       42.55590       528.1269    
  -95.62180       32.76470       46.50693    
  -99.53730       24.64550       21.11765    
  -96.37020       19.34770       25.12557    
  -103.4517       19.60400       39.34034    
  -86.21210       35.49570       23.32190    
  -101.5148       20.30060       30.90874    
  -99.01690       22.84250       3.704280    
  -103.3191       19.64080       25.71676    
  -95.31830       29.07880       28.06181    
  -96.32540       18.80690       14.75633    
  -88.86440       18.79670       7.608730    
  -102.2089       20.19780       19.15036    
  -99.01160       22.71750       12.09265    
  -109.6423       30.50830       54.38947    
  -99.07780       23.01090       26.01235    
  -70.34600       18.92870       63.04217    
  -92.48000       16.27670       22.09897    
  -120.5228       38.52270       119.6547    
  -98.84730       22.79610       17.90713    
  -92.46170       16.29590       26.40648    
  -92.32890       16.19670       17.76399    
  -92.48470       17.90260       11.97357    
  -92.28400       16.15710       5.652634    
  -92.16520       18.64900       15.71543    
  -104.1634       19.80680       27.78592    
  -104.1724       19.74620       112.0189    
  -94.37350       18.07360       2.806272    
  -80.54760       26.49020       15.11127    
  -78.03050       25.10870       60.74834    
  -80.86070       26.53580       8.702785    
  -98.89420       23.00570       5.152946    
  -81.06610       27.16570       10.66780    
  -80.56870       26.85760       7.947763    
  -81.10100       26.73220       30.08600    
  -83.12990       31.22180       12.35960    
  -81.26300       26.66880       30.78152    
  -85.28900       30.13040       47.47938    
  -80.92030       26.49320       4.444935    
  -78.07110       25.10880       20.00138    
  -98.76510       22.83540       13.59942    
  -94.51350       31.59600       39.96529    
  -80.56830       26.49030       36.19001    
  -79.89480       33.01630       9.054389    
  -91.20680       31.01250       66.92132    
  -80.99570       26.70970       30.30374    
  -85.05890       30.40010       13.64412    
  -80.62090       26.68500       15.01356    
  -94.48960       31.59520       24.44754    
  -78.02990       25.08750       35.22665    
  -90.13140       15.29570       8.597865    
  -80.61720       26.62020       5.271782    
  -92.36420       14.78520       31.44763    
  -85.16380       30.53900       20.45123    
  -80.88670       26.62240       4.920999    
  -90.44560       17.12520       11.96073    
  -92.44140       16.29560       20.00192    
  -92.36610       14.80450       52.12324    
  -82.94710       33.74620       96.12233    
  -89.15210       33.09800       13.46398    
  -85.29490       32.92100       160.1781    
  -82.45710       32.47460       10.11386    
  -91.18380       31.01190       206.9064    
  -80.88540       26.60080       5.627577    
  -90.13310       15.31500       2.879770    
  -83.18720       30.25870       12.58936    
  -80.99710       26.73130       4.690484    
  -80.90220       26.53620       3.407616    
  -98.78110       38.35140       25.23887    
  -82.00970       29.92650       84.83162    
  -71.30790       19.79840       15.87435    
  -68.83920       49.48390       23.34136    
  -82.06130       34.19470       20.93494    
  -98.77380       22.25490       59.26540    
  -83.63360       33.20370       38.69705    
  -83.16540       30.25850       12.44184    
  -93.09290       16.63700       24.46330    
  -85.57450       32.97370       35.40748    
  -76.87860       20.49320       24.17626    
  -104.2494       19.76870       26.06149    
  -82.67740       33.33370       57.75970    
  -80.60720       26.44750       8.352669    
  -83.33850       33.39090       40.90705    
  -81.00040       28.72670       47.20004    
  -81.55550       27.30080       6.646337    
  -81.24220       26.66860       60.13754    
  -83.34120       33.41500       76.42741    
  -81.94900       32.02150       23.38763    
  -82.62550       33.04620       67.21219    
  -85.08690       30.62940       30.18352    
  -80.15640       33.25730       30.85895    
  -96.42850       31.33290       2.835337    
  -77.37880       26.73130       28.30448    
  -82.89470       31.28810       44.76620    
  -92.92690       18.30520       21.67696    
  -85.15250       32.70470       39.89110    
  -86.65230       31.07110       39.21426    
  -84.90800       30.78710       22.87574    
  -81.34990       30.03280       262.9054    
  -92.92940       18.32500       7.798948    
  -85.57590       32.16920       22.28035    
  -96.30030       31.30530       14.28051    
  -92.20590       30.94700       4.835808    
  -96.64700       30.73800       16.37765    
  -80.79730       26.51370       11.57337    
  -76.82190       20.61360       3.150375    
  -106.4211       39.42540       40.39797    
  -79.68840       32.91930       176.3608    
  -85.34110       31.07060       15.45734    
  -82.58410       33.52440       11.67930    
  -84.54360       32.88430       80.72806    
  -94.55250       30.62390       56.75928    
  -80.68820       26.77200       56.50566    
  -106.8369       39.55900       21.81075    
  -82.29140       33.30460       24.50153    
  -86.87110       30.89080       116.2181    
  -95.46270       30.86010       88.01338    
  -82.86070       29.55240       9.337536    
  -80.57120       26.90100       7.005658    
  -80.58440       26.77120       8.605902    
  -81.78000       32.11330       86.02010    
  -98.05190       31.95290       30.17916    
  -94.65680       31.41400       82.95752    
  -92.29090       31.01860       7.110893    
  -81.40420       26.60530       13.86343    
  -82.53480       32.35770       12.76689    
  -81.62700       32.13500       5.130077    
  -88.56070       32.13600       39.58641    
  -89.41600       31.68750       20.13976    
  -88.55660       31.06400       68.69839    
  -86.86770       30.86770       49.61972    
  -86.01970       30.34790       71.63418    
  -80.92420       26.55790       70.38907    
  -80.90350       26.55770       11.48233    
  -80.60840       26.46910       8.749557    
  -76.50930       20.55280       22.16962    
  -85.58040       33.81380       65.68481    
  -79.69420       33.01460       18.95879    
  -81.60680       32.67710       17.61668    
  -84.24750       31.16850       2.468851    
  -95.31560       29.25880       3.713299    
  -81.41670       34.87230       16.53287    
  -82.24470       33.97860       117.5648    
  -81.80220       32.11360       104.5421    
  -82.95030       31.84700       16.64746    
  -98.36270       26.17480       10.39323    
  -89.20980       16.54310       21.63485    
  -77.25400       34.61790       20.56509    
  -89.11880       33.52890       18.15098    
  -83.63090       33.17980       40.41742    
  -82.49330       32.61690       19.96205    
  -85.09420       31.04340       10.37513    
  -92.17060       30.02900       3.183783    
  -80.48800       26.53280       11.10148    
  -98.33930       26.17400       12.38769    
  -101.5798       20.28210       48.09019    
  -81.40360       33.17430       32.67156    
  -82.51560       32.61720       35.09697    
  -82.70610       32.28920       16.70750    
  -92.15940       30.94570       4.139251    
  -85.99760       30.34750       28.14193    
  -87.23570       33.92000       32.05563    
  -87.81820       33.40210       52.30095    
  -82.78300       33.04830       338.3800    
  -86.17970       32.91370       30.36933    
  -82.70380       32.26570       11.51370    
  -87.55070       30.81220       201.7966    
  -80.71890       28.30290       5.874240    
  -81.76170       27.25930       6.812727    
  -101.5611       20.30190       58.22526    
  -91.94670       15.84170       34.51902    
  -85.46300       34.27280       22.59727    
  -84.97980       33.10620       24.89895    
  -83.50690       31.25010       12.00023    
  -92.17760       30.92310       4.008960    
  -81.40560       26.62690       14.89732    
  -93.38960       16.36860       20.94058    
  -124.3940       42.83320       222.0851    
  -93.10510       39.21060       3.157056    
  -88.33700       34.21230       20.46089    
  -85.91820       33.45870       57.29097    
  -82.29900       32.68540       28.10615    
  -86.27750       32.65430       22.67791    
  -90.92700       30.06510       3.828557    
  -81.39710       27.73660       34.81993    
  -76.89810       20.49330       37.24495    
  -103.7270       19.16740       85.42692    
  -79.68480       35.32440       43.38121    
  -94.06140       33.26220       88.40504    
  -94.03700       33.26140       98.32705    
  -81.85320       29.85680       24.53285    
  -99.84140       28.44470       17.54834    
  -102.0033       20.31410       22.83241    
  -85.89520       33.45820       44.96266    
  -81.85630       31.97360       98.66959    
  -81.85430       31.95020       115.0850    
  -86.16230       31.54860       38.76558    
  -96.13130       31.64940       2.794428    
  -86.23740       30.97110       62.81392    
  -90.87030       29.29430       26.52063    
  -107.3173       39.18250       48.24977    
  -105.8974       38.35010       24.00665    
  -93.18350       33.59510       66.18626    
  -110.8616       33.42080       53.48107    
  -83.75730       31.32310       21.76982    
  -93.15530       30.12450       4.129229    
  -89.62370       15.38600       8.864169    
  -80.57550       33.47700       2.871418    
  -84.54050       32.86050       140.0838    
  -81.87840       31.97390       26.08205    
  -81.87640       31.95040       61.93901    
  -86.61680       31.44090       31.77645    
  -92.15440       30.92250       6.073575    
  -91.98040       30.75640       33.10788    
  -90.65100       29.92190       9.669612    
  -81.74180       28.42310       13.41698    
  -80.21690       26.87660       48.46442    
  -76.89550       20.31270       3.252269    
  -99.57730       18.32040       17.58931    
  -88.41730       31.96840       257.0969    
  -86.49860       31.85820       23.95832    
  -85.91570       31.38140       12.34153    
  -84.53810       31.01140       19.12888    
  -85.72690       30.29720       53.49794    
  -84.06890       30.15710       284.3368    
  -82.12010       28.38280       20.80298    
  -80.16870       27.13670       137.0577    
  -80.49310       26.98710       22.60444    
  -80.61220       26.53380       9.471169    
  -92.65330       17.25620       12.03064    
  -87.85010       33.71590       27.11391    
  -81.62080       32.32300       2.555712    
  -87.27040       32.31970       5.682701    
  -86.01290       31.91920       24.63291    
  -84.53540       30.98830       22.18558    
  -81.45610       29.15500       13.55476    
  -81.34160       27.84580       10.75147    
  -99.40980       18.73560       35.40915    
  -123.0114       42.68080       151.7121    
  -79.05000       35.07140       5.164710    
  -84.27230       33.79070       6.092250    
  -82.67980       33.35770       48.38252    
  -83.91950       33.13640       23.64416    
  -79.71060       32.91950       101.1920    
  -81.31440       32.91120       26.88783    
  -82.51800       32.64090       20.99488    
  -88.10450       31.86780       45.27143    
  -87.77780       31.67390       47.50457    
  -93.43470       31.23690       33.59221    
  -91.35670       30.62480       4.645839    
  -82.44870       28.76380       61.00625    
  -81.55700       27.32270       7.865079    
  -80.44900       26.57570       23.45035    
  -78.84570       22.30360       2.545690    
  -85.46190       33.78740       17.44746    
  -87.87340       33.71640       38.23027    
  -85.91690       32.03460       217.4018    
  -87.38160       31.59570       23.56228    
  -89.11100       31.26170       34.05942    
  -87.55430       30.83530       32.63781    
  -97.73060       28.95390       16.89598    
  -80.57200       27.27040       2.351255    
  -78.15260       18.27220       3.056832    
  -94.35380       37.64240       46.70859    
  -95.09340       34.16830       43.45245    
  -83.89680       33.13610       17.44460    
  -82.62800       33.07000       102.9408    
  -93.06170       33.11060       47.96984    
  -81.34520       32.74530       70.84816    
  -81.12180       32.45900       46.99959    
  -85.10760       30.97440       4.029005    
  -91.78590       30.15550       4.159297    
  -98.80800       23.12840       20.94058    
  -98.75110       22.25430       31.08911    
  -102.4619       20.18460       28.71455    
  -91.24880       35.64890       4.910976    
  -78.10190       34.81860       28.41612    
  -86.02530       33.10140       18.99521    
  -82.21650       32.28300       26.51545    
  -89.77290       32.00040       27.21936    
  -84.81000       31.43210       10.02553    
  -88.16620       31.42620       20.87505    
  -93.41110       31.23620       133.3040    
  -85.03720       30.58270       31.13600    
  -93.07530       30.48820       31.74156    
  -95.32120       29.28150       26.70208    
  -82.18090       27.81030       40.61516    
  -82.33740       27.65840       10.73829    
  -78.10290       34.84320       29.04272    
  -82.76050       33.04800       193.2452    
  -83.35980       32.77090       13.03096    
  -88.37120       30.89850       33.74240    
  -84.71240       30.62340       21.21132    
  -91.49880       30.53670       4.265247    
  -92.05100       30.00310       3.507840    
  -76.94500       21.01670       3.026765    
  -76.91790       20.51340       31.26737    
  -76.80070       20.49310       13.98875    
  -102.0443       19.14200       36.65377    
  -107.4202       38.17500       56.10043    
  -89.88640       36.92670       25.36838    
  -83.65630       33.20410       25.73693    
  -82.80550       33.04860       62.83190    
  -82.78060       33.02440       158.6852    
  -85.52560       32.94900       30.38124    
  -86.61110       32.75570       113.6908    
  -81.16820       32.48310       40.99292    
  -88.39790       32.50960       171.9935    
  -85.99040       31.91880       25.25580    
  -88.17010       31.44950       29.29674    
  -88.37500       30.92160       99.15546    
  -91.94110       30.02290       5.157241    
  -96.13400       29.44240       62.73787    
  -71.24120       19.40060       19.01121    
  -89.62200       15.36660       3.341469    
  -81.36510       32.98310       17.33164    
  -84.13050       32.45120       31.97351    
  -83.10250       32.24750       22.20835    
  -85.46350       32.00290       104.0157    
  -88.35690       32.01400       10.99332    
  -88.37550       31.59360       11.86692    
  -83.48490       31.24980       10.99676    
  -92.63590       30.59050       3.748378    
  -92.23180       30.53340       3.257280    
  -90.62290       30.01210       4.016477    
  -91.61560       29.76460       42.73221    
  -76.80100       20.51310       5.131469    
  -104.0685       20.57770       32.66024    
  -82.58160       33.50040       14.86476    
  -94.49080       33.06060       35.03785    
  -85.56380       32.73570       63.00574    
  -81.72060       29.53940       45.30073    
  -80.18960       27.13680       10.32307    
  -76.85800       20.41290       22.19957    
  -90.40440       16.30570       35.93957    
  -83.49890       33.80260       17.02646    
  -80.59610       33.45320       2.585779    
  -93.34730       33.57610       28.87076    
  -82.86830       32.78780       36.62016    
  -85.56720       32.75950       39.36230    
  -87.03820       32.57470       18.05885    
  -84.30170       32.38310       38.75191    
  -83.10500       32.27110       14.45255    
  -87.59730       31.25170       25.64343    
  -87.57470       31.25130       43.90569    
  -86.64890       31.04790       20.93089    
  -85.14910       30.95210       3.639514    
  -84.62440       30.62200       13.27993    
  -84.70970       30.60040       25.59273    
  -91.23690       30.48410       5.146503    
  -90.92260       30.04230       6.053531    
  -98.89140       27.89990       35.40569    
  -90.20100       19.89330       87.52494    
  -99.51180       17.07070       19.77385    
  -106.2862       38.93240       25.31136    
  -79.05140       35.09620       17.04341    
  -93.35350       33.60050       20.33156    
  -81.56620       32.72400       2.575757    
  -85.50340       30.61340       18.22872    
  -91.65670       29.85640       7.850881    
  -90.18050       19.89300       57.06350    
  -93.67810       18.02160       19.50926    
  -94.13440       39.95450       10.52352    
  -92.64490       33.84430       35.88864    
  -83.92230       33.16040       24.55307    
  -85.93600       30.71260       31.38233    
  -83.23850       29.89600       24.70059    
  -76.99150       20.23280       22.78892    
  -101.6867       20.24440       94.41682    
  -101.6635       20.24370       57.65227    
  -81.50740       34.35850       27.99626    
  -92.62130       33.45710       23.25644    
  -84.15300       32.45150       14.85502    
  -87.17750       31.73140       18.34641    
  -91.75050       30.86530       4.219431    
  -91.52180       30.53730       3.908736    
  -91.38390       30.53370       6.093619    
  -91.20940       30.11780       41.81593    
  -91.53650       18.02540       10.49202    
  -81.62640       34.16500       30.90381    
  -83.89970       33.16000       25.25660    
  -84.17820       32.28690       25.00117    
  -84.15580       32.28650       19.19733    
  -85.57910       32.19280       43.67927    
  -85.46040       31.97950       32.87672    
  -87.11980       31.94070       21.75455    
  -88.31240       31.75550       86.83879    
  -89.50590       31.06260       38.49303    
  -85.46810       30.68160       170.7464    
  -95.61270       30.88810       30.39701    
  -82.31440       30.45310       23.33067    
  -81.22450       29.19750       26.50386    
  -82.45060       28.78610       107.1896    
  -99.49970       22.85620       3.527885    
  -76.99180       20.25280       4.310259    
  -123.8510       42.84280       154.3278    
  -92.94920       38.08850       20.45440    
  -85.60070       32.99800       18.34797    
  -82.17170       32.51820       38.25368    
  -85.39050       31.79110       202.1141    
  -85.89330       31.38100       11.93665    
  -89.81660       31.02380       51.87181    
  -91.71650       30.70320       21.70611    
  -91.34270       30.55560       4.520103    
  -90.78370       29.78900       11.70617    
  -93.86090       16.18130       47.55665    
  -92.71310       15.23340       2.770191    
  -87.20240       32.88670       37.53688    
  -88.19420       32.12770       16.89178    
  -88.17140       32.12720       17.87457    
  -83.95020       31.86120       116.3528    
  -83.81850       31.27770       2.355264    
  -94.63290       31.41320       142.5096    
  -84.73980       30.85340       13.55014    
  -85.14530       30.74500       88.32539    
  -91.84470       29.99760       7.335997    
  -81.37020       27.95600       11.32572    
  -93.84020       16.18100       54.36853    
  -92.81270       36.81280       27.65919    
  -84.81020       32.67510       24.05374    
  -85.93940       32.03500       30.29420    
  -91.76530       30.49790       23.83276    
  -92.14390       30.11940       2.921530    
  -91.62010       29.78740       39.80472    
  -78.27590       21.75020       2.144794    
  -80.19020       35.00710       20.00413    
  -84.75660       32.95930       32.99125    
  -85.63530       32.76080       31.13105    
  -82.84310       32.10310       26.99767    
  -86.37780       31.64580       16.15468    
  -91.19100       30.25420       5.462208    
  -82.62530       29.32470       42.58537    
  -78.06330       21.91240       3.738355    
  -101.5657       20.32230       26.81178    
  -90.41140       16.16980       2.756160    
  -87.59810       34.00070       17.98722    
  -92.62720       33.48140       27.81606    
  -86.38110       31.66910       17.79043    
  -91.95750       16.32740       14.00442    
  -85.37810       33.52070       21.47989    
  -92.45180       33.64490       23.46055    
  -90.53180       31.87890       40.41987    
  -88.25850       30.89610       17.36945    
  -84.07140       30.17990       84.21247    
  -98.67280       19.17880       14.02970    
  -89.41080       36.55560       37.83977    
  -91.98220       33.17390       26.48777    
  -87.96800       32.40540       19.74767    
  -87.78190       31.00130       17.47354    
  -84.65980       29.98420       55.35308    
  -81.46750       26.93040       22.24903    
  -80.79600       26.49220       6.737559    
  -123.1298       43.10000       613.0377    
  -92.00610       33.17460       29.17852    
  -86.59440       31.44050       26.13599    
  -88.09360       31.12330       28.53079    
  -84.66240       30.00690       25.97733    
  -91.74380       29.94950       5.131469    
  -90.99140       29.93030       6.138721    
  -90.76530       29.81120       26.95562    
  -101.4961       20.32040       151.4635    
  -92.30770       34.91040       34.56175    
  -81.57110       33.29580       36.71194    
  -84.48640       32.24470       18.37594    
  -88.44020       31.96890       160.2476    
  -83.75400       31.69490       19.44797    
  -86.98850       31.37850       21.92372    
  -85.49020       30.68190       25.09517    
  -81.87480       29.85710       22.44767    
  -91.75730       29.90440       7.276263    
  -80.52690       26.49000       4.459969    
  -99.46050       22.58470       19.50280    
  -101.8401       20.30960       26.10523    
  -91.70000       16.38200       10.57614    
  -82.57440       32.76010       16.60381    
  -84.48930       32.26830       20.60148    
  -84.76190       30.85370       3.422650    
  -94.60490       30.74060       47.39372    
  -92.16440       30.32550       2.946586    
  -83.26020       29.89630       31.48731    
  -81.74080       27.25900       32.37934    
  -111.6891       25.21190       33.08695    
  -76.78040       20.43280       70.93620    
  -103.9481       20.57410       66.96893    
  -82.24710       34.00280       24.01136    
  -87.62150       34.00120       21.43697    
  -93.25640       33.59740       38.92377    
  -85.35500       31.86060       15.14147    
  -86.87960       31.39960       41.15767    
  -89.08820       31.26110       40.35223    
  -92.08980       30.94380       17.90859    
  -82.42930       28.78590       44.00539    
  -80.64670       26.77170       4.700506    
  -101.5566       20.28140       76.03550    
  -89.77570       15.31060       22.22849    
  -88.84690       34.42010       34.30612    
  -84.59650       30.75920       16.04869    
  -88.35170       30.64520       19.88489    
  -84.72270       29.96250       15.23331    
  -92.01860       29.95670       2.465510    
  -81.80110       29.74320       82.01930    
  -91.47880       29.87450       28.74673    
  -77.66560       20.85730       19.30970    
  -76.79990       20.43290       8.007898    
  -70.57930       18.88810       33.20516    
  -94.63070       16.38890       34.45922    
  -84.66410       32.76750       23.74616    
  -81.62900       32.15850       15.74322    
  -91.03590       30.15900       13.56031    
  -83.24080       29.91870       14.98761    
  -81.72230       29.56200       32.86496    
  -90.73230       29.51630       29.26789    
  -80.71950       26.59940       9.401013    
  -87.71460       36.69020       25.16280    
  -87.69030       36.68960       16.52333    
  -83.85060       31.76630       4.290840    
  -92.12310       30.99090       2.876429    
  -91.71890       30.93370       45.44387    
  -91.55030       30.67580       4.003950    
  -91.55830       30.49240       4.279565    
  -81.84370       22.89830       8.442869    
  -89.54120       15.34640       20.04901    
  -85.61590       32.78420       24.39897    
  -89.74980       31.99980       25.51970    
  -84.04710       30.15680       46.60347    
  -91.74480       30.17720       13.87357    
  -90.70930       29.99150       13.49516    
  -91.02300       29.97650       5.021223    
  -90.70500       29.96870       153.0689    
  -91.37430       29.69050       5.111424    
  -124.2459       42.18300       864.6178    
  -83.09360       31.73220       26.24226    
  -87.24600       31.59290       20.21106    
  -84.64640       30.62230       10.99332    
  -91.25960       30.25590       4.020653    
  -90.73200       29.99200       14.97347    
  -90.72770       29.96920       16.96792    
  -78.20250       21.20230       2.982917    
  -91.66630       34.76740       7.506778    
  -87.89500       33.83780       13.15851    
  -93.70810       31.10590       28.15865    
  -91.60110       30.70020       4.423220    
  -91.72600       30.08560       2.856384    
  -90.86830       29.99540       4.329677    
  -90.75470       29.99260       12.64660    
  -87.35760       31.15430       14.53268    
  -86.98450       31.05440       67.24784    
  -90.75040       29.96980       14.70286    
  -90.43330       29.59950       15.60186    
  -101.6262       20.28330       78.50819    
  -100.5182       18.22300       40.19333    
  -96.01070       40.52690       3.337459    
  -91.50120       40.32450       13.84094    
  -90.81220       38.46570       62.71539    
  -91.80660       34.64860       3.172090    
  -84.57700       33.14710       62.46906    
  -88.49470       31.36370       51.53204    
  -82.47090       32.61660       25.83324    
  -91.65230       29.94710       27.78592    
  -90.76970       29.83400       13.39137    
  -87.16780       32.81460       44.62251    
  -84.57390       31.31240       19.22083    
  -90.96360       30.02050       34.36512    
  -97.70720       20.50730       14.87382    
  -91.43920       35.62960       5.913217    
  -85.60870       32.57070       30.44628    
  -85.48600       32.00330       26.41156    
  -87.50120       30.49000       21.88972    
  -93.09340       30.46580       42.50585    
  -91.18130       34.23840       22.69576    
  -86.10440       32.55620       28.91903    
  -90.82790       31.74620       10.19570    
  -91.74070       30.81900       12.80863    
  -90.84560       29.99490       6.023463    
  -83.24060       22.45840       2.381991    
  -105.2515       37.36920       78.38328    
  -85.46130       34.10240       49.16729    
  -84.55430       33.14670       19.04164    
  -85.27070       32.06990       16.89178    
  -90.45590       29.60000       15.03886    
  -122.9217       43.25770       201.8980    
  -92.86220       18.28430       34.59761    
  -85.43980       34.27240       18.24312    
  -84.68970       32.43660       23.54906    
  -86.68940       31.62840       32.88986    
  -86.06250       31.31450       17.83449    
  -90.84120       29.97200       6.250637    
  -82.46860       32.59290       53.01002    
  -97.78480       31.24120       24.39806    
  -92.78470       30.11410       4.434912    
  -91.95930       34.38340       4.239475    
  -91.74210       33.26280       21.53923    
  -92.13620       30.94500       3.016742    
  -91.16810       30.25360       3.778445    
  -99.32630       22.39430       71.04131    
  -96.13690       18.42480       12.87655    
  -89.54280       15.36570       13.96202    
  -93.51980       37.76830       24.20235    
  -85.61260       32.76040       15.78613    
  -84.59920       30.78220       31.28379    
  -91.00030       29.97600       27.24400    
  -91.12720       30.16130       4.596273    
  -90.74080       30.03770       2.635891    
  -90.73640       30.01490       2.686003    
  -91.86750       34.60130       5.377018    
  -89.92260       16.06650       2.255040    
  -92.88040       16.03000       22.07109    
  -107.2752       41.21680       52.83746    
  -91.26410       30.27890       3.036788    
  -107.2336       26.93970       37.25762    
  -78.18160       21.91280       2.553207    
  -91.68880       29.90260       4.614313    
  -98.50170       18.59490       2.455488    
  -81.79930       29.72060       47.54152    
  -101.4139       26.88680       6.345216    
  -97.91300       26.42090       26.61282    
  -97.90750       26.39900       96.02660    
  -99.22150       22.53650       3.748378    
  -98.61620       18.49780       19.32866    
  -97.93640       26.42160       110.3203    
  -97.73140       26.15530       15.29168    
  -99.04860       22.78090       31.34155    
  -95.92920       18.32140       14.28639    
  -92.53490       15.07650       23.16340    
  -124.3379       43.00340       806.4465    
  -91.63290       30.63210       2.174861    
  -97.72430       26.50190       148.1273    
  -97.70090       26.50120       181.1915    
  -97.34550       20.92550       23.72862    
  -101.5425       20.32170       31.53012    
  -102.4012       20.32520       27.43933    
  -78.13350       18.27210       13.20551    
  -89.92440       16.08590       20.51393    
  -97.75470       26.15600       79.97867    
  -99.35500       22.62330       5.161536    
  -80.01350       34.12380       26.03506    
  -82.57920       32.80760       11.13774    
  -92.53690       15.09580       11.32572    
  -92.51660       15.09550       11.18474    
  -91.42470       30.39730       62.37053    
  -97.89500       26.44200       98.57533    
  -95.99430       17.90650       10.57380    
  -100.4116       29.50130       22.76718    
  -97.74940       26.13420       56.21992    
  -98.09120       22.11270       19.17922    
  -93.11760       17.85400       4.159297    
  -121.9344       43.28790       156.2552    
  -99.21680       22.51560       55.11203    
  -101.5193       20.32110       13.22901    
  -102.4572       20.16410       13.23596    
  -123.7944       43.01300       149.7847    
  -121.2703       42.61620       127.0692    
  -80.47400       22.31270       2.305152    
  -92.52120       14.94140       3.197146    
  -92.65850       15.09750       2.435443    
  -123.8371       43.04610       149.9561    
  -95.16650       31.99210       71.55315    
  -98.93530       22.98600       5.268442    
  -98.73800       18.44070       26.70208    
  -78.18390       21.24270       2.886451    
  -93.04510       16.75350       23.84466    
  -101.8028       20.34920       18.91828    
  -97.17520       18.20790       3.658176    
  -97.15360       18.20740       23.81094    
  -98.29930       22.03570       8.017920    
  -92.53290       15.05720       3.187123    
