  -123.6008       51.90070       517.8176    
  -105.5247       45.84940       56.20443    
  -124.1941       42.17840       2102.074    
  -122.6433       40.82530       203.3737    
  -87.65380       31.18340       9.028358    
  -96.76240       28.14070       173.2980    
  -93.18470       17.89460       64.99467    
  -93.11510       17.83420       47.82924    
  -123.0429       41.90540       170.4094    
  -103.2954       19.64010       16.22761    
  -124.3185       43.23630       207.0792    
  -121.3076       42.64840       36.05711    
  -121.2435       42.55590       561.1348    
  -95.62180       32.76470       18.08603    
  -99.53730       24.64550       27.71691    
  -96.37020       19.34770       9.771055    
  -103.4517       19.60400       41.79911    
  -86.21210       35.49570       10.20333    
  -101.5148       20.30060       13.52257    
  -99.01690       22.84250       4.861866    
  -103.3191       19.64080       10.00096    
  -95.31830       29.07880       10.91293    
  -96.32540       18.80690       19.36769    
  -88.86440       18.79670       3.328820    
  -102.2089       20.19780       7.447365    
  -99.01160       22.71750       4.702698    
  -109.6423       30.50830       21.15146    
  -99.07780       23.01090       10.11592    
  -70.34600       18.92870       66.98230    
  -92.48000       16.27670       29.00490    
  -120.5228       38.52270       127.1331    
  -98.84730       22.79610       23.50311    
  -92.46170       16.29590       10.26919    
  -92.32890       16.19670       23.31524    
  -92.48470       17.90260       15.71531    
  -92.28400       16.15710       7.419082    
  -92.16520       18.64900       6.875502    
  -104.1634       19.80680       10.80564    
  -104.1724       19.74620       49.00825    
  -94.37350       18.07360       3.683232    
  -80.54760       26.49020       19.83355    
  -78.03050       25.10870       26.57740    
  -80.86070       26.53580       11.42241    
  -98.89420       23.00570       6.763240    
  -81.06610       27.16570       14.00148    
  -80.56870       26.85760       10.43144    
  -81.10100       26.73220       39.48787    
  -83.12990       31.22180       16.22198    
  -81.26300       26.66880       40.40075    
  -85.28900       30.13040       50.44684    
  -80.92030       26.49320       5.833977    
  -78.07110       25.10880       8.750602    
  -98.76510       22.83540       17.84924    
  -94.51350       31.59600       15.54206    
  -80.56830       26.49030       14.07389    
  -79.89480       33.01630       3.961295    
  -91.20680       31.01250       71.10390    
  -80.99570       26.70970       39.77366    
  -85.05890       30.40010       17.90791    
  -80.62090       26.68500       19.70529    
  -94.48960       31.59520       10.69580    
  -78.02990       25.08750       15.41166    
  -90.13140       15.29570       3.761566    
  -80.61720       26.62020       6.919213    
  -92.36420       14.78520       13.75834    
  -85.16380       30.53900       26.84224    
  -80.88670       26.62240       6.458811    
  -90.44560       17.12520       4.651396    
  -92.44140       16.29560       7.778526    
  -92.36610       14.80450       20.27015    
  -82.94710       33.74620       37.38091    
  -89.15210       33.09800       17.67147    
  -85.29490       32.92100       170.1892    
  -82.45710       32.47460       3.933166    
  -91.18380       31.01190       80.46360    
  -80.88540       26.60080       7.386195    
  -90.13310       15.31500       3.779698    
  -83.18720       30.25870       16.52353    
  -80.99710       26.73130       6.156259    
  -80.90220       26.53620       4.472497    
  -98.78110       38.35140       33.12602    
  -82.00970       29.92650       32.99008    
  -71.30790       19.79840       6.173360    
  -68.83920       49.48390       24.80020    
  -82.06130       34.19470       9.159037    
  -98.77380       22.25490       23.04766    
  -83.63360       33.20370       41.11562    
  -83.16540       30.25850       16.32992    
  -93.09290       16.63700       32.10808    
  -85.57450       32.97370       15.49077    
  -76.87860       20.49320       31.73134    
  -104.2494       19.76870       10.13503    
  -82.67740       33.33370       61.36969    
  -80.60720       26.44750       10.96288    
  -83.33850       33.39090       15.90830    
  -81.00040       28.72670       61.95005    
  -81.55550       27.30080       8.723316    
  -81.24220       26.66860       78.93052    
  -83.34120       33.41500       81.20413    
  -81.94900       32.02150       30.69626    
  -82.62550       33.04620       71.41296    
  -85.08690       30.62940       11.73804    
  -80.15640       33.25730       13.50079    
  -96.42850       31.33290       3.721379    
  -77.37880       26.73130       12.38321    
  -82.89470       31.28810       17.40908    
  -92.92690       18.30520       8.429929    
  -85.15250       32.70470       42.38430    
  -86.65230       31.07110       41.66515    
  -84.90800       30.78710       24.30547    
  -81.34990       30.03280       279.3370    
  -92.92940       18.32500       3.412040    
  -85.57590       32.16920       29.24295    
  -96.30030       31.30530       18.74317    
  -92.20590       30.94700       6.346998    
  -96.64700       30.73800       21.49566    
  -80.79730       26.51370       15.19004    
  -76.82190       20.61360       4.134866    
  -106.4211       39.42540       15.71032    
  -79.68840       32.91930       68.58477    
  -85.34110       31.07060       20.28775    
  -82.58410       33.52440       4.541951    
  -84.54360       32.88430       31.39425    
  -94.55250       30.62390       60.30674    
  -80.68820       26.77200       21.97443    
  -106.8369       39.55900       8.481957    
  -82.29140       33.30460       9.528375    
  -86.87110       30.89080       45.19592    
  -95.46270       30.86010       34.22743    
  -82.86070       29.55240       12.25552    
  -80.57120       26.90100       9.194926    
  -80.58440       26.77120       11.29525    
  -81.78000       32.11330       91.39635    
  -98.05190       31.95290       39.61015    
  -94.65680       31.41400       36.29391    
  -92.29090       31.01860       9.333046    
  -81.40420       26.60530       18.19576    
  -82.53480       32.35770       16.75654    
  -81.62700       32.13500       6.733225    
  -88.56070       32.13600       51.95716    
  -89.41600       31.68750       7.832130    
  -88.55660       31.06400       30.05554    
  -86.86770       30.86770       65.12588    
  -86.01970       30.34790       76.11131    
  -80.92420       26.55790       92.38564    
  -80.90350       26.55770       15.07056    
  -80.60840       26.46910       11.48379    
  -76.50930       20.55280       8.621519    
  -85.58040       33.81380       69.79011    
  -79.69420       33.01460       8.294469    
  -81.60680       32.67710       23.12189    
  -84.24750       31.16850       3.240367    
  -95.31560       29.25880       4.873705    
  -81.41670       34.87230       7.233131    
  -82.24470       33.97860       124.9126    
  -81.80220       32.11360       40.65525    
  -82.95030       31.84700       21.84979    
  -98.36270       26.17480       13.64111    
  -89.20980       16.54310       8.413554    
  -77.25400       34.61790       7.997536    
  -89.11880       33.52890       7.941053    
  -83.63090       33.17980       42.94351    
  -82.49330       32.61690       26.20019    
  -85.09420       31.04340       13.61736    
  -92.17060       30.02900       4.178715    
  -80.48800       26.53280       14.57069    
  -98.33930       26.17400       16.25884    
  -101.5798       20.28210       18.70174    
  -81.40360       33.17430       42.88142    
  -82.51560       32.61720       13.64882    
  -82.70610       32.28920       17.75172    
  -92.15940       30.94570       5.432767    
  -85.99760       30.34750       12.31209    
  -87.23570       33.92000       12.46608    
  -87.81820       33.40210       55.56975    
  -82.78300       33.04830       131.5923    
  -86.17970       32.91370       13.28658    
  -82.70380       32.26570       15.11173    
  -87.55070       30.81220       214.4089    
  -80.71890       28.30290       7.709940    
  -81.76170       27.25930       8.941704    
  -101.5611       20.30190       25.47355    
  -91.94670       15.84170       13.42406    
  -85.46300       34.27280       9.886304    
  -84.97980       33.10620       9.682924    
  -83.50690       31.25010       15.75030    
  -92.17760       30.92310       5.261760    
  -81.40560       26.62690       19.55273    
  -93.38960       16.36860       27.48451    
  -124.3940       42.83320       97.16222    
  -93.10510       39.21060       4.143636    
  -88.33700       34.21230       8.951641    
  -85.91820       33.45870       60.87166    
  -82.29900       32.68540       10.93017    
  -86.27750       32.65430       29.76476    
  -90.92700       30.06510       5.024981    
  -81.39710       27.73660       36.99618    
  -76.89810       20.49330       14.48415    
  -103.7270       19.16740       33.22158    
  -79.68480       35.32440       18.97928    
  -94.06140       33.26220       93.93036    
  -94.03700       33.26140       104.4725    
  -81.85320       29.85680       10.73312    
  -99.84140       28.44470       23.03219    
  -102.0033       20.31410       29.96754    
  -85.89520       33.45820       47.77283    
  -81.85630       31.97360       38.37151    
  -81.85430       31.95020       44.75527    
  -86.16230       31.54860       41.18843    
  -96.13130       31.64940       3.667686    
  -86.23740       30.97110       24.42764    
  -90.87030       29.29430       28.17817    
  -107.3173       39.18250       51.26538    
  -105.8974       38.35010       31.50872    
  -93.18350       33.59510       70.32290    
  -110.8616       33.42080       70.19390    
  -83.75730       31.32310       28.57288    
  -93.15530       30.12450       5.419613    
  -89.62370       15.38600       3.878074    
  -80.57550       33.47700       3.768735    
  -84.54050       32.86050       54.47705    
  -81.87840       31.97390       34.23269    
  -81.87640       31.95040       81.29494    
  -86.61680       31.44090       12.35751    
  -92.15440       30.92250       7.971566    
  -91.98040       30.75640       14.48470    
  -90.65100       29.92190       12.69137    
  -81.74180       28.42310       17.60979    
  -80.21690       26.87660       18.84728    
  -76.89550       20.31270       4.268603    
  -99.57730       18.32040       6.840288    
  -88.41730       31.96840       273.1654    
  -86.49860       31.85820       25.45572    
  -85.91570       31.38140       16.19826    
  -84.53810       31.01140       25.10666    
  -85.72690       30.29720       23.40535    
  -84.06890       30.15710       302.1079    
  -82.12010       28.38280       27.30392    
  -80.16870       27.13670       179.8883    
  -80.49310       26.98710       29.66833    
  -80.61220       26.53380       12.43091    
  -92.65330       17.25620       15.79022    
  -87.85010       33.71590       11.86234    
  -81.62080       32.32300       3.354372    
  -87.27040       32.31970       7.458545    
  -86.01290       31.91920       9.579465    
  -84.53540       30.98830       29.11857    
  -81.45610       29.15500       5.271297    
  -81.34160       27.84580       4.181126    
  -99.40980       18.73560       13.77023    
  -123.0114       42.68080       161.1941    
  -79.05000       35.07140       6.778681    
  -84.27230       33.79070       7.996077    
  -82.67980       33.35770       21.16735    
  -83.91950       33.13640       25.12192    
  -79.71060       32.91950       39.35244    
  -81.31440       32.91120       28.56832    
  -82.51800       32.64090       27.55578    
  -88.10450       31.86780       19.80625    
  -87.77780       31.67390       18.47400    
  -93.43470       31.23690       14.69659    
  -91.35670       30.62480       6.097662    
  -82.44870       28.76380       23.72465    
  -81.55700       27.32270       10.32292    
  -80.44900       26.57570       30.77859    
  -78.84570       22.30360       3.341218    
  -85.46190       33.78740       7.633262    
  -87.87340       33.71640       14.86733    
  -85.91690       32.03460       84.54516    
  -87.38160       31.59570       10.30850    
  -89.11100       31.26170       14.90100    
  -87.55430       30.83530       42.83712    
  -97.73060       28.95390       22.17598    
  -80.57200       27.27040       3.086022    
  -78.15260       18.27220       4.012092    
  -94.35380       37.64240       61.30502    
  -95.09340       34.16830       16.89818    
  -83.89680       33.13610       18.53489    
  -82.62800       33.07000       109.3746    
  -93.06170       33.11060       50.96796    
  -81.34520       32.74530       30.99607    
  -81.12180       32.45900       18.27762    
  -85.10760       30.97440       5.288069    
  -91.78590       30.15550       5.459076    
  -98.80800       23.12840       27.48451    
  -98.75110       22.25430       12.09021    
  -102.4619       20.18460       11.16677    
  -91.24880       35.64890       6.445656    
  -78.10190       34.81860       37.29616    
  -86.02530       33.10140       8.310406    
  -82.21650       32.28300       34.80153    
  -89.77290       32.00040       10.58531    
  -84.81000       31.43210       13.15851    
  -88.16620       31.42620       9.132835    
  -93.41110       31.23620       51.84043    
  -85.03720       30.58270       12.10844    
  -93.07530       30.48820       41.66079    
  -95.32120       29.28150       10.38414    
  -82.18090       27.81030       53.30740    
  -82.33740       27.65840       14.09400    
  -78.10290       34.84320       38.11856    
  -82.76050       33.04800       75.15091    
  -83.35980       32.77090       17.10313    
  -88.37120       30.89850       35.85130    
  -84.71240       30.62340       9.279952    
  -91.49880       30.53670       5.598136    
  -92.05100       30.00310       4.604040    
  -76.94500       21.01670       3.972629    
  -76.91790       20.51340       12.15953    
  -76.80070       20.49310       18.36024    
  -102.0443       19.14200       14.25425    
  -107.4202       38.17500       59.60670    
  -89.88640       36.92670       11.09866    
  -83.65630       33.20410       27.34548    
  -82.80550       33.04860       82.46687    
  -82.78060       33.02440       61.71092    
  -85.52560       32.94900       13.29179    
  -86.61110       32.75570       44.21308    
  -81.16820       32.48310       17.93440    
  -88.39790       32.50960       66.88635    
  -85.99040       31.91880       26.83428    
  -88.17010       31.44950       11.39318    
  -88.37500       30.92160       105.3527    
  -91.94110       30.02290       6.768879    
  -96.13400       29.44240       82.34346    
  -71.24120       19.40060       8.317404    
  -89.62200       15.36660       4.385677    
  -81.36510       32.98310       22.74778    
  -84.13050       32.45120       12.43414    
  -83.10250       32.24750       29.14845    
  -85.46350       32.00290       40.45054    
  -88.35690       32.01400       4.275180    
  -88.37550       31.59360       4.614914    
  -83.48490       31.24980       14.43324    
  -92.63590       30.59050       4.919746    
  -92.23180       30.53340       4.275180    
  -90.62290       30.01210       5.271626    
  -91.61560       29.76460       45.40297    
  -76.80100       20.51310       6.735053    
  -104.0685       20.57770       14.28885    
  -82.58160       33.50040       15.79381    
  -94.49080       33.06060       13.62583    
  -85.56380       32.73570       66.94360    
  -81.72060       29.53940       48.13203    
  -80.18960       27.13680       13.54903    
  -76.85800       20.41290       29.13693    
  -90.40440       16.30570       15.72356    
  -83.49890       33.80260       22.34722    
  -80.59610       33.45320       3.393835    
  -93.34730       33.57610       30.67518    
  -82.86830       32.78780       38.90892    
  -85.56720       32.75950       17.22101    
  -87.03820       32.57470       7.900745    
  -84.30170       32.38310       15.07019    
  -83.10500       32.27110       5.620437    
  -87.59730       31.25170       33.65701    
  -87.57470       31.25130       17.07444    
  -86.64890       31.04790       22.23907    
  -85.14910       30.95210       4.776862    
  -84.62440       30.62200       5.164418    
  -84.70970       30.60040       11.19682    
  -91.23690       30.48410       6.754785    
  -90.92260       30.04230       7.945258    
  -98.89140       27.89990       46.46996    
  -90.20100       19.89330       38.29216    
  -99.51180       17.07070       8.651059    
  -106.2862       38.93240       33.22116    
  -79.05140       35.09620       22.36947    
  -93.35350       33.60050       21.60228    
  -81.56620       32.72400       3.380681    
  -85.50340       30.61340       23.92519    
  -91.65670       29.85640       10.30428    
  -90.18050       19.89300       24.96528    
  -93.67810       18.02160       7.586936    
  -94.13440       39.95450       13.81212    
  -92.64490       33.84430       15.70128    
  -83.92230       33.16040       10.74197    
  -85.93600       30.71260       12.20424    
  -83.23850       29.89600       10.80651    
  -76.99150       20.23280       29.91046    
  -101.6867       20.24440       100.3179    
  -101.6635       20.24370       75.66859    
  -81.50740       34.35850       29.74603    
  -92.62130       33.45710       30.52408    
  -84.15300       32.45150       19.49721    
  -87.17750       31.73140       8.026553    
  -91.75050       30.86530       5.538002    
  -91.52180       30.53730       5.130216    
  -91.38390       30.53370       7.997875    
  -91.20940       30.11780       54.88340    
  -91.53650       18.02540       4.080232    
  -81.62640       34.16500       32.83530    
  -83.89970       33.16000       11.04976    
  -84.17820       32.28690       32.81404    
  -84.15580       32.28650       25.19649    
  -85.57910       32.19280       16.98638    
  -85.46040       31.97950       12.78539    
  -87.11980       31.94070       9.517617    
  -88.31240       31.75550       33.77065    
  -89.50590       31.06260       14.96951    
  -85.46810       30.68160       66.40139    
  -95.61270       30.88810       11.82106    
  -82.31440       30.45310       10.20717    
  -81.22450       29.19750       11.59544    
  -82.45060       28.78610       41.68483    
  -99.49970       22.85620       4.630349    
  -76.99180       20.25280       5.657215    
  -123.8510       42.84280       163.9733    
  -92.94920       38.08850       8.948802    
  -85.60070       32.99800       8.027236    
  -82.17170       32.51820       50.20795    
  -85.39050       31.79110       78.59992    
  -85.89330       31.38100       15.66685    
  -89.81660       31.02380       20.17237    
  -91.71650       30.70320       23.06274    
  -91.34270       30.55560       5.932634    
  -90.78370       29.78900       15.36434    
  -93.86090       16.18130       62.41811    
  -92.71310       15.23340       3.635876    
  -87.20240       32.88670       39.88294    
  -88.19420       32.12770       7.390153    
  -88.17140       32.12720       7.820125    
  -83.95020       31.86120       123.6249    
  -83.81850       31.27770       3.091284    
  -94.63290       31.41320       55.42041    
  -84.73980       30.85340       17.78455    
  -85.14530       30.74500       34.34877    
  -91.84470       29.99760       9.628494    
  -81.37020       27.95600       14.86501    
  -93.84020       16.18100       23.78623    
  -92.81270       36.81280       10.75635    
  -84.81020       32.67510       25.55709    
  -85.93940       32.03500       11.78108    
  -91.76530       30.49790       25.32231    
  -92.14390       30.11940       3.834507    
  -91.62010       29.78740       17.41456    
  -78.27590       21.75020       2.815042    
  -80.19020       35.00710       21.25438    
  -84.75660       32.95930       14.43367    
  -85.63530       32.76080       13.61983    
  -82.84310       32.10310       10.49909    
  -86.37780       31.64580       17.16435    
  -91.19100       30.25420       7.169148    
  -82.62530       29.32470       16.56098    
  -78.06330       21.91240       4.906591    
  -101.5657       20.32230       35.19046    
  -90.41140       16.16980       3.617460    
  -87.59810       34.00070       23.60822    
  -92.62720       33.48140       29.55456    
  -86.38110       31.66910       23.34993    
  -91.95750       16.32740       18.38080    
  -85.37810       33.52070       8.353293    
  -92.45180       33.64490       24.92684    
  -90.53180       31.87890       15.71884    
  -88.25850       30.89610       6.754785    
  -84.07140       30.17990       36.84296    
  -98.67280       19.17880       5.455996    
  -89.41080       36.55560       14.71547    
  -91.98220       33.17390       11.58840    
  -87.96800       32.40540       20.98190    
  -87.78190       31.00130       7.644673    
  -84.65980       29.98420       58.81264    
  -81.46750       26.93040       9.733948    
  -80.79600       26.49220       8.843046    
  -123.1298       43.10000       651.3525    
  -92.00610       33.17460       31.00218    
  -86.59440       31.44050       11.43449    
  -88.09360       31.12330       12.48222    
  -84.66240       30.00690       11.36508    
  -91.74380       29.94950       6.735053    
  -90.99140       29.93030       8.057071    
  -90.76530       29.81120       10.48274    
  -101.4961       20.32040       58.90248    
  -92.30770       34.91040       45.36229    
  -81.57110       33.29580       39.00644    
  -84.48640       32.24470       7.146201    
  -88.44020       31.96890       170.2631    
  -83.75400       31.69490       25.52546    
  -86.98850       31.37850       23.29395    
  -85.49020       30.68190       32.93740    
  -81.87480       29.85710       9.820856    
  -91.75730       29.90440       9.550095    
  -80.52690       26.49000       5.853708    
  -99.46050       22.58470       25.59742    
  -101.8401       20.30960       34.26312    
  -91.70000       16.38200       4.627059    
  -82.57440       32.76010       21.79250    
  -84.48930       32.26830       8.011688    
  -84.76190       30.85370       4.492228    
  -94.60490       30.74060       18.43089    
  -92.16440       30.32550       3.867393    
  -83.26020       29.89630       13.77570    
  -81.74080       27.25900       42.49789    
  -111.6891       25.21190       12.86715    
  -76.78040       20.43280       27.58631    
  -103.9481       20.57410       29.29891    
  -82.24710       34.00280       25.51208    
  -87.62150       34.00120       8.336601    
  -93.25640       33.59740       17.02915    
  -85.35500       31.86060       5.888349    
  -86.87960       31.39960       18.00648    
  -89.08820       31.26110       17.65410    
  -92.08980       30.94380       23.50502    
  -82.42930       28.78590       57.75707    
  -80.64670       26.77170       6.169414    
  -101.5566       20.28140       33.26553    
  -89.77570       15.31060       29.17489    
  -88.84690       34.42010       45.02678    
  -84.59650       30.75920       21.06390    
  -88.35170       30.64520       8.699637    
  -84.72270       29.96250       16.18539    
  -92.01860       29.95670       3.235982    
  -81.80110       29.74320       31.89640    
  -91.47880       29.87450       30.54340    
  -77.66560       20.85730       25.34397    
  -76.79990       20.43290       10.51037    
  -70.57930       18.88810       12.91312    
  -94.63070       16.38890       36.61292    
  -84.66410       32.76750       25.23029    
  -81.62900       32.15850       20.66298    
  -91.03590       30.15900       17.79790    
  -83.24080       29.91870       15.92434    
  -81.72230       29.56200       43.13525    
  -90.73230       29.51630       31.09713    
  -80.71950       26.59940       12.33883    
  -87.71460       36.69020       11.00872    
  -87.69030       36.68960       21.68687    
  -83.85060       31.76630       5.631727    
  -92.12310       30.99090       3.775313    
  -91.71890       30.93370       59.64507    
  -91.55030       30.67580       5.255183    
  -91.55830       30.49240       5.616929    
  -81.84370       22.89830       3.283339    
  -89.54120       15.34640       8.771439    
  -85.61590       32.78420       25.92391    
  -89.74980       31.99980       9.924326    
  -84.04710       30.15680       20.38902    
  -91.74480       30.17720       5.395278    
  -90.70930       29.99150       17.71240    
  -91.02300       29.97650       6.590355    
  -90.70500       29.96870       59.52680    
  -91.37430       29.69050       6.708745    
  -124.2459       42.18300       918.6564    
  -83.09360       31.73220       10.20532    
  -87.24600       31.59290       8.842338    
  -84.64640       30.62230       4.275180    
  -91.25960       30.25590       5.277107    
  -90.73200       29.99200       19.65267    
  -90.72770       29.96920       22.27040    
  -78.20250       21.20230       3.915078    
  -91.66630       34.76740       9.852646    
  -87.89500       33.83780       17.27055    
  -93.70810       31.10590       12.31941    
  -91.60110       30.70020       5.805475    
  -91.72600       30.08560       3.749004    
  -90.86830       29.99540       5.682701    
  -90.75470       29.99260       16.59866    
  -87.35760       31.15430       6.358045    
  -86.98450       31.05440       26.15194    
  -90.75040       29.96980       19.29750    
  -90.43330       29.59950       16.57697    
  -101.6262       20.28330       34.34733    
  -100.5182       18.22300       15.63074    
  -96.01070       40.52690       4.380415    
  -91.50120       40.32450       18.16623    
  -90.81220       38.46570       24.38932    
  -91.80660       34.64860       4.163368    
  -84.57700       33.14710       24.29352    
  -88.49470       31.36370       20.04024    
  -82.47090       32.61660       33.90613    
  -91.65230       29.94710       10.80564    
  -90.76970       29.83400       5.858722    
  -87.16780       32.81460       17.35320    
  -84.57390       31.31240       25.22734    
  -90.96360       30.02050       13.36421    
  -97.70720       20.50730       19.52189    
  -91.43920       35.62960       7.761096    
  -85.60870       32.57070       11.84022    
  -85.48600       32.00330       11.55506    
  -87.50120       30.49000       23.25783    
  -93.09340       30.46580       45.16247    
  -91.18130       34.23840       9.929396    
  -86.10440       32.55620       11.24629    
  -90.82790       31.74620       4.460618    
  -91.74070       30.81900       16.81132    
  -90.84560       29.99490       7.905794    
  -83.24060       22.45840       3.126363    
  -105.2515       37.36920       83.28224    
  -85.46130       34.10240       19.12062    
  -84.55430       33.14670       8.330717    
  -85.27070       32.06990       17.94751    
  -90.45590       29.60000       5.848446    
  -122.9217       43.25770       214.5166    
  -92.86220       18.28430       15.13645    
  -85.43980       34.27240       7.981365    
  -84.68970       32.43660       9.157969    
  -86.68940       31.62840       12.79050    
  -86.06250       31.31450       23.40776    
  -90.84120       29.97200       8.203960    
  -82.46860       32.59290       20.61501    
  -97.78480       31.24120       32.02246    
  -92.78470       30.11410       5.820822    
  -91.95930       34.38340       5.564312    
  -91.74210       33.26280       28.27024    
  -92.13620       30.94500       3.959474    
  -91.16810       30.25360       4.959209    
  -99.32630       22.39430       27.62718    
  -96.13690       18.42480       16.90046    
  -89.54280       15.36570       6.108384    
  -93.51980       37.76830       31.76559    
  -85.61260       32.76040       6.906434    
  -84.59920       30.78220       12.16592    
  -91.00030       29.97600       10.59489    
  -91.12720       30.16130       6.032608    
  -90.74080       30.03770       3.459607    
  -90.73640       30.01490       3.525379    
  -91.86750       34.60130       7.057336    
  -89.92260       16.06650       2.959740    
  -92.88040       16.03000       8.583201    
  -107.2752       41.21680       69.34916    
  -91.26410       30.27890       3.985784    
  -107.2336       26.93970       39.58622    
  -78.18160       21.91280       3.351084    
  -91.68880       29.90260       6.056286    
  -98.50170       18.59490       3.222828    
  -81.79930       29.72060       18.48837    
  -101.4139       26.88680       8.328095    
  -97.91300       26.42090       34.92932    
  -97.90750       26.39900       126.0349    
  -99.22150       22.53650       4.919746    
  -98.61620       18.49780       25.36886    
  -97.93640       26.42160       42.90234    
  -97.73140       26.15530       20.07032    
  -99.04860       22.78090       13.71193    
  -95.92920       18.32140       18.75088    
  -92.53490       15.07650       9.007992    
  -124.3379       43.00340       856.8495    
  -91.63290       30.63210       2.854505    
  -97.72430       26.50190       194.4170    
  -97.70090       26.50120       237.8138    
  -97.34550       20.92550       10.38127    
  -101.5425       20.32170       12.26172    
  -102.4012       20.32520       10.67085    
  -78.13350       18.27210       17.33223    
  -89.92440       16.08590       8.974845    
  -97.75470       26.15600       104.9720    
  -99.35500       22.62330       6.774517    
  -80.01350       34.12380       34.17101    
  -82.57920       32.80760       14.61829    
  -92.53690       15.09580       14.86501    
  -92.51660       15.09550       14.67997    
  -91.42470       30.39730       24.25521    
  -97.89500       26.44200       38.33486    
  -95.99430       17.90650       13.87812    
  -100.4116       29.50130       29.88192    
  -97.74940       26.13420       73.78864    
  -98.09120       22.11270       25.17273    
  -93.11760       17.85400       5.459076    
  -121.9344       43.28790       166.0211    
  -99.21680       22.51560       21.43246    
  -101.5193       20.32110       17.36307    
  -102.4572       20.16410       5.147317    
  -123.7944       43.01300       159.1463    
  -121.2703       42.61620       135.0110    
  -80.47400       22.31270       3.025512    
  -92.52120       14.94140       4.196254    
  -92.65850       15.09750       3.196519    
  -123.8371       43.04610       159.3284    
  -95.16650       31.99210       76.02522    
  -98.93530       22.98600       6.914830    
  -98.73800       18.44070       10.38414    
  -78.18390       21.24270       3.788467    
  -93.04510       16.75350       9.272923    
  -101.8028       20.34920       24.83025    
  -97.17520       18.20790       4.801356    
  -97.15360       18.20740       31.25186    
  -98.29930       22.03570       10.52352    
  -92.53290       15.05720       4.183099    
