  -97.54730       50.91450       21.08010    
  -101.7590       50.30910       55.91225    
  -116.0222       48.25990       42.43430    
  -113.1831       38.62520       331.7745    
  -97.85300       37.62740       352.6004    
  -114.2722       38.35450       1120.509    
  -114.2359       38.35190       3265.692    
  -110.6148       32.44320       334.4704    
  -110.7856       32.42870       532.8735    
  -110.7548       32.42700       594.0055    
  -110.7241       32.42530       320.8633    
  -110.7413       32.40240       525.3539    
  -110.7106       32.40070       177.9122    
  -108.5726       26.40410       23.94976    
  -107.5671       25.23160       3.419022    
  -107.6738       25.02040       8.597341    
  -78.09030       21.42460       24.97295    
  -88.55290       18.27820       4.431780    
  -88.53290       18.27800       4.572721    
  -92.48470       17.90260       36.98135    
  -93.18470       17.89460       64.70569    
  -93.49100       17.86040       3.257280    
  -93.11510       17.83420       55.24374    
  -115.9661       48.32160       53.06309    
  -99.09670       41.42580       5.120820    
  -113.2187       38.62770       438.8543    
  -89.29350       36.91010       16.22376    
  -110.0099       34.25220       36.31900    
  -101.8494       31.49440       66.40673    
  -101.7973       31.35190       13.08042    
  -78.36560       22.13800       12.04276    
  -115.6144       48.15710       90.64693    
  -106.5598       39.29850       57.89647    
  -113.2041       38.65340       827.3094    
  -114.2576       38.38000       1272.790    
  -97.35530       37.13940       9.771840    
  -98.45800       36.98060       163.3944    
  -97.06490       34.33880       44.33973    
  -110.2718       33.97250       29.12158    
  -109.5704       26.84380       7.005715    
  -88.68690       18.00400       2.959740    
  -94.52780       17.97760       27.05996    
  -92.48230       17.88280       37.58489    
  -93.49350       17.88020       3.609630    
  -116.7407       46.40490       19.96650    
  -110.7720       32.40410       73.50280    
  -100.7945       43.45340       26.50794    
  -101.9732       38.37440       51.57678    
  -113.2543       38.63010       167.4072    
  -113.2333       38.60200       527.9702    
  -113.1977       38.59950       459.7061    
  -115.9593       36.87340       52.89037    
  -110.2574       33.94720       23.11415    
  -110.2353       32.99830       27.13577    
  -88.64880       18.02320      0.6381822    
  -113.2398       38.65580       741.1770    
  -110.0007       34.96980       33.63535    
  -110.5446       33.81680       11.00799    
  -108.6001       26.40530       74.60014    
  -107.3386       50.07090       72.16673    
  -109.9693       34.96800       28.55755    
  -109.2570       33.42780       12.25142    
  -103.2634       50.77140       66.66249    
  -106.0461       50.39850       43.91066    
  -115.1226       47.78310       50.23226    
  -119.0326       36.49780       15.51768    
  -110.6888       33.43520       30.30431    
  -110.6455       32.44490       234.2250    
  -109.0471       50.77740       90.92191    
  -105.3960       37.53330       21.67696    
  -89.43740       36.78600       21.78306    
  -89.41280       36.78530       23.03586    
  -98.43100       36.97940       11.60406    
  -112.9323       30.86950       32.17294    
  -109.6256       28.67650       71.47918    
  -117.1801       46.31650       155.2400    
  -116.8617       36.98830       16.20113    
  -110.0038       34.39970       29.37000    
  -117.7756       34.06860       20.48756    
  -106.9880       50.36320       45.96668    
  -115.5795       48.38740       46.90106    
  -113.2689       38.60440       572.3755    
  -110.6313       35.10680       80.49596    
  -112.3411       33.38520       248.6226    
  -115.3485       32.45460       29.53249    
  -112.3803       31.40210       22.78917    
  -101.9842       50.43150       10.14768    
  -108.9823       50.91660       85.92734    
  -108.4394       50.83640       54.26419    
  -107.8000       50.42640       77.26324    
  -107.2301       50.38190       68.36259    
  -115.0944       48.21110       44.24342    
  -115.5171       48.18170       44.57058    
  -113.4477       43.94610       31.57392    
  -116.3588       38.15760       32.05108    
  -98.29830       35.62750       107.4754    
  -116.9280       36.14390       72.42976    
  -108.3671       30.86220       68.52999    
  -108.3558       30.83840       244.0391    
  -108.3271       30.83690       131.6369    
  -108.3446       30.81450       726.2032    
  -108.3159       30.81310       355.9919    
  -109.0959       26.49270       51.05698    
  -108.2663       25.75840       24.50007    
  -101.9103       50.42650       20.59556    
  -105.5121       50.28730       10.41390    
  -109.8267       50.48290       85.62154    
  -115.4457       48.34220       68.84350    
  -113.2663       44.44370       32.17294    
  -110.1370       33.57410       33.00632    
  -106.7899       29.93080       29.91840    
  -110.3531       50.45530       60.64859    
  -115.1242       48.31380       71.67198    
  -105.9427       38.64490       26.66923    
  -89.66370       36.92040       25.21260    
  -89.63900       36.91970       130.7774    
  -116.5407       38.11780       85.21381    
  -121.8607       38.01520       70.01838    
  -116.9066       36.11690       274.3360    
  -112.3258       33.36000       329.7324    
  -106.7623       29.92950       30.01996    
  -101.7089       51.35900       8.409420    
  -105.3560       50.27580       10.86804    
  -124.2685       51.75230       114.5584    
  -111.3182       33.78830       29.32937    
  -112.3733       33.38710       240.2465    
  -93.92850       18.02610       17.45894    
  -115.8870       47.91610       63.54321    
  -110.3741       34.56940       32.09170    
  -110.4966       33.83850       25.13652    
  -112.3089       33.38330       33.55938    
  -112.3580       33.36190       60.39740    
  -116.8054       45.40740       94.59142    
  -113.3995       43.43670       72.67638    
  -115.7389       37.61290       39.11938    
  -118.1524       36.84710       48.62502    
  -116.9012       36.06550       269.8840    
  -117.7080       36.09610       84.50031    
  -110.6442       34.51100       39.93816    
  -117.4156       34.19290       28.11070    
  -117.7189       34.04020       27.93159    
  -112.3563       33.41040       138.7782    
  -110.3564       31.57450       52.59608    
  -101.4050       50.71720       14.03136    
  -92.65060       36.67950       30.25294    
  -119.4380       36.91470       39.89437    
  -98.24550       35.62530       16.31772    
  -117.4763       36.20760       17.59084    
  -109.7773       35.10640       19.01129    
  -109.6387       35.02350       22.09859    
  -102.3632       50.81780       9.552601    
  -108.8534       50.65380       110.6964    
  -115.1797       47.72230       49.93110    
  -99.04270       38.12590       12.82554    
  -98.29630       36.97350       10.87848    
  -115.0697       37.51380       444.6306    
  -115.0332       37.51130       350.5812    
  -115.0483       37.48620       324.5666    
  -117.8223       36.10410       37.90070    
  -109.7460       35.10460       20.59556    
  -111.0963       34.24140       8.155421    
  -112.2937       33.35810       24.69344    
  -115.9963       33.31640       105.8841    
  -115.0489       48.20710       89.32186    
  -115.1468       47.65370       50.71410    
  -116.6743       46.49450       14.22711    
  -112.0730       44.71540       9.944100    
  -115.0119       37.48370       657.5377    
  -97.04740       34.36260       14.10097    
  -117.7323       34.56110       43.75033    
  -109.5283       33.71050       29.27203    
  -118.0613       34.21120       30.35619    
  -78.36500       22.11750       7.830000    
  -102.9921       50.50010       10.25730    
  -114.3144       48.78070       185.4114    
  -113.9306       44.55690       74.30727    
  -115.1084       40.17250       49.02765    
  -98.25470       35.65070       26.79427    
  -109.6790       34.35640       14.78656    
  -97.48990       20.52240       5.687190    
  -108.1406       50.84850       82.35978    
  -114.7151       48.27800       78.17922    
  -114.3725       48.14830       36.14394    
  -99.05360       38.15280       227.9164    
  -116.8639       36.06290       62.88349    
  -123.2391       51.97260       168.6455    
  -114.8653       47.69500       28.72004    
  -115.2099       47.33250       87.21380    
  -115.3704       47.21640       43.96828    
  -118.5705       45.06650       94.99912    
  -98.63540       36.68040       9.714421    
  -117.8682       36.46590       118.6383    
  -109.3142       34.55780       13.64913    
  -95.16650       31.99210       23.38725    
  -109.8499       32.11540       20.96116    
  -103.1425       50.11780       12.35574    
  -114.4362       48.89310       126.0023    
  -114.6836       48.77930       73.54147    
  -114.8206       47.69110       62.39882    
  -113.0214       44.91160       67.57986    
  -97.82590       37.62620       181.5381    
  -98.24620       37.54050       7.970940    
  -116.9709       35.84120       32.70104    
  -102.3553       31.39900       45.71579    
  -114.5417       48.80070       122.4184    
  -115.2261       48.25600       111.1856    
  -115.3688       48.23530       96.54953    
  -113.1776       44.01490       75.83622    
  -97.84050       36.16270       10.34082    
  -117.0345       35.92190       21.44912    
  -110.2964       34.12110       25.17636    
  -117.8572       35.75020       49.72183    
  -110.1987       34.21380       13.48789    
  -97.46790       20.52180       11.52837    
  -114.8805       48.39270       53.93644    
  -115.4357       48.10810       58.18268    
  -115.2862       47.89630       77.87807    
  -87.15630       37.57800       5.465341    
  -108.3621       30.79210       169.5579    
  -117.0883       46.30840       43.01913    
  -113.5870       44.46890       24.49531    
  -83.98860       36.94480       13.83822    
  -115.1018       47.64980       49.81064    
  -114.8888       32.54680       19.12086    
  -115.0088       48.17030       72.78204    
  -115.7898       47.41540       29.28875    
  -97.86690       36.16390       8.472060    
  -109.0983       31.32010       26.16760    
  -114.9690       48.13360       118.8508    
  -98.33040       36.92360       53.48281    
  -98.30350       36.92240       41.18388    
  -114.8229       47.92200       41.00363    
  -94.04100       18.08740       4.316940    
  -109.6423       30.50830       132.3130    
  -120.3839       36.57070       43.42535    
  -121.0105       40.30060       34.91670    
  -98.11590       35.77050       123.4377    
  -98.94580       35.40460       84.56825    
  -113.6630       49.16640       71.37356    
  -98.30620       36.99970       41.99533    
  -98.10670       35.74500       231.6878    
  -110.8616       33.42080       176.2506    
  -108.9597       26.22390       6.334469    
  -106.4601       31.42270       21.36739    
  -121.1877       50.57010       58.60459    
  -115.0635       37.46110       96.60239    
  -101.8407       31.47060       58.93413    
  -124.9254       51.96930       319.3739    
  -93.89250       18.22320       3.182668    
  -124.2582       51.71480       326.6904    
  -121.6001       38.71420       25.26360    
  -124.0251       53.37150       263.4483    
  -115.0249       32.50700       20.12981    
  -124.1402       53.15480       115.4619    
  -115.0074       32.53000       19.84122    
  -112.0631       37.05210       418.0810    
  -70.34600       18.92870       40.09687    
  -107.4499       33.57300       38.77340    
  -107.4582       33.64640       68.59177    
  -78.36620       22.15840       17.37487    
  -112.0815       37.07920       370.5979    
  -101.7801       31.65550       12.06485    
  -57.34440       50.69750       8.051997    
  -110.6186       32.39560       277.8354    
  -96.28290       34.72670       13.68975    
  -92.16520       18.64900      0.8474223    
  -76.82210       35.45610       65.57598    
  -88.62880       18.02300       27.85161    
  -98.03780       37.27190       39.82338    
  -76.05600       36.33270       6.677471    
  -98.12860       37.30170       15.86945    
  -76.33120       36.15640       47.43414    
  -76.30800       36.15640       73.94653    
  -79.86650       34.29280       33.63058    
  -69.25730       18.55920       7.000020    
  -96.16950       16.92490       15.31308    
  -85.91720       15.84840       3.632061    
  -77.29410       35.16000      0.7114162    
  -76.84500       35.45620       70.71233    
  -98.15560       37.30290       139.7975    
  -97.44310       37.09150       17.42958    
  -113.7615       33.64090       54.93504    
  -93.64690       18.10010       5.578440    
  -77.73700       36.54190       46.28798    
  -56.32720       49.35630       21.10767    
  -76.12280       36.15590       131.2354    
  -93.66770       18.10050       4.948560    
  -113.7281       33.63890       57.15572    
  -85.37470       30.29120       2.615002    
  -112.0477       37.07710       480.6198    
  -94.37350       18.07360       4.243860    
  -85.91600       15.82900       88.01690    
  -76.42430       36.18190       94.59142    
  -76.40120       36.18190       71.92390    
  -99.05240       37.68080       165.6563    
  -99.04180       37.65420       188.5033    
  -77.31970       35.93330       34.29144    
  -91.85220       17.57740       29.58530    
  -98.59690       38.02670       22.62870    
  -76.05560       36.30740       83.63586    
  -76.30950       36.23210       140.9698    
  -86.22420       15.79330       2.527547    
  -90.62250       19.30010       6.175803    
  -98.22590       37.48760       36.49109    
  -97.80780       37.36560       5.026860    
  -111.6147       42.71600       67.17214    
  -77.31690       35.16010       1.309113    
  -112.0138       37.07490       84.22379    
  -112.0293       37.05000       388.8710    
  -110.6492       32.39730       165.0660    
  -88.72820       21.32350       8.539410    
  -97.53900       38.13760       120.0740    
  -110.6590       32.46950       95.36266    
  -109.5835       30.85400       79.96440    
  -98.04640       37.50570       130.6748    
  -98.01930       37.50450       183.8824    
  -115.0848       37.48870       464.5212    
  -81.83010       31.92650       58.06975    
  -78.03630       35.41190       45.59953    
  -89.91630       37.05600       6.651137    
  -93.20550       17.89490       12.55932    
  -101.8233       31.49330       15.80212    
  -76.07970       36.35810       22.27328    
  -115.0546       37.53890       292.4116    
  -88.95160       18.46130       28.59608    
  -86.26310       15.79370       3.195473    
  -98.42720       49.74690       13.57565    
  -98.24560       36.48480       11.65104    
  -89.11850       18.72100      0.6695682    
  -101.0187       17.30170       2.868717    
  -76.42490       36.20720       24.19232    
  -110.6283       32.46780       152.8486    
  -114.8190       32.63870       14.48028    
  -90.76040       18.90420       3.407486    
  -98.18010       20.78300       4.322160    
  -90.15690       19.15340       75.20947    
  -76.49720       36.33380       51.40044    
  -111.2780       28.26070       30.42618    
  -90.25060       17.96650       1.592931    
  -105.7671       22.65840       34.37218    
  -104.8937       19.56450       25.22989    
  -76.47400       36.33380       61.09309    
  -107.9217       30.74710       139.0911    
  -71.93630       19.47760       1.006968    
  -76.30230       35.85450       15.03886    
  -110.6320       32.42020       96.89922    
  -110.5879       32.39390       291.0071    
  -105.2654       21.78810       11.00898    
  -105.2595       21.76720       10.31994    
  -115.0181       37.53640       264.1376    
  -106.8863       36.86610       72.26866    
  -109.1723       26.14570       28.15133    
  -104.7193       19.53910       4.337311    
  -97.23280       16.04470       8.814199    
  -104.7243       19.55950       5.121192    
  -98.58650       16.48140       6.326641    
  -99.01430       37.65300       132.0257    
  -110.6014       32.41850       419.6989    
  -108.3696       33.79280       19.98622    
  -115.0911       37.54140       181.2968    
  -115.1125       37.56910       97.85938    
  -115.0760       37.56660       522.4981    
  -84.23140       31.98250       17.94860    
  -89.38640       36.88700       17.32779    
  -71.41470       17.90070       3.056923    
  -77.29490       35.18480       25.64013    
  -100.4703       37.30480       10.58616    
  -104.5566       35.87200       55.75594    
  -79.49390       35.57170       14.68708    
  -88.24900       18.01810       4.535787    
  -89.18820       16.52340       2.245641    
  -81.88900       29.76680       35.27433    
  -88.24720       17.99840       3.910141    
  -81.90870       29.74440       54.77819    
  -81.88720       29.74420       67.77515    
  -88.17820       19.38370       1.197301    
  -105.5856       37.77910       100.7102    
  -89.36180       36.88640       14.21145    
  -87.54800       20.75920       1.732764    
  -88.20590       19.66350      0.7009542    
  -92.45980       15.13330       37.36023    
  -112.1190       39.41290       83.88873    
  -115.0395       37.56400       446.1393    
  -107.4085       36.84460       20.47369    
  -81.46040       31.99250       19.21030    
  -78.34580       22.13790       27.96531    
  -87.98750       20.30190       2.025241    
  -90.60150       18.94140      0.6591063    
  -90.63410       18.32740       2.042220    
  -110.4102       42.45510       394.0210    
  -76.33220       36.20690       12.53583    
  -76.33170       36.18170       17.66448    
  -115.2037       32.18250       63.98029    
  -90.18050       19.89300       2.310927    
  -93.03230       17.83280       5.246100    
  -115.0030       37.56150       348.8875    
  -114.9121       32.33240       65.30051    
  -94.58260       17.91930       4.948560    
  -110.4463       42.45770       178.0164    
  -79.11300       34.57980       26.12088    
  -105.1790       34.23650       46.78606    
  -81.45240       27.32170       44.84892    
  -80.90030       22.47960       75.63235    
  -80.88040       22.47950       27.89540    
  -80.89930       22.45910       9.505621    
  -88.40330       17.96100       1.683430    
  -110.4230       42.42710       365.7036    
  -110.3870       42.42460       342.8372    
  -114.2939       38.38260       717.0343    
  -81.45090       27.29990       11.03090    
  -87.89850       20.42140       6.273522    
  -89.11260       18.46360       8.951006    
  -92.79710       45.30860       7.297560    
  -104.7627       40.22810       12.07386    
  -114.2213       38.37750       855.5155    
  -114.1996       38.34940       651.0348    
  -89.47350       36.83820       14.44374    
  -115.0609       37.59170       326.5505    
  -115.0244       37.58920       579.9020    
  -78.05050       21.40420       25.31951    
  -97.85340       18.38130       13.44602    
  -88.74180       20.89780       41.51136    
  -93.01790       44.73140       28.59516    
  -108.9559       40.84980       85.31573    
  -77.15800       38.08850       18.08603    
  -77.78810       34.94000       19.92529    
  -102.9774       19.06630       7.366582    
  -102.9540       19.06560       7.005337    
  -90.58840       18.46520       1.783939    
  -100.8830       17.41730       10.41390    
  -94.03350       44.89720       9.615241    
  -114.8533       39.30740       88.88331    
  -93.34520       18.01580       55.87962    
  -93.34270       17.99600       11.41614    
  -93.92850       45.66920       38.40347    
  -95.33780       45.63930       11.89377    
  -94.86450       44.93410       6.170041    
  -94.91600       44.41670       20.25621    
  -114.2137       41.10740       83.17521    
  -90.04180       36.85420       114.8433    
  -112.1871       36.85340       23.91035    
  -108.7268       30.67090       56.67329    
  -90.60880       18.46550      0.8971168    
  -90.29110       17.96710      0.8081897    
  -115.4561       40.11570       76.95746    
  -114.2143       38.32390       265.4956    
  -90.17820       19.87290       2.891142    
  -91.61670       16.92690       1.958929    
  -79.12870       34.45760       35.31944    
  -104.5823       20.14430       13.51601    
  -78.49380       34.91940       9.396001    
  -79.21690       34.80150       12.01905    
  -79.21540       34.77690       16.70922    
  -116.6091       34.36240       26.64830    
  -77.15710       38.06230       1.803197    
  -109.9267       27.41350       19.57477    
  -109.9168       27.39090       19.84957    
  -87.97340       20.36200       1.068405    
  -87.40990       15.74720       1.502113    
  -76.54310       36.30870       19.36176    
  -76.51990       36.30860       47.65555    
  -115.0824       37.61940       358.9785    
  -76.04160       20.53200       3.786588    
  -102.0567       18.10100       3.513293    
  -108.2267       40.13750       217.0107    
  -90.48670       18.46360       23.35048    
  -109.8983       27.41220       18.24390    
  -100.4777       21.10840       8.657850    
  -90.59640       19.59930       7.125300    
  -103.4290       19.09870       38.09890    
  -103.4054       19.09810       38.66820    
  -76.26450       36.30790       20.52961    
  -115.0458       37.61690       283.6753    
  -97.95560       36.19290       26.01518    
  -97.92910       36.19180       25.19694    
  -97.94630       36.16720       33.17963    
  -97.91980       36.16610       23.25510    
  -119.8084       36.27150       15.23718    
  -113.4952       35.43400       24.00784    
  -110.5707       32.41680       95.17017    
  -102.6947       18.83760       3.421211    
  -88.26900       18.01830       3.611125    
  -114.1460       40.59960       38.71315    
  -113.4790       35.45810       22.05797    
  -108.2842       33.18140       60.74248    
  -108.2546       33.17980       18.59656    
  -105.1734       21.72300       15.45905    
  -88.74830       17.37650       4.729300    
  -88.74650       17.35690       4.593793    
  -101.0597       17.40160       135.5674    
  -101.0371       17.40110       6.289928    
  -76.79050       36.00660       15.85265    
  -114.2506       38.32640       437.4634    
  -114.9879       37.58660       325.6860    
  -76.32480       35.82940       18.64467    
  -110.5573       32.39220       95.05643    
  -88.55100       18.25850       4.259520    
  -109.0423       38.45960       78.93545    
  -97.44740       36.88580       15.71481    
  -97.43800       36.85980       18.00378    
  -76.38060       36.30820       26.50794    
  -122.1273       38.11560       126.4271    
  -97.95700       36.26910       38.87856    
  -97.94770       36.24330       51.95988    
  -102.3560       19.08990       11.56131    
  -90.59060       18.48500       1.415138    
  -92.85960       18.26440       10.88957    
  -101.9040       18.13710       18.83049    
  -96.88290       46.57210       13.13248    
  -103.1000       38.06350       116.6084    
  -114.5572       38.58750       31.11676    
  -97.98350       36.27020       11.77632    
  -97.93050       36.26790       25.87032    
  -97.97420       36.24440       11.10294    
  -97.92120       36.24220       27.20142    
  -102.0125       19.10100       3.711304    
  -108.5858       42.99700       210.1295    
  -115.1062       37.51630       80.68736    
  -77.83370       34.94020       40.75320    
  -87.97170       20.54320       1.424749    
  -91.72780       17.37910       29.55402    
  -108.6081       43.02790       207.8972    
  -98.97650       38.09660       154.6921    
  -115.4325       35.35840       31.15738    
  -88.22910       18.01780       1.849159    
  -91.60320       17.35760       5.073841    
  -108.5729       43.02540       180.4933    
  -108.5507       42.99460       204.0986    
  -115.9161       39.38490       75.42850    
  -115.0093       37.61430       355.7881    
  -115.1700       32.18040       32.30658    
  -102.5787       18.29380       3.201630    
  -115.0975       37.59420       218.8446    
  -98.98740       38.12340       24.60708    
  -99.00420       38.09790       17.55486    
  -93.46730       18.15630       6.671160    
  -93.46470       18.13650       5.418360    
  -87.74450       15.24940       8.667810    
  -98.61120       36.75620       28.10970    
  -98.58430       36.75500       20.45196    
  -115.3290       35.40190       46.93919    
  -110.6051       32.37100       78.27938    
  -79.51700       35.57190       16.12786    
  -79.23970       34.80170       9.709201    
  -106.6752       34.75840       293.2126    
  -106.6457       34.75680       335.8607    
  -116.6644       34.39080       89.88113    
  -109.5072       40.13820       60.95438    
  -82.21600       27.17680       29.69087    
  -97.97280       36.16830       42.36030    
  -109.8884       27.38960       16.42734    
  -109.0599       26.33770       41.98326    
  -109.0323       26.33650       7.485480    
  -88.76820       17.37680       1.224054    
  -112.1553       39.28000       44.54359    
  -76.32430       35.80440       56.25792    
  -97.98210       36.19400       44.47440    
  -114.9189       32.69290       64.44067    
  -119.4923       45.42510       104.2777    
  -103.4106       19.01770       12.80111    
  -103.4061       18.99740       27.76403    
  -88.50320       17.96230      0.5571017    
  -88.76640       17.35720       1.864426    
  -93.46210       18.11660       14.18483    
  -114.8852       32.69090       151.8474    
  -93.45950       18.09680       11.38482    
  -88.31990       17.92060      0.6067962    
  -76.56390       36.20760       90.02420    
  -76.56340       36.18230       115.1737    
  -97.99140       36.21980       45.21669    
  -115.3327       36.95950       21.97672    
  -93.44130       18.11630       11.10294    
  -98.10330       48.99750       12.41838    
  -112.9100       33.34600       176.6900    
  -102.3366       18.34760       19.61874    
  -99.58300       34.66260       54.86719    
  -112.9426       33.34790       227.4530    
  -112.9270       33.32270       120.5165    
  -93.56130       17.76300       1.460788    
  -112.8945       33.32080       132.9300    
  -78.20250       21.20230       5.700240    
  -112.9582       33.37320       62.29446    
  -112.9256       33.37120       157.5334    
  -115.2683       35.82760       22.62668    
  -105.2607       21.68440       55.87962    
  -88.49060       18.67280       1.376696    
  -98.01790       36.22090       25.90947    
  -97.96490       36.21870       28.73610    
  -98.00860       36.19510       34.17012    
  -104.7969       19.56160       20.91060    
  -88.48870       18.65290       1.680760    
  -111.3977       28.62760       37.53510    
  -104.4181       40.90110       58.40612    
  -77.70370       35.70950       21.80847    
  -111.8522       25.45790       55.12460    
  -111.8233       25.45660       58.90249    
  -111.1418       44.34100       64.21616    
  -76.23990       36.23200       40.38606    
  -100.4004       19.12010       10.42246    
  -123.8988       40.40250       56.70704    
  -88.36700       17.99990       7.822358    
  -100.1912       42.80300       42.91270    
  -118.3408       34.92670       148.2311    
  -88.27740       18.74920       1.888453    
  -93.53230       18.17720       3.100680    
  -98.66100       16.67910       7.240933    
  -110.6080       43.55300       59.83315    
  -114.2793       38.40810       48.65824    
  -114.2429       38.40560       125.4899    
  -111.8329       25.47880       35.42274    
  -100.8296       19.23130       15.85265    
  -104.8378       42.40350       97.30956    
  -114.1850       38.37500       153.7423    
  -113.5104       32.99410       26.78462    
  -113.4776       32.99210       34.12282    
  -113.4948       32.96900       32.40837    
  -113.4620       32.96710       44.96900    
  -77.99950       35.08930       39.28462    
  -77.97670       35.08920       8.080561    
  -105.2796       21.66440       16.88670    
  -115.4889       49.08870       86.18989    
  -105.2855       21.68520       12.36357    
  -97.44050       36.50180       43.62622    
  -120.1237       35.98740       51.63108    
  -120.0831       35.98450       47.89381    
  -105.2548       21.66360       20.56158    
  -93.55060       18.15770       4.510080    
  -111.1417       37.93230       27.66386    
  -102.6701       18.61630       12.39309    
