  -97.54730       50.91450       379.4418    
  -101.7590       50.30910       1006.421    
  -116.0222       48.25990       1538.243    
  -113.1831       38.62520       12026.82    
  -97.85300       37.62740       6346.806    
  -114.2722       38.35450       40618.45    
  -114.2359       38.35190       95638.11    
  -110.6148       32.44320       12124.55    
  -110.7856       32.42870       15605.58    
  -110.7548       32.42700       17395.88    
  -110.7241       32.42530       9396.710    
  -110.7413       32.40240       15385.36    
  -110.7106       32.40070       6449.316    
  -108.5726       26.40410       868.1787    
  -107.5671       25.23160       512.8533    
  -107.6738       25.02040       154.7521    
  -78.09030       21.42460       449.5131    
  -88.55290       18.27820       79.77203    
  -88.53290       18.27800       82.30896    
  -92.48470       17.90260       665.6642    
  -93.18470       17.89460       1164.702    
  -93.49100       17.86040       58.63103    
  -93.11510       17.83420       994.3873    
  -115.9661       48.32160       1553.990    
  -99.09670       41.42580       92.17476    
  -113.2187       38.62770       15908.47    
  -89.29350       36.91010       292.0277    
  -110.0099       34.25220       1063.628    
  -101.8494       31.49440       2407.244    
  -101.7973       31.35190       474.1650    
  -78.36560       22.13800       436.5499    
  -115.6144       48.15710       2654.660    
  -106.5598       39.29850       1042.136    
  -113.2041       38.65340       14891.57    
  -114.2576       38.38000       46138.62    
  -97.35530       37.13940       175.8931    
  -98.45800       36.98060       2941.100    
  -97.06490       34.33880       798.1151    
  -110.2718       33.97250       1055.657    
  -109.5704       26.84380       126.1029    
  -88.68690       18.00400       53.27532    
  -94.52780       17.97760       980.9234    
  -92.48230       17.88280       676.5280    
  -93.49350       17.88020       64.97334    
  -116.7407       46.40490       359.3970    
  -110.7720       32.40410       2152.582    
  -100.7945       43.45340       477.1429    
  -101.9732       38.37440       928.3820    
  -113.2543       38.63010       6068.511    
  -113.2333       38.60200       19138.92    
  -113.1977       38.59950       8274.709    
  -115.9593       36.87340       1917.276    
  -110.2574       33.94720       837.8878    
  -110.2353       32.99830       983.6716    
  -88.64880       18.02320       95.72733    
  -113.2398       38.65580       13341.18    
  -110.0007       34.96980       1219.281    
  -110.5446       33.81680       399.0396    
  -108.6001       26.40530       1342.802    
  -107.3386       50.07090       1299.001    
  -109.9693       34.96800       1035.211    
  -109.2570       33.42780       444.1139    
  -103.2634       50.77140       1199.925    
  -106.0461       50.39850       790.3919    
  -115.1226       47.78310       1471.088    
  -119.0326       36.49780       562.5160    
  -110.6888       33.43520       1098.531    
  -110.6455       32.44490       8490.655    
  -109.0471       50.77740       1636.594    
  -105.3960       37.53330       785.7898    
  -89.43740       36.78600       392.0951    
  -89.41280       36.78530       414.6454    
  -98.43100       36.97940       208.8731    
  -112.9323       30.86950       1166.269    
  -109.6256       28.67650       2591.120    
  -117.1801       46.31650       2794.320    
  -116.8617       36.98830       587.2908    
  -110.0038       34.39970       1064.662    
  -117.7756       34.06860       368.7761    
  -106.9880       50.36320       827.4001    
  -115.5795       48.38740       1700.163    
  -113.2689       38.60440       10302.76    
  -110.6313       35.10680       1448.927    
  -112.3411       33.38520       4475.207    
  -115.3485       32.45460       1070.552    
  -112.3803       31.40210       826.1073    
  -101.9842       50.43150       182.6583    
  -108.9823       50.91660       1546.692    
  -108.4394       50.83640       976.7553    
  -107.8000       50.42640       1390.738    
  -107.2301       50.38190       1230.526    
  -115.0944       48.21110       1295.700    
  -115.5171       48.18170       1305.281    
  -113.4477       43.94610       1144.554    
  -116.3588       38.15760       1161.852    
  -98.29830       35.62750       1934.557    
  -116.9280       36.14390       2625.578    
  -108.3671       30.86220       2484.212    
  -108.3558       30.83840       8846.416    
  -108.3271       30.83690       4771.837    
  -108.3446       30.81450       13071.66    
  -108.3159       30.81310       6407.854    
  -109.0959       26.49270       919.0256    
  -108.2663       25.75840       441.0013    
  -101.9103       50.42650       746.5890    
  -105.5121       50.28730       187.4502    
  -109.8267       50.48290       1541.188    
  -115.4457       48.34220       2016.131    
  -113.2663       44.44370       1166.269    
  -110.1370       33.57410       966.6138    
  -106.7899       29.93080       1084.542    
  -110.3531       50.45530       1091.675    
  -115.1242       48.31380       2098.965    
  -105.9427       38.64490       966.7596    
  -89.66370       36.92040       453.8268    
  -89.63900       36.91970       2353.993    
  -116.5407       38.11780       1533.849    
  -121.8607       38.01520       1260.331    
  -116.9066       36.11690       4938.047    
  -112.3258       33.36000       11952.80    
  -106.7623       29.92950       1088.223    
  -101.7089       51.35900       151.3696    
  -105.3560       50.27580       195.6247    
  -124.2685       51.75230       3354.926    
  -111.3182       33.78830       1063.190    
  -112.3733       33.38710       8708.937    
  -93.92850       18.02610       314.2610    
  -115.8870       47.91610       1860.908    
  -110.3741       34.56940       1163.324    
  -110.4966       33.83850       911.1987    
  -112.3089       33.38330       604.0689    
  -112.3580       33.36190       2189.406    
  -116.8054       45.40740       1702.646    
  -113.3995       43.43670       1308.175    
  -115.7389       37.61290       1418.077    
  -118.1524       36.84710       1762.657    
  -116.9012       36.06550       4857.913    
  -117.7080       36.09610       1521.005    
  -110.6442       34.51100       1447.758    
  -117.4156       34.19290       1019.013    
  -117.7189       34.04020       502.7687    
  -112.3563       33.41040       2498.008    
  -110.3564       31.57450       946.7295    
  -101.4050       50.71720       252.5645    
  -92.65060       36.67950       544.5530    
  -119.4380       36.91470       1446.171    
  -98.24550       35.62530       293.7190    
  -117.4763       36.20760       637.6680    
  -109.7773       35.10640       689.1591    
  -109.6387       35.02350       801.0738    
  -102.3632       50.81780       171.9468    
  -108.8534       50.65380       1992.536    
  -115.1797       47.72230       1462.268    
  -99.04270       38.12590       230.8597    
  -98.29630       36.97350       195.8126    
  -115.0697       37.51380       16117.86    
  -115.0332       37.51130       12708.57    
  -115.0483       37.48620       11765.54    
  -117.8223       36.10410       1373.900    
  -109.7460       35.10460       746.5890    
  -111.0963       34.24140       295.6340    
  -112.2937       33.35810       895.1371    
  -115.9963       33.31640       1905.913    
  -115.0489       48.20710       2615.854    
  -115.1468       47.65370       1485.199    
  -116.6743       46.49450       256.0880    
  -112.0730       44.71540       178.9938    
  -115.0119       37.48370       11835.68    
  -97.04740       34.36260       511.1603    
  -117.7323       34.56110       1585.949    
  -109.5283       33.71050       857.2524    
  -118.0613       34.21120       889.0026    
  -78.36500       22.11750       140.9400    
  -102.9921       50.50010       184.6314    
  -114.3144       48.78070       3337.405    
  -113.9306       44.55690       1337.531    
  -115.1084       40.17250       1435.810    
  -98.25470       35.65070       482.2968    
  -109.6790       34.35640       536.0126    
  -97.48990       20.52240       102.3694    
  -108.1406       50.84850       1482.476    
  -114.7151       48.27800       2289.534    
  -114.3725       48.14830       1058.501    
  -99.05360       38.15280       4102.495    
  -116.8639       36.06290       2279.526    
  -123.2391       51.97260       4938.903    
  -114.8653       47.69500       1041.101    
  -115.2099       47.33250       2554.118    
  -115.3704       47.21640       1287.642    
  -118.5705       45.06650       1709.984    
  -98.63540       36.68040       174.8596    
  -117.8682       36.46590       2135.489    
  -109.3142       34.55780       494.7808    
  -95.16650       31.99210       684.9125    
  -109.8499       32.11540       759.8420    
  -103.1425       50.11780       222.4033    
  -114.4362       48.89310       3690.066    
  -114.6836       48.77930       2153.715    
  -114.8206       47.69110       1827.394    
  -113.0214       44.91160       1216.437    
  -97.82590       37.62620       3267.685    
  -98.24620       37.54050       143.4769    
  -116.9709       35.84120       1185.413    
  -102.3553       31.39900       822.8842    
  -114.5417       48.80070       2203.531    
  -115.2261       48.25600       3256.148    
  -115.3688       48.23530       2827.522    
  -113.1776       44.01490       1365.052    
  -97.84050       36.16270       186.1348    
  -117.0345       35.92190       777.5306    
  -110.2964       34.12110       737.3076    
  -117.8572       35.75020       1802.416    
  -110.1987       34.21380       488.9359    
  -97.46790       20.52180       207.5107    
  -114.8805       48.39270       1579.567    
  -115.4357       48.10810       1703.921    
  -115.2862       47.89630       2280.715    
  -87.15630       37.57800       98.37613    
  -108.3621       30.79210       6146.474    
  -117.0883       46.30840       1559.443    
  -113.5870       44.46890       887.9549    
  -83.98860       36.94480       501.6355    
  -115.1018       47.64980       1458.740    
  -114.8888       32.54680       344.1755    
  -115.0088       48.17030       2638.349    
  -115.7898       47.41540       1061.717    
  -97.86690       36.16390       152.4971    
  -109.0983       31.32010       948.5754    
  -114.9690       48.13360       2139.315    
  -98.33040       36.92360       962.6907    
  -98.30350       36.92240       741.3098    
  -114.8229       47.92200       1200.820    
  -94.04100       18.08740       77.70492    
  -109.6423       30.50830       4796.345    
  -120.3839       36.57070       1574.169    
  -121.0105       40.30060       1265.730    
  -98.11590       35.77050       2221.879    
  -98.94580       35.40460       1522.229    
  -113.6630       49.16640       2587.291    
  -98.30620       36.99970       755.9158    
  -98.10670       35.74500       4170.380    
  -110.8616       33.42080       3172.510    
  -108.9597       26.22390       114.0205    
  -106.4601       31.42270       774.5677    
  -121.1877       50.57010       2124.416    
  -115.0635       37.46110       3501.836    
  -101.8407       31.47060       2136.362    
  -124.9254       51.96930       11577.30    
  -93.89250       18.22320       477.4002    
  -124.2582       51.71480       9567.360    
  -121.6001       38.71420       454.7448    
  -124.0251       53.37150       7715.271    
  -115.0249       32.50700       362.3366    
  -124.1402       53.15480       3381.385    
  -115.0074       32.53000       357.1420    
  -112.0631       37.05210       15155.43    
  -70.34600       18.92870       1174.265    
  -107.4499       33.57300       1135.507    
  -107.4582       33.64640       2486.452    
  -78.36620       22.15840       508.8353    
  -112.0815       37.07920       13434.17    
  -101.7801       31.65550       437.3509    
  -57.34440       50.69750       291.8849    
  -110.6186       32.39560       10071.53    
  -96.28290       34.72670       496.2534    
  -92.16520       18.64900       127.1133    
  -76.82210       35.45610       1920.439    
  -88.62880       18.02300       1009.621    
  -98.03780       37.27190       716.8209    
  -76.05600       36.33270       1001.621    
  -98.12860       37.30170       285.6501    
  -76.33120       36.15640       853.8145    
  -76.30800       36.15640       1331.037    
  -79.86650       34.29280       605.3503    
  -69.25730       18.55920       126.0004    
  -96.16950       16.92490       448.4545    
  -85.91720       15.84840       544.8093    
  -77.29410       35.16000       106.7124    
  -76.84500       35.45620       1272.822    
  -98.15560       37.30290       2516.356    
  -97.44310       37.09150       313.7325    
  -113.7615       33.64090       1991.395    
  -93.64690       18.10010       100.4119    
  -77.73700       36.54190       1677.939    
  -56.32720       49.35630       765.1529    
  -76.12280       36.15590       2362.237    
  -93.66770       18.10050       89.07407    
  -113.7281       33.63890       2071.895    
  -85.37470       30.29120       392.2504    
  -112.0477       37.07710       17422.47    
  -94.37350       18.07360       76.38948    
  -85.91600       15.82900       1584.304    
  -76.42430       36.18190       1702.646    
  -76.40120       36.18190       1294.630    
  -99.05240       37.68080       2981.813    
  -99.04180       37.65420       3393.058    
  -77.31970       35.93330       617.2458    
  -91.85220       17.57740       532.5353    
  -98.59690       38.02670       407.3166    
  -76.05560       36.30740       1505.445    
  -76.30950       36.23210       2537.456    
  -86.22420       15.79330       379.1321    
  -90.62250       19.30010       223.8728    
  -98.22590       37.48760       656.8395    
  -97.80780       37.36560       90.48347    
  -111.6147       42.71600       1209.099    
  -77.31690       35.16010       196.3669    
  -112.0138       37.07490       3053.112    
  -112.0293       37.05000       14096.57    
  -110.6492       32.39730       5983.642    
  -88.72820       21.32350       309.5536    
  -97.53900       38.13760       2161.332    
  -110.6590       32.46950       3456.896    
  -109.5835       30.85400       1439.359    
  -98.04640       37.50570       2352.146    
  -98.01930       37.50450       3309.884    
  -115.0848       37.48870       16838.89    
  -81.83010       31.92650       1700.614    
  -78.03630       35.41190       820.7916    
  -89.91630       37.05600       997.6706    
  -93.20550       17.89490       226.0677    
  -101.8233       31.49330       572.8267    
  -76.07970       36.35810       807.4065    
  -115.0546       37.53890       5263.408    
  -88.95160       18.46130       1036.608    
  -86.26310       15.79370       479.3210    
  -98.42720       49.74690       244.3618    
  -98.24560       36.48480       209.7187    
  -89.11850       18.72100       100.4352    
  -101.0187       17.30170       430.3076    
  -76.42490       36.20720       435.4617    
  -110.6283       32.46780       5540.761    
  -114.8190       32.63870       260.6451    
  -90.76040       18.90420       511.1229    
  -98.18010       20.78300       77.79888    
  -90.15690       19.15340       2726.343    
  -76.49720       36.33380       925.2079    
  -111.2780       28.26070       1102.949    
  -90.25060       17.96650       238.9397    
  -105.7671       22.65840       1006.614    
  -104.8937       19.56450       738.8752    
  -76.47400       36.33380       1099.676    
  -107.9217       30.74710       5042.052    
  -71.93630       19.47760       151.0452    
  -76.30230       35.85450       545.1587    
  -110.6320       32.42020       3512.596    
  -110.5879       32.39390       10549.01    
  -105.2654       21.78810       198.1617    
  -105.2595       21.76720       185.7589    
  -115.0181       37.53640       9574.986    
  -106.8863       36.86610       1300.836    
  -109.1723       26.14570       1020.486    
  -104.7193       19.53910       650.5967    
  -97.23280       16.04470       319.5147    
  -104.7243       19.55950       768.1788    
  -98.58650       16.48140       113.8795    
  -99.01430       37.65300       2376.463    
  -110.6014       32.41850       15214.08    
  -108.3696       33.79280       724.5005    
  -115.0911       37.54140       6572.007    
  -115.1125       37.56910       3547.402    
  -115.0760       37.56660       9404.967    
  -84.23140       31.98250       525.6375    
  -89.38640       36.88700       311.9002    
  -71.41470       17.90070       458.5384    
  -77.29490       35.18480       929.4545    
  -100.4703       37.30480       190.5509    
  -104.5566       35.87200       1003.607    
  -79.49390       35.57170       532.4066    
  -88.24900       18.01810       680.3681    
  -89.18820       16.52340       336.8461    
  -81.88900       29.76680       1278.694    
  -88.24720       17.99840       586.5211    
  -81.90870       29.74440       986.0073    
  -81.88720       29.74420       1219.953    
  -88.17820       19.38370       179.5952    
  -105.5856       37.77910       1812.783    
  -89.36180       36.88640       255.8061    
  -87.54800       20.75920       259.9146    
  -88.20590       19.66350       105.1431    
  -92.45980       15.13330       672.4841    
  -112.1190       39.41290       1509.997    
  -115.0395       37.56400       16172.55    
  -107.4085       36.84460       742.1713    
  -81.46040       31.99250       562.5873    
  -78.34580       22.13790       1013.743    
  -87.98750       20.30190       303.7862    
  -90.60150       18.94140       98.86594    
  -90.63410       18.32740       306.3329    
  -110.4102       42.45510       7092.377    
  -76.33220       36.20690       225.6449    
  -76.33170       36.18170       317.9607    
  -115.2037       32.18250       2319.285    
  -90.18050       19.89300       346.6391    
  -93.03230       17.83280       94.42980    
  -115.0030       37.56150       12647.17    
  -114.9121       32.33240       2367.143    
  -94.58260       17.91930       89.07407    
  -110.4463       42.45770       6453.095    
  -79.11300       34.57980       470.1758    
  -105.1790       34.23650       842.1490    
  -81.45240       27.32170       807.2805    
  -80.90030       22.47960       1361.382    
  -80.88040       22.47950       1011.208    
  -80.89930       22.45910       171.1012    
  -88.40330       17.96100       252.5145    
  -110.4230       42.42710       6582.665    
  -110.3870       42.42460       6171.070    
  -114.2939       38.38260       20998.86    
  -81.45090       27.29990       198.5562    
  -87.89850       20.42140       227.4151    
  -89.11260       18.46360       324.4739    
  -92.79710       45.30860       131.3561    
  -104.7627       40.22810       217.3295    
  -114.2213       38.37750       15399.28    
  -114.1996       38.34940       23600.01    
  -89.47350       36.83820       259.9873    
  -115.0609       37.59170       11837.45    
  -115.0244       37.58920       21021.45    
  -78.05050       21.40420       455.7512    
  -97.85340       18.38130       487.4180    
  -88.74180       20.89780       747.2045    
  -93.01790       44.73140       514.7129    
  -108.9559       40.84980       1535.683    
  -77.15800       38.08850       655.6186    
  -77.78810       34.94000       722.2917    
  -102.9774       19.06630       1104.987    
  -102.9540       19.06560       1050.801    
  -90.58840       18.46520       267.5908    
  -100.8830       17.41730       187.4502    
  -94.03350       44.89720       173.0743    
  -114.8533       39.30740       1599.899    
  -93.34520       18.01580       1005.833    
  -93.34270       17.99600       205.4905    
  -93.92850       45.66920       691.2625    
  -95.33780       45.63930       214.0879    
  -94.86450       44.93410       111.0607    
  -94.91600       44.41670       364.6118    
  -114.2137       41.10740       1497.154    
  -90.04180       36.85420       2067.179    
  -112.1871       36.85340       866.7499    
  -108.7268       30.67090       1020.119    
  -90.60880       18.46550       134.5675    
  -90.29110       17.96710       121.2285    
  -115.4561       40.11570       1385.234    
  -114.2143       38.32390       9624.217    
  -90.17820       19.87290       433.6714    
  -91.61670       16.92690       293.8394    
  -79.12870       34.45760       635.7499    
  -104.5823       20.14430       395.8260    
  -78.49380       34.91940       169.1280    
  -79.21690       34.80150       216.3429    
  -79.21540       34.77690       300.7660    
  -116.6091       34.36240       966.0007    
  -77.15710       38.06230       270.4796    
  -109.9267       27.41350       352.3458    
  -109.9168       27.39090       357.2923    
  -87.97340       20.36200       160.2607    
  -87.40990       15.74720       225.3169    
  -76.54310       36.30870       567.0229    
  -76.51990       36.30860       857.7999    
  -115.0824       37.61940       6461.612    
  -76.04160       20.53200       68.15858    
  -102.0567       18.10100       526.9940    
  -108.2267       40.13750       7866.636    
  -90.48670       18.46360       420.3087    
  -109.8983       27.41220       328.3902    
  -100.4777       21.10840       313.8470    
  -90.59640       19.59930       128.2554    
  -103.4290       19.09870       1381.085    
  -103.4054       19.09810       1401.722    
  -76.26450       36.30790       744.1985    
  -115.0458       37.61690       10283.23    
  -97.95560       36.19290       468.2731    
  -97.92910       36.19180       453.5449    
  -97.94630       36.16720       597.2333    
  -97.91980       36.16610       418.5918    
  -119.8084       36.27150       274.2692    
  -113.4952       35.43400       870.2842    
  -110.5707       32.41680       3449.918    
  -102.6947       18.83760       513.1816    
  -88.26900       18.01830       541.6687    
  -114.1460       40.59960       1403.352    
  -113.4790       35.45810       799.6012    
  -108.2842       33.18140       1778.887    
  -108.2546       33.17980       674.1251    
  -105.1734       21.72300       560.3906    
  -88.74830       17.37650       709.3950    
  -88.74650       17.35690       689.0690    
  -101.0597       17.40160       2440.214    
  -101.0371       17.40110       943.4893    
  -76.79050       36.00660       574.6584    
  -114.2506       38.32640       12811.43    
  -114.9879       37.58660       11806.12    
  -76.32480       35.82940       675.8693    
  -110.5573       32.39220       3445.795    
  -88.55100       18.25850       76.67136    
  -109.0423       38.45960       2311.681    
  -97.44740       36.88580       282.8666    
  -97.43800       36.85980       324.0681    
  -76.38060       36.30820       477.1429    
  -122.1273       38.11560       4582.981    
  -97.95700       36.26910       699.8141    
  -97.94770       36.24330       935.2778    
  -102.3560       19.08990       208.1035    
  -90.59060       18.48500       212.2707    
  -92.85960       18.26440       394.7469    
  -101.9040       18.13710       682.6053    
  -96.88290       46.57210       236.3846    
  -103.1000       38.06350       2098.951    
  -114.5572       38.58750       1127.983    
  -97.98350       36.27020       211.9737    
  -97.93050       36.26790       465.6657    
  -97.97420       36.24440       199.8529    
  -97.92120       36.24220       489.6255    
  -102.0125       19.10100       556.6957    
  -108.5858       42.99700       3782.332    
  -115.1062       37.51630       2924.917    
  -77.83370       34.94020       733.5577    
  -87.97170       20.54320       213.7123    
  -91.72780       17.37910       1071.333    
  -108.6081       43.02790       3742.150    
  -98.97650       38.09660       2784.458    
  -115.4325       35.35840       1129.455    
  -88.22910       18.01780       277.3739    
  -91.60320       17.35760       91.32913    
  -108.5729       43.02540       3248.879    
  -108.5507       42.99460       3673.775    
  -115.9161       39.38490       1357.713    
  -115.0093       37.61430       6404.185    
  -115.1700       32.18040       581.5184    
  -102.5787       18.29380       480.2446    
  -115.0975       37.59420       3939.202    
  -98.98740       38.12340       442.9275    
  -99.00420       38.09790       315.9875    
  -93.46730       18.15630       120.0809    
  -93.46470       18.13650       97.53047    
  -87.74450       15.24940       156.0206    
  -98.61120       36.75620       505.9746    
  -98.58430       36.75500       368.1353    
  -115.3290       35.40190       1701.545    
  -110.6051       32.37100       2837.627    
  -79.51700       35.57190       472.3158    
  -79.23970       34.80170       174.7656    
  -106.6752       34.75840       10628.95    
  -106.6457       34.75680       6045.492    
  -116.6644       34.39080       1617.860    
  -109.5072       40.13820       1097.179    
  -82.21600       27.17680       1076.294    
  -97.97280       36.16830       762.4854    
  -109.8884       27.38960       295.6921    
  -109.0599       26.33770       1521.893    
  -109.0323       26.33650       134.7386    
  -88.76820       17.37680       183.6082    
  -112.1553       39.28000       801.7845    
  -76.32430       35.80440       2039.350    
  -97.98210       36.19400       800.5392    
  -114.9189       32.69290       2335.974    
  -119.4923       45.42510       3780.067    
  -103.4106       19.01770       464.0403    
  -103.4061       18.99740       1006.446    
  -88.50320       17.96230       83.56525    
  -88.76640       17.35720       279.6639    
  -93.46210       18.11660       255.3269    
  -114.8852       32.69090       2733.252    
  -93.45950       18.09680       204.9267    
  -88.31990       17.92060       91.01944    
  -76.56390       36.20760       1620.436    
  -76.56340       36.18230       2073.127    
  -97.99140       36.21980       813.9004    
  -115.3327       36.95950       796.6561    
  -93.44130       18.11630       199.8529    
  -98.10330       48.99750       223.5309    
  -112.9100       33.34600       6405.014    
  -102.3366       18.34760       711.1794    
  -99.58300       34.66260       987.6094    
  -112.9426       33.34790       8245.170    
  -112.9270       33.32270       4368.723    
  -93.56130       17.76300       219.1182    
  -112.8945       33.32080       4818.713    
  -78.20250       21.20230       102.6043    
  -112.9582       33.37320       2258.174    
  -112.9256       33.37120       2835.602    
  -115.2683       35.82760       820.2171    
  -105.2607       21.68440       1005.833    
  -88.49060       18.67280       206.5045    
  -98.01790       36.22090       466.3705    
  -97.96490       36.21870       517.2498    
  -98.00860       36.19510       615.0621    
  -104.7969       19.56160       758.0093    
  -88.48870       18.65290       252.1140    
  -111.3977       28.62760       1360.647    
  -104.4181       40.90110       1051.310    
  -77.70370       35.70950       392.5525    
  -111.8522       25.45790       1998.267    
  -111.8233       25.45660       2135.215    
  -111.1418       44.34100       1155.891    
  -76.23990       36.23200       726.9491    
  -100.4004       19.12010       377.8141    
  -123.8988       40.40250       1660.706    
  -88.36700       17.99990       283.5605    
  -100.1912       42.80300       772.4285    
  -118.3408       34.92670       5373.379    
  -88.27740       18.74920       283.2679    
  -93.53230       18.17720       55.81224    
  -98.66100       16.67910       262.4838    
  -110.6080       43.55300       1076.997    
  -114.2793       38.40810       1763.861    
  -114.2429       38.40560       4549.009    
  -111.8329       25.47880       1284.074    
  -100.8296       19.23130       574.6584    
  -104.8378       42.40350       1751.572    
  -114.1850       38.37500       5573.157    
  -113.5104       32.99410       970.9423    
  -113.4776       32.99210       1236.952    
  -113.4948       32.96900       583.3506    
  -113.4620       32.96710       1630.126    
  -77.99950       35.08930       707.1232    
  -77.97670       35.08920       145.4501    
  -105.2796       21.66440       303.9606    
  -115.4889       49.08870       2524.132    
  -105.2855       21.68520       222.5443    
  -97.44050       36.50180       785.2719    
  -120.1237       35.98740       1871.626    
  -120.0831       35.98450       1736.151    
  -105.2548       21.66360       370.1085    
  -93.55060       18.15770       81.18143    
  -111.1417       37.93230       1002.815    
  -102.6701       18.61630       449.2495    
