  -81.29070       22.68790       13.14096    
  -78.18230       21.18200       1.247319    
  -90.69580       19.40110       6.013851    
  -90.50670       19.35810       90.83181    
  -93.18470       17.89460       14.20664    
  -93.11510       17.83420       18.64018    
  -92.91290       16.49760       36.75760    
  -92.57540       15.07710       5.507190    
  -80.68960       25.35750       24.98926    
  -96.16800       18.62440       2.494638    
  -88.51610       18.10030       1.174500    
  -100.0638       16.94470       44.39850    
  -92.87900       16.38010       63.34489    
  -95.95070       18.18290       1.597320    
  -98.65680       18.47870       25.53064    
  -92.48470       17.90260       3.251865    
  -92.91060       16.47810       12.70562    
  -92.85630       16.36030       27.57791    
  -96.38190       19.28780       40.46366    
  -92.48230       17.88280       7.013265    
  -108.5497       31.24520       50.82879    
  -108.1653       30.55020       16.58917    
  -95.24250       18.26820       1.385910    
  -95.99040       18.16390       1.442286    
  -88.49240       18.06060       29.65027    
  -88.65690       18.31910       5.811426    
  -95.96910       18.16350       1.136916    
  -96.49920       18.55160       48.89359    
  -96.47770       18.55110       46.84632    
  -87.74160       15.21090       11.47591    
  -94.52780       17.97760       76.18975    
  -93.51690       17.90030       7.414488    
  -84.18950       15.69860       311.7652    
  -87.89010       15.36650       24.21134    
  -87.87050       15.36620       253.0247    
  -87.86470       15.28920       26.13361    
  -83.99970       15.00520       13.27505    
  -105.7875       26.92330       23.48476    
  -87.88860       15.34720       54.26688    
  -100.4483       35.54590       147.7386    
  -92.93110       16.47840       107.0958    
  -110.8616       33.42080       30.65124    
  -87.98080       15.27110       14.48036    
  -107.3814       24.34440       2.189268    
  -96.50670       19.39070       40.32011    
  -88.61060       18.04240       1.442286    
  -88.00040       15.27130       6.286838    
  -109.6423       30.50830       167.1603    
  -104.2304       19.78840       103.0403    
  -87.88570       15.30860       42.81890    
  -87.91340       15.15500       17.37644    
  -87.89380       15.15480       62.89556    
  -92.51640       16.23840       9.296052    
  -92.28610       16.17660       1.912086    
  -92.28400       16.15710       1.818126    
  -87.86620       15.30840       1.771146    
  -81.31070       22.68810       14.28153    
  -92.36960       16.19730       20.89310    
  -92.30640       16.17690       1.764099    
  -93.51940       17.92010       4.213583    
  -94.04100       18.08740       2.902255    
  -94.02900       16.37890       26.49705    
  -102.2042       17.92530       4.105747    
  -93.32870       38.49790       13.11682    
  -93.32050       38.47110       66.65903    
  -92.30430       16.15740       1.089936    
  -92.16520       18.64900       33.77011    
  -98.51940       18.69500       52.11485    
  -98.59420       18.49730       59.13616    
  -98.31070       30.47400       10.42748    
  -100.1088       32.34050       41.65019    
  -98.88060       18.62340       44.19691    
  -98.85850       18.62290       21.44430    
  -97.96140       32.13800       10.27458    
  -81.14940       26.84090       3.125736    
  -81.11060       27.20960       3.721991    
  -99.32910       31.97840       8.753273    
  -69.42440       18.73580       6.101967    
  -82.59330       31.35370       5.793564    
  -78.04160       21.04000       1.656045    
  -80.47230       26.98700       12.99697    
  -94.37640       16.34560       37.69382    
  -81.08560       26.81860       1.738260    
  -81.15080       26.86250       9.582510    
  -78.19150       18.29190       39.52514    
  -94.43750       16.50270       40.47527    
  -100.0830       32.33940       27.87287    
  -98.95430       19.26570       19.72948    
  -78.17230       18.29190       26.96106    
  -115.3956       52.25780       229.0653    
  -103.5400       31.49770       56.13508    
  -98.71870       18.57980       21.43596    
  -81.31190       22.70860       4.535136    
  -81.29180       22.70850       3.643299    
  -80.74690       22.60170       1.634904    
  -78.13390       18.29180       8.671988    
  -105.6218       40.61090       106.1434    
  -98.65520       34.67270       22.58650    
  -79.19050       33.56110       8.304843    
  -82.91540       31.94000       38.70543    
  -98.03180       31.08760       14.06639    
  -91.20650       16.49180       15.92840    
  -103.4743       45.18560       16.87967    
  -81.64780       27.71710       4.566456    
  -98.93200       19.26510       21.10515    
  -90.74960       18.26990       55.82504    
  -105.8533       39.22950       14.50470    
  -82.22270       27.26390       20.83921    
  -98.95800       19.28580       8.666040    
  -98.93580       19.28530       7.490147    
  -98.95050       19.24550       93.24779    
  -98.92820       19.24500       287.5894    
  -94.21530       16.38200       13.17281    
  -106.2153       41.23430       74.34167    
  -103.4877       45.15550       17.43010    
  -104.8281       44.71890       118.3272    
  -99.13960       29.90890       9.204315    
  -96.75600       35.71520       28.42091    
  -81.10780       26.84050       22.70221    
  -90.74740       18.25010       27.16792    
  -105.1703       41.19830       15.90114    
  -91.42360       18.45840       1.836918    
  -97.79550       31.35800       449.0364    
  -99.98640       32.64440       17.05295    
  -82.68000       22.78200       2.208060    
  -87.67420       21.00360       12.76678    
  -76.80300       20.65380       2.438262    
  -90.17020       20.49620       2.041151    
  -82.20000       27.24190       60.34203    
  -80.58960       25.39920       52.26787    
  -106.0770       39.51320       64.91046    
  -76.87770       20.43300       1.423494    
  -83.15160       22.62190       2.419013    
  -84.20880       15.69880       137.6079    
  -106.3574       41.41240       80.94982    
  -80.73170       25.37900       69.39639    
  -82.06460       22.90020       1.263762    
  -78.57650       21.91440       3.292359    
  -78.19530       20.91950       2.733063    
  -98.96300       19.54730       57.56437    
  -106.4475       39.21080       85.56175    
  -83.19750       22.41700       1.843550    
  -84.30440       22.16210       1.202688    
  -106.5803       38.70900       86.65450    
  -96.76540       18.73640       49.81774    
  -81.08700       26.84030       269.6951    
  -99.06480       18.90750       100.5596    
  -88.76850       17.16160       55.36053    
  -91.89660       16.32650       24.32569    
  -105.8305       39.71600       12.63389    
  -107.0526       39.76270       11.65064    
  -98.14550       30.49110       45.27802    
  -97.80260       31.38160       71.81137    
  -97.82030       31.35890       81.56674    
  -81.97550       22.75520       1.569132    
  -81.20740       22.62560       26.71865    
  -106.2610       39.30760       104.0783    
  -112.8243       30.84020       93.35366    
  -80.58850       25.37790       124.5117    
  -77.01060       20.21280       1.545642    
  -92.93340       16.49790       83.33968    
  -80.61010       25.39930       59.53488    
  -93.47790       17.91940       1.493964    
  -77.27740       34.64260       44.61780    
  -99.73470       33.23240       30.02869    
  -95.62180       18.25580       1.808730    
  -89.40420       16.27340       25.23720    
  -80.60890       25.37810       119.7050    
  -90.60620       16.11420       5.969794    
  -90.62620       16.11440       38.77768    
  -98.51950       33.54450       9.418367    
  -75.59220       20.19080       54.89489    
  -88.78960       19.05380       29.78818    
  -98.54150       18.69550       4.434912    
  -98.51590       18.67500       42.67362    
  -92.95390       16.49820       20.80983    
  -80.88920       26.32070       6.190081    
  -81.95920       22.81680       1.933227    
  -79.01520       22.03870       1.268460    
  -97.77790       31.38070       119.1604    
  -90.42910       19.21730       23.09963    
  -90.39570       16.42220       54.34707    
  -84.18850       15.67940       100.7975    
  -98.37960       32.43780       18.07226    
  -90.58120       18.03050       20.54654    
  -106.4573       39.59030       11.98702    
  -106.9408       38.70380       47.70086    
  -81.72080       22.85600       1.849133    
  -81.71960       22.83540       27.55178    
  -90.54350       19.49850       25.77150    
  -93.71570       16.68610       53.10855    
  -98.37190       32.41380       16.59427    
  -80.73060       25.35780       37.82637    
  -77.79560       21.42360       8.867945    
  -106.1728       39.57320       75.58070    
  -80.85630       22.39730       1.348326    
  -72.24920       19.31780       13.08786    
  -100.6222       17.21360       55.79964    
  -92.93560       16.51750       68.13524    
  -106.3882       39.36930       36.52970    
  -81.71800       36.09690       24.50843    
  -79.80570       22.49310       2.339604    
  -90.54590       19.51850       42.64022    
  -99.00200       18.80600       33.37572    
  -108.8829       45.52290       22.34569    
  -108.8457       45.52020       3.119472    
  -106.5809       38.76250       12.38454    
  -81.23400       22.74920       1.183896    
  -77.91850       20.79760       1.592622    
  -98.62900       34.67160       97.01222    
  -100.2283       33.88210       77.52786    
  -97.75320       31.37980       73.00765    
  -97.77080       31.35710       57.32974    
  -106.0373       39.81010       74.34167    
  -82.07960       36.20260       29.39169    
  -82.02070       22.83790       1.275977    
  -82.29930       22.79920       2.343519    
  -81.93890       36.20080       24.60441    
  -100.8904       33.91090       20.74411    
  -105.2796       21.66440       1.949670    
  -77.80300       20.87780       1.860408    
  -102.3400       20.05930       114.7234    
  -77.32150       17.87750       1.437588    
  -107.0608       39.11300       48.52753    
  -81.10490       22.95430       1.030428    
  -92.80160       16.41790       55.66608    
  -92.78110       16.41760       22.58268    
  -90.47900       19.11850       34.33113    
  -96.14620       35.56610       43.71521    
  -81.66880       27.71730       8.062526    
  -91.33230       17.29460       5.088644    
  -88.73760       17.25900       26.47677    
  -97.78500       31.40430       108.0156    
  -100.3875       30.34510       63.46150    
  -81.11400       22.74830       11.50146    
  -104.0196       22.82910       8.072887    
  -99.04480       29.26990       10.90528    
  -97.82740       31.38250       42.99424    
  -106.3614       40.71170       11.65065    
  -98.83490       23.04570       10.76385    
  -96.19580       18.66480       5.308931    
  -93.49590       18.05790       1.237453    
  -97.76030       31.40340       53.72752    
  -88.55480       18.29800       3.734910    
  -106.3934       38.75140       64.01644    
  -97.80980       31.40520       74.05498    
  -113.3772       31.48180       169.7706    
  -113.3452       31.48000       156.6603    
  -106.1900       38.44660       63.80993    
  -99.19100       18.63060       17.03529    
  -122.5935       43.64210       170.4696    
  -96.62560       31.17700       1.531548    
  -93.32610       16.69930       9.392159    
  -81.97170       22.69340       1.262196    
  -88.66450       18.39820       1.740609    
  -88.78970       18.24190       23.51335    
  -88.80900       18.02530       20.75519    
  -90.59880       19.61930       14.48036    
  -88.54990       18.45590      0.9771839    
  -88.67700       18.31930       1.583226    
  -109.4864       44.06870       18.13342    
  -113.3629       31.45740       136.3558    
  -106.0154       39.56380       108.8279    
  -100.0201       31.86470       14.06639    
  -113.3308       31.45560       84.06953    
  -87.84420       21.26960       35.79704    
  -96.09750       18.58310       1.553864    
  -88.69510       18.29980       15.85945    
  -76.00450       20.77330       1.540161    
  -103.7421       20.60880       2.278530    
  -70.34600       18.92870       40.68142    
  -91.02120       18.33330       2.518128    
  -90.60270       19.47950       1.291950    
  -96.29050       18.58710       5.881679    
  -88.50900       15.25760       55.99394    
  -122.8743       40.12280       188.6420    
  -108.6363       38.80750       11.03906    
  -107.4190       24.30320       3.927528    
  -102.0065       19.60470       59.18407    
  -96.60780       18.69320       105.6950    
  -88.55370       18.49550       2.992626    
  -94.28720       16.46120       10.68466    
  -101.9414       32.15720       38.09365    
  -96.53030       18.61190       33.84015    
  -96.70510       18.49620       30.34775    
  -97.53830       35.82200       16.66562    
  -98.46450       27.37790       10.97790    
  -99.04860       22.78090       37.81131    
  -81.89400       22.73390      0.9208080    
  -103.6294       20.44220       11.67733    
  -83.15310       22.64250       30.46818    
  -104.0287       19.74200       24.24924    
  -98.63830       18.49820       7.724723    
  -88.63810       18.12160       19.78983    
  -98.54580       18.59590       67.41325    
  -99.06930       29.27070       1.212084    
  -88.69700       18.31960       2.264436    
  -121.3731       44.13000       22.04754    
  -96.13680       18.28580       12.79134    
  -88.45160       15.27620       1.362420    
  -88.45010       15.25690       1.705374    
  -121.7169       45.44070       211.9770    
  -99.02410       18.92650       1.432890    
  -96.15660       18.82340       29.93603    
  -96.37170       18.82790       98.59887    
  -99.35500       22.62330       2.090610    
  -76.99270       20.31290       4.033233    
  -96.33280       18.98670       29.02304    
  -88.70280       18.37890       9.143157    
