  -81.29070       22.68790       23.65372    
  -78.18230       21.18200       2.245174    
  -90.69580       19.40110       10.82493    
  -90.50670       19.35810       48.54804    
  -93.18470       17.89460       25.57195    
  -93.11510       17.83420       33.55232    
  -92.91290       16.49760       66.16368    
  -92.57540       15.07710       9.912943    
  -80.68960       25.35750       44.98067    
  -96.16800       18.62440       4.490348    
  -88.51610       18.10030       2.114100    
  -100.0638       16.94470       35.14882    
  -92.87900       16.38010       48.94833    
  -95.95070       18.18290       2.875176    
  -98.65680       18.47870       19.72823    
  -92.48470       17.90260       5.853357    
  -92.91060       16.47810       22.87012    
  -92.85630       16.36030       21.31021    
  -96.38190       19.28780       31.26737    
  -92.48230       17.88280       12.62388    
  -108.5497       31.24520       39.27679    
  -108.1653       30.55020       29.86051    
  -95.24250       18.26820       2.494638    
  -95.99040       18.16390       2.596115    
  -88.49240       18.06060       15.84756    
  -88.65690       18.31910       10.46057    
  -95.96910       18.16350       2.046449    
  -96.49920       18.55160       37.78141    
  -96.47770       18.55110       36.19944    
  -87.74160       15.21090       20.65664    
  -94.52780       17.97760       58.87391    
  -93.51690       17.90030       13.34608    
  -84.18950       15.69860       166.6331    
  -87.89010       15.36650       43.58041    
  -87.87050       15.36620       135.2373    
  -87.86470       15.28920       13.96796    
  -83.99970       15.00520       10.25799    
  -105.7875       26.92330       42.27258    
  -87.88860       15.34720       29.00471    
  -100.4483       35.54590       114.1617    
  -92.93110       16.47840       82.75587    
  -110.8616       33.42080       55.17224    
  -87.98080       15.27110       7.739505    
  -107.3814       24.34440       3.940682    
  -96.50670       19.39070       21.55041    
  -88.61060       18.04240       2.596115    
  -88.00040       15.27130       11.31631    
  -109.6423       30.50830       129.1694    
  -104.2304       19.78840       55.07326    
  -87.88570       15.30860       22.88596    
  -87.91340       15.15500       9.287406    
  -87.89380       15.15480       33.61659    
  -92.51640       16.23840       16.73289    
  -92.28610       16.17660       3.441755    
  -92.28400       16.15710       3.272627    
  -87.86620       15.30840       3.188063    
  -81.31070       22.68810       25.70675    
  -92.36960       16.19730       11.16700    
  -92.30640       16.17690       3.175378    
  -93.51940       17.92010       7.584451    
  -94.04100       18.08740       5.224059    
  -94.02900       16.37890       14.16222    
  -102.2042       17.92530       7.390345    
  -93.32870       38.49790       23.61027    
  -93.32050       38.47110       119.9863    
  -92.30430       16.15740       1.961885    
  -92.16520       18.64900       18.04954    
  -98.51940       18.69500       40.27057    
  -98.59420       18.49730       31.60726    
  -98.31070       30.47400       18.76947    
  -100.1088       32.34050       74.97035    
  -98.88060       18.62340       34.15216    
  -98.85850       18.62290       16.57060    
  -97.96140       32.13800       18.49425    
  -81.14940       26.84090       5.626325    
  -81.11060       27.20960       6.699584    
  -99.32910       31.97840       15.75589    
  -69.42440       18.73580       10.98354    
  -82.59330       31.35370       10.42841    
  -78.04160       21.04000       2.980881    
  -80.47230       26.98700       23.39454    
  -94.37640       16.34560       29.12705    
  -81.08560       26.81860       3.128868    
  -81.15080       26.86250       17.24852    
  -78.19150       18.29190       21.12551    
  -94.43750       16.50270       21.63333    
  -100.0830       32.33940       50.17116    
  -98.95430       19.26570       35.51306    
  -78.17230       18.29190       14.41022    
  -115.3956       52.25780       181.3433    
  -103.5400       31.49770       43.37711    
  -98.71870       18.57980       38.58473    
  -81.31190       22.70860       8.163244    
  -81.29180       22.70850       6.557938    
  -80.74690       22.60170       2.942827    
  -78.13390       18.29180       15.60958    
  -105.6218       40.61090       84.03018    
  -98.65520       34.67270       40.65570    
  -79.19050       33.56110       14.94872    
  -82.91540       31.94000       29.90874    
  -98.03180       31.08760       25.31951    
  -91.20650       16.49180       8.513455    
  -103.4743       45.18560       30.38342    
  -81.64780       27.71710       8.219622    
  -98.93200       19.26510       37.98928    
  -90.74960       18.26990       29.83752    
  -105.8533       39.22950       26.10845    
  -82.22270       27.26390       37.51057    
  -98.95800       19.28580       15.59887    
  -98.93580       19.28530       13.48227    
  -98.95050       19.24550       72.05511    
  -98.92820       19.24500       227.6750    
  -94.21530       16.38200       23.71105    
  -106.2153       41.23430       58.85382    
  -103.4877       45.15550       31.37418    
  -104.8281       44.71890       93.67566    
  -99.13960       29.90890       16.56777    
  -96.75600       35.71520       21.96161    
  -81.10780       26.84050       40.86398    
  -90.74740       18.25010       14.52079    
  -105.1703       41.19830       28.62206    
  -91.42360       18.45840       3.306453    
  -97.79550       31.35800       346.9827    
  -99.98640       32.64440       30.69532    
  -82.68000       22.78200       3.974508    
  -87.67420       21.00360       22.98021    
  -76.80300       20.65380       4.388872    
  -90.17020       20.49620       3.674072    
  -82.20000       27.24190       32.25177    
  -80.58960       25.39920       94.08218    
  -106.0770       39.51320       50.15808    
  -76.87770       20.43300       2.562289    
  -83.15160       22.62190       4.354223    
  -84.20880       15.69880       73.54907    
  -106.3574       41.41240       64.08527    
  -80.73170       25.37900       53.62448    
  -82.06460       22.90020       2.274772    
  -78.57650       21.91440       5.926245    
  -78.19530       20.91950       4.919514    
  -98.96300       19.54730       44.48156    
  -106.4475       39.21080       67.73639    
  -83.19750       22.41700       3.318391    
  -84.30440       22.16210       2.164839    
  -106.5803       38.70900       68.60148    
  -96.76540       18.73640       26.62672    
  -81.08700       26.84030       213.5086    
  -99.06480       18.90750       53.74739    
  -88.76850       17.16160       29.58925    
  -91.89660       16.32650       43.78624    
  -105.8305       39.71600       22.74101    
  -107.0526       39.76270       20.97116    
  -98.14550       30.49110       81.50044    
  -97.80260       31.38160       129.2605    
  -97.82030       31.35890       146.8201    
  -81.97550       22.75520       2.824438    
  -81.20740       22.62560       20.64623    
  -106.2610       39.30760       82.39536    
  -112.8243       30.84020       72.13692    
  -80.58850       25.37790       224.1210    
  -77.01060       20.21280       2.782156    
  -92.93340       16.49790       65.97724    
  -80.61010       25.39930       46.00423    
  -93.47790       17.91940       2.689135    
  -77.27740       34.64260       23.84744    
  -99.73470       33.23240       54.05165    
  -95.62180       18.25580       3.255714    
  -89.40420       16.27340       13.48885    
  -80.60890       25.37810       92.49934    
  -90.60620       16.11420       10.74563    
  -90.62620       16.11440       29.96457    
  -98.51950       33.54450       16.95306    
  -75.59220       20.19080       42.41879    
  -88.78960       19.05380       15.92127    
  -98.54150       18.69550       7.982841    
  -98.51590       18.67500       32.97507    
  -92.95390       16.49820       37.45769    
  -80.88920       26.32070       11.14215    
  -81.95920       22.81680       3.479809    
  -79.01520       22.03870       2.283228    
  -97.77790       31.38070       214.4887    
  -90.42910       19.21730       12.34635    
  -90.39570       16.42220       29.04757    
  -84.18850       15.67940       53.87455    
  -98.37960       32.43780       32.53007    
  -90.58120       18.03050       16.26601    
  -106.4573       39.59030       21.57663    
  -106.9408       38.70380       36.85976    
  -81.72080       22.85600       3.328439    
  -81.71960       22.83540       49.59322    
  -90.54350       19.49850       19.91434    
  -93.71570       16.68610       41.03843    
  -98.37190       32.41380       29.86969    
  -80.73060       25.35780       68.08746    
  -77.79560       21.42360       15.96230    
  -106.1728       39.57320       59.83471    
  -80.85630       22.39730       2.426987    
  -72.24920       19.31780       23.55815    
  -100.6222       17.21360       44.17472    
  -92.93560       16.51750       52.64996    
  -106.3882       39.36930       28.22750    
  -81.71800       36.09690       19.40251    
  -79.80570       22.49310       4.211288    
  -90.54590       19.51850       22.79046    
  -99.00200       18.80600       25.79033    
  -108.8829       45.52290       40.22225    
  -108.8457       45.52020       5.615050    
  -106.5809       38.76250       22.29218    
  -81.23400       22.74920       2.131013    
  -77.91850       20.79760       2.866720    
  -98.62900       34.67160       74.96400    
  -100.2283       33.88210       59.90790    
  -97.75320       31.37980       131.4138    
  -97.77080       31.35710       103.1935    
  -106.0373       39.81010       58.85382    
  -82.07960       36.20260       15.70935    
  -82.02070       22.83790       2.296758    
  -82.29930       22.79920       4.218334    
  -81.93890       36.20080       13.15063    
  -100.8904       33.91090       37.33941    
  -105.2796       21.66440       3.509406    
  -77.80300       20.87780       3.348734    
  -102.3400       20.05930       90.82266    
  -77.32150       17.87750       2.587659    
  -107.0608       39.11300       37.49855    
  -81.10490       22.95430       1.854771    
  -92.80160       16.41790       29.75256    
  -92.78110       16.41760       40.64882    
  -90.47900       19.11850       18.34940    
  -96.14620       35.56610       33.77993    
  -81.66880       27.71730       14.51255    
  -91.33230       17.29460       9.159559    
  -88.73760       17.25900       14.15138    
  -97.78500       31.40430       194.4282    
  -100.3875       30.34510       49.03844    
  -81.11400       22.74830       8.887488    
  -104.0196       22.82910       14.53120    
  -99.04480       29.26990       19.62950    
  -97.82740       31.38250       77.38963    
  -106.3614       40.71170       20.97116    
  -98.83490       23.04570       19.37493    
  -96.19580       18.66480       9.556077    
  -93.49590       18.05790       2.227416    
  -97.76030       31.40340       96.70953    
  -88.55480       18.29800       6.722839    
  -106.3934       38.75140       50.67968    
  -97.80980       31.40520       133.2990    
  -113.3772       31.48180       305.5872    
  -113.3452       31.48000       281.9886    
  -106.1900       38.44660       50.51619    
  -99.19100       18.63060       30.66353    
  -122.5935       43.64210       134.9551    
  -96.62560       31.17700       2.756786    
  -93.32610       16.69930       16.90589    
  -81.97170       22.69340       2.271953    
  -88.66450       18.39820       3.133096    
  -88.78970       18.24190       12.56748    
  -88.80900       18.02530       11.09329    
  -90.59880       19.61930       7.739505    
  -88.54990       18.45590       1.758931    
  -88.67700       18.31930       2.849807    
  -109.4864       44.06870       32.64016    
  -113.3629       31.45740       245.4405    
  -106.0154       39.56380       86.15546    
  -100.0201       31.86470       25.31951    
  -113.3308       31.45560       151.3252    
  -87.84420       21.26960       19.13290    
  -96.09750       18.58310       2.796954    
  -88.69510       18.29980       8.476601    
  -76.00450       20.77330       2.772290    
  -103.7421       20.60880       4.101354    
  -70.34600       18.92870       32.20612    
  -91.02120       18.33330       4.532630    
  -90.60270       19.47950       2.325510    
  -96.29050       18.58710       10.58702    
  -88.50900       15.25760       29.92780    
  -122.8743       40.12280       149.3416    
  -108.6363       38.80750       19.87031    
  -107.4190       24.30320       7.069551    
  -102.0065       19.60470       46.85405    
  -96.60780       18.69320       56.49215    
  -88.55370       18.49550       5.386727    
  -94.28720       16.46120       19.23240    
  -101.9414       32.15720       29.43601    
  -96.53030       18.61190       26.14920    
  -96.70510       18.49620       23.45053    
  -97.53830       35.82200       29.99812    
  -98.46450       27.37790       19.76023    
  -99.04860       22.78090       20.20949    
  -81.89400       22.73390       1.657454    
  -103.6294       20.44220       21.01919    
  -83.15310       22.64250       23.54359    
  -104.0287       19.74200       43.64864    
  -98.63830       18.49820       13.90450    
  -88.63810       18.12160       10.57732    
  -98.54580       18.59590       36.03122    
  -99.06930       29.27070       2.181751    
  -88.69700       18.31960       4.075985    
  -121.3731       44.13000       39.68558    
  -96.13680       18.28580       9.884216    
  -88.45160       15.27620       2.452356    
  -88.45010       15.25690       3.069673    
  -121.7169       45.44070       167.8151    
  -99.02410       18.92650       2.579202    
  -96.15660       18.82340       23.13239    
  -96.37170       18.82790       52.69940    
  -99.35500       22.62330       3.763098    
  -76.99270       20.31290       7.259820    
  -96.33280       18.98670       22.42690    
  -88.70280       18.37890       16.45768    
