  -83.16390       42.30190       734.7854    
  -123.7732       43.60020       12261.64    
  -93.18470       17.89460       3266.814    
  -101.9414       32.15720       2667.586    
  -94.52780       17.97760       4143.527    
  -109.6423       30.50830       9408.217    
  -93.11510       17.83420       2976.137    
  -87.49840       31.62140       1436.194    
  -99.06270       22.84370       404.1219    
  -123.8259       43.60500       11499.73    
  -92.42530       16.33430       1482.253    
  -92.46170       16.29590       1492.754    
  -104.3506       19.79190       363.8131    
  -92.48470       17.90260       1871.404    
  -92.31060       16.21580       2239.131    
  -97.81050       22.27050       510.8715    
  -92.44140       16.29560       2002.656    
  -92.47780       16.25720       284.2290    
  -92.28610       16.17660       223.2489    
  -93.51940       17.92010       493.2952    
  -102.2042       17.92530       723.9158    
  -70.34600       18.92870       6642.135    
  -98.64710       19.03790       1805.751    
  -80.47980       27.11730       407.0504    
  -81.10780       27.16610       1599.288    
  -80.50140       26.77050       770.5190    
  -80.61970       26.66340       436.1623    
  -80.83740       26.49250       597.3976    
  -104.2304       19.78840       3062.475    
  -80.55250       26.57650       423.7596    
  -80.62600       26.77150       774.1364    
  -80.48070       26.77040       996.8685    
  -81.09820       26.68900       399.9877    
  -80.68190       26.66390       611.9589    
  -96.09980       33.64570       7425.210    
  -80.97900       26.77440       313.1686    
  -80.48920       26.55440       759.6666    
  -80.48190       26.79200       801.0090    
  -80.61590       26.59860       2933.149    
  -81.24080       26.64700       1894.914    
  -80.53180       26.57630       629.4380    
  -81.38800       27.60510       4066.069    
  -80.70260       26.66400       2243.850    
  -85.13270       30.99790       295.5981    
  -81.38950       27.62700       2057.950    
  -80.39410       26.70480       2818.139    
  -80.49040       26.57600       874.3917    
  -80.46970       26.57580       2957.015    
  -80.46850       26.55420       1341.561    
  -77.44230       26.79640       23442.49    
  -80.99440       26.68810       2608.939    
  -70.03170       45.46390       1537.152    
  -80.86590       26.62220       522.5679    
  -80.39290       26.68320       903.3314    
  -80.70330       22.93080       2061.775    
  -80.69370       26.51290       787.9172    
  -80.68330       22.93060       2442.049    
  -78.72160       46.30500       1490.699    
  -80.58320       26.74950       482.6725    
  -84.91630       30.12440       8775.453    
  -84.93820       30.12480       10801.23    
  -80.53920       26.70590       576.2097    
  -80.63910       26.64190       509.5451    
  -100.5106       18.18290       808.4564    
  -107.5127       37.13460       2816.016    
  -96.92350       31.37340       3016.377    
  -80.75840       26.55650       11566.99    
  -80.46360       26.46800       3874.985    
  -82.87420       22.68090       1922.538    
  -90.38600       15.47250       1470.585    
  -69.93500       47.99120       1866.541    
  -69.83950       47.55860       371.0481    
  -81.98320       29.07100       681.3028    
  -86.44720       15.35210       666.1952    
  -69.05980       48.95760       2111.472    
  -70.84210       47.18410       1541.375    
  -82.18380       31.44140       3645.670    
  -80.56120       26.72770       2156.006    
  -80.56000       26.70610       1417.011    
  -80.59270       26.55520       4631.164    
  -80.59150       26.53360       4760.233    
  -80.57080       26.53350       2785.444    
  -80.59020       26.51210       1991.153    
  -84.91360       30.10170       13301.83    
  -80.60030       22.45700       2713.717    
  -92.06620       15.82400       2832.785    
  -94.15630       32.43100       3262.262    
  -80.61220       26.53380       825.8145    
  -80.56950       26.51190       1046.996    
  -92.55520       15.07680       274.9269    
  -92.55320       15.05750       1274.584    
  -90.46830       16.34540       1721.580    
  -89.64190       15.36690       852.1777    
  -114.3553       45.91850       5565.300    
  -80.57320       26.57660       621.1696    
  -116.7558       42.76260       5919.288    
  -84.91900       30.14720       10799.33    
  -114.3640       45.88780       5754.596    
  -85.16660       30.56200       4243.429    
  -89.24610       16.50460       1364.816    
  -90.40440       16.30570       745.6555    
  -89.16570       16.27050       1527.928    
  -97.44460       30.99690       2058.586    
  -89.18210       16.23180       687.0591    
  -110.8616       33.42080       5241.261    
  -98.02790       31.71710       1850.037    
  -97.05010       19.02200       2370.390    
  -110.0445       46.71630       2711.145    
  -81.03080       28.54930       1149.352    
  -112.1674       35.95640       4009.006    
  -77.44170       26.77480       3132.419    
  -81.18680       26.77620       6835.633    
  -83.16160       22.47820       293.5310    
  -82.73550       32.36030       3489.502    
  -82.87560       22.70150       324.5378    
  -100.4880       18.18240       2367.223    
  -116.2434       47.22760       9247.106    
  -112.1848       35.98290       1538.227    
  -90.42260       16.28650       1586.336    
  -80.91900       26.47160       545.7197    
  -91.41160       18.00370       235.6517    
  -116.4732       47.24780       20346.36    
  -96.31620       17.49810       2041.650    
  -119.1208       36.17060       5036.136    
  -110.8929       33.42260       3187.589    
  -102.4012       20.32520       1447.820    
  -116.7249       42.73100       14986.66    
  -80.49530       26.66240       1011.855    
  -90.56200       16.48290       635.8045    
  -116.7471       47.56520       8774.196    
  -115.0090       41.02660       4388.959    
  -116.3083       46.68590       12478.11    
  -82.73310       32.33670       3751.057    
  -90.46730       16.54000       635.8045    
  -115.0479       41.02950       5013.500    
  -77.45450       21.05840       474.4041    
  -119.4953       36.42840       768.8210    
  -91.46930       16.30090       1580.918    
  -119.5195       36.45590       5134.418    
  -97.98640       26.24970       3823.752    
  -81.71960       22.83540       1950.948    
  -81.07890       22.46040       569.4915    
  -97.37030       46.24550       562.2567    
  -101.4631       26.88850       2314.890    
  -98.34250       34.73380       4445.695    
  -96.01390       32.09140       1366.664    
  -102.0124       32.20770       4627.146    
  -80.47210       26.61900       564.3237    
  -76.91790       20.51340       2150.453    
  -89.53650       16.19740       898.7812    
  -108.6861       46.29450       5959.667    
  -102.0033       32.18360       4912.772    
  -102.0126       20.35500       2707.737    
  -101.5611       20.30190       3560.944    
  -116.4683       52.09930       2604.341    
  -124.4641       52.58620       125497.3    
  -96.35210       46.22550       561.2231    
  -86.24200       33.17730       1803.129    
  -122.1996       39.16620       1189.111    
  -95.65610       18.05830       282.1619    
  -92.15440       30.92250       466.1355    
  -97.96130       26.33560       386.5515    
  -93.11760       17.85400       443.3973    
  -97.62680       42.23780       627.3709    
  -92.05980       30.80460       425.8268    
  -96.43450       45.94410       994.8015    
  -120.2383       42.41230       9218.712    
  -81.05200       28.54950       1461.352    
  -97.95590       26.31380       2006.380    
  -92.00540       15.82310       2837.043    
  -95.16650       31.99210       2092.125    
  -92.21100       30.97020       413.4240    
  -97.98980       26.07670       489.9075    
  -114.9601       47.01940       4969.018    
  -122.2314       39.19590       10189.16    
  -92.16200       30.09710       295.5981    
  -101.8541       20.26930       3996.483    
  -102.4807       20.16480       1454.416    
  -90.77620       16.21350       844.2870    
  -97.79800       26.04920       924.3470    
  -113.3042       46.14700       6256.230    
  -97.77470       26.04850       852.6870    
  -102.7320       35.27800       3383.885    
  -122.2083       39.32950       1925.522    
  -92.48230       17.88280       420.9629    
  -122.1625       39.32580       2135.593    
  -70.36530       18.92860       1017.730    
  -121.6675       39.63960       9203.092    
  -122.1679       39.13660       6708.789    
  -98.00430       26.22860       736.9282    
  -107.1118       44.20320       2207.320    
  -122.0774       40.66620       15473.47    
  -113.3771       46.34290       3861.531    
  -88.63770       17.90500       1405.435    
  -96.43110       31.17030       2161.740    
  -90.51910       16.24890       185.0072    
  -90.71020       16.15440       992.6968    
  -122.0306       40.66230       13088.94    
  -122.1048       39.62050       1510.031    
  -122.0589       39.61680       1151.903    
  -122.1587       39.51590       1048.030    
  -122.1264       39.48600       1014.956    
  -122.2495       39.25150       8139.946    
  -92.84820       16.10720       979.5048    
  -121.6357       39.60980       3126.500    
  -121.8608       51.24590       14500.07    
  -121.7155       39.10030       2035.080    
  -109.7872       26.96400       2837.983    
  -113.3943       46.28090       4016.262    
  -97.39500       32.14060       3199.255    
  -90.47590       16.42330       1330.173    
  -98.02770       26.22930       474.4041    
  -101.1463       43.08950       4236.023    
  -107.2358       26.04180       13017.70    
  -92.50290       17.88310       726.0897    
  -92.51470       15.07620       293.0143    
  -111.6891       25.21190       8043.693    
  -122.0859       39.56440       1700.206    
  -99.66600       25.87050       3222.626    
  -92.39420       16.23650       4382.195    
  -111.6797       25.18980       6032.427    
  -101.1152       43.08780       7968.612    
  -98.59420       18.49730       1998.395    
