  -120.0675       37.92990       83.98286    
  -93.00230       31.08510       104.4485    
  -95.56760       28.86200      0.6021194    
  -97.75740       27.00430       1.213991    
  -78.25290       21.62820      0.1189862    
  -101.0251       20.26700      0.4347009    
  -103.3333       19.70190       36.57714    
  -88.27440       18.07750       162.5073    
  -82.07080       22.67370       42.98169    
  -98.26290       22.07600      0.1619244    
  -96.25310       18.07000       42.69704    
  -103.9563       19.63860      0.7618840    
  -96.51440       18.51210      0.1099332    
  -96.40690       18.50990       47.10907    
  -101.2684       20.53800       35.01158    
  -93.09370       17.99170      7.3288806E-02
  -101.5235       20.64700      0.8988113    
  -93.11510       17.83420       1.095843    
  -109.6423       30.50830       168.8151    
  -97.73390       27.00360      0.5871191    
  -93.18470       17.89460       1.122401    
  -88.50600       15.21900       38.83494    
  -95.59100       28.86270       111.2614    
  -93.11760       17.85400      0.1506492    
  -101.5334       20.28080      7.6107606E-02
  -98.92110       22.92310       1.009111    
  -83.18030       22.45780      7.8926399E-02
  -96.08800       18.38410      6.8277597E-02
  -104.3216       19.77080       65.39072    
  -92.48470       17.90260      0.4518258    
  -92.40490       16.33400      0.8439838    
  -104.1824       19.78700       32.80651    
  -101.5425       20.32170       32.59208    
  -102.2136       20.21830       39.42092    
  -101.1189       20.06660       21.84983    
  -101.1420       20.06720      0.5014976    
  -101.1850       20.57650      0.1607384    
  -94.40480       33.36960       19.88623    
  -98.98450       22.79990      0.1036692    
  -92.46170       16.29590       57.07171    
  -98.83490       23.04570       1.745301    
  -98.83020       23.02470       101.3818    
  -93.02570       31.08580       30.89826    
  -92.32890       16.19670      0.2981226    
  -70.34600       18.92870       79.44429    
  -70.36530       18.92860       9.691658    
  -102.2042       17.92530      0.2295793    
  -110.8616       33.42080       1.272213    
  -98.62340       31.88040      0.1180764    
  -101.8073       31.86820       50.43272    
  -104.2645       19.83000       47.79710    
  -98.02230       25.92660       96.51882    
  -104.1254       19.84620       40.13522    
  -99.17610       18.67020       114.9974    
  -104.1204       19.82580       48.11782    
  -102.5600       19.17580       17.66830    
  -76.27570       20.57250      0.1980468    
  -77.36030       20.19370      0.2235726    
  -76.27590       20.59260      0.2879353    
  -102.4338       20.16350       16.64144    
  -101.8214       20.32940       16.63999    
  -76.81910       20.41280      0.1292820    
  -98.78330       22.81510      0.8718494    
  -94.39560       32.15520       240.3022    
  -98.64710       19.03790       66.97259    
  -94.37150       32.15450      0.3389535    
  -98.76050       22.81450      8.1745207E-02
  -83.14650       30.50920       95.92603    
  -76.82650       20.93580      0.2862201    
  -80.94480       33.60100      0.3480544    
  -99.20570       18.71080       33.27495    
  -98.75420       26.42570      0.6446531    
  -80.49310       26.98710      0.8694018    
  -76.84600       20.93580      0.3297997    
  -76.84570       20.91570      0.2455488    
  -76.82620       20.91560      0.8171389    
  -103.7270       19.16740       129.0632    
  -82.22240       23.17010      0.5578991    
  -101.6308       20.30380       23.81886    
  -91.99520       15.12690      9.1532715E-02
  -74.17000       43.87410       22.43919    
  -92.47780       16.25720      9.3646809E-02
  -91.97500       15.12670      7.5168014E-02
  -106.5355       37.57180       36.35772    
  -96.07480       33.64480       126.5181    
  -92.55520       15.07680      7.3915206E-02
  -102.4060       20.34570       90.20462    
  -101.5798       20.28210       74.00038    
  -71.48010       43.46970       15.39263    
  -104.3075       19.81100       33.15586    
  -92.51070       15.03760      8.5503608E-02
  -92.18500       30.09770      0.1406268    
  -93.40490       31.70190       28.96359    
  -86.23840       33.15330       18.47538    
  -88.46590       18.41530       15.51868    
  -108.1629       40.38150      0.9255280    
  -92.06050       30.04890      0.1152576    
  -102.3821       20.14170       78.84721    
  -107.1145       39.30500       56.10473    
  -77.87340       37.00240       29.82259    
  -71.57400       43.23210      0.4067978    
  -106.9157       40.24760      0.1208952    
  -77.87450       37.02810       41.01339    
  -81.58910       33.75280       44.68957    
  -86.24200       33.17730       37.43108    
  -92.17060       30.02900      9.7092010E-02
  -70.38680       44.87040       20.82679    
  -92.16580       30.00610      0.7871610    
  -107.1833       40.12670       41.29448    
  -99.52050       33.92510       255.8542    
  -98.74850       26.40380      0.9038448    
  -103.7886       19.22960       68.03062    
  -103.7649       19.22890       26.95083    
  -106.7368       40.20900       47.62513    
  -87.35130       21.01940       33.20336    
  -98.43480       18.71310       32.58420    
  -70.64290       44.71410       26.23934    
  -99.20940       18.73090       76.07190    
  -79.79510       22.71900      7.2975598E-02
  -102.4854       20.18530       221.3341    
  -102.4619       20.18460       45.57342    
  -92.91140       33.75570       39.62029    
  -81.71270       28.60020      0.4170779    
  -80.47690       22.37420      0.1313091    
  -78.90390       22.26300      0.1160928    
  -92.88710       33.75500       50.47422    
  -88.00090       21.21100       18.03882    
  -103.7731       20.44640      0.6401173    
  -106.2618       40.64990      0.8990261    
  -104.9212       36.78280       37.05468    
  -99.49440       33.92400       3.581595    
  -99.51160       33.90040       4.533050    
  -99.48550       33.89930       4.151625    
  -81.19400       22.74890      0.6034280    
  -98.40440       21.89420      0.2023838    
  -71.36270       18.45080      9.2394009E-02
  -92.48230       17.88280      8.6537160E-02
  -94.13320       29.65270       850.4095    
  -106.1023       39.19030       40.77176    
  -106.6787       38.98250       65.39744    
  -98.77220       26.40460      0.8349233    
  -102.3686       20.38540       1.672487    
  -106.8491       35.81850       102.1925    
  -96.36620       29.79000      0.1108728    
  -82.85410       22.68070      7.6420806E-02
  -98.74150       18.46070       42.83937    
  -94.49810       33.44490      0.1121256    
  -91.73450       29.90380      0.2255040    
  -98.69650       26.29360      0.7068527    
  -102.3119       20.03830       172.9353    
  -94.35900       33.20000       65.64275    
  -92.04550       29.86660      0.2602692    
  -81.12170       22.89250      7.5794414E-02
  -81.51570       34.70130       33.75461    
  -100.8436       18.51010       38.40659    
  -95.64690       39.68840      0.1650564    
  -95.63700       39.66090      0.1644300    
  -79.14150       35.07210      0.1074798    
  -96.98880       34.80310       1.129389    
  -92.89190       30.80480       49.74268    
  -92.88670       30.78160       82.37681    
  -94.19580       29.72250      0.9876227    
  -100.8396       18.49010       1.335288    
  -80.40990       32.73570       18.10233    
  -82.71200       32.12480      0.8180013    
  -81.46810       32.08640       110.7365    
  -93.79250       29.77880       23.15710    
  -107.3517       30.09510       56.51195    
  -83.18170       22.47840      8.2058407E-02
  -104.0685       20.57770       69.64124    
  -76.78070       35.63060      0.9645661    
  -92.04230       30.07110      0.1014768    
  -93.02900       39.04670      0.7693750    
  -94.67630       35.28710       41.52118    
  -82.59340       32.50000       29.38819    
  -81.69750       31.92500       43.63701    
  -91.86510       30.31740      0.1561302    
  -116.3435       39.88000       218.3164    
  -81.87390       22.73370       1.041729    
  -78.55550       21.87350      7.6107606E-02
  -104.4641       19.57220       47.10907    
  -94.37350       18.07360      9.8658010E-02
  -106.9809       37.93810      0.7277831    
  -78.46500       21.46660      8.0492407E-02
  -101.5148       20.30060       50.84488    
  -93.30520       37.73460       1.007072    
  -96.20510       29.53520      0.1316223    
  -81.86380       22.89840      7.2036006E-02
  -78.48460       21.46670      0.1171368    
  -98.93940       18.70460      9.8971203E-02
  -99.03560       18.62700       39.70825    
  -98.57140       18.61640       28.83670    
  -103.7317       19.18770       26.29602    
  -76.80370       35.63060      0.6985565    
  -79.11860       35.07200       12.69762    
  -98.98370       18.70570       46.82443    
  -92.07710       29.79930       20.26437    
  -99.73370       29.77130      0.9601845    
  -101.1020       20.51310      0.6593943    
  -101.0975       20.49260       76.00075    
  -94.16180       29.67620       341.1811    
  -94.13850       29.67550       1943.759    
  -94.15650       29.65340       161.3624    
  -98.70220       26.31550       180.8692    
  -101.5657       20.32230       1.333250    
  -102.2605       20.01650       21.08763    
  -101.5104       20.99390       113.0643    
  -101.6262       20.28330       82.16841    
  -81.14630       33.31500      0.3891748    
  -81.14430       33.29110      0.3994549    
  -101.4631       26.88850      0.7845045    
  -99.06150       18.64750       90.26317    
  -99.03930       18.64700       158.4061    
  -94.11520       29.67480       356.6592    
  -102.4949       20.22620       48.10534    
  -112.4052       46.20090       61.79652    
  -94.40380       40.43230      0.1096200    
  -94.09670       29.99230       45.54351    
  -97.72270       26.95950       3.425949    
  -104.4450       19.59190       53.51363    
  -112.1874       46.82110       1.139582    
  -93.97130       30.83650       29.98881    
  -94.09190       29.67410       288.3450    
  -97.72830       26.98150      0.5898980    
  -101.7777       21.14490      0.7231962    
  -89.88230       19.78810       22.90947    
  -97.67030       26.28330      0.7053584    
  -90.05110       20.01130       25.21336    
  -103.9481       20.57410       46.54018    
  -101.5379       20.30120      0.2018574    
  -102.2558       20.30080       1.230301    
  -81.69560       31.90160       42.86262    
  -84.55440       31.33520      0.4282391    
  -91.77180       30.08680      0.1099332    
  -98.54930       18.61590       16.19683    
  -92.65850       15.09750      0.1160232    
  -87.87160       33.83730       35.86552    
  -91.87640       29.93030      0.5769261    
  -91.60650       29.83240      0.1234008    
  -96.47260       29.47600      0.5707897    
  -79.62340       22.41000      6.9530413E-02
  -101.5611       20.30190       61.75308    
  -88.67930       17.70900       51.37878    
  -81.47780       27.38730      0.3642088    
  -101.8541       20.26930       65.74736    
  -95.67440       18.03880       29.95429    
  -91.71160       29.90320      8.5816808E-02
  -78.00240       21.03990       19.78100    
  -101.8774       20.26990       1.277527    
  -98.97980       18.80550       33.73067    
  -88.68110       17.72870       10.31934    
  -94.20170       39.19790      0.1970028    
  -98.04610       22.11150       18.99157    
  -101.7333       20.75490       51.56854    
  -100.8402       19.93770       23.50128    
  -84.80230       32.43840       53.51363    
  -91.15450       30.18480      7.8143403E-02
  -91.13170       30.18420       33.54087    
  -91.03150       30.13610       67.44100    
  -92.06920       29.98080      9.5212802E-02
  -78.02200       21.04000       44.68957    
  -103.7850       20.58970       59.45526    
  -88.56710       33.44340       34.72693    
  -102.8369       19.06250       36.17288    
  -103.8595       34.36710       66.80354    
  -97.75180       26.98230       5.112716    
  -97.74620       26.96020       3.913177    
  -101.9100       20.31150      7.0156805E-02
  -96.24360       39.33440      0.8602927    
  -92.13920       37.74660       37.72907    
  -107.9437       30.79460       22.29445    
  -107.9327       30.77090       50.03665    
  -91.72600       30.08560      0.1321078    
  -93.92150       29.73720      0.1357331    
  -118.3407       38.62300       1.504493    
  -97.96020       36.42170      0.1421928    
  -106.8791       35.82020       50.45167    
  -102.4353       21.06140      0.6762142    
  -96.25610       18.08990      0.3377743    
  -98.80350       18.56180       63.04930    
  -82.84460       32.33820       33.80223    
  -79.98040       22.39160       19.88081    
  -79.96050       22.39140      0.1036692    
  -99.18370       18.59050       41.84311    
  -98.91490       34.46210      0.7871611    
  -92.16400       29.77890      0.1395306    
  -94.12050       29.69760      0.9314916    
  -96.05750       18.18500       34.27982    
  -94.14380       29.69830       1.350714    
  -98.94410       22.92370      0.5789647    
  -98.52370       18.59540      9.0984598E-02
  -99.18780       35.84150       1.044163    
  -99.16110       35.84030       1.308786    
  -99.16490       18.72980       46.96675    
  -78.72300       22.18030      0.1089153    
  -94.52780       17.97760       46.51390    
  -94.64370       35.26100      0.6808951    
  -94.16710       29.69900       93.83109    
  -110.5640       46.59630      0.9234895    
  -91.88170       30.06690      8.6756408E-02
  -98.63830       18.49820      0.6040205    
  -95.19430       18.22760       15.49814    
  -96.60700       36.18840       1.127350    
  -91.88660       30.63880      0.1594188    
  -98.84840       23.00440       19.43619    
  -103.8762       34.34330      0.8266556    
  -103.8483       34.34200      0.8664083    
  -104.6400       27.16300       1.237435    
  -76.33560       20.71330      0.6240902    
  -76.00250       20.51190      0.1079496    
  -95.52660       18.61140      8.4564008E-02
  -96.09830       28.65460      0.5698106    
  -99.23970       22.51620      0.1421928    
  -98.32630       22.05700      7.4228413E-02
  -102.2324       20.30010       21.63198    
  -73.42320       19.67290       40.84684    
  -96.11520       28.72220      0.6520513    
  -101.8074       20.36970       34.44229    
  -91.74070       30.81900      0.1387476    
  -96.35180       18.56840       17.14958    
  -92.67050       15.21350      5.6689203E-02
  -76.76810       20.95580      8.2580402E-02
  -92.35130       16.21640       74.57751    
  -93.17770       30.83610       22.99314    
  -95.99340       18.18380       30.31490    
  -95.97210       18.18340      0.2937168    
  -91.73540       30.13140      0.1259064    
  -76.31610       20.71330      0.7812103    
  -76.33540       20.69320      0.5545430    
  -99.36890       18.75460      0.3818318    
  -76.31590       20.69320       2.767750    
  -102.2652       20.03700       24.79743    
  -96.14000       18.44480      0.5140044    
  -96.11860       18.44430      0.1096200    
  -103.7223       19.14710       42.90739    
  -110.0976       27.42150      0.1268460    
  -102.5371       20.20700      0.1531548    
  -93.61540       37.74560       56.92940    
  -110.1077       27.44420      0.2452356    
  -102.4247       20.32590      0.5830420    
