  -113.4345       44.91370       545.3818    
  -115.2941       42.29910       457.9995    
  -115.3059       42.27120       966.0663    
  -115.2659       42.26810       757.6586    
  -115.2777       42.24020       852.2318    
  -115.2377       42.23710       605.2682    
  -105.9114       40.68410       8223.889    
  -105.8794       40.68210       7555.273    
  -105.8475       40.68020       5558.343    
  -105.9262       40.65720       2513.920    
  -105.8942       40.65520       5379.566    
  -105.8622       40.65330       4398.498    
  -105.8302       40.65130       5389.910    
  -105.7983       40.64940       4418.815    
  -105.9089       40.62830       4128.022    
  -105.8769       40.62640       4256.065    
  -105.8450       40.62440       1469.551    
  -105.8130       40.62250       2521.042    
  -123.5463       41.18280       1804.452    
  -106.1189       39.89700       3067.495    
  -106.0872       39.89510       3689.193    
  -106.0556       39.89320       2623.667    
  -106.1022       39.86870       2333.210    
  -106.0706       39.86670       3560.751    
  -106.0389       39.86490       2434.246    
  -106.0539       39.83840       1089.462    
  -107.2085       39.66330       1225.845    
  -107.1763       39.66130       755.5896    
  -107.2877       39.64100       1135.357    
  -107.2555       39.63900       892.6188    
  -107.2233       39.63700       1134.789    
  -107.1912       39.63500       3038.724    
  -107.2704       39.61270       1171.113    
  -107.2382       39.61070       776.3240    
  -107.2061       39.60870       2163.852    
  -107.1740       39.60680       2052.522    
  -107.1419       39.60480       1865.259    
  -107.2531       39.58450       1062.270    
  -107.2210       39.58250       2653.469    
  -108.5590       39.47610       974.1569    
  -98.41280       37.62600       43.30004    
  -118.5892       34.74380       256.5559    
  -118.5511       34.74120       459.4521    
  -118.5130       34.73860       250.3779    
  -118.5680       34.71740       3375.394    
  -118.5299       34.71480       1398.752    
  -118.4919       34.71220       312.6620    
  -118.5468       34.69100       4528.660    
  -118.5087       34.68840       1423.034    
  -118.6398       34.67240       2227.751    
  -118.6017       34.66980       5621.068    
  -118.6186       34.64610       1754.415    
  -118.5805       34.64340       4486.920    
  -118.5425       34.64090       1684.820    
  -118.5594       34.61710       729.2363    
  -98.14690       32.95280       222.5107    
  -116.4367       31.61410       239.3530    
  -95.19290       29.23250       168.2208    
  -109.9598       27.17100       9.412815    
  -98.23120       23.69840       32.47503    
  -93.18470       17.89460       59.10262    
  -93.11510       17.83420       100.4485    
  -112.2178       41.63890       326.7655    
  -107.1591       39.63300       1559.057    
  -107.3025       39.61470       718.8937    
  -107.1568       39.57850       400.1397    
  -93.89800       37.49560       44.36250    
  -116.5773       32.21830       593.6641    
  -115.3197       31.14610       195.2414    
  -115.3044       31.12170       201.2079    
  -95.21630       29.23320       60.76010    
  -109.9697       27.19360       11.26468    
  -115.7075       49.86720       186.1615    
  -105.8155       40.67820       2668.953    
  -123.4967       41.17850       645.6711    
  -105.7811       40.62050       1197.996    
  -107.3199       39.64300       1116.678    
  -116.5424       32.21620       490.1601    
  -97.54420       37.79680       10.99489    
  -98.18370       35.59760       58.54096    
  -115.8059       30.89270       139.9569    
  -115.7723       30.89070       189.7828    
  -116.5603       32.19340       336.3583    
  -101.3594       51.11480       8.186109    
  -107.4304       50.82830       13.56344    
  -104.8517       50.23890       7.446957    
  -111.2412       39.62470       88.04340    
  -98.19280       35.62310       10.70847    
  -116.6122       32.22050       233.1345    
  -116.5254       32.19120       84.59991    
  -121.3523       40.08010       161.4178    
  -111.3450       38.60790       76.73728    
  -116.6139       32.12490       254.7137    
  -110.0662       27.28680       11.84491    
  -101.8997       49.54160       7.151296    
  -122.9451       50.50170       226.4668    
  -115.3178       42.24340       539.6467    
  -115.2496       42.20930       504.6971    
  -122.9032       39.38610       173.1628    
  -119.4842       38.33620       149.3851    
  -111.4388       24.61800       50.14328    
  -122.5017       40.70170       142.4452    
  -120.8569       40.42660       171.0619    
  -111.0659       38.91040       88.22678    
  -112.1818       38.39750       78.42117    
  -97.91120       37.49980       140.6650    
  -112.9665       35.80420       86.70345    
  -92.67510       36.85940       46.26689    
  -115.1717       32.13280       68.29642    
  -118.0092       49.94260       163.6764    
  -118.9985       37.01220       61.86797    
  -120.5039       50.53690       160.8155    
  -116.0840       41.08030       93.30459    
  -118.8968       37.10870       94.86307    
  -98.93040       35.50400       120.0373    
  -112.0199       50.27700       93.33135    
  -116.5969       32.10000       116.5355    
  -110.1632       27.38010       25.30672    
  -110.1346       27.37870       33.79773    
  -109.4943       52.10150       88.46603    
  -106.2410       43.60620       95.21998    
  -117.0834       39.96330       100.0961    
  -109.5552       39.10740       72.23171    
  -115.4981       30.08240       46.22853    
  -110.1732       27.40280       26.48012    
  -110.1447       27.40140       33.31728    
  -111.0192       50.76200       86.23923    
  -115.2896       42.21240       470.3313    
  -123.6303       41.47250       281.5777    
  -121.3956       40.58180       143.8004    
  -122.7754       40.22500       172.2935    
  -117.6614       39.89780       97.54536    
  -117.2183       39.69990       90.56924    
  -123.5145       40.03850       143.0077    
  -120.6200       39.33790       138.6808    
  -109.1006       32.40870       75.22762    
  -123.0164       40.77300       148.0686    
  -122.8228       40.22890       156.8980    
  -109.5776       39.18970       63.09167    
  -123.9207       39.93510       178.8847    
  -110.8616       33.42080       232.7715    
  -81.02320       46.49280       75.93742    
  -123.8689       41.15430       202.5275    
  -121.4289       40.61240       131.6037    
  -116.2245       35.18470       48.05709    
  -117.9771       40.11450       100.1915    
  -123.7576       40.05890       216.9805    
  -120.2425       39.71640       1635.612    
  -120.1990       39.71300       3312.816    
  -120.2125       39.68670       1618.132    
  -120.1691       39.68330       749.3694    
  -117.1692       38.64260       95.01952    
  -115.2206       49.37290       159.9120    
  -116.0486       35.50020       104.3488    
  -123.9536       40.07540       145.7579    
  -123.4199       40.44520       169.2478    
  -124.0392       40.11020       242.7290    
  -120.9193       39.11800       137.7773    
  -80.78280       46.58590       121.1976    
  -94.35260       33.80240       43.25965    
  -108.4967       39.52640       525.6374    
  -115.0161       32.24290       56.61747    
  -116.5790       32.12280       125.0154    
  -123.5843       41.21420       1239.452    
  -113.3840       44.94040       152.5566    
  -107.1442       39.65930       2808.367    
  -107.1936       39.68960       1126.006    
  -71.05930       18.98500       44.76942    
  -97.81050       22.27050       9.911104    
  -108.5295       39.52850       795.1082    
  -109.1854       31.72480       227.4297    
  -108.6360       39.39970       880.1847    
  -108.6179       39.37140       825.5959    
  -108.6689       39.40170       1028.848    
  -108.6032       39.39760       234.2772    
  -93.11760       17.85400       10.79162    
  -108.5771       39.50430       713.7147    
  -109.6423       30.50830       259.0794    
  -109.0708       32.40710       71.34309    
  -108.6508       39.37350       785.6851    
  -117.9124       34.20120       2403.047    
  -95.02020       31.89330       48.41185    
  -89.71060       35.93100       4.767531    
  -78.17260       21.56690       4.772150    
  -84.89400       30.48890       36.29249    
  -96.65160       33.66590       61.12131    
  -108.6836       39.37560       338.6424    
  -102.2042       17.92530       13.50631    
  -93.02730       31.29450       31.59525    
  -96.65920       33.69040       60.25921    
  -93.03270       31.31790       20.62524    
  -78.17210       21.54660       4.407193    
  -70.81110       18.88710       6.726284    
  -93.35080       30.97960       52.03668    
  -100.9450       20.52920       39.04474    
  -97.49790       38.24120       17.08365    
  -109.1976       31.74910       82.45078    
  -120.1556       39.70950       10606.21    
  -89.11850       14.76440       27.64360    
  -89.62430       34.29330       34.79158    
  -120.2291       39.74270       1295.988    
  -76.70350       50.25620       63.09167    
  -97.11660       38.43620       42.69865    
  -120.1857       39.73930       8546.743    
  -97.12670       38.46310       125.2333    
  -105.9435       40.68600       1322.215    
  -105.5339       34.27910       110.9499    
  -103.6419       19.71070       36.70078    
  -98.52810       37.16410       128.0346    
  -90.90980       36.26830       11.14316    
  -102.0915       33.02160       70.13007    
  -96.97290       38.19230       52.56143    
  -70.90940       49.95180       50.89479    
  -96.35370       19.50780       51.16045    
  -97.13970       38.78270       114.5647    
  -97.82880       38.33490       18.51576    
  -66.27370       48.22340       26.47018    
  -103.7920       20.03970       36.32111    
  -88.49370       33.92440       53.03485    
  -99.11680       31.17450       58.33477    
  -99.56670       28.90550       5.765386    
  -80.57520       22.76500       5.261838    
  -86.33360       31.18060       61.65069    
  -102.6587       32.25980       80.94702    
  -97.68610       31.23760       88.26678    
  -120.1257       39.67980       4997.160    
  -91.23200       35.17480       5.654513    
  -92.81800       31.19560       66.46976    
  -98.55860       37.45030       84.05818    
  -98.53140       37.44910       128.9379    
  -93.37430       30.98030       40.24305    
  -88.80220       18.16320       24.42960    
  -98.56890       37.47680       28.36496    
  -98.54170       37.47550       119.3156    
  -95.11480       33.90140       6.103779    
  -105.9337       31.28030       45.54281    
  -89.14830       19.77700       41.37559    
  -105.9288       40.71290       1137.905    
  -86.33030       31.15740       53.50816    
  -109.3688       27.78860       125.6531    
  -108.2364       25.25890       13.56344    
  -98.21280       24.41490       43.30004    
  -88.80370       18.99440       23.00452    
  -98.13750       27.47730       8.917340    
  -98.61770       16.40370       18.26665    
  -79.30490       45.05230       10.33864    
  -105.9928       32.82240       76.42090    
  -97.84450       37.10860       23.80994    
  -100.9012       20.22310       14.99367    
  -98.53820       37.19040       160.5270    
  -98.42280       26.50200       80.28548    
  -98.51120       37.18920       148.7837    
  -98.50110       37.16290       88.37939    
  -107.2542       24.57460       113.3119    
  -99.10930       31.15090       10.33889    
  -99.08420       31.15000       61.94311    
  -98.84250       24.26410       34.38466    
  -59.08040       47.87320       184.8470    
  -66.26330       46.28490       155.0309    
  -98.83740       24.24280       62.30394    
  -123.4850       41.20570       1530.413    
  -123.4356       41.20150       614.9034    
  -108.5918       39.47810       3189.142    
  -117.2302       34.13120       62.45939    
  -96.93660       38.45490       75.17368    
  -88.56710       33.44340       49.12897    
  -104.5629       20.81790       42.45229    
  -71.52410       19.69790       10.86553    
  -87.94720       21.08860       24.37790    
  -98.36590       33.00920       58.45504    
  -102.4742       28.88070       55.60191    
  -81.73400       26.86790       6.430622    
  -91.52000       31.95200       82.70404    
  -99.09170       31.17350       81.10738    
  -105.8917       40.59950       2487.959    
  -94.97930       38.21640       7.329924    
  -97.64090       38.19470       23.80070    
  -97.63070       38.16790       14.30259    
  -114.1728       38.13550       60.74033    
  -118.5636       34.66720       4551.136    
  -98.38400       33.44260       7.058902    
  -91.49660       31.95140       14.08084    
  -86.00170       15.65620       5.100149    
  -98.02180       39.17010       90.93007    
  -93.75780       30.92240       48.48557    
  -71.26000       19.42040       23.69474    
  -113.3436       44.93710       447.7945    
  -113.3536       44.90730       331.7865    
  -97.70380       31.21500       86.68359    
  -109.9585       28.17440       96.43590    
  -77.54280       21.54450       6.486058    
  -85.11160       31.18220       35.71772    
  -97.72840       31.21590       112.8808    
  -59.11100       47.87200       195.1646    
  -66.26910       46.25280       108.8368    
  -97.60980       38.88340       28.21619    
  -97.79480       38.38630       333.6107    
  -97.76750       38.38510       168.4492    
  -97.76370       38.30560       29.36281    
  -97.73540       31.23940       92.08911    
  -97.71080       31.23850       107.9855    
  -97.80520       38.41330       146.5980    
  -97.77780       38.41200       24.41050    
  -108.6100       39.50640       1634.123    
  -106.5825       38.86960       78.41478    
  -98.87870       31.51510       42.33781    
  -95.60990       31.23560       48.11115    
  -98.42850       26.52400       88.76508    
  -97.74950       38.75620       318.4357    
  -97.72200       38.75490       221.0440    
  -97.49440       38.37310       19.78156    
  -105.8597       40.59760       2718.173    
  -97.52170       38.37430       91.53146    
  -107.1614       39.68760       539.7590    
  -107.2406       39.66530       302.0570    
  -97.83260       38.41450       269.6630    
  -97.82220       38.38750       249.3360    
  -120.2726       39.74620       98.15710    
  -120.1123       39.70610       10099.88    
  -111.9010       38.69840       106.1952    
  -90.12530       34.08720       6.338228    
  -114.8891       30.44270       112.5909    
  -114.8746       30.41860       100.0073    
  -107.5304       29.69070       82.76814    
  -107.8597       29.00030       64.46893    
  -99.39810       24.36540       65.36845    
  -105.8967       40.71100       1462.517    
  -105.9409       40.63030       608.8093    
  -107.3050       39.66920       711.3768    
  -107.2728       39.66730       888.0773    
  -97.74640       36.33640       88.87031    
  -120.8780       35.50830       275.5659    
  -98.59910       21.42680       5.857780    
  -84.11980       31.98070       9.572019    
  -107.2258       39.69160       612.2557    
  -107.1270       39.63110       128.1142    
  -120.2593       39.77250       635.0460    
  -97.30940       36.57290       20.53919    
  -97.30020       36.54700       33.65606    
  -115.3213       31.76070       185.8475    
  -109.9548       30.73340       99.76329    
  -97.60810       28.50190       6.541495    
  -109.4070       27.81270       127.4344    
  -109.3788       27.81140       158.4980    
  -120.2158       39.76900       1653.031    
  -98.13900       32.92860       106.9650    
  -98.39080       25.16480       49.30184    
  -97.05950       16.02200       47.16802    
  -96.99530       38.32510       101.7551    
  -96.96820       38.32400       104.4012    
  -97.82000       37.18490       27.43486    
  -107.7873       34.17720       83.23228    
  -82.78110       32.14920       37.63361    
  -107.4352       24.64590       11.14272    
  -107.2359       39.55620       364.0183    
  -107.2038       39.55430       415.4239    
  -97.75590       38.70320       28.85003    
  -97.73640       38.30440       29.10411    
  -102.5458       32.70680       53.18996    
  -98.44640       26.50280       68.43811    
  -97.75200       38.97010       44.22716    
  -97.76640       38.73030       238.1101    
  -97.78340       38.70440       163.7383    
  -120.1423       39.73580       4776.157    
  -97.81840       38.30810       117.3912    
  -97.80810       38.28120       48.85795    
  -97.78070       38.28000       20.82561    
  -97.75570       36.36220       105.6040    
  -111.2403       35.49460       50.45657    
  -107.5328       28.87200       71.56534    
  -98.45200       26.52470       77.18312    
  -97.46580       38.93060       9.867681    
  -120.3029       39.77590       473.4308    
  -97.27380       36.54590       160.8716    
  -107.4796       29.57400       118.5940    
  -106.1356       39.92540       387.4077    
  -97.58980       38.27160       157.3673    
  -97.82970       37.21120       29.91718    
  -97.84680       37.18610       27.13612    
  -97.28300       36.57180       16.64940    
  -105.8868       39.39350       11.99274    
  -97.60000       38.29850       131.3434    
  -97.61700       38.27280       316.3309    
  -107.4974       29.55200       125.0408    
  -111.7758       25.15080       71.15268    
  -97.72430       38.96880       137.1168    
  -97.74130       38.94280       22.93219    
  -97.62730       38.29960       130.2609    
  -98.16430       32.92960       75.46234    
  -83.88480       31.27870       20.27527    
  -106.1039       39.92340       1464.574    
  -97.68430       39.07430       45.13139    
  -97.54420       38.85380       61.58228    
  -98.11360       32.92760       77.21839    
  -107.5703       28.89640       70.47749    
  -120.1723       39.76550       3044.748    
  -120.1289       39.76210       2119.764    
  -120.0989       39.73240       2295.768    
  -107.1889       39.58050       341.2059    
  -97.65670       39.07300       215.1370    
  -112.2030       38.61190       129.5393    
  -97.56520       36.99360       29.42934    
  -108.7942       33.16050       73.12033    
  -112.1939       41.60870       200.4754    
  -97.57470       37.01980       17.53638    
  -97.53850       36.99250       39.78948    
  -103.8425       29.57100       40.17281    
  -97.69510       39.10160       28.78997    
  -98.31270       38.80820       14.66293    
  -120.1590       39.79190       1214.085    
  -120.0855       39.75870       882.9448    
  -89.54500       16.93710       55.28720    
  -95.84770       38.75470       73.67020    
  -120.0824       39.67640       853.2145    
  -118.6230       34.69620       2087.354    
  -101.6608       32.78700       81.62566    
  -107.5740       28.64810       35.00087    
  -97.94080       27.80190       54.14204    
  -97.93490       27.77950       56.29005    
  -107.3590       24.42900       9.230161    
  -75.90740       20.83360       11.48688    
  -97.73890       38.72900       22.48870    
  -98.05520       36.68090       185.4685    
  -98.02850       36.67980       145.3959    
  -120.0690       39.70270       1240.235    
  -98.06480       36.70690       169.5918    
  -98.03810       36.70580       171.0112    
  -116.5781       32.17050       92.79990    
  -103.3323       25.39280       117.1507    
  -92.91980       18.08750       4.139251    
  -106.0095       29.80320       60.42582    
  -75.90760       20.85370       12.87972    
  -101.3702       20.68350       13.68121    
  -106.0856       39.84030       255.2269    
  -97.77090       39.29340       22.10065    
  -97.55570       36.96750       17.92444    
  -97.52900       36.96640       140.1940    
  -110.3263       31.57280       134.8156    
  -107.5426       28.89510       70.45448    
  -97.54800       37.01860       31.08134    
  -118.6611       34.69880       644.2659    
  -110.3564       31.57450       118.3534    
  -120.6793       42.76890       188.2667    
  -108.6247       39.48020       876.2300    
  -108.5737       39.44990       611.9619    
  -97.92280       37.31870       35.71028    
  -97.91290       37.29240       21.06583    
  -97.81020       37.15870       17.90596    
  -110.0244       34.27760       58.57533    
  -108.7835       25.78020       6.846395    
  -104.3251       48.30080       196.5340    
  -123.5085       41.15140       855.6498    
  -118.5848       34.69360       2331.959    
  -88.26900       18.01830       25.11821    
  -106.4688       38.19800       73.85062    
  -97.26470       36.52000       57.61311    
  -117.9496       34.20370       380.1214    
  -97.76010       31.24030       88.40424    
  -109.2391       27.35980       44.20239    
  -109.0413       26.35880       68.87280    
  -109.0137       26.35760       39.83799    
  -105.6227       47.79090       123.2979    
  -100.9431       45.03270       162.4353    
  -108.5114       39.50020       435.2408    
  -108.6065       39.45200       498.7087    
  -108.5408       39.44780       207.0583    
  -109.0504       26.38110       303.1628    
  -109.0227       26.37990       25.89496    
  -120.0556       39.72890       1196.266    
  -123.4473       41.17430       563.3812    
  -120.1155       39.78840       735.6435    
  -113.5131       35.46030       92.28902    
  -118.6780       34.67500       180.0940    
  -108.5442       39.50230       711.6733    
  -117.9920       37.64340       139.2587    
  -118.5256       34.66460       259.7441    
  -108.5953       39.53260       625.4232    
  -108.5624       39.53050       105.2116    
  -118.6061       34.72000       535.5782    
  -109.0780       26.38230       91.90820    
  -109.0690       26.36000       20.88105    
  -105.7664       40.64740       449.9220    
  -116.4877       31.64090       252.3304    
  -110.8658       32.19460       27.12922    
  -105.9582       40.65910       241.9690    
  -105.9236       40.60150       389.2346    
  -105.8278       40.59560       380.4561    
  -97.59680       38.43060       154.5487    
  -98.16190       38.42920       36.39151    
  -120.2895       39.80230       464.9943    
  -120.2460       39.79880       421.5739    
  -97.28200       36.49520       31.02590    
  -113.5292       35.43610       74.09117    
  -103.2481       19.63880       42.33781    
  -120.7697       48.03520       215.9566    
  -117.8924       34.17510       107.7201    
  -97.38230       38.71330       140.6650    
  -97.71260       37.18030       51.96238    
  -97.77290       36.33750       25.07111    
  -117.9295       34.17760       294.3767    
  -107.9901       31.19350       82.38731    
  -120.0258       39.69920       409.9689    
  -97.68580       37.17920       23.87461    
  -115.5521       37.99420       112.2194    
  -97.79940       36.33860       39.26745    
  -95.15710       36.20850       39.27073    
  -115.0194       35.81100       316.2200    
  -114.9840       35.80870       140.9090    
  -115.0354       35.78670       348.0832    
  -115.0000       35.78440       686.1937    
  -114.9646       35.78200       222.1538    
  -105.8647       40.70900       413.3319    
  -106.5943       48.09330       108.9188    
  -98.14860       37.35440       85.99867    
  -98.12160       37.35320       88.64479    
  -115.7542       32.76820       47.10246    
  -115.7197       32.76610       112.3881    
  -115.6853       32.76400       38.69461    
  -115.7372       32.74310       371.4854    
  -115.7028       32.74090       210.7138    
  -115.6684       32.73880       419.9341    
  -115.6859       32.71580       37.93697    
  -115.6866       32.66760       165.1820    
  -115.6522       32.66550       240.0581    
  -115.6697       32.64250       1150.630    
  -115.6354       32.64040       1258.406    
  -95.78810       39.55860       5.599076    
  -96.98530       38.29830       202.6682    
  -112.6458       33.01540       198.2246    
  -98.02230       25.92660       91.93127    
  -96.85800       38.53110       48.00214    
  -112.6609       33.04050       117.5511    
  -112.6780       33.01730       152.0801    
  -106.4106       28.88900       60.80666    
  -100.8859       30.34170       242.6306    
  -100.8781       30.31840       230.0916    
  -100.8527       30.31740       297.4171    
  -115.8123       32.36300       211.8712    
  -115.7780       32.36090       241.9828    
  -115.7957       32.33800       239.4183    
  -115.7614       32.33590       256.4924    
  -115.7118       32.26100       261.2448    
  -115.6776       32.25900       276.5788    
  -115.7295       32.23820       227.8663    
  -115.6612       32.23400       280.5543    
  -115.6271       32.23200       273.5972    
  -100.8605       30.34070       361.6755    
  -97.54220       38.21680       9.858439    
  -115.8300       32.34010       206.4402    
  -115.7272       32.33380       295.3203    
  -115.8134       32.31510       221.7742    
  -115.7449       32.31090       257.8253    
  -115.7283       32.28600       249.7444    
  -97.90570       37.34390       50.63698    
  -97.71790       37.05160       5.857780    
  -97.78360       36.43970       58.02344    
  -97.75710       36.43860       39.62779    
  -97.77430       36.41390       27.19155    
  -112.1680       41.66370       178.7255    
  -97.47770       38.61100       94.89925    
  -117.8753       34.19870       124.2285    
  -116.6309       32.14990       281.6910    
