  -117.0728       52.79810       17860.07    
  -115.3495       48.06730       8112.364    
  -109.9808       44.74050       4841.024    
  -105.9262       40.65720       245135.8    
  -105.8942       40.65520       407457.0    
  -105.8622       40.65330       470307.5    
  -105.9089       40.62830       173933.5    
  -105.8769       40.62640       232088.8    
  -105.8450       40.62440       144135.2    
  -116.4353       40.68790       11404.64    
  -119.6635       40.91450       43161.02    
  -119.6197       40.91100       190798.0    
  -119.6321       40.88400       27603.25    
  -119.5884       40.88050       51265.11    
  -107.3050       39.66920       49357.01    
  -107.2728       39.66730       33520.10    
  -107.2406       39.66530       38197.23    
  -107.2877       39.64100       41358.12    
  -107.2555       39.63900       86634.57    
  -107.2233       39.63700       159767.8    
  -107.1912       39.63500       327526.9    
  -107.2704       39.61270       107616.8    
  -107.2382       39.61070       107239.1    
  -107.2061       39.60870       261051.9    
  -107.1740       39.60680       125508.1    
  -107.2531       39.58450       33853.31    
  -107.2210       39.58250       101678.0    
  -107.1889       39.58050       200794.2    
  -107.2038       39.55430       23921.38    
  -108.5624       39.53050       1669.519    
  -108.5442       39.50230       112587.7    
  -108.6247       39.48020       18720.16    
  -108.5918       39.47810       68246.39    
  -108.6065       39.45200       88204.11    
  -108.5737       39.44990       35190.23    
  -118.5636       34.66720       88202.02    
  -118.5805       34.64340       283150.5    
  -117.9496       34.20370       100491.5    
  -117.9124       34.20120       64817.88    
  -117.9295       34.17760       129991.4    
  -117.8924       34.17510       6028.239    
  -117.9094       34.15160       15558.02    
  -116.5424       32.21620       36915.21    
  -99.75990       31.31580       713.7318    
  -97.68610       31.23760       8619.419    
  -116.5960       32.14770       19491.74    
  -116.5611       32.14560       43299.36    
  -116.5263       32.14340       15723.54    
  -116.5790       32.12280       40182.82    
  -116.5442       32.12060       38111.09    
  -115.6547       31.16580       4440.179    
  -95.19290       29.23250       6711.171    
  -97.68210       27.44060       1293.330    
  -110.1218       27.22280       261.9068    
  -70.41990       18.43500       2072.041    
  -93.11510       17.83420       2238.950    
  -105.9114       40.68410       241896.8    
  -119.6008       40.85350       57100.75    
  -107.1568       39.57850       137248.0    
  -108.5295       39.52850       73890.39    
  -108.4967       39.52640       17658.79    
  -108.5114       39.50020       128516.3    
  -116.4692       35.32670       5527.440    
  -116.9792       32.41110       11181.36    
  -101.7799       31.37450       3791.770    
  -110.1683       27.58060       3897.313    
  -115.9843       46.11830       6158.255    
  -105.8597       40.59760       63729.99    
  -98.45700       37.60190       588.2836    
  -98.03680       35.76720       491.5987    
  -115.6702       31.19020       3178.701    
  -115.2790       48.86590       12102.72    
  -116.0286       46.12210       438.0415    
  -107.2085       39.66330       63006.39    
  -98.04600       35.79270       1538.489    
  -117.0146       32.41330       14127.76    
  -115.4661       51.34100       11716.56    
  -106.9635       43.03400       8978.029    
  -119.5760       40.90740       25638.23    
  -119.6445       40.85700       33342.11    
  -116.5748       45.76090       4008.923    
  -119.6511       40.94150       34458.22    
  -119.6074       40.93800       35952.97    
  -111.4646       37.97960       4713.097    
  -112.0876       37.18340       4645.767    
  -117.5349       34.89690       5208.909    
  -118.5425       34.64090       47346.48    
  -118.5594       34.61710       135918.1    
  -110.0355       27.59660       3729.999    
  -106.1898       51.24130       386.7393    
  -113.1216       48.61020       2909.909    
  -110.7828       43.68460       5731.021    
  -98.06750       37.35090       3597.939    
  -116.5773       32.21830       36032.06    
  -112.6294       52.30110       488.7799    
  -114.2550       48.57300       10180.68    
  -114.3289       44.13550       4990.310    
  -109.4624       41.53060       2465.900    
  -107.1591       39.63300       64921.03    
  -97.43740       38.08060       766.7136    
  -114.2447       48.10400       2701.607    
  -114.9128       47.92980       10812.58    
  -116.5827       45.73030       10742.37    
  -119.5161       34.40910       6443.477    
  -117.8988       38.29680       5096.487    
  -114.8185       29.95160       1594.079    
  -110.1969       27.58190       234.8060    
  -110.1046       27.31070       915.9689    
  -110.4163       43.92630       3528.817    
  -119.2288       34.63810       3460.333    
  -110.1146       27.33340       612.9481    
  -110.1331       27.31210       739.6531    
  -105.7782       51.24660       1866.276    
  -113.3345       45.08990       9496.115    
  -113.4298       43.88490       2366.824    
  -108.5261       39.47400       62170.35    
  -113.0670       37.04000       4222.089    
  -118.8619       34.81250       4959.082    
  -113.4345       44.91370       60426.18    
  -108.5771       39.50430       16782.68    
  -112.0855       37.41740       4334.512    
  -113.1563       37.30560       3841.102    
  -119.7294       34.97290       9324.822    
  -115.5630       45.67500       7854.920    
  -97.41030       38.07940       918.9288    
  -112.7752       37.28030       4078.439    
  -106.9295       43.03180       11123.46    
  -117.4330       35.44250       4890.379    
  -118.6017       34.66980       99798.45    
  -113.8704       47.31580       8850.148    
  -107.1763       39.66130       28527.22    
  -115.0219       36.32060       4415.706    
  -117.9172       35.02300       4890.379    
  -114.9854       46.34970       8881.764    
  -112.1079       37.49710       4765.465    
  -119.5060       34.70720       4740.029    
  -118.0478       34.55750       936.7623    
  -110.0847       27.26540       433.7429    
  -113.1188       47.94180       2308.112    
  -114.7256       45.38780       7647.853    
  -117.5990       33.83540       4486.491    
  -116.5114       32.02310       4078.439    
  -99.97550       26.48750       1630.126    
  -113.2899       47.36480       6468.241    
  -114.6573       37.01690       4765.465    
  -116.5588       34.01340       2901.392    
  -114.6520       49.39080       2533.095    
  -115.3984       45.63000       9820.845    
  -113.1280       44.37230       2849.362    
  -107.1419       39.60480       77912.96    
  -118.5983       34.84430       6320.643    
  -119.3771       34.77310       4703.008    
  -114.9012       47.99500       4517.840    
  -114.9689       45.75010       7073.816    
  -108.4933       39.47190       25012.01    
  -117.8388       35.19330       3653.731    
  -118.8909       34.71460       3772.399    
  -114.9280       46.06040       9311.810    
  -114.9958       45.97170       7692.556    
  -112.0578       44.10890       3071.366    
  -113.1954       44.07630       2539.290    
  -112.7235       44.03980       3214.477    
  -117.9451       35.32640       7145.075    
  -118.8740       34.73840       5371.298    
  -117.8580       35.39600       3175.078    
  -119.0041       34.89730       5063.212    
  -118.3191       34.67550       6443.477    
  -95.21630       29.23320       2465.902    
  -124.0005       50.89480       10642.66    
  -114.0934       45.92820       6423.278    
  -114.5630       45.49850       5520.385    
  -108.1476       44.42600       2421.866    
  -117.3774       38.41780       4409.590    
  -122.3741       38.58820       6261.686    
  -116.0339       37.18970       4315.775    
  -119.0209       34.87350       6643.770    
  -106.8954       43.02950       10305.77    
  -65.48960       47.20890       2478.811    
  -106.9161       43.06020       2388.841    
  -106.8820       43.05800       2421.866    
  -123.0240       44.36920       985.4524    
  -128.1863       52.92480       31718.08    
  -119.5324       40.90390       30650.75    
  -81.02320       46.49280       1674.062    
  -101.8494       31.49440       2161.010    
  -101.8407       31.47060       2594.045    
  -116.6139       32.12490       25750.86    
  -116.6309       32.14990       50027.78    
  -123.5463       41.18280       31381.21    
  -83.16390       42.30190       491.3062    
  -70.34600       18.92870       4825.839    
  -114.7177       35.76570       46624.59    
  -110.8616       33.42080       4699.033    
  -93.18470       17.89460       1280.612    
  -109.6423       30.50830       4365.226    
  -71.07870       18.98490       1397.420    
  -83.35370       30.83290       1680.081    
  -105.9435       40.68600       54066.57    
  -82.35530       29.93040       1035.307    
  -94.19680       32.03120       1802.333    
  -97.49740       37.74250       275.1149    
  -102.2042       17.92530       444.6657    
  -92.99110       31.33990       9456.215    
  -93.75780       30.92240       4092.664    
  -79.28860       21.93800       320.3566    
  -105.8794       40.68210       417240.5    
  -89.99080       33.67170       2038.751    
  -92.98570       31.31650       9701.948    
  -97.56580       37.64110       3928.169    
  -93.41210       30.84290       2278.016    
  -78.85230       21.89520       121.2084    
  -71.53070       19.43920       310.0680    
  -107.9125       44.19800       6598.576    
  -111.5166       28.63360       3386.697    
  -107.4462       24.60350       1260.531    
  -97.50310       31.76820       1867.773    
  -119.6388       40.96850       13572.96    
  -119.5637       40.93440       20841.88    
  -93.11760       17.85400       754.3577    
  -116.5603       32.19340       13829.14    
  -77.69340       21.24100       124.5910    
  -97.37280       38.89970       476.5181    
  -114.9329       32.21400       4484.409    
  -114.9170       32.18910       9443.489    
  -114.8835       32.18710       3728.680    
  -116.5254       32.19120       3793.083    
  -99.46370       24.53710       994.4330    
  -79.78550       42.95070       320.2157    
  -111.3764       33.93850       6696.430    
  -76.43310       20.71350       4837.966    
  -119.6882       40.86060       41781.57    
  -119.6569       40.83010       20166.62    
  -119.6132       40.82660       7942.119    
  -107.6436       24.71850       210.2825    
  -107.6171       24.71740       236.0275    
  -107.6358       24.69670       196.7523    
  -107.6093       24.69570       229.4503    
  -109.1681       31.74750       5706.483    
  -110.1951       27.51500       2198.485    
  -91.41460       17.11960       136.8058    
  -107.8894       44.16630       12981.22    
  -98.75120       28.67470       122.8997    
  -119.0284       35.62940       5133.961    
  -99.56670       28.90550       162.5508    
  -112.2178       41.63890       2410.858    
  -100.4437       18.42060       1361.193    
  -105.8302       40.65130       244289.4    
  -113.9796       43.30440       4502.469    
  -97.89140       38.49660       5483.399    
  -97.86400       38.49540       7673.938    
  -119.7320       40.86410       13480.64    
  -108.5556       39.42160       5943.358    
  -71.38190       18.45080       3379.604    
  -71.40170       18.43100       3209.890    
  -71.38240       18.43110       6376.628    
  -105.4896       34.59700       1500.823    
  -115.3222       33.00730       5756.724    
  -105.4173       44.03030       2190.688    
  -103.4077       45.02710       6058.702    
  -119.7006       40.83360       11481.03    
  -115.3391       33.03260       734.0154    
  -98.13750       27.47730       293.7190    
  -103.3878       44.99510       7262.296    
  -119.6826       40.97210       14118.39    
  -97.91090       38.33860       2558.861    
  -97.21010       30.09160       3837.807    
  -97.90050       38.31170       4337.342    
  -90.90980       36.26830       237.9772    
  -109.1976       31.74910       5664.845    
  -100.5987       29.23660       1180.354    
  -76.45260       20.71350       522.0417    
  -103.3743       45.02500       5509.134    
  -98.18950       38.43040       4310.945    
  -108.7097       37.62210       3266.877    
  -105.8475       40.68020       152476.4    
  -98.16190       38.42920       3366.435    
  -98.83740       24.24280       1816.400    
  -105.9288       40.71290       16754.24    
  -105.9409       40.63030       14372.14    
  -98.20010       38.45740       4285.035    
  -98.17260       38.45610       4865.750    
  -108.6778       37.62020       497.8001    
  -99.58820       34.46590       1640.264    
  -86.75190       31.74630       3110.644    
  -98.84250       24.26410       1652.663    
  -96.59020       37.49590       2114.087    
  -97.67910       31.21410       2630.234    
  -100.5840       30.26090       2865.875    
  -105.9582       40.65910       8160.955    
  -106.1022       39.86870       179347.9    
  -100.5587       30.26000       2699.525    
  -103.3544       44.99300       9280.151    
  -105.8130       40.62250       62904.80    
  -106.1189       39.89700       162567.5    
  -106.0706       39.86670       407729.8    
  -100.5763       30.23770       2519.108    
  -105.8917       40.59950       50012.48    
  -81.78580       27.30310       742.8098    
  -106.1010       48.83300       2400.254    
  -119.7196       40.89110       12057.96    
  -97.67350       38.69950       2209.925    
  -114.5087       39.22850       2440.214    
  -85.20110       31.88130       1126.110    
  -83.83040       31.18540       1644.227    
  -103.3680       44.96310       7076.372    
  -103.3346       44.96100       9379.063    
  -108.5590       39.47610       17927.01    
  -96.55360       37.91190       1155.891    
  -105.2838       34.63580       1867.773    
  -100.5828       33.99490       8064.442    
  -98.67680       23.75310       1321.018    
  -78.10890       21.38410       211.4100    
  -96.59950       37.52230       1953.219    
  -78.08930       21.38410       912.0847    
  -109.6995       33.42810       4297.038    
  -97.71080       31.23850       3013.572    
  -113.3876       28.48000       2170.421    
  -91.10400       16.27630       1056.275    
  -101.3877       37.27140       480.0417    
  -111.9891       35.18900       2722.765    
  -97.69310       31.26120       7484.846    
  -97.66150       31.23680       3664.724    
  -101.3596       37.27000       3254.841    
  -118.5299       34.71480       93899.68    
  -116.5969       32.10000       16360.60    
  -107.5126       24.86350       5895.936    
  -93.76690       16.08260       137.5574    
  -72.94080       45.62750       432.8080    
  -118.3647       35.70950       5789.759    
  -108.0744       34.61180       2308.112    
  -86.77450       31.74670       7666.226    
  -98.41160       21.05380       155.3159    
  -119.6758       40.88750       9577.380    
  -107.3025       39.61470       40853.15    
  -111.3446       33.93670       5914.672    
  -108.7357       33.32660       8030.449    
  -96.81130       29.05840       264.6451    
  -92.48470       17.90260       108.8057    
  -92.48230       17.88280       124.4030    
  -105.8655       38.72050       1959.510    
  -98.14730       36.78730       4708.879    
  -98.71210       32.00150       1999.875    
  -105.7883       38.68930       2910.494    
  -105.6002       37.80610       4253.651    
  -97.59440       36.71260       1099.332    
  -97.58510       36.68660       1862.663    
  -97.55850       36.68550       998.9827    
  -93.27100       16.23040       1630.126    
  -96.46910       36.92260       2130.613    
  -97.56780       36.71140       1408.836    
  -107.9031       35.27400       2807.163    
  -118.5087       34.68840       104088.6    
  -114.9121       32.33240       6764.087    
  -118.3290       38.56870       3677.546    
  -97.93730       37.21580       697.3711    
  -97.95430       37.19070       459.4644    
  -97.92750       37.18960       786.4452    
  -98.13760       36.76120       5731.750    
  -100.7739       32.55810       7602.259    
  -98.71980       32.02530       1148.552    
  -71.33750       17.92060       1720.280    
  -98.58790       21.26270       173.0743    
  -98.08820       39.60540       555.0217    
  -106.0872       39.89510       349019.9    
  -107.3199       39.64300       41172.85    
  -104.9056       37.81970       3232.147    
  -118.9933       38.67250       6326.888    
  -97.51950       36.94020       552.4849    
  -118.5680       34.71740       148727.6    
  -118.5468       34.69100       74537.78    
  -97.88420       37.49860       1268.857    
  -98.16990       35.84820       4465.163    
  -101.8153       31.75100       1904.468    
  -111.7758       25.15080       4243.950    
  -118.8734       47.04270       1626.729    
  -118.8244       47.03820       17862.69    
  -115.3626       42.33330       13457.39    
  -115.3224       42.33020       6296.853    
  -115.3342       42.30220       117427.6    
  -115.2941       42.29910       126279.9    
  -105.6191       39.08110       1981.527    
  -96.49540       36.92370       1566.874    
  -97.54620       36.94140       2525.223    
  -98.17910       35.87380       763.7922    
  -118.5511       34.74120       246697.6    
  -115.1520       30.66750       8456.670    
  -110.0456       27.61940       9143.697    
  -110.0640       27.59800       7566.659    
  -110.0069       27.59530       4517.278    
  -110.0254       27.57390       469.6121    
  -105.3956       25.51290       1295.331    
  -98.15270       35.87270       603.1105    
  -118.4919       34.71220       190518.2    
  -116.2895       31.89030       5546.177    
  -104.6390       28.65430       4684.271    
  -110.0170       27.61800       4200.229    
  -91.84960       15.87910       2208.422    
  -97.74390       38.46350       1581.552    
  -105.9387       37.61600       3741.171    
  -98.60470       21.34500       246.3631    
  -115.4532       30.21900       3203.469    
  -121.1528       44.56270       925.6939    
  -98.49090       37.55130       3883.230    
  -98.46360       37.55010       5168.483    
  -98.48060       37.52480       4540.128    
  -98.45340       37.52360       958.6738    
  -98.14350       35.84710       2262.243    
  -118.5130       34.73860       231568.4    
  -98.58220       21.34440       165.1817    
  -98.25640       37.56690       655.0891    
  -97.80290       37.21000       884.8213    
  -97.79310       37.18380       1085.802    
  -118.5892       34.74380       54270.44    
  -92.63890       17.64900       197.8798    
  -113.3840       44.94040       1028.073    
  -97.82970       37.21120       564.3238    
  -97.77600       37.20890       458.3369    
  -97.82000       37.18490       555.3036    
  -104.4524       36.98920       2440.214    
  -113.3536       44.90730       5449.199    
  -115.3059       42.27120       76157.25    
  -108.8753       38.34310       2051.248    
  -97.55840       37.40670       550.6055    
  -103.3537       30.95280       44115.42    
  -71.52360       19.71780       426.2025    
  -97.52510       38.24240       1086.929    
  -103.3893       30.97760       17141.31    
  -103.3628       30.97640       34336.75    
  -103.3363       30.97530       8797.062    
  -103.3802       30.95400       43688.63    
  -103.3272       30.95160       11676.33    
  -105.6866       26.78730       2417.084    
  -97.55240       38.24360       1078.473    
  -106.4248       27.23640       1090.757    
  -103.3323       25.39280       3574.088    
  -107.2258       39.69160       17736.07    
  -97.71980       37.41360       951.1195    
  -112.8155       35.81990       3878.576    
  -116.5781       32.17050       4697.190    
  -112.3268       41.73210       5284.072    
  -106.0539       39.83840       27679.27    
  -118.4707       34.68580       10707.58    
  -98.13900       32.92860       1450.184    
  -106.0556       39.89320       75469.16    
  -106.0389       39.86490       75332.63    
  -107.2852       39.58640       12313.36    
  -97.91120       37.49980       6266.579    
  -115.2659       42.26810       45242.85    
  -97.90130       37.47340       1321.453    
  -97.69290       37.41250       1408.460    
  -118.5724       34.76760       20524.24    
  -97.71000       37.38730       830.1366    
  -97.68310       37.38610       630.2836    
  -97.78860       37.02880       976.0940    
  -111.8044       25.21710       4311.871    
  -116.9501       46.96670       687.2234    
  -97.71260       37.18030       413.9877    
  -97.46970       37.09260       497.8001    
  -97.76190       37.02770       695.3040    
  -118.5343       34.76500       30321.95    
  -118.4750       34.73600       29567.71    
  -97.53530       38.26920       675.3845    
  -118.4539       34.70960       21386.82    
  -95.96620       33.27920       2014.310    
  -104.6297       25.33290       2598.209    
  -97.72230       37.20660       399.1421    
  -97.46020       37.06640       1030.553    
  -116.5944       32.24330       7482.342    
  -116.5595       32.24120       8250.563    
  -108.5408       39.44780       12255.62    
  -108.5080       39.44570       15356.28    
  -113.8466       29.27750       3421.980    
  -111.2891       28.28380       3853.594    
  -107.1270       39.63110       15274.83    
  -107.1247       39.57660       25294.46    
  -97.64110       38.40600       233.9604    
  -111.2961       38.63140       3456.663    
  -115.2541       42.29600       10186.73    
  -107.1442       39.65930       39458.91    
  -115.2259       42.26500       12788.06    
  -105.9546       40.90970       1765.027    
  -98.42620       37.52240       5951.920    
  -97.56520       36.99360       321.6251    
  -108.1414       36.50210       4509.391    
  -110.8658       32.19460       813.4418    
  -115.8059       30.89270       12029.21    
  -115.7723       30.89070       11548.29    
  -109.9598       27.17100       682.6851    
  -108.7590       25.64880       377.1555    
  -108.7777       25.62790       385.6118    
  -108.7504       25.62670       415.4911    
  -108.4785       39.49810       11813.10    
  -110.1868       27.55910       268.6317    
  -115.3743       42.30540       7788.381    
  -97.51140       38.34740       1636.594    
  -97.55570       36.96750       597.5856    
  -101.7713       31.35080       1545.809    
  -103.5538       22.89740       1042.136    
  -98.49380       21.23980       326.9808    
  -115.2777       42.24020       36077.80    
  -108.5884       39.42370       13836.07    
  -118.4962       34.76240       22188.87    
  -98.87230       21.65970       169.1280    
  -118.6186       34.64610       90364.34    
  -118.5975       34.61970       28334.93    
  -109.9882       27.17230       505.9182    
  -97.79110       38.30680       1740.327    
  -97.76370       38.30560       1188.970    
  -109.9981       27.19490       593.0754    
  -109.9697       27.19360       583.4915    
  -115.0194       35.81100       13490.70    
  -115.0354       35.78670       11860.57    
  -115.0000       35.78440       19503.12    
  -118.5214       34.61450       16654.77    
  -117.4370       33.38410       7523.980    
  -105.0095       24.17030       1475.137    
  -115.2377       42.23710       15764.76    
  -115.6522       32.66550       1102.996    
  -97.50120       38.32060       786.2573    
  -98.14690       32.95280       1708.761    
  -115.7542       32.76820       1236.326    
  -115.7197       32.76610       2468.141    
  -115.6853       32.76400       1091.439    
  -115.7372       32.74310       27459.20    
  -115.6684       32.73880       31397.11    
  -115.7203       32.71790       9562.159    
  -115.6866       32.66760       1180.513    
  -117.4559       33.40970       7863.330    
  -115.7028       32.74090       1040.701    
  -108.0918       30.26900       2885.511    
  -115.9885       36.28380       4743.125    
  -112.6780       33.01730       15757.89    
  -112.6458       33.01540       19702.04    
  -115.3371       31.78540       7402.739    
  -98.23120       23.69840       1214.603    
  -111.3594       38.76920       2781.477    
  -118.6398       34.67240       28924.59    
  -112.6932       33.04240       7838.346    
  -112.6609       33.04050       9156.188    
  -112.6307       32.99040       7807.118    
  -97.76010       31.24030       1272.581    
  -115.3530       31.81010       9430.999    
  -115.3193       31.80810       6770.323    
  -115.3688       31.83490       7963.260    
  -115.3014       31.83080       8350.493    
  -115.3460       42.27430       8751.744    
  -111.4867       39.50540       4325.143    
  -115.0161       32.24290       5623.207    
  -105.1946       24.51780       2117.291    
  -97.54420       37.79680       386.1756    
  -120.0749       35.37480       6495.522    
  -97.75310       31.21680       1232.950    
  -115.3332       31.88030       5093.986    
  -105.2707       49.84510       342.7661    
  -113.4948       32.96900       357.4238    
  -115.1899       30.83340       11860.57    
  -98.40250       37.59940       3280.528    
  -115.2807       31.23800       4452.906    
  -105.9095       51.84890       1884.781    
  -105.7983       40.64940       31713.69    
  -97.19790       38.86530       6047.327    
  -97.18760       38.83810       5405.166    
  -109.5072       39.13120       2066.398    
  -98.41280       37.62600       3297.958    
  -98.81750       21.71990       132.4836    
  -111.6916       39.32960       3428.886    
  -98.16650       35.62200       5434.521    
  -98.15740       35.59650       956.1370    
  -117.4196       33.40740       5302.595    
  -106.0223       39.83650       25100.64    
