  -97.59100       27.81260       6.086830    
  -70.34600       18.92870       192.2858    
  -93.07010       16.44160       737.0511    
  -69.38730       18.69660       202.2548    
  -69.36790       18.69670       1.990158    
  -103.3569       19.50030       17.82703    
  -93.06790       16.42200       1139.750    
  -109.6423       30.50830       874.0135    
  -98.74790       18.62040       1.332979    
  -80.15760       22.35170       1.961050    
  -92.40280       16.31450       150.2176    
  -80.17750       22.35180       1.701804    
  -103.5503       20.21570       5.390461    
  -69.27740       18.53940       151.7387    
  -90.39630       30.00660       171.6319    
  -111.6147       42.71600       8.888331    
  -103.4042       19.50160       85.39169    
  -103.2812       19.68020       266.1449    
  -75.65110       20.31100      0.5086368    
  -87.93580       15.19370       3.659323    
  -104.2645       19.83000       16.40611    
  -110.8616       33.42080       10.79055    
  -93.18470       17.89460       4.897324    
  -103.4232       19.58300       13.26393    
  -93.11510       17.83420       6.839932    
  -92.16520       18.64900       2.118556    
  -70.36530       18.92860       96.28958    
  -98.64710       19.03790       70.81261    
  -102.2042       17.92530       2.308309    
  -103.5400       31.49770       245.7656    
  -104.2114       19.80820       6.333793    
  -98.80350       18.56180       137.8896    
  -69.29760       18.51950      0.8987946    
  -80.53670       26.66270       1.067386    
  -80.53800       26.68430      0.5737824    
  -80.59640       26.62000      0.7905169    
  -80.50740       26.51140       1.451244    
  -72.23070       19.27810       9.350850    
  -80.59770       26.64160      0.7003154    
  -104.2595       19.80960       14.05643    
  -104.2014       19.76730       15.74414    
  -81.08980       27.20940       5.023733    
  -81.18410       26.73300       7.331172    
  -92.48730       14.80610      0.6188833    
  -84.54060       31.21920       3.230885    
  -80.58190       26.72790      0.5863104    
  -80.50990       26.55460      0.9095328    
  -80.61150       26.87970      0.7328881    
  -98.61510       32.47060       1937.374    
  -98.09450       28.71940       3.252246    
  -76.84990       21.19840      0.6176305    
  -81.00040       28.72670       8.526274    
  -104.8621       44.72110       10.37244    
  -99.46290       30.86290       4.892659    
  -99.48600       29.44420       3.140811    
  -97.94460       26.63920       10.90779    
  -76.78370       20.67390       1.273561    
  -98.60730       32.44660       1207.443    
  -82.41350       28.85250       17.69015    
  -79.19810       21.61190      0.9164231    
  -76.99800       20.65420       2.342910    
  -108.2088       31.18110       403.3888    
  -81.99760       28.71430      0.7172929    
  -80.95320       27.68870       3.979363    
  -81.89780       30.40270       8.789601    
  -108.2376       31.18260       1170.179    
  -79.19890       21.63230       1.069891    
  -97.83580       26.48360       3.968871    
  -92.11480       16.83670       2.193454    
  -93.88380       16.20120       7.551004    
  -82.39220       28.85230       2.235906    
  -80.95460       27.71060       381.0529    
  -80.35930       22.41440      0.6740065    
  -103.9364       20.71690      0.9396001    
  -78.82870       21.77290      0.6740065    
  -93.61700       29.81910       421.6825    
  -93.59380       29.81850       970.6461    
  -90.75700       30.35750       92.15305    
  -94.19220       16.36210       133.8253    
  -97.10250       28.64170       3.877062    
  -80.97560       27.71080       7.622931    
  -94.21050       16.34290       14.40073    
  -94.18980       16.34250       250.9001    
  -79.52890       33.22800       82.30370    
  -97.24090       32.44230       9.321680    
  -93.16840       30.99740       13.52670    
  -76.80320       20.67390       1.492085    
  -72.25000       19.27810       8.482940    
  -93.06560       16.40250       500.4861    
  -97.10840       28.66430       2.758851    
  -97.83030       26.46170       29.63321    
  -72.23030       19.29800       7.850000    
  -94.31430       29.63540       5.474881    
  -76.78120       20.49300       1.737884    
  -86.00310       30.55330       1.804146    
  -82.35000       29.36640       179.4371    
  -104.0538       20.80240       98.89102    
  -103.5779       20.52230       8.252286    
  -98.92890       28.03420       25.90314    
  -80.59520       22.76520      0.8034624    
  -78.00780       21.26230       5.822265    
  -76.78100       20.47300       253.4530    
  -103.6019       20.52300       225.1921    
  -86.96750       31.23900       451.8795    
  -77.04280       21.01700      0.8932464    
  -81.87070       32.13780       3.727266    
  -94.07390       29.69630       1064.216    
  -98.93520       28.05660       31.63376    
  -98.95300       28.03510       28.63837    
  -98.90480       28.03340       21.87019    
  -76.80040       20.47300       1.717589    
  -65.65590       48.23750       38.08328    
  -94.05060       29.69560       9.623385    
  -72.21100       19.29800       6.996504    
  -103.3995       19.58230       14.65428    
  -69.65230       46.19510       54.42223    
  -94.12480       33.77060       79.95010    
  -82.95610       32.33970       3.214437    
  -81.89970       30.42550       165.2662    
  -94.03790       29.74060       4339.213    
  -94.05590       29.71840       97.99249    
  -94.03260       29.71770       859.2271    
  -81.29200       27.73560       3.893951    
  -97.95050       27.11990       9.147642    
  -82.18800       33.39920       221.0393    
  -82.93380       32.33940       4.531146    
  -86.75410       30.54420       14.50491    
  -91.08610       30.18300      0.7266241    
  -94.01990       29.76270       1676.877    
  -80.86930       28.01740       288.3036    
  -81.17440       26.58160       4.534987    
  -94.01460       29.73990       1022.183    
  -86.98640       31.21630       497.0648    
  -94.06120       29.74130       83.69720    
  -81.68520       29.35920       43.98908    
  -92.93820       16.36160       15.02237    
  -92.91770       16.36130       14.58401    
  -85.03050       31.06540       2.995912    
  -87.46230       30.67260       874.9063    
  -87.48110       30.65000       809.8754    
  -87.45870       30.64960       542.8273    
  -94.07920       29.71910       20.42370    
  -94.09720       29.69700       3965.552    
  -97.88260       26.48510       30.98684    
  -97.85920       26.48440       27.62701    
  -97.87710       26.46320       4.971111    
  -97.85370       26.46250       43.07172    
  -93.04740       16.42170       1286.328    
  -85.09730       30.35510       3.145816    
  -84.25620       30.27370       7.689629    
  -94.20110       29.74540       752.3712    
  -77.90870       21.22150      0.6740065    
  -84.45180       31.40320       355.3951    
  -97.92110       26.63850       20.71374    
  -68.78220       46.04810       53.04125    
  -78.43870       34.72230       31.44942    
  -81.55380       26.97460       1272.407    
  -84.10130       30.45390       160.7708    
  -92.95420       32.18120       33.16931    
  -90.73870       30.37990       120.7364    
  -97.08470       28.66350       8.453704    
  -97.95010       26.66120       22.59593    
  -97.92660       26.66050       24.16974    
  -97.53790       26.21430       14.90630    
  -103.7971       20.44710       10.80840    
  -91.10890       30.18360       1.666224    
  -82.81390       22.68040       308.8967    
  -93.65590       29.88840       214.4430    
  -90.87430       29.79120       5.921331    
  -82.12510       27.63430       3.136896    
  -92.93600       16.34210       437.1521    
  -92.91550       16.34170       1451.108    
  -91.42460       14.83050       122.5661    
  -81.31300       27.73580       76.42020    
  -95.27460       33.85840       180.3403    
  -83.84850       30.54170       2.502467    
  -85.98090       30.55290       2.797562    
  -90.92700       30.06510      0.8042976    
  -99.50040       29.96780       11.52765    
  -81.70830       29.38190       867.0784    
  -81.87280       32.16130       192.5336    
  -82.57350       31.60890       12.20687    
  -84.37370       30.73280       58.58218    
  -90.66740       29.65030       31.94082    
  -82.99380       29.82500       125.6889    
  -107.5025       24.54150       1.419840    
  -103.0264       23.25720       5.691794    
  -96.17850       32.07350       653.1445    
  -82.00020       27.37060       1.573517    
  -93.04510       16.40220       1152.546    
  -78.06640       33.98830       20.32084    
  -96.35580       34.87760       375.7340    
  -84.82530       30.83170       3.558107    
  -91.18660       30.11720       1.501690    
  -82.97220       29.82470       8.858698    
  -82.45140       29.54750       3.559848    
  -94.06650       29.76410       3431.153    
  -99.17150       29.77330       4.715135    
  -86.75740       30.56710       25.17763    
  -91.21380       30.25480       1.580199    
  -91.41060       29.75940       1.024790    
  -82.47290       29.54780       3.653837    
  -98.97200       28.10230       23.23888    
  -80.58730       23.01250       555.7652    
  -80.81500       22.76670       1.044835    
  -87.68740       31.25360       31.57227    
  -98.97830       28.12480       3.995179    
  -98.95420       28.12390       23.03899    
  -81.99860       27.34880       203.6268    
  -80.54540       26.81420       4.126723    
  -71.63480       19.14120       4.158761    
  -98.50550       16.79380       203.5226    
  -86.73520       30.56670       20.23137    
  -95.63340       29.22350       10.52103    
  -80.52590       26.83570       2.104704    
  -92.48430       16.31570       1.032307    
  -88.91090       30.63450       6.945730    
  -86.73190       30.54380       3.494477    
  -80.52470       26.81400       4.074106    
  -77.80300       20.87780       1.142554    
  -93.16300       30.97410       144.3697    
  -108.2550       31.16000       547.7593    
  -95.87540       29.16350       7.204285    
  -91.12720       30.16130       1.082419    
  -94.08980       29.76480       458.0273    
  -94.08450       29.74190       967.3916    
  -95.86970       29.14080      0.8669376    
  -97.15590       28.66580       5.904447    
  -97.13220       28.66510       5.706505    
  -88.43040       31.78150       233.0273    
  -84.42960       31.40280       11.38198    
  -99.47560       29.96690       1167.547    
  -97.15000       28.64330       6.386775    
  -89.23080       30.91770       149.4284    
  -81.88260       22.87800       2.397859    
  -76.98570       21.11780       2.102198    
  -76.70200       20.39260      0.9195553    
  -98.04260       16.31400       441.3671    
  -83.18950       31.80350       5.923528    
  -81.17580       26.60320       3.447583    
  -80.85080       22.68470       1.051099    
  -91.10440       30.16070       1.285373    
  -96.43090       29.31640       1.827209    
  -99.25400       18.61210       15.15105    
  -79.62410       33.68490       6.497015    
  -88.43450       31.80490       7.073738    
  -81.03940       22.85070       2.813789    
  -81.01930       22.85060       3.040963    
  -81.03830       22.83010       2.470522    
  -81.01830       22.83000       2.122243    
  -92.82430       16.43770       620.6321    
  -92.60020       16.25910       369.1104    
  -90.89040       30.10980      0.7166017    
  -81.68860       29.40410       21.20086    
  -101.9194       20.25080       4.966050    
  -97.08540       34.16840       1.317946    
  -95.99100       29.89150       90.82925    
  -84.91650       31.57330      0.8363692    
  -94.22370       31.00590       90.72438    
  -98.00810       30.60120       5.092443    
  -94.10250       29.71980       16.69732    
  -78.37730       21.85240      0.8957520    
  -72.51970       19.31700      0.8143201    
  -92.84470       16.43810       474.7856    
  -96.44390       37.07600       7.273754    
  -98.94790       28.10150       25.97459    
  -107.0019       28.10600       7.542850    
  -92.82650       16.45730       87.50447    
  -78.06740       34.01250       911.6366    
  -102.4118       20.57000       261.4700    
  -102.4305       20.55020       24.46885    
  -102.4070       20.54950       27.81863    
  -99.65290       34.07690       6.295289    
  -82.01270       29.70040       3.742792    
  -81.21360       27.18880       4.534987    
  -76.98610       21.13800       58.04472    
  -76.93710       20.49340       1.071681    
  -77.01410       20.43330      0.8606737    
  -94.69880       32.75730       1008.561    
  -98.79770       29.98770       4.658899    
  -81.56860       29.51530       85.35526    
  -81.59870       26.41300       8.626992    
  -97.69220       26.08920       4.637866    
  -97.66890       26.08850       4.116702    
  -97.68690       26.06750       48.89397    
  -97.66370       26.06680       46.74121    
  -89.12220       30.68510       3.466727    
  -93.73320       29.82250       242.9727    
  -80.80880       22.64320       2.139783    
  -96.32240       34.85160       8.394989    
  -96.15400       32.07270       6.331917    
  -82.02120       27.37090       9.498802    
  -102.5748       19.76180       24.84772    
  -88.69890       18.33940      0.8694433    
  -97.92880       32.34950       221.1853    
  -84.34360       31.42470       3.383618    
  -86.71290       30.56630       20.84273    
  -91.13170       30.18420       86.31893    
  -91.46510       29.80610      0.9524859    
  -97.92690       27.11910       7.544889    
  -80.63720       22.80660      0.6589728    
  -75.76750       20.27100      0.5512321    
  -78.34970       21.56760      0.8268481    
  -81.02320       46.49280       1.992103    
  -98.68550       29.93800       9.093822    
  -103.9898       20.73900       22.25429    
  -115.9306       47.16780       193.3462    
  -80.22550       22.53660       1.192833    
  -78.34920       21.54730       1.808765    
  -100.5824       18.32420       17.96570    
  -107.3932       30.18920       74.05856    
  -107.3652       30.18790       1128.287    
  -107.3828       30.16570       3350.231    
  -107.3548       30.16430       1956.908    
  -82.04220       27.37110       5.942870    
  -80.87080       22.68480       2.467390    
  -93.18650       30.97480       93.06477    
  -90.83770       29.83570       104.8030    
  -94.10780       29.74260       1765.961    
  -98.74520       36.96750       314.5613    
  -83.66640       31.29870       4.581983    
  -93.68670       29.82110       457.0085    
  -93.66350       29.82050       713.0784    
  -97.05500       28.64020       3.365021    
  -80.86980       22.66420       2.243515    
  -84.29310       32.31230       3.371869    
  -90.90430       30.06460      0.9421057    
  -100.3875       30.34510       193.0128    
  -93.68150       29.79830       583.9807    
  -93.65820       29.79760       824.6418    
  -81.44620       22.60690       2.386050    
  -104.6272       21.33370       215.5653    
  -104.0780       20.80310       9.098760    
  -101.9660       20.45550       9.377597    
  -91.82590       29.90620       1.727194    
  -78.36880       21.54740       655.1260    
  -93.37920       34.25680       5.752801    
  -89.23490       30.94090       399.0836    
  -91.84880       29.90680       413.6686    
  -91.64750       29.81080      0.8611555    
  -98.71010       29.93890       9.026956    
  -90.64930       29.31150       13.91147    
  -78.84240       22.20130       2.058351    
  -96.97380       15.86460       58.31627    
  -110.8904       45.23860       9.556994    
  -98.94150       28.07910       3.442695    
  -98.91740       28.07820       35.62198    
  -113.1422       46.57840       8.872023    
  -98.54690       30.68990       6.661007    
  -95.64600       30.29130       13.23057    
  -94.12580       29.72050       2686.638    
  -102.5562       20.28890       76.58679    
  -95.89590       29.88850      0.7266241    
  -78.76820       21.73190       3.137011    
  -103.7012       20.44430       113.9397    
  -94.13110       29.74330       1033.269    
  -94.12050       29.69760       11.35622    
  -96.45470       29.31720       3.477773    
  -81.36370       26.30330      0.5587488    
  -80.86870       22.64370       3.200904    
  -83.39920       31.89990       7.072701    
  -82.84180       31.86890       255.0053    
  -88.69230       18.47760      0.8193313    
  -82.97570       32.52870       3.007660    
  -94.72320       32.75810       9.747265    
  -103.9004       28.17570       158.0719    
  -98.52210       30.68900       223.0921    
  -75.84480       20.21100       1.606716    
  -110.8625       45.20560       128.3082    
  -103.8057       20.67210       15.50266    
  -112.1120       46.20910       7.502078    
  -96.89450       37.61260       11.75869    
  -101.1338       33.72720       17.10800    
  -92.57980       16.25880       8.842923    
  -103.6258       20.52370       72.66393    
  -102.0780       20.23480       166.7922    
  -88.70660       18.41850       20.61113    
  -94.51530       30.85320       102.9770    
  -81.34300       26.30310       4.126143    
  -103.6004       20.42090       206.1079    
  -103.5107       20.05180       223.9818    
  -92.57740       15.09640      0.5537376    
  -92.51660       15.09550       3.172142    
  -111.9264       46.41640       205.6786    
  -98.15670       27.19220       2.807933    
  -88.75450       18.08370       1.990158    
  -98.54070       35.86390       41.30220    
  -107.3724       30.14220       587.0446    
  -92.55710       15.09610       5.110672    
  -98.55010       35.88950       33.38424    
  -98.56720       35.86510       45.50173    
  -80.27790       22.37290      0.7761097    
  -102.2605       20.32130       192.0819    
  -101.9055       20.18940       1.958878    
  -101.8822       20.18880       18.94362    
  -80.25800       22.37280      0.5888160    
  -97.92120       27.09700       12.53499    
  -88.79540       18.30120       118.2393    
  -79.43160       22.06120       1.747656    
  -88.71820       18.12260       2.268353    
  -78.23220       21.58750      0.5612544    
  -78.11000       21.42470      0.8982577    
  -103.6719       20.70900       142.4246    
  -103.7284       20.64930       171.0071    
  -92.89500       16.34140       69.90125    
