  -94.95940       31.84440       54.81643    
  -93.27930       30.26510       129.7287    
  -98.50000       21.81440       10.46088    
  -77.00600       21.15830       5.498897    
  -77.00560       21.13810       5.175630    
  -101.5657       20.32230       147.5567    
  -93.18470       17.89460       79.36776    
  -96.18630       17.91030       41.48750    
  -96.38520       19.30790       49.65995    
  -96.01780       18.20410       77.44586    
  -96.24080       18.12920       34.47505    
  -96.21940       18.12880       26.14079    
  -96.28360       18.13010       17.69644    
  -109.6423       30.50830       224.2280    
  -104.5222       19.61440       186.7207    
  -93.11510       17.83420       39.95172    
  -101.4398       20.68540       35.17862    
  -101.8774       20.26990       30.44166    
  -80.55170       22.27230       52.12324    
  -99.23970       22.51620       7.140960    
  -98.09120       22.11270       28.89727    
  -101.5471       20.34210       55.43933    
  -96.01480       18.18420       18.20494    
  -99.00750       22.80060       3.883680    
  -98.41520       21.72990       8.847900    
  -96.80350       19.35710       51.63058    
  -96.21020       18.20790       3.727080    
  -76.84200       20.65390       3.961980    
  -104.2404       19.82930       112.3213    
  -99.01220       22.82150       90.28300    
  -104.2454       19.84970       73.77530    
  -102.2042       17.92530       17.94596    
  -94.52780       17.97760       113.4168    
  -92.48230       17.88280       3.601800    
  -92.48470       17.90260       26.42812    
  -103.3664       19.64210       59.75368    
  -98.98450       22.79990       5.152141    
  -92.41460       16.23680       55.37478    
  -97.98680       28.76060       4.549230    
  -92.48000       16.27670       4.400461    
  -101.9893       20.25270       65.12851    
  -92.45530       16.23740       15.98886    
  -97.87430       23.52060       3.758400    
  -92.32890       16.19670       28.19174    
  -103.5400       31.49770       68.87021    
  -98.88830       22.77640       25.31091    
  -80.29930       21.96410       3.257280    
  -94.04100       18.08740       3.225960    
  -92.28610       16.17660       4.463100    
  -93.30260       30.26570       9.617954    
  -104.4824       40.15670       48.51887    
  -93.49100       17.86040       3.883680    
  -104.1824       19.78700       16.27011    
  -92.28400       16.15710       5.026860    
  -104.1774       19.76660       105.4289    
  -104.2685       19.74900       76.79533    
  -104.2445       19.74830       67.48444    
  -92.36960       16.19730       53.28846    
  -104.2975       19.77010       75.14371    
  -89.71060       35.93100       5.058180    
  -98.59770       18.51730       25.32861    
  -98.02230       25.92660       47.98521    
  -80.50740       26.51140       4.525740    
  -101.4139       26.88680       11.06723    
  -80.56370       26.77100       3.366900    
  -80.73520       26.51320       24.60315    
  -101.9402       19.30030       49.47479    
  -80.62220       26.70660       12.26569    
  -86.13560       30.87710       327.7808    
  -96.40850       19.44880       50.64526    
  -80.95150       26.66610       27.11985    
  -80.46850       26.55420       29.33118    
  -101.7973       31.35190       84.08837    
  -94.90810       29.88020       23.49734    
  -80.80630       26.66490       16.47432    
  -80.78560       26.66470       22.80879    
  -80.45750       26.72690       5.743306    
  -81.02320       46.49280       13.43879    
  -96.37690       19.38790       67.19857    
  -80.75590       26.51340       20.57724    
  -80.75460       26.49180       69.39059    
  -98.82560       18.56230       82.40398    
  -78.16170       21.14150       12.52407    
  -100.6726       29.08140       74.89494    
  -80.91270       26.70900       67.70172    
  -80.91140       26.68740       7.340625    
  -102.2371       20.32060       37.90168    
  -81.01920       26.75310       31.13398    
  -92.49310       14.86400       15.04926    
  -91.57590       14.73630       59.11898    
  -82.81680       21.82030       44.27308    
  -80.50020       26.74890       11.07553    
  -80.49900       26.72730       10.41390    
  -78.16220       21.16170       6.561540    
  -98.44590       30.11210       22.72634    
  -102.3681       20.08040       66.41032    
  -103.7252       20.44500       84.56116    
  -92.46170       16.29590       71.73104    
  -90.80440       17.65980       20.26289    
  -77.74390       20.85750       63.45438    
  -103.7886       19.22960       120.0115    
  -90.99080       30.04400       189.4700    
  -76.76090       20.43280       6.739021    
  -91.60650       29.83240       26.70030    
  -116.0966       35.15110       81.45853    
  -101.5843       20.30250       65.54768    
  -93.11410       16.98930       76.06641    
  -93.92850       18.02610       4.071600    
  -89.71780       15.32920       61.60950    
  -101.3375       24.42640       61.12426    
  -101.3317       24.40500       109.0711    
  -90.75670       29.76570       4.024620    
  -78.40260       21.34470       51.23645    
  -101.5379       20.30120       15.28416    
  -101.5148       20.30060       176.4567    
  -102.3868       20.06060       110.6910    
  -91.05520       29.90920       46.80557    
  -81.06320       28.08520       86.90490    
  -87.87430       15.15460       5.465341    
  -92.18770       30.96950       10.69535    
  -101.8124       20.18690       79.60764    
  -99.09510       19.77220       73.39452    
  -80.48440       26.83530       96.75806    
  -90.47280       30.05390       6.295320    
  -91.64770       29.92430       7.422840    
  -80.71440       26.51310       13.74948    
  -76.97090       20.15270       6.217021    
  -89.46690       15.40340       48.34127    
  -100.3335       32.18400       47.60150    
  -90.64560       30.01270       36.49432    
  -80.73640       26.53480       13.63986    
  -103.8365       20.50950       34.75826    
  -103.8124       20.50880       75.40955    
  -100.3077       32.18290       77.20287    
  -78.55550       21.87350       4.181221    
  -123.2027       51.56650       2627.058    
  -91.26410       30.27890       5.167800    
  -91.05470       30.02280       11.83896    
  -92.67730       30.04280       14.67968    
  -90.84400       29.63200       5.042521    
  -80.90480       26.57930       12.83337    
  -85.10110       30.74430       44.33924    
  -91.05910       30.04570       6.412770    
  -92.65420       30.04220       19.15218    
  -92.67230       30.01990       17.99334    
  -89.19640       15.94130       13.14289    
  -92.51270       15.05690       54.55790    
  -92.61770       31.23630       99.22794    
  -80.52720       26.85730       4.823280    
  -97.79540       31.19510       38.03633    
  -78.32730       21.46600       4.212541    
  -98.99860       18.66610       78.23412    
  -118.0600       43.96220       97.85319    
  -80.56710       26.46880       14.72562    
  -102.2605       20.32130       100.8307    
  -95.56530       18.01690       45.21806    
  -97.78840       31.17160       61.08314    
  -84.57240       30.55250       40.70150    
  -89.80440       16.29790       19.75417    
  -115.0378       32.67610       131.5252    
  -92.64120       31.23690       145.9576    
  -90.42210       16.07290       19.61208    
  -91.24580       30.30120       9.881460    
  -80.48550       26.48970       14.44896    
  -98.05040       22.13230       9.016246    
  -95.00140       31.82230       67.95093    
  -99.29130       31.48420       37.46406    
  -80.64670       26.77170       8.581680    
  -80.50620       26.48990       15.33114    
  -95.95700       17.21560       45.54165    
  -115.5637       32.87720       8.832241    
  -91.56300       30.51550       12.88296    
  -101.6681       20.26420       44.27879    
  -91.91410       30.11330       7.365421    
  -81.02190       26.79640       7.571609    
  -81.60040       22.85500       5.332230    
  -81.19960       22.85190       43.11656    
  -99.47470       22.64740       97.94045    
  -100.8574       20.54720       23.65762    
  -101.5611       20.30190       142.5352    
  -94.01530       18.20560       14.97493    
  -95.12900       18.06790       8.370270    
  -89.52300       15.36550       83.41429    
  -92.63590       31.21360       282.3556    
  -91.90400       29.95370       6.295320    
  -95.10170       16.80750       81.10966    
  -95.08070       16.80710       74.29285    
  -101.0649       20.55280       64.78622    
  -103.1826       32.18850       34.45247    
  -80.41360       26.68340       11.82330    
  -101.5889       20.32300       69.38983    
  -101.6076       20.30310       130.4284    
  -95.90260       18.00370       4.533570    
  -91.09570       30.00110       14.51682    
  -91.73420       29.79030       13.02129    
  -99.03510       22.82220       32.96430    
  -100.6115       17.15410       212.7721    
  -88.98680       16.03560       14.09874    
  -87.87280       15.13530       40.31691    
  -107.5673       24.65110       6.107400    
  -101.0694       20.57330       78.88806    
  -102.4108       20.36620       52.82656    
  -101.7240       20.20470       38.32583    
  -97.81300       31.17250       24.27300    
  -81.60160       22.87570       3.633121    
  -102.4619       20.18460       37.20140    
  -102.2372       20.01590       81.61308    
  -90.52300       19.49820       4.713660    
  -102.3915       20.08110       65.49069    
  -91.98110       15.78400       94.36868    
  -89.85920       30.51870       40.36043    
  -91.28700       30.27950       8.558191    
  -91.19560       30.16300       5.621941    
  -81.18960       22.66660       7.156621    
  -96.42210       18.47040       53.60122    
  -92.24440       31.01730       17.78976    
  -91.17730       30.18540       5.005980    
  -77.01060       20.21280       5.105160    
  -95.57630       18.23500       4.932900    
  -89.52140       15.34620       31.06502    
  -98.52580       28.55510       29.76368    
  -93.28090       32.26180       58.84233    
  -91.44240       29.80550       25.18622    
  -78.25980       21.14180       4.087260    
  -104.4882       19.57290       91.09249    
  -89.62200       15.36660       4.635360    
  -115.0212       32.09990       165.6176    
  -91.51980       29.85290       8.378101    
  -95.21840       18.24790       3.398221    
  -90.54770       16.54110       15.61216    
  -91.31040       30.50890       6.827760    
  -103.7440       20.42510       60.10430    
  -96.76040       17.19160       111.3590    
  -96.73900       17.19120       380.2257    
  -114.6545       38.75470       108.2181    
  -91.31500       30.53190       4.212540    
  -101.6228       21.07900       10.83667    
  -81.18850       22.64600       4.870260    
  -91.41160       30.55740       26.02692    
  -91.40690       30.53430       24.21036    
  -101.5056       20.97330       66.01620    
  -102.5840       19.80250       72.51929    
  -95.34270       18.23050       3.116340    
  -92.22110       31.01670       8.973180    
  -90.79580       29.97090       7.532460    
  -91.89460       29.90800       74.78551    
  -101.8065       31.72710       71.47870    
  -91.44460       30.71900       27.84802    
  -103.6411       20.58540       64.21616    
  -101.6308       20.30380       23.12994    
  -96.21100       18.62530       74.09579    
  -102.2967       22.02530       4.082040    
  -95.64070       18.09760       90.84616    
  -109.9499       45.78960       40.36444    
  -90.24040       31.33520       53.42386    
  -91.77720       30.77390       3.977640    
  -83.09410       22.66250       9.074971    
  -101.5243       20.23990       6.323508    
  -92.64020       15.11660       3.891510    
  -101.6258       20.48680       58.64603    
  -88.98980       19.23560       53.18200    
  -97.98590       16.50870       19.01816    
  -104.7421       21.39920       68.97215    
  -91.49950       30.65150       10.72710    
  -81.13400       22.74840       3.421710    
  -89.64190       15.36690       41.70715    
  -102.4947       20.12460       24.88887    
  -81.13510       22.76900       40.20091    
  -101.5333       20.89230       23.54592    
  -96.34930       18.68780       36.21716    
  -91.52650       30.56040       4.337820    
  -81.23290       22.72860       4.173390    
  -83.09560       22.68310       10.68534    
  -88.96950       19.23540       51.80467    
  -113.0910       36.32110       105.3847    
  -91.08190       30.04630       5.880330    
  -95.19820       18.10890       3.868020    
  -102.4338       20.16350       67.67488    
  -91.73100       30.77270       31.38264    
  -91.70790       30.77200       136.1377    
  -98.66920       19.03840       132.0941    
  -96.15030       18.78340       23.42392    
  -91.06360       30.06860       4.635360    
  -91.86350       30.63820       56.75422    
  -80.31390       22.29120       11.71368    
  -104.7498       21.60580       50.21748    
  -99.00690       19.42770       12.49456    
  -102.0212       19.14140       65.81914    
  -103.1668       25.49460       29.86560    
  -78.44230       22.05660       7.414141    
  -99.02920       19.42820       11.70953    
  -101.9100       20.31150       4.275180    
  -90.64130       19.46010       4.384800    
  -98.67530       18.45920       122.3763    
  -94.37350       18.07360       4.447440    
  -95.50830       18.63100       5.606280    
  -98.54930       18.61590       20.84333    
  -96.37330       18.56890       40.09234    
  -95.43880       18.45070       6.248341    
  -95.85290       18.37940       17.18243    
  -101.0915       20.04560       73.30754    
  -92.67050       15.21350       4.416121    
  -99.13500       22.65860       4.917240    
  -82.59540       22.71950       87.89022    
  -78.14570       21.28300       16.27011    
  -97.87060       19.36090       87.65299    
  -99.32980       22.91380       67.19857    
  -92.51860       15.11490       22.98334    
  -103.7080       19.18700       66.80446    
  -95.37030       32.99470       31.46441    
  -101.9330       19.15920       88.87553    
  -96.08800       18.38410       3.617460    
  -96.26910       18.58660       5.277420    
  -96.52640       18.45270       42.17154    
  -102.6216       19.76310       259.7235    
  -97.87420       19.38100       47.52821    
  -96.41190       19.20840       7.861320    
  -98.72740       18.38070       45.91574    
  -108.8957       26.19930       80.78610    
  -78.23160       21.56720       7.626421    
  -78.23110       21.54680       4.087260    
  -104.4550       19.63270       40.54336    
  -96.42270       18.60970       18.38083    
  -97.11600       18.10740       21.54691    
