  -101.5798       20.28210       5.599996    
  -96.11890       18.58360       1.368058    
  -92.48470       17.90260       8.643416    
  -93.18470       17.89460       26.37891    
  -93.11510       17.83420       12.55647    
  -100.6115       17.15410       16.85986    
  -109.6423       30.50830       48.46565    
  -99.21680       22.51560       22.27034    
  -103.2717       19.63950       13.06377    
  -96.20780       18.60530       12.27911    
  -98.92940       22.75680       1.337991    
  -96.78140       19.09620       8.123387    
  -96.11860       18.44430       2.250029    
  -96.04220       18.22440       4.534987    
  -102.2042       17.92530       4.269055    
  -103.2009       19.73870       6.840288    
  -88.50600       15.21900       10.73920    
  -88.48630       15.21880       6.419866    
  -93.49100       17.86040       8.522104    
  -103.4705       19.48320       8.618763    
  -101.8214       20.32940       7.071994    
  -103.3664       19.64210       32.33826    
  -102.5049       19.65870       5.318325    
  -96.30890       18.56760       5.263405    
  -103.3901       19.64280       22.60754    
  -99.07690       22.90660       9.481179    
  -99.07220       22.88570       2.275085    
  -87.90100       15.25100       2.673475    
  -99.02100       22.75940       15.94023    
  -110.8616       33.42080       52.24565    
  -96.41520       19.48900       11.64863    
  -98.42910       21.68920       2.325197    
  -88.56710       33.44340       12.30003    
  -88.50750       15.23830       12.26970    
  -92.41240       16.21730       18.68634    
  -106.0649       27.53110       11.65863    
  -98.94000       23.00700       6.173360    
  -92.43490       16.23710       1.067386    
  -92.16520       18.64900       5.171558    
  -100.6080       17.13420       44.81912    
  -92.48000       16.27670       2.204928    
  -88.53170       15.29630       1.087431    
  -92.45960       16.27640       53.01906    
  -94.33430       18.09270       13.35087    
  -100.5856       17.13370       148.0600    
  -92.46170       16.29590       8.736472    
  -92.28400       16.15710       1.322957    
  -95.19290       29.23250       31.80927    
  -94.35530       18.09310       3.140987    
  -104.2645       19.83000       24.19207    
  -70.34600       18.92870       90.06284    
  -92.48230       17.88280       4.525462    
  -94.52780       17.97760       23.71952    
  -94.37350       18.07360       1.408147    
  -104.2735       19.76940       42.96709    
  -98.60130       18.53730       10.88227    
  -104.2685       19.74900       31.05362    
  -94.04100       18.08740       3.502342    
  -80.51970       26.72740       1.444896    
  -80.73520       26.51320       10.88579    
  -80.71440       26.51310       19.80427    
  -80.50740       26.51140       3.470256    
  -80.46850       26.55420       5.647622    
  -80.86070       26.53580       8.416384    
  -81.08290       26.77530       1.202688    
  -80.52810       26.51160       4.825787    
  -81.04990       26.58060       13.72391    
  -92.44570       16.33460       17.51126    
  -80.88540       26.60080       2.925109    
  -81.13290       22.72790       3.403043    
  -76.00270       20.53200      0.9120385    
  -80.95690       26.75260       15.71087    
  -96.41680       19.36870       8.889745    
  -81.26020       26.62560       9.375442    
  -81.25880       26.60400       9.704403    
  -81.66190       28.48880       5.604116    
  -81.07070       26.58070       16.54213    
  -96.62770       18.41500       11.53990    
  -71.28680       18.41170       11.56298    
  -80.90610       26.60090       57.91036    
  -97.92380       27.55850       3.804128    
  -96.49180       19.43050       18.81605    
  -80.76480       26.66450       1.498349    
  -80.58070       26.70630       1.955621    
  -80.60140       26.70640       2.350253    
  -80.54540       26.81420       5.468889    
  -96.80860       18.73730       7.778526    
  -79.24650       35.29590       25.82624    
  -82.55560       23.02840       1.029802    
  -102.1247       20.23610       13.17896    
  -80.97920       28.72650       25.09181    
  -80.45870       26.74860       20.67887    
  -96.29090       19.12580       12.00332    
  -91.74950       30.20020       16.98775    
  -82.89410       29.91430       5.333898    
  -81.03320       26.64520       10.92059    
  -80.81540       26.47080       19.09852    
  -80.79470       26.47060       8.523428    
  -81.74230       28.71170       1.766448    
  -99.36520       18.73450       16.17879    
  -80.52470       26.81400       4.660416    
  -92.67050       15.21350       4.524973    
  -96.33740       18.74740       1.723853    
  -95.13450       17.81100       8.545846    
  -80.91270       26.70900       20.73641    
  -96.33420       18.72740       5.848446    
  -103.3806       19.60200       13.52257    
  -96.64770       18.67410       10.19255    
  -96.36490       15.73690       15.15855    
  -71.22020       18.74710      0.9270720    
  -83.15430       31.24530       11.61510    
  -80.64630       25.31470       117.9300    
  -103.7223       19.14710       7.199994    
  -81.78110       27.23770       6.441130    
  -80.41360       26.68340       7.108388    
  -101.5889       20.32300       7.461614    
  -101.5657       20.32230       20.33389    
  -83.03850       32.05880       7.272834    
  -88.95560       20.98210       5.379602    
  -102.3915       20.08110       16.17014    
  -96.42270       18.60970       3.993018    
  -98.98120       22.98730       15.84444    
  -96.19800       18.26720       6.002353    
  -94.96350       16.55080       6.797536    
  -80.66560       25.29360       43.83084    
  -105.4940       40.07880       72.41859    
  -80.76760       34.49680       4.206777    
  -85.67430       30.57050       7.310187    
  -81.86240       29.97020       49.82067    
  -80.50020       26.74890       7.454995    
  -101.8774       20.26990       12.55207    
  -101.8541       20.26930       18.07443    
  -102.3868       20.06060       46.18150    
  -96.13510       18.82290       8.318061    
  -81.87840       26.84760       1.555143    
  -97.93420       26.22640       3.886186    
  -81.59690       32.04090       41.87742    
  -84.57960       31.54460       35.79468    
  -84.62930       31.03590       14.24648    
  -82.40280       30.22620       6.669528    
  -80.96450       27.86430       8.717515    
  -97.92880       26.20460       19.20908    
  -102.1201       20.21570       16.82594    
  -96.53270       18.49260       10.23087    
  -83.03600       32.03530       11.54645    
  -80.68490       25.27250       31.14723    
  -102.2792       20.30150       9.833639    
  -92.96900       17.32020       4.101581    
  -92.94840       17.31990       3.905418    
  -101.8308       20.26860       24.14025    
  -92.80900       17.35690       4.493906    
  -85.01620       30.94990       5.997697    
  -112.3609       29.65700       31.08376    
  -112.3302       29.65540       27.70109    
  -80.49900       26.72730       4.269542    
  -109.0983       36.22650       85.88873    
  -99.00280       22.77960       14.02456    
  -83.20040       22.45800       5.301223    
  -90.18050       19.89300       12.65468    
  -104.4791       19.63340       6.788986    
  -103.4107       20.51730       29.01316    
  -90.78450       16.89540       5.332055    
  -85.38610       30.38270       1.369561    
  -82.38120       30.22590       21.73817    
  -82.12360       28.42710       14.08672    
  -82.23380       27.67920       5.011062    
  -102.2089       20.19780       14.00549    
  -85.36410       30.38230       1.222733    
  -101.5618       21.01580       9.597042    
  -104.0685       20.57770       33.90302    
  -101.9053       20.29100       21.85344    
  -102.3634       20.06000       52.85093    
  -121.2077       36.24590       26.13713    
  -76.83910       20.45300       3.648154    
  -81.53380       32.86610       6.967858    
  -82.23860       32.51910       35.95395    
  -100.5407       18.22350       9.473800    
  -121.2336       36.27350       25.48548    
  -81.34770       27.32070       1.688774    
  -91.78740       18.24660      0.9972290    
  -96.75230       17.84250       14.84434    
  -92.80380       16.43740       12.56826    
  -85.11930       30.35550       44.65908    
  -95.66560       17.97930       1.545120    
  -99.56380       29.37910       3.500323    
  -100.6497       25.04330       34.86926    
  -100.6259       25.04250       30.67698    
  -82.41870       32.07410       6.923677    
  -80.73390       26.49170       4.976122    
  -90.23360       20.67890       1.132531    
  -98.47620       18.57430       13.83275    
  -120.7851       45.94670       53.58578    
  -81.71760       31.90180       35.47578    
  -82.46030       27.61600       1.490832    
  -80.75590       26.51340       5.848071    
  -80.75460       26.49180       25.14216    
  -101.5843       20.30250       9.793826    
  -101.5611       20.30190       40.71260    
  -93.67810       18.02160       7.165441    
  -120.8298       45.98220       550.4987    
  -104.9026       21.36310       17.38617    
  -102.2418       20.03630       41.69787    
  -80.67430       26.53430       38.55416    
  -80.65360       26.53410       5.399569    
  -80.67300       26.51270       9.676629    
  -80.65230       26.51260       8.958773    
  -81.40560       26.62690       6.916052    
  -80.68370       25.25130       71.58146    
  -101.3749       20.80610       74.97356    
  -80.73640       26.53480       6.008429    
  -80.71570       26.53460       8.699445    
  -80.66450       25.27240       57.54384    
  -76.96430       20.99660       2.137277    
  -116.7051       46.78450       38.42933    
  -78.24380       21.28340       1.964391    
  -90.44560       17.12520       6.566677    
  -90.62320       16.28920       6.327267    
  -92.51270       15.05690       6.461771    
  -109.0494       36.50450       15.54779    
  -85.11280       31.36750       12.19512    
  -91.05020       17.68310       2.245018    
  -84.68500       30.57710       6.546725    
  -81.02190       26.79640       1.433203    
  -93.21150       15.70500       18.25777    
  -95.95720       18.77940       10.30359    
  -93.51410       18.03850       1.202688    
  -89.80860       20.38950       12.77752    
  -115.4292       32.67590       8.037965    
  -97.92960       27.58070       10.91267    
  -97.31310       20.39650       3.762159    
  -101.7795       20.34860       21.52770    
  -98.73260       16.71990       11.01124    
  -83.20200       31.71040       7.237182    
  -81.96180       30.13010       10.36821    
  -80.64520       25.29340       19.86131    
  -89.52300       15.36550       5.956209    
  -120.4344       35.65370       20.40260    
  -101.3795       20.82660       33.06832    
  -102.4807       20.16480       12.85119    
  -94.14200       17.59580       1.256559    
  -81.11890       27.01410       8.239736    
  -81.90250       30.19770       18.90664    
  -80.88140       26.53600       4.855853    
  -100.5632       17.13320       63.49577    
  -81.78270       27.25950       33.31924    
  -81.95420       22.73440       1.337991    
  -90.81880       16.83730       8.266074    
  -109.1952       44.04780       33.09612    
  -81.80360       27.25970       7.987853    
  -81.80200       27.23790       24.64872    
  -99.38530       24.87500       17.47495    
  -91.64100       17.86930       1.032307    
  -93.52440       17.30980       5.780347    
  -107.9228       36.59180       13.22259    
  -99.23240       17.87530       12.78615    
  -114.9954       32.36130       9.487871    
  -78.53700       21.91420       1.007251    
  -102.2136       20.21830       9.759992    
  -93.43890       17.93840       1.002240    
  -80.48550       26.48970       6.220571    
  -116.7445       46.82010       118.6971    
  -83.22750       31.31570       5.267022    
  -90.79580       29.97090       2.034547    
  -80.48430       26.46810       6.775142    
  -90.18740       20.63780       5.164418    
  -96.04040       18.90080       11.58419    
  -100.5891       17.15360       43.12271    
  -104.6252       21.41610       13.06639    
  -101.6354       20.32420       6.652181    
  -123.4962       46.10600       492.7059    
  -90.64370       19.48010       1.117498    
  -93.47770       18.07740       1.027296    
  -91.06360       30.06860       2.014503    
  -80.95020       26.64450       83.34135    
  -101.3284       20.70270       10.02358    
  -84.55730       31.54420       19.96361    
  -83.11020       31.24470       25.36642    
  -89.14540       19.93720       9.515277    
  -98.59770       18.51730       8.618763    
  -100.5668       17.15310       44.58922    
  -80.92950       26.64430       8.258458    
  -91.06810       30.09140       3.818534    
  -97.93960       26.24820       14.54751    
  -101.2544       20.57840       11.07272    
  -89.52140       15.34620       4.904064    
  -89.84860       14.77270       14.79069    
  -103.7317       19.18770       6.250314    
  -108.7524       25.97480       2.059603    
  -98.48680       18.63440       1.448237    
  -124.9539       52.45300       591.1174    
  -80.56710       26.46880       5.653887    
  -92.53490       15.07650       7.103994    
  -114.9588       32.45500       2.588285    
  -90.51130       19.39810       4.240979    
  -90.50900       19.37810       8.284904    
  -90.58160       19.29950       4.275180    
  -97.72430       26.50190       26.68124    
  -97.72080       26.11170       6.885389    
  -103.2339       19.67890       15.69584    
  -93.44910       18.01760       3.006720    
  -93.42830       18.01720       2.535668    
  -102.3308       20.32330       26.32251    
  -93.35550       18.09500       1.359288    
  -101.7799       31.37450       11.80768    
  -107.3134       30.07030       14.59969    
  -80.58780       26.46890       5.667668    
  -101.9059       20.69850       24.19575    
  -98.68680       18.39970       14.97154    
  -113.0186       30.96790       24.55421    
  -107.2855       30.06900       17.20359    
  -99.47660       22.85550       9.490900    
  -98.54120       34.20160       14.74321    
  -96.54860       18.59240       12.14676    
  -85.07010       30.49170       9.771055    
  -98.99390       22.84180       9.426524    
  -98.19050       30.72310       10.20935    
  -96.62930       18.69370       9.004698    
  -81.14060       22.87210       1.182643    
  -99.01690       22.84250       4.550170    
  -102.4572       20.16410       7.686774    
  -121.7989       43.39390       190.6089    
  -102.2979       20.07850       28.43185    
  -90.64130       19.46010       1.312935    
  -93.43870       18.09650       1.703808    
  -102.3778       20.32460       11.99349    
  -96.34930       18.68780       10.58841    
  -92.51470       15.07620       1.884211    
  -80.94650       22.60310       1.172621    
  -78.44230       22.05660       1.012263    
  -99.12360       16.84590       8.468248    
  -101.8074       20.36970       10.63704    
  -69.56370       18.63640       1.974413    
  -93.11760       17.85400       1.438215    
  -123.7411       45.97250       171.3773    
  -77.00600       21.15830       1.653070    
  -102.3261       20.30280       9.419320    
  -102.4901       20.20570       11.38908    
  -98.49820       18.57480       9.964166    
  -102.4338       20.16350       6.241763    
  -96.18640       18.60480       8.153580    
  -96.23470       18.22830       1.433203    
  -99.35970       22.64420       12.68321    
  -76.65320       21.13730       2.902320    
  -98.68590       18.51930       10.76385    
  -76.65140       20.99600       4.988149    
  -92.39980       14.93970       2.229984    
  -76.63180       20.99590       4.606546    
  -96.70060       18.73510       3.898965    
  -103.7080       19.18700       13.33461    
  -96.05750       18.18500       9.129957    
