  -108.8388       49.24650       2342.238    
  -108.0578       47.76990       1786.493    
  -105.7698       45.33520       5766.549    
  -102.6944       38.51800       9478.192    
  -102.6651       38.51640       6458.328    
  -102.6811       38.49070       3269.275    
  -108.2308       37.33260       726.6584    
  -112.3042       36.83510       26268.76    
  -112.2703       36.83290       59855.91    
  -112.2365       36.83080       37948.64    
  -112.3197       36.81030       6365.426    
  -112.2859       36.80820       12768.81    
  -112.2520       36.80600       46456.34    
  -112.3014       36.78340       1767.998    
  -112.3326       36.73390       3929.456    
  -111.4601       33.82100       4433.399    
  -111.4769       33.79750       7146.701    
  -111.4451       33.79570       11565.82    
  -111.4133       33.79380       37188.06    
  -111.3816       33.79200       17781.85    
  -111.4619       33.77220       2754.671    
  -111.4301       33.77040       8637.101    
  -111.3984       33.76850       42035.83    
  -111.3666       33.76670       13409.54    
  -111.4151       33.74510       15683.34    
  -111.3834       33.74320       14040.55    
  -111.3517       33.74140       14980.13    
  -111.4319       33.72160       4792.513    
  -111.4002       33.71980       29269.43    
  -111.3685       33.71790       21967.56    
  -111.4170       33.69630       8260.048    
  -111.3853       33.69450       17193.60    
  -111.4021       33.67110       12891.96    
  -111.4189       33.64760       8303.961    
  -111.3872       33.64580       16768.39    
  -110.8471       32.43210       4817.880    
  -101.6156       27.06950       1727.468    
  -101.6088       27.04730       2392.923    
  -109.7695       27.05160       338.5485    
  -103.2361       25.23890       4673.919    
  -99.39810       24.36540       778.2358    
  -99.18470       21.85330       422.6878    
  -105.0978       21.45180       956.3129    
  -98.10930       20.76090       149.5092    
  -101.0598       20.00430       348.5697    
  -69.41280       18.53860       1309.301    
  -100.0246       17.97270       637.9924    
  -91.02650       50.08600       1022.327    
  -89.51550       36.91630       379.8192    
  -108.2621       37.28250       1234.530    
  -112.2676       36.78120       7083.540    
  -87.76910       35.08300       803.6470    
  -111.4283       33.81920       4376.259    
  -110.8336       32.40750       2671.769    
  -105.2730       23.16530       768.0252    
  -105.0921       21.43100       653.3195    
  -98.34470       19.55270       1905.752    
  -102.9368       19.60990       1032.666    
  -93.18470       17.89460       645.5472    
  -98.19250       16.59120       709.8063    
  -94.01300       49.68780       1830.233    
  -108.6398       46.54600       1884.285    
  -104.0990       38.67360       781.9813    
  -108.2306       37.28060       12188.54    
  -111.4358       33.62420       2338.242    
  -98.34840       19.57290       3062.168    
  -100.2724       18.69610       674.3943    
  -100.2499       18.69560       656.1934    
  -111.5652       42.65420       1676.776    
  -99.86630       39.60880       110.2996    
  -104.0833       38.69940       989.8461    
  -102.7077       38.54520       10236.76    
  -102.7237       38.51950       3258.144    
  -108.2464       37.30750       8657.325    
  -112.2887       36.85990       29476.86    
  -112.2182       36.80380       34429.86    
  -111.4506       33.64950       1818.106    
  -99.73840       20.19270       704.4206    
  -93.11510       17.83420       561.0410    
  -98.37980       17.75760       838.8989    
  -98.46870       16.42030       400.4216    
  -107.3929       48.86080       785.2372    
  -102.6784       38.54370       7543.212    
  -89.80340       37.20730       299.3847    
  -82.78360       31.72810       539.5283    
  -97.68210       27.44060       1743.144    
  -103.2609       25.23970       2425.919    
  -100.5974       21.23450       440.7531    
  -101.0827       20.00490       1604.326    
  -108.8698       49.11150       1703.012    
  -108.2779       37.30940       8654.843    
  -87.79290       35.08360       743.9993    
  -110.4265       27.59270       223.8973    
  -104.3667       19.36710       2876.562    
  -98.38320       17.77740       722.9454    
  -100.6742       17.25430       1127.167    
  -108.7003       49.13250       1178.275    
  -110.0801       49.10520       1734.019    
  -109.7792       27.07420       198.9791    
  -98.15390       20.76200       117.9950    
  -108.6924       49.16620       1703.012    
  -107.2879       48.95530       1075.712    
  -107.5394       48.33060       1259.370    
  -108.0025       46.94880       1458.217    
  -108.2916       46.77670       1309.459    
  -108.5018       46.72800       1722.094    
  -106.5503       38.81410       671.7930    
  -100.6253       21.35840       4154.968    
  -100.6022       21.35770       6145.661    
  -100.6206       21.33770       4036.089    
  -100.5975       21.33710       6296.726    
  -100.5929       21.31640       3828.200    
  -100.5607       21.06970       3136.811    
  -77.28320       17.87740       159.8917    
  -97.41770       16.43900       660.6924    
  -116.2040       52.03660       2362.115    
  -107.2489       48.95230       1505.043    
  -109.4957       49.09250       2182.432    
  -115.1777       32.49230       444.3133    
  -110.1498       49.38610       2931.376    
  -107.7506       49.02470       1154.423    
  -107.9158       47.46310       1199.426    
  -90.97180       50.19100       1447.339    
  -102.7210       38.57250       5116.192    
  -102.6917       38.57100       3949.844    
  -90.79530       34.64360       280.6961    
  -115.1941       32.51730       538.7459    
  -110.9718       51.70620       1297.274    
  -120.6972       40.27520       5260.964    
  -111.3536       33.69260       78816.63    
  -98.17090       16.59080       160.5025    
  -108.5556       49.22430       1307.074    
  -108.4868       48.67250       2902.753    
  -109.0623       44.18870       1681.546    
  -111.3704       33.66920       12494.10    
  -103.3651       18.81530       536.4500    
  -100.8314       17.25780       538.3660    
  -106.8282       38.51070       1710.168    
  -123.0657       39.26370       2276.646    
  -100.6626       31.89080       1755.370    
  -104.9918       21.86200       907.8205    
  -105.8737       51.18060       1262.909    
  -89.42600       36.73460       225.9738    
  -111.3556       33.64400       15817.01    
  -111.9011       51.56590       1527.518    
  -107.2931       38.00920       1287.239    
  -90.03050       36.16690       255.2282    
  -109.4419       35.36210       698.4514    
  -98.89140       34.75660       1645.768    
  -111.3368       33.71610       4923.724    
  -100.6884       31.89190       4263.009    
  -106.1108       47.46290       1302.303    
  -107.5894       49.18390       1152.038    
  -122.6340       39.71850       8885.167    
  -111.3220       33.69080       9506.492    
  -108.1701       48.64820       1686.316    
  -108.0979       49.25750       2604.607    
  -122.6006       39.68840       2536.642    
  -108.2745       49.37480       2640.384    
  -122.5160       38.76040       2304.819    
  -115.2731       51.76280       4208.006    
  -90.05500       36.16750       201.1778    
  -114.9506       32.19120       1874.978    
  -98.90050       34.78170       1543.206    
  -104.4726       19.41060       1148.861    
  -112.2548       36.85770       41381.72    
  -104.6384       21.37530       1805.353    
  -122.4803       38.99980       2061.501    
  -111.4599       28.51770       899.2784    
  -116.5767       52.14710       9116.707    
  -98.65590       37.76730       7480.372    
  -111.3388       33.66740       3635.028    
  -98.68330       37.76860       4414.952    
  -111.4712       28.54090       654.0206    
  -77.28350       17.89700       77.68613    
  -116.5369       52.29270       3072.831    
  -122.3147       39.77440       1751.969    
  -122.2909       38.82290       2124.725    
  -107.9066       49.72850       1108.267    
  -98.59540       35.51470       2887.250    
  -111.3724       33.62060       11755.50    
  -113.1143       48.40780       2089.410    
  -81.02320       46.49280       297.5110    
  -121.8584       38.92290       639.5670    
  -122.5015       38.11860       929.9991    
  -111.3738       35.85620       1769.726    
  -114.9137       32.28460       1530.195    
  -100.6800       31.86800       2732.612    
  -114.7317       48.17940       3855.743    
  -122.2238       38.60300       2899.704    
  -122.1931       38.57380       2512.694    
  -117.6728       47.48490       3010.086    
  -111.4066       35.85830       2444.801    
  -104.4775       19.43090       1264.712    
  -123.3305       46.09030       7355.395    
  -112.2209       36.85560       35524.63    
  -94.20740       34.16220       451.7849    
  -110.8616       33.42080       1836.653    
  -112.2026       36.82860       19869.74    
  -112.2731       36.88470       5566.285    
  -106.2781       25.91580       664.8149    
  -105.1847       21.14550       514.2437    
  -101.9414       32.15720       1088.850    
  -108.2150       37.30570       282.5283    
  -102.2042       17.92530       233.5384    
  -101.5909       27.06860       1065.084    
  -97.81050       22.27050       185.7517    
  -104.4891       19.67430       806.1706    
  -104.3642       21.34600       902.1435    
  -112.2393       36.88250       17014.54    
  -86.17320       39.97880       109.9332    
  -98.64710       19.03790       1952.731    
  -97.04900       32.45900       218.8941    
  -109.6423       30.50830       2352.974    
  -56.62980       50.40500       2262.904    
  -114.9538       32.64690       3864.596    
  -55.82310       46.86030       2094.430    
  -56.51310       50.59120       683.9738    
  -109.0033       31.76250       773.9837    
  -56.15040       49.60960       1803.431    
  -105.0395       21.59450       989.0797    
  -107.5671       25.23160       766.8546    
  -107.5591       25.20970       1072.544    
  -97.36690       29.70970       1186.793    
  -97.37330       29.73260       186.2059    
  -69.29680       18.53920       68.15858    
  -98.91410       26.40910       515.3967    
  -57.05450       50.02710       2220.785    
  -98.93780       26.40990       568.7136    
  -80.67090       28.54610       417.5331    
  -85.22320       30.12940       404.5460    
  -81.79930       28.62330       441.5885    
  -85.22040       30.10660       824.7919    
  -83.82650       30.33580       712.6356    
  -93.78720       29.75600       105.4544    
  -100.6027       31.20940       2769.085    
  -90.25520       35.44510       543.8029    
  -98.45110       35.25900       1796.034    
  -90.23090       35.44440       398.6911    
  -90.24950       35.42000       793.9009    
  -90.22520       35.41940       515.9531    
  -99.61730       34.61480       2349.394    
  -93.26840       31.72110       687.3269    
  -82.84940       29.66500       671.0313    
  -102.9148       20.31950       1459.568    
  -57.31400       49.94410       1064.279    
  -99.59080       34.61360       1574.213    
  -80.66950       28.52390       180.4126    
  -80.96310       27.84230       204.6386    
  -82.01330       27.54560       550.9746    
  -114.9876       32.64900       1433.488    
  -93.78200       29.73310       534.6757    
  -84.12920       30.70620       443.5292    
  -82.84740       29.64250       308.3830    
  -80.98030       28.10650       1136.622    
  -80.89450       27.75400       653.6688    
  -80.23000       27.11540       999.6172    
  -96.90990       31.32640       894.7800    
  -80.98180       28.12860       1755.186    
  -98.65070       19.17830       517.2911    
  -100.6108       31.23310       2703.592    
  -102.7300       19.62440       804.6750    
  -70.34600       18.92870       746.6434    
  -100.6283       31.21050       3274.840    
  -82.19920       27.50380       887.5374    
  -85.91530       33.74770       583.6298    
  -98.15390       29.10330       132.1947    
  -81.18810       28.06430       620.2703    
  -104.6638       21.10850       2056.365    
  -85.21360       30.58560       1095.546    
  -109.0318       26.40220       850.2972    
  -121.2254       46.39690       4301.815    
  -104.7384       19.51940       1658.393    
  -79.68300       50.42590       908.7502    
  -80.90020       28.81480       902.3856    
  -95.86820       45.35220       338.8141    
  -86.05780       30.30290       841.8751    
  -81.39740       28.04430       620.7493    
  -70.02400       18.73270       628.4128    
  -101.5891       17.81080       831.4977    
  -97.18530       32.01510       2525.896    
  -80.90170       28.83710       624.2312    
  -104.1922       24.41750       749.9911    
  -104.9014       19.78780       699.3010    
  -103.3056       18.33260       1264.489    
  -89.78000       36.13460       135.9507    
  -97.17820       31.99130       3348.781    
  -82.01890       28.71460       833.4135    
  -104.9066       19.80830       627.5439    
  -83.48300       29.74090       2129.834    
  -81.99760       28.71430       169.1139    
  -83.48520       29.76350       1865.153    
  -97.09630       47.19900       443.3972    
  -97.06420       47.19730       892.6576    
  -89.75180       36.00760       235.6235    
  -112.1871       36.85340       3762.814    
  -85.21640       30.60860       1652.924    
