  -79.19110       21.97830       2555.493    
  -78.39870       21.20300       484.1655    
  -76.35530       20.73350       2938.750    
  -76.81790       20.33260       184.9133    
  -101.8167       20.41060       7389.873    
  -101.8120       20.39010       3092.161    
  -90.17730       19.15370       7140.125    
  -69.54740       18.55760       151.0877    
  -96.76210       18.71640       4967.637    
  -95.47830       18.43160       595.3305    
  -88.62370       18.18050       169.1280    
  -96.02990       18.28370       1435.239    
  -93.11510       17.83420       3779.980    
  -121.8003       41.99860       7407.486    
  -98.09460       21.80380       246.5510    
  -98.43770       21.73050       246.5510    
  -102.2370       20.21890       1595.007    
  -96.15660       18.82340       1740.609    
  -89.29430       21.25120       180.4032    
  -89.29190       21.23080       186.0408    
  -96.32470       18.66740       1378.119    
  -98.53520       18.53580       1546.080    
  -88.53100       18.25820       157.1011    
  -95.76450       18.35780       146.5776    
  -93.68330       18.06120       208.2154    
  -93.18470       17.89460       4541.760    
  -88.54380       15.20020       968.6865    
  -98.46470       18.63390       197.6918    
  -96.49600       18.53160       1374.837    
  -84.20980       15.71810       2178.076    
  -89.66160       21.05410       1228.058    
  -96.91900       19.39970       3571.772    
  -96.41000       18.52980       3945.380    
  -96.17980       18.42570       178.5240    
  -96.16740       18.34600       374.5246    
  -83.93940       14.94720       2576.984    
  -103.7284       20.64930       4666.568    
  -96.12830       18.64350       544.2163    
  -96.14600       18.34560       281.8800    
  -88.78210       18.16290       389.3703    
  -90.62560       19.49980       199.1952    
  -70.34600       18.92870       10390.52    
  -96.67360       18.83420       5542.405    
  -88.48170       18.15900       705.7097    
  -121.8113       41.97090       7043.987    
  -79.60360       22.40990       1609.685    
  -96.44360       18.47090       1655.105    
  -104.3216       19.77080       3426.252    
  -96.50880       18.61150       1508.530    
  -88.59680       18.31830       233.0208    
  -98.65680       18.47870       10619.52    
  -96.27770       18.36810       196.1885    
  -96.07270       18.28450       1385.169    
  -79.60270       22.38940       157.8528    
  -103.7953       20.63090       299.9203    
  -102.6515       20.49530       2343.583    
  -96.30890       18.56760       1057.380    
  -96.50810       18.47220       4461.293    
  -96.03300       18.30360       312.6989    
  -78.02940       21.34330       345.1046    
  -102.8857       21.07470       1585.222    
  -69.17830       18.59910       489.3437    
  -96.25700       18.64610       254.0678    
  -95.22220       18.12910       220.9939    
  -98.98450       22.79990       419.4375    
  -98.45170       21.68970       252.1887    
  -95.94130       18.40100       1103.200    
  -98.70880       18.40020       4707.623    
  -99.10940       22.94920       218.7389    
  -81.56740       28.35500       510.6739    
  -102.6544       19.80450       8142.545    
  -96.57870       18.91200       10747.08    
  -88.57560       18.51560       293.5310    
  -96.13990       18.30570       184.9133    
  -96.23780       18.10940       4707.623    
  -81.30960       22.66750       522.7358    
  -98.83800       22.75420       4586.657    
  -95.97810       18.22310       2143.697    
  -85.06370       31.50600       1540.251    
  -96.25960       19.06510       5391.871    
  -88.79740       18.32100       1947.862    
  -98.78460       21.88370       246.9269    
  -96.42210       18.47040       4037.060    
  -69.15900       18.59920       136.8058    
  -88.88740       18.42090       222.1215    
  -84.50280       14.74070       1131.411    
  -76.54300       20.11190       1654.919    
  -101.6143       19.91780       10359.38    
  -96.56060       18.53290       2586.667    
  -95.75850       18.31800       1473.042    
  -76.33580       20.73350       1856.683    
  -95.18280       18.14820       194.6851    
  -103.3143       19.51930       2015.647    
  -96.47770       18.55110       3708.622    
  -104.2875       19.72920       4115.020    
  -96.51830       19.33080       14050.44    
  -96.28700       18.42790       175.8931    
  -93.51940       17.92010       827.5633    
  -88.83060       16.96700       1244.553    
  -96.39120       18.41010       810.6584    
  -103.4137       19.54230       3275.951    
  -81.07840       27.99730       5665.570    
  -110.8616       33.42080       6109.073    
  -93.44380       18.13610       368.3232    
  -99.28060       21.77350       1237.135    
  -103.8057       20.67210       3587.989    
  -88.49090       15.27660       1881.609    
  -87.99890       15.25210       212.7254    
  -82.97250       21.76070       4151.102    
  -96.24410       18.42700       1000.987    
  -96.03640       18.04590       877.6259    
  -88.01850       15.25230       981.1280    
  -90.22950       19.43360       2240.732    
  -90.20900       19.43330       2393.292    
  -88.66450       18.39820       169.1280    
  -96.16610       18.88340       1096.202    
  -92.21670       16.09780       384.1085    
  -99.01630       19.70980       4141.176    
  -92.40280       16.31450       3297.996    
  -79.19040       21.95790       1047.029    
  -92.34920       16.19700       522.0417    
  -93.51690       17.90030       1089.095    
  -71.28630       18.43140       152.5910    
  -81.02320       46.49280       590.6741    
  -87.89240       15.13550       166.8730    
  -92.30640       16.17690       181.5307    
  -87.86620       15.30840       400.6454    
  -96.23600       19.18460       3982.321    
  -87.82850       15.32730       233.5219    
  -87.85380       15.40460       1897.626    
  -102.2042       17.92530       559.6860    
  -71.26960       18.33310       1017.673    
  -94.01530       18.20560       1874.315    
  -71.36760       18.25410       1661.213    
  -109.6423       30.50830       6404.556    
  -101.9289       20.59710       1898.352    
  -88.62130       17.94410       722.3538    
  -88.62320       17.96380       160.8595    
  -98.70800       18.51980       9711.294    
  -80.49200       22.27190       338.3634    
  -98.58200       18.67650       1972.690    
  -101.5701       19.06940       239.0342    
  -96.33670       18.60790       2010.356    
  -73.45570       43.96610       1318.710    
  -99.06910       18.56790       1730.430    
  -80.55010       26.53330       637.8004    
  -92.48230       17.88280       639.3143    
  -80.43070       26.98660       5948.015    
  -94.68720       16.50700       2185.329    
  -76.84490       20.85520       558.3312    
  -81.60020       26.43450       994.7210    
  -76.84460       20.83500       484.6770    
  -72.23070       19.27810       1521.617    
  -90.47560       19.61740       2951.733    
  -81.73460       27.17190       3925.023    
  -79.17130       21.97820       689.7604    
  -99.09730       22.18100       238.2826    
  -81.73610       27.19370       3835.942    
  -76.92030       20.67420       160.8595    
  -69.24110       18.48040       1380.272    
  -76.33600       20.75360       672.7537    
  -96.23560       18.64570       207.4637    
  -68.54200       45.76690       1739.085    
  -73.33690       43.54780       1497.226    
  -99.16510       18.61000       1539.065    
  -106.4870       32.51220       4582.715    
  -80.55870       26.68450       829.8547    
  -82.99250       21.76080       2198.664    
  -76.97630       20.51350       4344.972    
  -87.90390       15.28960       4976.585    
  -87.88430       15.28940       5455.935    
  -99.02410       18.92650       240.5376    
  -92.51070       15.03760       263.8397    
  -81.71890       27.82750       2821.192    
  -80.57450       26.59820       244.2960    
  -80.85920       22.84940       502.8740    
  -96.36530       19.44780       1025.659    
  -90.51530       19.07930       1531.402    
  -89.73090       15.92840       2116.045    
  -69.33110       49.37110       3719.489    
  -72.40260       42.81540       1612.397    
  -80.90820       28.61470       2300.214    
  -82.14450       27.61260       297.6653    
  -80.51360       26.61930       428.8335    
  -75.18480       20.43110       725.6826    
  -104.1738       31.43260       4189.185    
  -80.90960       28.63700       3426.343    
  -99.27100       22.24780       370.5783    
  -76.90530       20.97630       365.9178    
  -89.73270       15.94780       362.3098    
  -78.57160       21.75140       840.3783    
  -78.55190       21.75130       599.8407    
  -72.31630       42.99160       1572.087    
  -80.96430       28.50430       3868.204    
  -80.41600       26.72660       3736.078    
  -80.41480       26.70500       744.1633    
  -76.33390       20.55250       390.8737    
  -105.5531       20.15340       7608.833    
  -80.96290       28.48210       2619.781    
  -75.67100       20.41130       1750.959    
  -99.49150       18.69750       231.5175    
  -80.98550       28.50450       6568.302    
  -77.89100       21.30240       338.7258    
  -69.35250       18.59810       2671.392    
  -105.5292       39.45370       4620.541    
  -80.98400       28.48230       4390.712    
  -80.93080       27.66660       304.6183    
  -90.85570       18.84610       2656.719    
  -106.1110       36.51460       4689.349    
  -82.17650       27.48170       1311.233    
  -95.61880       18.23590       1303.783    
  -92.55710       15.09610       1832.793    
  -78.54790       22.28190       30093.20    
  -78.48410       21.44640       284.1350    
  -96.64550       18.79370       5104.486    
  -96.52640       18.45270       4830.787    
  -92.96060       16.73260       2165.280    
  -95.97840       18.08440       482.9543    
  -80.36230       26.87770       7364.765    
  -80.46970       26.57580       561.7556    
  -102.6262       31.97450       2245.731    
  -82.42550       28.74130       10400.56    
  -77.75220       18.40870       4748.678    
  -81.64310       27.65130       12072.29    
  -81.81740       26.86870       16929.65    
  -80.67430       26.53430       8968.245    
  -101.0685       20.04500       3329.455    
  -90.36440       19.71560       1208.487    
  -90.95730       17.38710       2631.806    
  -65.88650       46.93840       2067.323    
  -100.7374       36.06280       1692.860    
  -81.79650       26.86850       16383.52    
  -96.62840       18.95300       3434.923    
  -96.14470       18.88300       4027.830    
  -81.64470       27.67320       3165.093    
  -81.62210       27.65110       796.7808    
  -90.67520       17.77590       1822.927    
  -89.40100       20.40330       2130.610    
  -82.42370       28.71900       1020.228    
  -69.63510       44.57260       1110.250    
  -69.69760       43.96580       1762.120    
  -105.6029       32.87500       5304.587    
  -82.19750       27.48190       3333.077    
  -76.83800       20.37280       234.5242    
  -76.81850       20.37270       340.3334    
  -95.95380       18.20280       211.5979    
  -117.7883       36.71770       6523.008    
  -81.67450       26.91070       2019.597    
  -96.38360       19.42820       1075.004    
  -121.8920       41.89200       12170.84    
  -102.5454       35.97220       2113.629    
  -80.34150       26.87750       7679.993    
  -81.72970       32.04240       4117.186    
  -99.56180       19.98570       1592.561    
  -84.05910       15.04400       2314.693    
  -105.5186       40.38310       4252.658    
  -100.1249       29.76320       4399.712    
  -82.43200       22.98600       458.1490    
  -78.44420       21.42590       1469.759    
  -93.66250       18.06090       802.4344    
  -88.25290       17.84110       3768.455    
  -95.08070       16.80710       7471.983    
  -95.25640       18.50670       220.2422    
  -93.45430       18.05720       317.2090    
  -88.52660       16.43760       1201.704    
  -121.9288       41.92370       12148.47    
  -81.70750       32.04210       3669.494    
  -76.35550       20.75360       266.8464    
  -89.82340       19.98770       10045.30    
  -69.60530       18.55730       3475.977    
  -91.22510       16.86260       842.1912    
  -81.34030       28.13190       3816.556    
  -76.37480       20.73350       24032.21    
  -89.84390       19.98800       4902.201    
  -89.80300       19.98730       2787.593    
  -102.2276       20.17800       6524.783    
  -90.88960       18.60850       1345.481    
  -95.10170       16.80750       6995.677    
  -91.93070       15.68640       3996.006    
  -110.0142       33.08250       5517.877    
  -78.46380       21.42600       235.2758    
  -77.56630       20.77640       444.7213    
  -92.70560       18.02460       341.8891    
  -69.16230       44.94710       1704.534    
  -90.15690       19.15340       7323.403    
  -90.90490       17.83830       1918.388    
  -81.70550       32.01870       15771.79    
  -81.53350       28.17790       4604.644    
  -80.36350       26.89940       1813.947    
  -69.11890       45.31960       1986.703    
  -69.85990       44.20510       2217.046    
  -73.41550       43.54750       1796.671    
  -84.46020       31.28740       9196.286    
  -99.05330       22.80190       2992.626    
  -96.19190       18.36640       1187.791    
  -92.13190       17.52280       669.6743    
  -65.14490       47.48070       2044.289    
  -68.63620       45.89180       1617.771    
  -80.50270       26.79220       4220.213    
  -79.37070       22.02000       310.4438    
  -98.44400       16.40020       2731.026    
  -67.96970       50.42620       4788.326    
  -68.11430       44.47240       1635.431    
  -69.85690       44.23540       1744.844    
  -81.94700       27.50110       1089.983    
  -80.50140       26.77050       699.8141    
  -72.50080       19.29720       541.2097    
  -72.48150       19.29730       2377.344    
  -95.02330       18.06590       203.7053    
  -88.36250       15.64160       1065.222    
  -69.65690       44.87890       2234.321    
  -81.99750       30.03970       1880.589    
  -81.53190       28.15580       2981.813    
  -78.30440       21.34430       1600.086    
  -78.28470       21.34430       3585.303    
  -90.12220       18.65620       4577.615    
  -91.34950       17.45180       1718.522    
  -92.49510       14.88320       738.1498    
  -92.49310       14.86400       617.8810    
  -81.50520       28.95430       2064.682    
  -90.18900       20.81970       1357.713    
  -77.03350       20.43340       444.9946    
  -71.59970       19.77740       1634.148    
  -88.23180       14.96610       3187.828    
  -68.50190       45.86220       1757.513    
  -81.31920       28.13170       5203.505    
  -81.21220       27.16700       1841.604    
  -78.30380       21.32410       761.4518    
  -102.8712       20.72620       9781.326    
  -71.30360       19.24150       2241.418    
  -95.25940       18.52660       279.6250    
  -93.11760       17.85400       506.6324    
  -83.54980       14.79130       5145.541    
  -69.73960       44.60180       1577.845    
  -106.7362       37.50510       4827.046    
  -78.28420       21.32400       462.2832    
  -76.35600       20.79390       640.5317    
  -77.43470       20.01390       202.9536    
  -76.35140       45.68750       1386.661    
  -69.98760       44.53780       1773.636    
  -122.2237       39.57570       5554.070    
  -80.97700       27.73280       1303.831    
  -81.15640       26.94930       2790.651    
  -78.71410       21.89460       1063.094    
  -78.69430       21.89450       529.9344    
  -76.37550       20.79390       637.1533    
  -76.35580       20.77380       472.8067    
  -76.37510       20.75370       464.1624    
  -76.37460       20.71340       423.4464    
  -89.92000       20.29060       2753.393    
  -84.02180       15.06290       3258.977    
  -84.26280       14.91130       1718.522    
  -99.54940       29.49180       23369.90    
  -78.37790       21.87280       358.3008    
  -76.39430       20.73360       11087.55    
  -90.20970       20.82010       1551.280    
  -95.88950       18.34040       192.4301    
  -72.54750       44.18140       1636.783    
  -89.90910       21.05820       1890.663    
  -77.97850       20.85830       369.4038    
  -75.74800       20.27100       234.7747    
  -75.70830       20.11090       1205.033    
  -93.59480       18.02010       198.0677    
  -90.56050       17.26380       2297.071    
  -83.45080       15.11640       3393.867    
  -88.25140       14.96630       615.6260    
  -83.26250       30.57940       1616.617    
  -81.97220       29.99410       6370.345    
  -82.51400       29.27850       698.3107    
  -81.71370       27.17170       3864.378    
  -81.66240       26.73730       818.4485    
  -78.15240       21.54660       556.0553    
  -77.99810       20.85830       452.5114    
  -76.35620       20.81400       596.0823    
  -76.37530       20.77380       491.9746    
  -89.92230       20.31080       2757.198    
  -99.73020       19.36480       2623.961    
  -99.29850       18.61310       3146.252    
  -89.04690       18.20590       849.4291    
  -86.78650       15.20140       5446.982    
  -110.9232       40.28820       5665.570    
  -82.50730       31.84120       439.7328    
  -83.59950       30.03690       6025.940    
  -99.64470       30.27080       5918.741    
  -81.80710       29.00210       4110.733    
  -75.65110       20.31100       420.9408    
  -91.64100       17.86930       177.0206    
  -101.9987       20.19200       3985.887    
  -101.9754       20.19140       8411.683    
  -102.1691       18.20350       7636.202    
  -86.80590       15.20160       2523.245    
  -83.18580       31.33830       3446.047    
  -82.33690       22.75830       211.8371    
  -83.13150       22.62170       259.7806    
  -102.6309       19.80380       8817.668    
  -99.72350       19.44510       4617.195    
  -99.71950       19.42490       3520.268    
  -88.66520       16.43920       1730.754    
  -89.89520       16.41560       1048.578    
  -86.49130       15.71870       1990.673    
  -88.57130       15.54740       692.3943    
  -81.39700       32.29700       12172.76    
  -81.37480       32.29680       3075.829    
  -81.18290       22.91360       316.9584    
  -77.60570       21.72760       172.8864    
  -99.75270       19.36530       4058.367    
  -90.85810       18.86600       1944.804    
  -90.93370       17.54380       1807.200    
  -107.9594       35.05240       2612.680    
  -84.36850       31.44830       1718.168    
  -82.86990       31.03370       5138.647    
  -77.88440       21.01930       1877.454    
  -72.21850       18.92160       872.3247    
  -72.21890       18.90190       662.9818    
  -97.50300       19.13210       3432.359    
  -99.93400       16.96160       4963.075    
  -88.03290       15.69590       705.7097    
  -88.38220       15.64180       1628.533    
  -105.2036       35.40280       5033.370    
  -78.32400       21.34440       1064.218    
  -89.48580       21.13240       9901.711    
  -76.97660       20.53360       4885.920    
  -72.23780       18.92160       986.2042    
  -72.23810       18.90180       592.3239    
  -93.58960       18.13870       214.9805    
  -76.93500       20.35290       295.4103    
  -90.53430       16.40470       1408.658    
  -81.03530       26.34340       827.5997    
  -80.73200       22.70440       319.4640    
  -88.47100       19.08910       2124.199    
  -90.28290       16.49860       1764.390    
  -88.42620       15.70020       4269.705    
  -83.88390       14.98520       1532.957    
  -83.50010       30.76600       1330.227    
  -98.77780       18.54130       3033.449    
  -93.47250       18.03780       256.3229    
  -81.01690       22.41890       3977.732    
  -76.97480       20.41320       286.0143    
  -99.67060       19.40350       2891.854    
  -99.55340       19.26000       2229.201    
  -90.46290       17.87110       1345.664    
  -87.64940       15.80770       815.5607    
  -81.87120       23.02230       664.4852    
  -89.14540       19.93720       2305.939    
  -82.98350       30.85100       1574.531    
  -81.81130       27.93830       1409.841    
  -81.19850       27.27570       3384.792    
  -81.87000       23.00170       650.9549    
  -77.10530       21.23940       1562.855    
  -76.66330       20.41250       266.0948    
  -76.89600       20.35280       202.9536    
  -95.18340       16.47640       3850.870    
  -95.16250       16.47610       263.8397    
  -83.18950       31.80350       858.8353    
  -81.19990       27.29750       4197.801    
  -81.17900       27.29740       4339.789    
  -81.17760       27.27560       6668.695    
  -79.00840       21.83480       391.8508    
  -78.31150       21.60810       225.1282    
  -77.90590       21.10020       11016.39    
  -76.56270       20.13190       2462.604    
  -92.14300       18.13380       248.2424    
  -84.13050       15.31330       1977.571    
  -107.0170       28.73560       33689.25    
  -77.72130       20.71650       729.0114    
  -91.84260       15.41440       1316.125    
  -84.26280       15.27580       1739.163    
  -77.05300       20.43340       8021.634    
  -89.41100       19.20190       1001.975    
  -90.17960       19.17360       2888.800    
  -69.42750       18.65690       2143.697    
  -92.48470       17.90260       164.0542    
  -94.51690       17.89840       1094.389    
  -105.0834       35.27150       4938.161    
  -84.59620       30.94310       1039.757    
  -84.74980       30.00830       4295.886    
  -77.05330       20.45350       711.5904    
  -76.70100       20.31240       987.1438    
  -90.83300       18.46890       1642.075    
  -90.93960       18.33210       4953.951    
  -91.49860       17.51300       158.6045    
  -90.74090       16.05780       224.2154    
  -115.8171       52.41080       15362.30    
  -115.8552       52.22690       34101.81    
  -83.29150       30.21460       8416.244    
  -83.07180       30.18900       2688.096    
  -106.8427       28.63760       5440.637    
  -82.81550       21.80000       1257.414    
  -76.70120       20.33240       982.6338    
  -102.7719       18.65910       10596.71    
  -90.15850       16.03070       942.0558    
  -88.42310       15.66160       2125.219    
  -82.44500       28.71930       5343.297    
  -81.55380       26.97460       11837.48    
  -78.55670       21.91430       385.6118    
  -76.68180       20.33240       964.4055    
  -76.68150       20.31230       780.2439    
  -88.86820       19.81290       1232.933    
  -93.49070       18.01830       206.7120    
  -90.58360       17.67620       4531.761    
  -107.1182       28.78530       10089.36    
  -88.85600       15.41560       154.8461    
  -121.7915       39.13340       4345.462    
  -81.57470       26.97480       3365.995    
  -81.57320       26.95310       3270.831    
  -81.55230       26.95290       25399.27    
  -78.64070       22.07780       239.2848    
  -98.38530       22.01730       275.8666    
  -76.04060       20.41160       208.9670    
  -76.75980       20.35260       653.8986    
  -98.54840       20.50750       11210.75    
  -90.56340       17.67590       6714.068    
  -88.64540       16.43900       1201.704    
  -82.48510       31.84090       6514.036    
  -81.96590       30.95350       1537.915    
  -98.79160       29.80510       3167.182    
  -81.13560       26.94910       1183.091    
  -81.19950       26.32330       2602.895    
  -78.93470       21.99750       286.8912    
  -98.57080       20.50810       19262.64    
  -96.62520       18.93300       4707.623    
  -88.53170       18.47550       172.8864    
  -83.62710       14.81090       1437.198    
  -122.0301       39.39660       1153.829    
  -78.69060       21.77230       414.9274    
  -78.17470       20.87910       557.6812    
  -76.62290       20.29220       375.0883    
  -99.23480       19.91690       5722.335    
  -89.43600       19.62120       1837.940    
  -92.84140       18.28390       2885.609    
  -88.51610       18.10030       215.9577    
  -90.64710       16.32840       1927.986    
  -89.60060       15.34710       956.9294    
  -83.85430       31.00110       221.7456    
  -78.17420       20.85890       906.1923    
  -102.2231       20.05610       5138.922    
  -102.2184       20.03570       6420.621    
  -93.63640       18.02090       193.5576    
  -101.7984       31.84430       2328.906    
  -81.36550       27.58300       1043.282    
  -98.54440       20.48710       16070.60    
  -102.2418       20.03630       8493.608    
  -102.2562       19.89480       2133.199    
  -89.52000       18.50880       1595.188    
  -84.49640       15.68180       1871.124    
  -83.86290       14.94670       3692.776    
  -98.89820       22.92240       361.1823    
  -77.24060       21.13860       324.5378    
  -90.40940       19.57630       1332.915    
  -97.90330       18.80100       2803.494    
  -90.93070       18.25290       168.7522    
  -90.67730       17.79560       685.7368    
  -91.59100       17.78970       9055.704    
  -78.45920       21.95460       233.0208    
  -99.61290       19.22120       4735.049    
  -88.47360       18.91040       965.3576    
  -83.90400       15.00450       3079.114    
  -79.07110       21.93700       294.6586    
  -78.32350       21.32420       13682.61    
  -96.84970       18.45940       2474.203    
  -90.95110       18.25320       230.0141    
  -107.1760       28.33780       8109.583    
  -94.91780       18.06400       167.6246    
  -107.1540       28.74180       20184.26    
  -77.03380       20.45340       1785.798    
  -88.48870       18.65290       4137.019    
  -97.92520       18.80150       2548.822    
  -77.65050       18.09400       7433.926    
  -101.3425       24.53280       5598.275    
  -77.41750       20.13380       520.1626    
  -77.66970       18.09400       5200.998    
  -94.84330       16.58780       1620.693    
  -83.37190       31.64280       1822.072    
  -83.36940       31.61950       1471.038    
  -107.4190       24.30320       810.9125    
  -93.45280       16.89690       6117.173    
  -122.1946       39.35560       13319.55    
  -122.1625       39.32580       784.7539    
  -107.1939       24.40120       298.4170    
  -77.59280       21.11940       170.6314    
  -89.12500       19.93690       2001.514    
  -90.45980       18.40390       2709.272    
  -88.65500       18.29930       289.3968    
  -77.49490       20.11400       313.0211    
  -98.96900       19.22590       12682.79    
  -90.71410       16.19330       3571.772    
  -83.09350       30.18920       611.6169    
  -99.10570       19.71190       2270.194    
  -94.87160       17.88510       1023.309    
  -106.9116       28.14680       2139.315    
  -108.8382       25.78250       298.4170    
  -78.24750       21.42520       288.7954    
  -88.42880       19.06870       2248.553    
  -96.29890       18.22960       340.5110    
  -120.5958       38.87680       13760.06    
  -77.89380       21.42390       3802.461    
  -77.94510       21.10030       542.7130    
  -95.97210       18.18340       2561.504    
  -81.23400       22.74920       387.4911    
  -98.94670       19.22540       22272.50    
  -99.26870       18.69230       1839.640    
  -90.89950       17.60220       1473.893    
  -88.18270       15.35030       354.0413    
  -78.24700       21.40490       3986.882    
  -90.13180       18.55730       7786.863    
  -90.11150       18.55700       8965.673    
  -88.77540       18.30090       1642.891    
  -90.67980       18.18980       3885.532    
  -88.73820       18.12290       2333.027    
  -95.95070       18.18290       718.6061    
  -93.47510       18.05760       340.1352    
  -97.75230       16.09350       5796.686    
  -82.90070       21.88230       193.6829    
  -99.09450       18.82820       1749.770    
  -107.1731       28.78780       2824.899    
  -106.9059       28.59540       3652.593    
  -98.96520       19.20570       6791.429    
  -96.67470       18.57510       3763.361    
  -97.77380       16.09390       12043.79    
  -97.77090       16.07430       1371.816    
  -97.74940       16.07390       9793.217    
  -89.91030       17.19600       4948.650    
  -107.3492       28.88620       6201.264    
  -98.45060       21.79250       393.8804    
  -69.02510       18.56050       1853.503    
  -88.77730       18.32070       12781.74    
  -81.14280       22.91330       221.7456    
  -96.19720       18.94400       1836.318    
  -96.30570       18.54760       1505.005    
  -107.1407       28.44850       6271.083    
  -69.00580       18.56070       809.9353    
  -90.86000       17.79830       825.5471    
  -88.32870       16.66860       2490.962    
  -109.6412       39.95490       1761.357    
  -114.4841       33.80780       21940.33    
  -76.96550       21.07740       515.5898    
  -76.85370       20.11250       4470.417    
  -95.81050       18.23960       1053.856    
  -96.95580       16.03960       6450.407    
  -83.89460       15.19630       1448.570    
  -115.3235       51.76760       12992.58    
  -122.1048       39.62050       638.9280    
  -107.4679       28.32840       2896.454    
  -92.81760       16.37920       14096.64    
  -81.82740       26.71730       1560.005    
  -78.22680       21.38460       690.2301    
  -98.83190       18.84210       2650.424    
  -95.49930       18.57110       877.6259    
  -99.30220       18.63320       2442.960    
  -88.51800       18.12000       147.3293    
  -84.38800       31.42540       4447.609    
  -98.41090       21.70920       354.7930    
  -96.10980       17.96820       165.3696    
  -91.65280       17.43680       187.1683    
  -120.4531       38.97330       11649.44    
  -106.9896       28.73440       4437.642    
  -77.92450       21.05980       3423.198    
  -88.24070       19.40450       1839.868    
  -88.48670       18.63310       1751.547    
  -91.63240       17.43650       146.5776    
  -89.93030       17.19630       2896.073    
  -92.81540       16.35970       10510.04    
  -77.94990       21.30260       136.0541    
  -78.67710       21.97600       511.0485    
  -98.97070       19.58780       732.0186    
  -96.93000       18.81970       4433.924    
  -96.30000       18.64700       822.9944    
  -96.24100       18.40710       286.3901    
  -114.4671       33.78220       3687.742    
  -69.42670       18.67660       6516.596    
  -98.54220       18.57580       3401.766    
  -95.64010       18.23630       484.5831    
  -84.36580       31.42500       1606.678    
  -90.14030       20.75820       2382.316    
  -90.63740       19.60000       2928.579    
  -96.57020       18.99170       1673.428    
  -88.59570       18.51590       4140.817    
  -96.42520       18.49040       1587.924    
  -75.94320       20.39150       165.3696    
  -75.92380       20.39140       849.4291    
  -98.96690       19.56750       196.1885    
  -88.67700       18.31930       205.9603    
  -88.72950       18.24110       1525.876    
  -93.38660       18.17460       393.1286    
  -115.4052       52.40900       10885.49    
  -82.98120       30.82800       5911.195    
  -77.30160       20.17350       218.9268    
  -102.3681       20.08040       7909.901    
  -95.85910       18.28030       1434.513    
  -88.65620       18.10210       145.8259    
  -96.95850       16.05920       24848.45    
  -76.75960       20.33250       839.6266    
  -90.33920       19.67520       3120.169    
  -95.71890       18.33700       202.9536    
  -95.91410       18.22190       334.9987    
  -91.56470       17.37660       200.3227    
  -96.93450       16.03920       5022.315    
  -96.64490       19.05330       3393.867    
  -95.61240       18.33490       296.9136    
  -96.72220       18.73550       4447.609    
  -96.53030       18.61190       3626.512    
  -95.98110       18.24300       227.0074    
  -96.18630       17.91030       845.9045    
