  -79.19110       21.97830       15.97183    
  -78.39870       21.20300       3.026034    
  -76.35530       20.73350       18.36719    
  -76.81790       20.33260       1.155708    
  -101.8167       20.41060       65.03088    
  -101.8120       20.39010       19.32600    
  -90.17730       19.15370       147.9026    
  -69.54740       18.55760      0.9442980    
  -96.76210       18.71640       43.71521    
  -95.47830       18.43160       3.720816    
  -88.62370       18.18050       1.057050    
  -96.02990       18.28370       12.63010    
  -93.11510       17.83420       23.62487    
  -121.8003       41.99860       46.29678    
  -98.09460       21.80380       1.540944    
  -98.43770       21.73050       1.540944    
  -102.2370       20.21890       9.968793    
  -96.15660       18.82340       15.31736    
  -89.29430       21.25120       1.127520    
  -89.29190       21.23080       1.162755    
  -96.32470       18.66740       8.613245    
  -98.53520       18.53580       9.663002    
  -88.53100       18.25820      0.9818820    
  -95.76450       18.35780      0.9161100    
  -93.68330       18.06120       1.301346    
  -93.18470       17.89460       28.38600    
  -88.54380       15.20020       20.06565    
  -98.46470       18.63390       1.235574    
  -96.49600       18.53160       8.592733    
  -84.20980       15.71810       45.11729    
  -89.66160       21.05410       7.675359    
  -96.91900       19.39970       31.43159    
  -96.41000       18.52980       34.71935    
  -96.17980       18.42570       1.115775    
  -96.16740       18.34600       2.340779    
  -83.93940       14.94720       22.67746    
  -103.7284       20.64930       41.06580    
  -96.12830       18.64350       3.401352    
  -96.14600       18.34560       1.761750    
  -88.78210       18.16290       2.433564    
  -90.62560       19.49980       1.244970    
  -70.34600       18.92870       166.2483    
  -96.67360       18.83420       48.77316    
  -88.48170       18.15900       14.61827    
  -121.8113       41.97090       44.02492    
  -79.60360       22.40990       10.06053    
  -96.44360       18.47090       14.56493    
  -104.3216       19.77080       30.15101    
  -96.50880       18.61150       9.428309    
  -88.59680       18.31830       1.456380    
  -98.65680       18.47870       93.45177    
  -96.27770       18.36810       1.226178    
  -96.07270       18.28450       8.657303    
  -79.60270       22.38940      0.9865800    
  -103.7953       20.63090       1.874502    
  -102.6515       20.49530       14.64740    
  -96.30890       18.56760       6.608628    
  -96.50810       18.47220       39.25938    
  -96.03300       18.30360       1.954368    
  -78.02940       21.34330       2.156904    
  -102.8857       21.07470       9.907636    
  -69.17830       18.59910       3.058398    
  -96.25700       18.64610       1.587924    
  -95.22220       18.12910       1.381212    
  -98.98450       22.79990       2.621484    
  -98.45170       21.68970       1.576179    
  -95.94130       18.40100       6.895001    
  -98.70880       18.40020       41.42709    
  -99.10940       22.94920       1.367118    
  -81.56740       28.35500       3.191712    
  -102.6544       19.80450       71.65440    
  -96.57870       18.91200       94.57431    
  -88.57560       18.51560       1.834569    
  -96.13990       18.30570       1.155708    
  -96.23780       18.10940       41.42709    
  -81.30960       22.66750       3.267099    
  -98.83800       22.75420       40.36258    
  -95.97810       18.22310       18.86454    
  -85.06370       31.50600       9.626568    
  -96.25960       19.06510       47.44846    
  -88.79740       18.32100       40.34858    
  -98.78460       21.88370       1.543293    
  -96.42210       18.47040       35.52613    
  -69.15900       18.59920      0.8550361    
  -88.88740       18.42090       1.388259    
  -84.50280       14.74070       23.43638    
  -76.54300       20.11190       34.28046    
  -101.6143       19.91780       165.7501    
  -96.56060       18.53290       53.58095    
  -95.75850       18.31800       9.206510    
  -76.33580       20.73350       11.60427    
  -95.18280       18.14820       1.216782    
  -103.3143       19.51930       12.59780    
  -96.47770       18.55110       32.63587    
  -104.2875       19.72920       85.23970    
  -96.51830       19.33080       123.6439    
  -96.28700       18.42790       1.099332    
  -93.51940       17.92010       5.172270    
  -88.83060       16.96700       25.78002    
  -96.39120       18.41010       5.066615    
  -103.4137       19.54230       52.41522    
  -81.07840       27.99730       49.85701    
  -110.8616       33.42080       38.18170    
  -93.44380       18.13610       2.302020    
  -99.28060       21.77350       7.732094    
  -103.8057       20.67210       74.32263    
  -88.49090       15.27660       38.97618    
  -87.99890       15.25210       1.329534    
  -82.97250       21.76070       36.52970    
  -96.24410       18.42700       6.256168    
  -96.03640       18.04590       5.485161    
  -88.01850       15.25230       6.132050    
  -90.22950       19.43360       46.41516    
  -90.20900       19.43330       49.57533    
  -88.66450       18.39820       1.057050    
  -96.16610       18.88340       6.851261    
  -92.21670       16.09780       2.400678    
  -99.01630       19.70980       25.88235    
  -92.40280       16.31450       29.02237    
  -79.19040       21.95790       6.543931    
  -92.34920       16.19700       3.262761    
  -93.51690       17.90030       6.806842    
  -71.28630       18.43140      0.9536939    
  -81.02320       46.49280       3.691713    
  -87.89240       15.13550       1.042956    
  -92.30640       16.17690       1.134567    
  -87.86620       15.30840       2.504034    
  -96.23600       19.18460       35.04442    
  -87.82850       15.32730       1.459512    
  -87.85380       15.40460       39.30796    
  -102.2042       17.92530       3.498037    
  -71.26960       18.33310       6.360456    
  -94.01530       18.20560       38.82511    
  -71.36760       18.25410       14.61867    
  -109.6423       30.50830       56.36010    
  -101.9289       20.59710       11.86470    
  -88.62130       17.94410       14.96304    
  -88.62320       17.96380       1.005372    
  -98.70800       18.51980       85.45939    
  -80.49200       22.27190       2.114771    
  -98.58200       18.67650       17.35967    
  -101.5701       19.06940       1.493964    
  -96.33670       18.60790       41.64308    
  -73.45570       43.96610       21.09937    
  -99.06910       18.56790       15.22779    
  -80.55010       26.53330       3.986252    
  -92.48230       17.88280       3.995714    
  -80.43070       26.98660       95.16824    
  -94.68720       16.50700       45.26752    
  -76.84490       20.85520       3.489569    
  -81.60020       26.43450       6.217006    
  -76.84460       20.83500       3.029231    
  -72.23070       19.27810       9.510106    
  -90.47560       19.61740       61.14304    
  -81.73460       27.17190       34.54020    
  -79.17130       21.97820       4.311003    
  -99.09730       22.18100       1.489266    
  -81.73610       27.19370       23.97463    
  -76.92030       20.67420       1.005372    
  -69.24110       18.48040       12.14640    
  -76.33600       20.75360       4.204710    
  -96.23560       18.64570       1.296648    
  -68.54200       45.76690       27.82537    
  -73.33690       43.54780       23.95561    
  -99.16510       18.61000       13.54377    
  -106.4870       32.51220       40.32789    
  -80.55870       26.68450       5.186592    
  -82.99250       21.76080       19.34824    
  -76.97630       20.51350       38.23575    
  -87.90390       15.28960       103.0864    
  -87.88430       15.28940       113.0158    
  -99.02410       18.92650       1.503360    
  -92.51070       15.03760       1.648998    
  -81.71890       27.82750       17.63245    
  -80.57450       26.59820       1.526850    
  -80.85920       22.84940       3.142962    
  -96.36530       19.44780       6.410369    
  -90.51530       19.07930       9.571264    
  -89.73090       15.92840       43.83237    
  -69.33110       49.37110       32.73150    
  -72.40260       42.81540       25.79835    
  -80.90820       28.61470       47.64729    
  -82.14450       27.61260       1.860408    
  -80.51360       26.61930       2.680209    
  -75.18480       20.43110       15.03199    
  -104.1738       31.43260       36.86483    
  -80.90960       28.63700       54.82150    
  -99.27100       22.24780       2.316114    
  -76.90530       20.97630       2.286986    
  -89.73270       15.94780       2.264436    
  -78.57160       21.75140       5.252364    
  -78.55190       21.75130       3.749004    
  -72.31630       42.99160       25.15339    
  -80.96430       28.50430       80.12708    
  -80.41600       26.72660       23.35048    
  -80.41480       26.70500       4.651020    
  -76.33390       20.55250       2.442960    
  -105.5531       20.15340       66.95773    
  -80.96290       28.48210       54.26688    
  -75.67100       20.41130       36.26986    
  -99.49150       18.69750       1.446984    
  -80.98550       28.50450       136.0577    
  -77.89100       21.30240       2.117036    
  -69.35250       18.59810       16.69620    
  -105.5292       39.45370       73.92866    
  -80.98400       28.48230       90.95046    
  -80.93080       27.66660       1.903865    
  -90.85570       18.84610       23.37913    
  -106.1110       36.51460       41.26627    
  -82.17650       27.48170       8.195205    
  -95.61880       18.23590       8.148643    
  -92.55710       15.09610       11.45496    
  -78.54790       22.28190       264.8202    
  -78.48410       21.44640       1.775844    
  -96.64550       18.79370       44.91948    
  -96.52640       18.45270       42.51093    
  -92.96060       16.73260       13.53300    
  -95.97840       18.08440       3.018464    
  -80.36230       26.87770       46.02978    
  -80.46970       26.57580       3.510972    
  -102.6262       31.97450       14.03582    
  -82.42550       28.74130       91.52495    
  -77.75220       18.40870       41.78836    
  -81.64310       27.65130       106.2362    
  -81.81740       26.86870       148.9809    
  -80.67430       26.53430       56.05153    
  -101.0685       20.04500       20.80909    
  -90.36440       19.71560       7.553043    
  -90.95730       17.38710       54.51598    
  -65.88650       46.93840       33.07717    
  -100.7374       36.06280       10.58037    
  -81.79650       26.86850       144.1749    
  -96.62840       18.95300       30.22732    
  -96.14470       18.88300       35.44490    
  -81.64470       27.67320       19.78183    
  -81.62210       27.65110       4.979880    
  -90.67520       17.77590       37.76063    
  -89.40100       20.40330       18.74937    
  -82.42370       28.71900       6.376424    
  -69.63510       44.57260       6.939059    
  -69.69760       43.96580       28.19391    
  -105.6029       32.87500       84.87341    
  -82.19750       27.48190       69.04230    
  -76.83800       20.37280       1.465776    
  -76.81850       20.37270       2.127084    
  -95.95380       18.20280       1.322487    
  -117.7883       36.71770       40.76880    
  -81.67450       26.91070       12.62248    
  -96.38360       19.42820       6.718772    
  -121.8920       41.89200       76.06775    
  -102.5454       35.97220       13.21018    
  -80.34150       26.87750       67.58394    
  -81.72970       32.04240       65.87498    
  -99.56180       19.98570       9.953504    
  -84.05910       15.04400       47.94722    
  -105.5186       40.38310       37.42339    
  -100.1249       29.76320       38.71746    
  -82.43200       22.98600       2.863431    
  -78.44420       21.42590       9.185992    
  -93.66250       18.06090       5.015215    
  -88.25290       17.84110       23.55285    
  -95.08070       16.80710       65.75345    
  -95.25640       18.50670       1.376514    
  -93.45430       18.05720       1.982556    
  -88.52660       16.43760       24.89243    
  -121.9288       41.92370       75.92796    
  -81.70750       32.04210       22.93434    
  -76.35550       20.75360       1.667790    
  -89.82340       19.98770       208.0813    
  -69.60530       18.55730       30.58860    
  -91.22510       16.86260       17.44539    
  -81.34030       28.13190       23.85348    
  -76.37480       20.73350       211.4835    
  -89.84390       19.98800       101.5456    
  -89.80300       19.98730       17.42245    
  -102.2276       20.17800       104.3965    
  -90.88960       18.60850       8.409258    
  -95.10170       16.80750       144.9104    
  -91.93070       15.68640       35.16485    
  -110.0142       33.08250       48.55732    
  -78.46380       21.42600       1.470474    
  -77.56630       20.77640       2.779507    
  -92.70560       18.02460       2.136807    
  -69.16230       44.94710       27.27254    
  -90.15690       19.15340       64.44595    
  -90.90490       17.83830       11.98993    
  -81.70550       32.01870       252.3487    
  -81.53350       28.17790       73.67430    
  -80.36350       26.89940       29.02314    
  -69.11890       45.31960       31.78725    
  -69.85990       44.20510       35.47273    
  -73.41550       43.54750       28.74673    
  -84.46020       31.28740       80.92731    
  -99.05330       22.80190       26.33511    
  -96.19190       18.36640       7.423692    
  -92.13190       17.52280       4.185464    
  -65.14490       47.48070       32.70862    
  -68.63620       45.89180       33.51098    
  -80.50270       26.79220       37.13788    
  -79.37070       22.02000       1.940274    
  -98.44400       16.40020       24.03303    
  -67.96970       50.42620       76.61321    
  -68.11430       44.47240       26.16689    
  -69.85690       44.23540       27.91750    
  -81.94700       27.50110       6.812393    
  -80.50140       26.77050       4.373838    
  -72.50080       19.29720       3.382560    
  -72.48150       19.29730       14.85840    
  -95.02330       18.06590       1.273158    
  -88.36250       15.64160       22.06532    
  -69.65690       44.87890       35.74914    
  -81.99750       30.03970       38.95506    
  -81.53190       28.15580       18.63633    
  -78.30440       21.34430       10.00054    
  -78.28470       21.34430       22.40814    
  -90.12220       18.65620       40.28301    
  -91.34950       17.45180       35.59796    
  -92.49510       14.88320       4.613436    
  -92.49310       14.86400       3.861756    
  -81.50520       28.95430       12.90426    
  -90.18900       20.81970       8.485705    
  -77.03350       20.43340       2.781216    
  -71.59970       19.77740       10.21343    
  -88.23180       14.96610       66.03358    
  -68.50190       45.86220       36.40562    
  -81.31920       28.13170       45.79084    
  -81.21220       27.16700       11.51003    
  -78.30380       21.32410       4.759073    
  -102.8712       20.72620       202.6132    
  -71.30360       19.24150       46.42937    
  -95.25940       18.52660       1.747656    
  -93.11760       17.85400       3.166452    
  -83.54980       14.79130       45.28076    
  -69.73960       44.60180       25.24553    
  -106.7362       37.50510       77.23274    
  -78.28420       21.32400       2.889270    
  -76.35600       20.79390       4.003323    
  -77.43470       20.01390       1.268460    
  -76.35140       45.68750       28.72370    
  -69.98760       44.53780       36.73961    
  -122.2237       39.57570       48.87581    
  -80.97700       27.73280       8.148946    
  -81.15640       26.94930       17.44156    
  -78.71410       21.89460       6.644340    
  -78.69430       21.89450       3.312090    
  -76.37550       20.79390       3.982208    
  -76.35580       20.77380       2.955042    
  -76.37510       20.75370       2.901015    
  -76.37460       20.71340       2.646540    
  -89.92000       20.29060       57.03456    
  -84.02180       15.06290       52.14363    
  -84.26280       14.91130       35.59796    
  -99.54940       29.49180       205.6551    
  -78.37790       21.87280       2.239380    
  -76.39430       20.73360       97.57041    
  -90.20970       20.82010       13.65126    
  -95.88950       18.34040       1.202688    
  -72.54750       44.18140       14.40369    
  -89.90910       21.05820       11.81665    
  -77.97850       20.85830       2.308773    
  -75.74800       20.27100       1.467342    
  -75.70830       20.11090       24.96139    
  -93.59480       18.02010       1.237923    
  -90.56050       17.26380       47.58219    
  -83.45080       15.11640       29.86603    
  -88.25140       14.96630       3.847662    
  -83.26250       30.57940       10.10386    
  -81.97220       29.99410       56.05903    
  -82.51400       29.27850       4.364441    
  -81.71370       27.17170       80.04782    
  -81.66240       26.73730       5.115303    
  -78.15240       21.54660       3.475345    
  -77.99810       20.85830       2.828196    
  -76.35620       20.81400       3.725514    
  -76.37530       20.77380       3.074841    
  -89.92230       20.31080       57.11339    
  -99.73020       19.36480       23.09086    
  -99.29850       18.61310       65.17236    
  -89.04690       18.20590       5.308931    
  -86.78650       15.20140       112.8303    
  -110.9232       40.28820       49.85701    
  -82.50730       31.84120       2.748330    
  -83.59950       30.03690       53.02827    
  -99.64470       30.27080       52.08492    
  -81.80710       29.00210       65.77174    
  -75.65110       20.31100       2.630880    
  -91.64100       17.86930       1.106379    
  -101.9987       20.19200       24.91179    
  -101.9754       20.19140       74.02280    
  -102.1691       18.20350       67.19858    
  -86.80590       15.20160       52.26722    
  -83.18580       31.33830       55.13675    
  -82.33690       22.75830       1.323982    
  -83.13150       22.62170       1.623629    
  -102.6309       19.80380       77.59548    
  -99.72350       19.44510       40.63131    
  -99.71950       19.42490       22.00168    
  -88.66520       16.43920       35.85133    
  -89.89520       16.41560       21.72055    
  -86.49130       15.71870       41.23536    
  -88.57130       15.54740       14.34245    
  -81.39700       32.29700       107.1203    
  -81.37480       32.29680       63.71360    
  -81.18290       22.91360       1.980990    
  -77.60570       21.72760       1.080540    
  -99.75270       19.36530       35.71363    
  -90.85810       18.86600       40.28524    
  -90.93370       17.54380       37.43486    
  -107.9594       35.05240       16.32925    
  -84.36850       31.44830       35.59062    
  -82.86990       31.03370       82.21835    
  -77.88440       21.01930       38.89012    
  -72.21850       18.92160       5.452029    
  -72.21890       18.90190       4.143636    
  -97.50300       19.13210       30.20476    
  -99.93400       16.96160       43.67506    
  -88.03290       15.69590       14.61827    
  -88.38220       15.64180       33.73391    
  -105.2036       35.40280       44.29366    
  -78.32400       21.34440       6.651361    
  -89.48580       21.13240       87.13505    
  -76.97660       20.53360       42.99610    
  -72.23780       18.92160       6.163776    
  -72.23810       18.90180       3.702024    
  -93.58960       18.13870       1.343628    
  -76.93500       20.35290       1.846314    
  -90.53430       16.40470       29.17935    
  -81.03530       26.34340       5.172498    
  -80.73200       22.70440       1.996650    
  -88.47100       19.08910       44.00127    
  -90.28290       16.49860       36.54808    
  -88.42620       15.70020       37.57340    
  -83.88390       14.98520       13.49003    
  -83.50010       30.76600       21.28364    
  -98.77780       18.54130       18.95905    
  -93.47250       18.03780       1.602018    
  -81.01690       22.41890       24.86082    
  -76.97480       20.41320       1.787589    
  -99.67060       19.40350       25.44831    
  -99.55340       19.26000       19.61697    
  -90.46290       17.87110       11.84184    
  -87.64940       15.80770       16.89376    
  -81.87120       23.02230       4.153032    
  -89.14540       19.93720       47.76587    
  -82.98350       30.85100       32.61529    
  -81.81130       27.93830       8.811503    
  -81.19850       27.27570       21.15495    
  -81.87000       23.00170       4.068468    
  -77.10530       21.23940       9.767844    
  -76.66330       20.41250       1.663092    
  -76.89600       20.35280       1.268460    
  -95.18340       16.47640       61.61391    
  -95.16250       16.47610       1.648998    
  -83.18950       31.80350       17.79016    
  -81.19990       27.29750       26.23625    
  -81.17900       27.29740       27.12368    
  -81.17760       27.27560       41.67934    
  -79.00840       21.83480       2.449068    
  -78.31150       21.60810       1.407051    
  -77.90590       21.10020       96.94419    
  -76.56270       20.13190       51.01107    
  -92.14300       18.13380       1.551515    
  -84.13050       15.31330       31.64114    
  -107.0170       28.73560       296.4654    
  -77.72130       20.71650       15.10095    
  -91.84260       15.41440       8.225782    
  -84.26280       15.27580       36.02551    
  -77.05300       20.43340       70.59038    
  -89.41100       19.20190       20.75519    
  -90.17960       19.17360       25.42144    
  -69.42750       18.65690       18.86454    
  -92.48470       17.90260       1.025338    
  -94.51690       17.89840       6.839930    
  -105.0834       35.27150       43.45582    
  -84.59620       30.94310       6.498484    
  -84.74980       30.00830       68.73418    
  -77.05330       20.45350       4.447440    
  -76.70100       20.31240       6.169648    
  -90.83300       18.46890       34.01442    
  -90.93960       18.33210       43.59477    
  -91.49860       17.51300      0.9912779    
  -90.74090       16.05780       1.401346    
  -115.8171       52.41080       245.7969    
  -115.8552       52.22690       545.6290    
  -83.29150       30.21460       74.06295    
  -83.07180       30.18900       16.80060    
  -106.8427       28.63760       34.00398    
  -82.81550       21.80000       7.858834    
  -76.70120       20.33240       6.141461    
  -102.7719       18.65910       93.25106    
  -90.15850       16.03070       19.51401    
  -88.42310       15.66160       44.02239    
  -82.44500       28.71930       33.39560    
  -81.55380       26.97460       104.1698    
  -78.55670       21.91430       2.410074    
  -76.68180       20.33240       6.027534    
  -76.68150       20.31230       4.876524    
  -88.86820       19.81290       25.53932    
  -93.49070       18.01830       1.291950    
  -90.58360       17.67620       93.87220    
  -107.1182       28.78530       63.05851    
  -88.85600       15.41560      0.9677880    
  -121.7915       39.13340       27.15914    
  -81.57470       26.97480       21.03747    
  -81.57320       26.95310       20.44269    
  -81.55230       26.95290       223.5136    
  -78.64070       22.07780       1.495530    
  -98.38530       22.01730       1.724166    
  -76.04060       20.41160       1.306044    
  -76.75980       20.35260       4.086865    
  -98.54840       20.50750       98.65456    
  -90.56340       17.67590       59.08381    
  -88.64540       16.43900       24.89243    
  -82.48510       31.84090       57.32351    
  -81.96590       30.95350       31.85680    
  -98.79160       29.80510       19.79488    
  -81.13560       26.94910       7.394320    
  -81.19950       26.32330       16.26809    
  -78.93470       21.99750       1.793070    
  -98.57080       20.50810       169.5112    
  -96.62520       18.93300       41.42709    
  -88.53170       18.47550       1.080540    
  -83.62710       14.81090       29.77054    
  -122.0301       39.39660       7.211430    
  -78.69060       21.77230       2.593296    
  -78.17470       20.87910       3.485507    
  -76.62290       20.29220       2.344302    
  -99.23480       19.91690       50.35655    
  -89.43600       19.62120       38.07161    
  -92.84140       18.28390       59.77333    
  -88.51610       18.10030       1.349735    
  -90.64710       16.32840       39.93686    
  -89.60060       15.34710       5.980808    
  -83.85430       31.00110       1.385910    
  -78.17420       20.85890       5.663701    
  -102.2231       20.05610       32.11826    
  -102.2184       20.03570       56.50147    
  -93.63640       18.02090       1.209735    
  -101.7984       31.84430       14.55566    
  -81.36550       27.58300       6.520513    
  -98.54440       20.48710       257.1296    
  -102.2418       20.03630       135.8977    
  -102.2562       19.89480       13.33250    
  -89.52000       18.50880       33.04318    
  -84.49640       15.68180       38.75901    
  -83.86290       14.94670       32.49643    
  -98.89820       22.92240       2.257389    
  -77.24060       21.13860       2.028361    
  -90.40940       19.57630       27.61037    
  -97.90330       18.80100       17.52184    
  -90.93070       18.25290       1.054701    
  -90.67730       17.79560       14.20455    
  -91.59100       17.78970       79.69020    
  -78.45920       21.95460       1.456380    
  -99.61290       19.22120       41.66843    
  -88.47360       18.91040       19.99669    
  -83.90400       15.00450       27.09620    
  -79.07110       21.93700       1.841616    
  -78.32350       21.32420       120.4070    
  -96.84970       18.45940       51.25135    
  -90.95110       18.25320       1.437588    
  -107.1760       28.33780       50.68489    
  -94.91780       18.06400       1.047654    
  -107.1540       28.74180       177.6215    
  -77.03380       20.45340       11.16124    
  -88.48870       18.65290       85.69539    
  -97.92520       18.80150       22.42963    
  -77.65050       18.09400       65.41856    
  -101.3425       24.53280       49.26482    
  -77.41750       20.13380       3.251016    
  -77.66970       18.09400       107.7349    
  -94.84330       16.58780       10.12933    
  -83.37190       31.64280       11.38795    
  -83.36940       31.61950       9.193986    
  -107.4190       24.30320       5.068202    
  -93.45280       16.89690       53.83112    
  -122.1946       39.35560       213.1128    
  -122.1625       39.32580       4.904712    
  -107.1939       24.40120       1.865106    
  -77.59280       21.11940       1.066446    
  -89.12500       19.93690       41.45993    
  -90.45980       18.40390       56.12063    
  -88.65500       18.29930       1.808730    
  -77.49490       20.11400       1.956381    
  -98.96900       19.22590       111.6085    
  -90.71410       16.19330       31.43159    
  -83.09350       30.18920       3.822606    
  -99.10570       19.71190       14.18871    
  -94.87160       17.88510       6.395683    
  -106.9116       28.14680       13.37072    
  -108.8382       25.78250       1.865106    
  -78.24750       21.42520       1.804972    
  -88.42880       19.06870       46.57717    
  -96.29890       18.22960       2.128194    
  -120.5958       38.87680       220.1609    
  -77.89380       21.42390       33.46166    
  -77.94510       21.10030       3.391956    
  -95.97210       18.18340       16.00940    
  -81.23400       22.74920       2.421819    
  -98.94670       19.22540       195.9980    
  -99.26870       18.69230       11.49775    
  -90.89950       17.60220       30.53063    
  -88.18270       15.35030       2.212758    
  -78.24700       21.40490       35.08456    
  -90.13180       18.55730       161.2993    
  -90.11150       18.55700       185.7175    
  -88.77540       18.30090       14.45744    
  -90.67980       18.18980       80.48602    
  -88.73820       18.12290       20.53064    
  -95.95070       18.18290       4.491288    
  -93.47510       18.05760       2.125845    
  -97.75230       16.09350       51.01083    
  -82.90070       21.88230       1.210518    
  -99.09450       18.82820       15.39798    
  -107.1731       28.78780       17.65562    
  -106.9059       28.59540       22.82870    
  -98.96520       19.20570       59.76458    
  -96.67470       18.57510       33.11758    
  -97.77380       16.09390       105.9854    
  -97.77090       16.07430       8.573850    
  -97.74940       16.07390       86.18030    
  -89.91030       17.19600       102.5078    
  -107.3492       28.88620       54.57113    
  -98.45060       21.79250       2.461752    
  -69.02510       18.56050       11.58439    
  -88.77730       18.32070       112.4793    
  -81.14280       22.91330       1.385910    
  -96.19720       18.94400       11.47698    
  -96.30570       18.54760       9.406281    
  -107.1407       28.44850       55.18554    
  -69.00580       18.56070       5.062095    
  -90.86000       17.79830       17.10062    
  -88.32870       16.66860       39.85539    
  -109.6412       39.95490       11.00848    
  -114.4841       33.80780       193.0749    
  -76.96550       21.07740       3.222436    
  -76.85370       20.11250       39.33967    
  -95.81050       18.23960       6.586599    
  -96.95580       16.03960       40.31504    
  -83.89460       15.19630       12.74742    
  -115.3235       51.76760       207.8813    
  -122.1048       39.62050       3.993300    
  -107.4679       28.32840       18.10284    
  -92.81760       16.37920       124.0504    
  -81.82740       26.71730       13.72804    
  -78.22680       21.38460       4.313938    
  -98.83190       18.84210       54.90164    
  -95.49930       18.57110       5.485161    
  -99.30220       18.63320       21.49805    
  -88.51800       18.12000      0.9208080    
  -84.38800       31.42540       39.13896    
  -98.41090       21.70920       2.217456    
  -96.10980       17.96820       1.033560    
  -91.65280       17.43680       1.169802    
  -120.4531       38.97330       186.3911    
  -106.9896       28.73440       27.73526    
  -77.92450       21.05980       30.12414    
  -88.24070       19.40450       29.43789    
  -88.48670       18.63310       36.28205    
  -91.63240       17.43650      0.9161100    
  -89.93030       17.19630       59.99008    
  -92.81540       16.35970       92.48838    
  -77.94990       21.30260      0.8503380    
  -78.67710       21.97600       3.194053    
  -98.97070       19.58780       4.575116    
  -96.93000       18.81970       39.01853    
  -96.30000       18.64700       5.143714    
  -96.24100       18.40710       1.789938    
  -114.4671       33.78220       23.04839    
  -69.42670       18.67660       57.34605    
  -98.54220       18.57580       21.26104    
  -95.64010       18.23630       3.028644    
  -84.36580       31.42500       33.28119    
  -90.14030       20.75820       49.34798    
  -90.63740       19.60000       25.77150    
  -96.57020       18.99170       14.72616    
  -88.59570       18.51590       36.43919    
  -96.42520       18.49040       13.97373    
  -75.94320       20.39150       1.033560    
  -75.92380       20.39140       5.308931    
  -98.96690       19.56750       1.226178    
  -88.67700       18.31930       1.287252    
  -88.72950       18.24110       31.60744    
  -93.38660       18.17460       2.457054    
  -115.4052       52.40900       174.1678    
  -82.98120       30.82800       94.57912    
  -77.30160       20.17350       1.368293    
  -102.3681       20.08040       69.60713    
  -95.85910       18.28030       8.965706    
  -88.65620       18.10210      0.9114119    
  -96.95850       16.05920       218.6663    
  -76.75960       20.33250       5.247666    
  -90.33920       19.67520       27.45748    
  -95.71890       18.33700       1.268460    
  -95.91410       18.22190       2.093742    
  -91.56470       17.37660       1.252017    
  -96.93450       16.03920       31.38947    
  -96.64490       19.05330       29.86603    
  -95.61240       18.33490       1.855710    
  -96.72220       18.73550       39.13896    
  -96.53030       18.61190       31.91330    
  -95.98110       18.24300       1.418796    
  -96.18630       17.91030       5.286902    
