  -101.8153       31.75100       4950.643    
  -107.9217       30.74710       2891.249    
  -111.8573       30.67080       2113.025    
  -106.2005       30.13320       3562.424    
  -82.89570       22.70170       1272.896    
  -99.34090       22.56060       1576.999    
  -99.31200       22.12490       249.1819    
  -72.26890       19.29790       1233.222    
  -72.34110       18.54630       641.7241    
  -96.35500       18.58840       2540.151    
  -93.98120       16.49520       1927.443    
  -88.35640       15.31370       5289.106    
  -108.4710       30.84410       2761.498    
  -98.88950       22.98470       2166.382    
  -83.15020       22.60130       1293.293    
  -80.30330       22.49610       392.5022    
  -98.49110       18.53480       784.3611    
  -98.67890       18.47920       1850.713    
  -96.25620       18.36770       1920.614    
  -81.03070       22.68600       569.7695    
  -99.29830       22.06260       1500.599    
  -99.38970       21.96190       745.6566    
  -98.44090       21.85400       5980.388    
  -90.64370       19.48010       170.1929    
  -96.17700       18.54500       187.2936    
  -99.12480       22.09910       946.9429    
  -98.56780       18.59640       1362.198    
  -81.03290       22.72710       885.5729    
  -79.43160       22.06120       327.8452    
  -72.04460       18.94190       1203.316    
  -70.34600       18.92870       2086.988    
  -95.65840       18.21680       1592.239    
  -102.2276       20.17800       13140.56    
  -103.3096       19.49890       1853.107    
  -81.03390       22.74770       1008.128    
  -81.05290       22.72730       1243.467    
  -99.10550       23.03250       3463.026    
  -99.19320       22.10100       1141.599    
  -96.43690       19.48950       1040.713    
  -96.39850       19.38840       908.7597    
  -71.70020       18.82440       160.4211    
  -78.16530       21.28310       169.3785    
  -69.42830       18.63710       1099.528    
  -96.50490       18.45220       1805.319    
  -95.67670       18.19740       537.9153    
  -99.21210       22.49470       227.6025    
  -99.01650       21.80750       3131.992    
  -101.9578       21.31420       1487.640    
  -101.8065       31.72710       4330.469    
  -106.2906       30.09130       3567.156    
  -98.76130       21.98610       335.4998    
  -96.28740       18.56710       6239.568    
  -98.77510       21.94530       2825.556    
  -98.45490       21.81320       235.6099    
  -104.7855       21.37990       2426.561    
  -103.8746       20.75600       3520.422    
  -103.8362       19.23090       1720.363    
  -103.4279       19.60340       646.9203    
  -70.36530       18.92860       810.2294    
  -99.11330       22.86600       1286.732    
  -69.37020       18.63740       1030.094    
  -88.48940       15.25730       2952.154    
  -98.98120       22.98730       1907.974    
  -96.43730       18.43100       924.0331    
  -93.18470       17.89460       3474.266    
  -101.4594       19.08660       1826.558    
  -96.01180       18.16430       179.9647    
  -81.64870       22.64960       1541.530    
  -96.59700       18.89250       5878.084    
  -98.48280       21.73170       336.3141    
  -96.41580       18.43050       1103.494    
  -101.7973       31.35190       2102.559    
  -98.78040       23.10680       757.1100    
  -99.27580       22.37210       1879.655    
  -99.21620       22.30840       1699.123    
  -71.95070       18.82360       173.9930    
  -96.49600       18.53160       1802.130    
  -98.47750       21.81380       580.5695    
  -107.2501       24.33930       296.4125    
  -99.31740       22.45620       10757.58    
  -99.29450       22.45550       1310.241    
  -104.2304       19.78840       5114.630    
  -99.06990       24.05950       482.7108    
  -99.27160       22.45490       418.5605    
  -99.06590       22.55290       5090.282    
  -96.55180       18.61240       1295.582    
  -99.19390       22.51500       1359.299    
  -101.7349       21.06170       189.7365    
  -99.01000       34.36790       3159.687    
  -99.19860       22.53580       1519.691    
  -96.57020       18.59290       1287.992    
  -98.78460       21.88370       424.2607    
  -78.14570       21.28300       595.9724    
  -99.30290       22.08330       1651.336    
  -98.54190       21.69210       2394.824    
  -98.30370       22.05640       182.4077    
  -99.00410       22.98790       434.0326    
  -120.0378       37.98050       6902.417    
  -99.03040       22.80120       214.9805    
  -99.08450       22.63640       2061.848    
  -99.07620       22.80250       424.2607    
  -104.2975       19.77010       3227.772    
  -93.11510       17.83420       2791.038    
  -81.15290       22.72800       1229.703    
  -98.97100       22.84120       1187.279    
  -98.52020       18.57530       455.2049    
  -93.51940       17.92010       966.3831    
  -101.4631       26.88850       1770.670    
  -92.48230       17.88280       1309.483    
  -92.41460       16.23680       2867.271    
  -90.39630       30.00660       7219.627    
  -92.16520       18.64900       2765.403    
  -92.36960       16.19730       3195.910    
  -109.6423       30.50830       5500.285    
  -102.2042       17.92530       1298.603    
  -71.22860       18.43160       194.6225    
  -93.88020       29.75870       2338.551    
  -77.47210       20.95750       3238.532    
  -78.30270       21.28360       377.4373    
  -103.4469       19.58370       2741.168    
  -87.99390       15.44460       279.3117    
  -87.93440       15.17440       652.3297    
  -76.19850       20.65280       1203.186    
  -81.20350       26.71150       1176.042    
  -80.62090       26.68500       263.8397    
  -81.02190       26.79640       188.1079    
  -92.49820       16.25750       212.5375    
  -80.69500       26.53450       574.5842    
  -81.09810       27.01390       1494.872    
  -81.19100       26.84120       1130.222    
  -81.01790       26.73150       309.4416    
  -93.51690       17.90030       198.0834    
  -88.00040       15.27130       267.0970    
  -80.55250       26.57650       448.2832    
  -81.55680       22.79290       366.4440    
  -81.55560       22.77230       395.7595    
  -80.48670       26.51130       1514.635    
  -80.48550       26.48970       882.9942    
  -110.8616       33.42080       2917.226    
  -80.35860       26.81270       7224.559    
  -80.55620       26.64130       805.0910    
  -77.52760       20.79640       1262.094    
  -83.48120       30.58240       1244.625    
  -80.53180       26.57630       184.8507    
  -80.46360       26.46800       1690.821    
  -80.55500       26.61970       808.8912    
  -80.35740       26.79100       2940.105    
  -93.49100       17.86040       285.4191    
  -77.52720       20.77630       915.2957    
  -98.92060       18.84410       2177.002    
  -93.49350       17.88020       393.7237    
  -98.00820       26.33710       1369.280    
  -81.27070       22.68780       9935.426    
  -88.50510       16.41790       2315.144    
  -78.57650       21.91440       801.5623    
  -87.86620       15.30840       230.2897    
  -78.59680       21.93480       846.2947    
  -99.37260       18.77470       8493.785    
  -92.55520       15.07680       390.4664    
  -97.82890       32.10940       6885.208    
  -80.90740       26.62250       359.9294    
  -78.17520       20.89930       1883.517    
  -103.5037       19.42350       2134.524    
  -98.44040       32.70160       2358.669    
  -81.01920       26.75310       2947.742    
  -78.57710       21.93470       920.5074    
  -77.80180       24.14020       3939.076    
  -78.59620       21.91440       1171.943    
  -78.11650       20.89900       324.3029    
  -102.2136       20.21830       985.5191    
  -92.46050       14.94050       271.1685    
  -80.54180       27.81680       2270.145    
  -80.88670       26.62240       390.0593    
  -77.12890       20.31330       282.9762    
  -76.87600       20.31270       187.7007    
  -77.03040       20.23290       962.5263    
  -94.04100       18.08740       350.1576    
  -99.55640       29.67370       1706.723    
  -103.9084       28.19830       2095.786    
  -80.54670       26.83580       303.7414    
  -80.67300       26.51270       467.8268    
  -80.67430       26.53430       4401.083    
  -77.03070       20.25290       2711.006    
  -77.04980       20.23290       1017.900    
  -77.62570       20.81690       698.3927    
  -98.75150       18.64040       244.2960    
  -81.39140       27.03820       1770.327    
  -78.61660       21.93490       1059.430    
  -78.61600       21.91450       969.3665    
  -77.54710       20.79650       744.2888    
  -99.30210       18.75300       3653.026    
  -78.43630       21.14250       975.9058    
  -101.9111       32.48800       13585.25    
  -107.0160       28.66790       9185.560    
  -81.78470       22.91840       2442.490    
  -78.65920       22.03710       317.5848    
  -71.40130       19.20150       3980.378    
  -99.93040       17.57380       1762.841    
  -82.30060       22.81980       322.0635    
  -78.18390       21.24270       1657.955    
  -98.43260       32.67750       1786.228    
  -78.16430       21.24260       765.1119    
  -81.45430       22.75090       1486.733    
  -80.49490       22.33330       202.7657    
  -78.18440       21.26290       679.9572    
  -78.20350       21.24270       756.9557    
  -82.05950       22.81770       218.2377    
  -78.28900       21.50650       516.5507    
  -92.45980       15.13330       3810.382    
  -101.8847       32.48690       5830.111    
  -81.14200       22.52240       3205.405    
  -78.38130       21.28390       461.7194    
  -112.3006       30.43890       4198.140    
  -80.54920       26.87920       715.3801    
  -97.52330       26.34380       3466.449    
  -77.00340       20.99670       996.4716    
  -100.5490       20.59990       1130.333    
  -101.6776       20.20350       479.6345    
  -71.38200       19.20160       3473.521    
  -81.83820       26.86890       6517.348    
  -80.47460       26.66220       974.7410    
  -80.45380       26.66210       10565.94    
  -90.40780       19.73640       1514.732    
  -88.16450       15.36940       1948.682    
  -99.46290       30.24100       2549.483    
  -99.45560       30.21780       3573.516    
  -80.91110       26.34240       10848.42    
  -77.78470       20.93830       2252.033    
  -97.61590       35.67450       4298.609    
  -80.85940       26.51420       912.8527    
  -78.40090       21.28400       8386.128    
  -78.45590       21.14260       7350.640    
  -111.8187       30.59890       9268.386    
  -111.8059       30.57500       7368.498    
  -81.83750       22.79520       473.9343    
  -78.59260       21.79220       314.3275    
  -101.0479       19.84200       3465.283    
  -104.5504       19.53420       1598.065    
  -80.72080       26.62100       583.0531    
  -97.80690       26.46100       10134.33    
  -97.78350       26.46030       18573.94    
  -97.80150       26.43910       597.7109    
  -97.77810       26.43840       7171.416    
  -97.99570       26.38000       789.8904    
  -97.97230       26.37930       5817.168    
  -78.43690       21.16270       610.4143    
  -77.97810       20.83810       333.8712    
  -72.30680       19.33740       2931.110    
  -72.30720       19.31760       1735.426    
  -99.48050       30.21870       4027.406    
  -81.85910       26.86910       900.9093    
  -80.78550       22.17150       270.3542    
  -78.41670       21.14240       508.1357    
  -77.20540       20.23330       315.9561    
  -77.22320       20.13330       1364.609    
  -106.7923       40.35030       3992.378    
  -97.95890       26.87950       3881.806    
  -80.83870       26.51410       828.1635    
  -80.85810       26.49270       1005.685    
  -81.25070       22.68760       4865.749    
  -81.18180       27.34100       2528.281    
  -80.68870       26.42670       1389.655    
  -97.55590       26.19320       5945.122    
  -97.55060       26.17140       6487.322    
  -94.52780       17.97760       2088.064    
  -82.01730       30.01720       5630.083    
  -108.1938       30.55160       8671.424    
  -108.1653       30.55020       10306.59    
  -82.66130       29.73050       1660.193    
  -80.90980       26.32090       2431.283    
  -81.85760       22.79540       525.1006    
  -82.82090       22.78340       242.6673    
  -81.83980       26.89060       5739.851    
  -119.4008       37.04170       10205.35    
  -72.53940       19.29710       520.3505    
  -97.51800       26.32200       3453.745    
  -81.29070       22.68790       616.8474    
  -71.40190       19.18170       1485.248    
  -82.62760       29.59470       1428.051    
  -72.24960       19.29790       1977.042    
  -76.95590       20.45320       567.2575    
  -101.0249       19.84140       4704.448    
  -106.5225       40.41650       2173.156    
  -82.92050       29.73370       258.9537    
  -110.9082       29.39870       2713.932    
  -77.77410       21.34250       2226.160    
  -76.62590       20.53290       2007.139    
  -93.18200       16.69700       342.8287    
  -82.01070       23.00290       203.5800    
  -81.16190       22.52250       707.4811    
  -80.45890       22.41510       296.9554    
  -80.33480       22.31180       353.8591    
  -78.46100       21.32470       311.8846    
  -78.20510       21.30350       305.7771    
  -106.4904       40.41450       2357.534    
  -112.2193       35.20320       4885.633    
  -107.9788       30.74990       4941.474    
  -99.34830       30.03070       1396.467    
  -81.73480       22.75320       275.2401    
  -82.55520       22.71910       1441.022    
  -101.7516       20.32740       2410.632    
  -89.90730       19.82860       4123.705    
  -72.25000       19.27810       1431.103    
  -72.10240       18.94170       267.0970    
  -108.1558       31.48330       4439.189    
  -82.01540       29.99450       4598.253    
  -107.9898       30.77370       3935.533    
  -112.2826       30.46120       2516.913    
  -81.33380       26.79920       1407.959    
  -89.90960       19.84870       4324.409    
  -78.19530       20.91950       523.6078    
  -78.17230       18.29190       1267.805    
  -80.94890       26.62290       2573.463    
  -82.15870       22.79790       576.4367    
  -82.73900       22.76200       1752.221    
  -81.40850       22.64770       294.6311    
  -78.36160       21.28380       307.4510    
  -77.22380       20.17330       3807.905    
  -93.44660       17.99780       175.0788    
  -106.7807       40.43250       4300.458    
  -99.09340       32.77510       2834.189    
  -107.0528       28.69210       6225.601    
  -80.54790       26.85750       904.7095    
  -80.52720       26.85730       1077.345    
  -80.52590       26.83570       894.9377    
  -81.06350       26.79680       1500.599    
  -81.26960       22.66720       745.5099    
  -77.65330       21.20040       316.0466    
  -71.60960       19.37940       936.1115    
  -81.40740       22.62710       4147.235    
  -79.01240       21.95710       223.1237    
  -78.30980       21.54710       332.1262    
  -76.07840       20.27130       313.7168    
  -72.26930       19.27800       2537.999    
  -93.04360       17.08610       1966.441    
  -98.04550       16.33370       338.3499    
  -112.2143       30.66680       4124.257    
  -107.1301       28.29090       3718.728    
  -80.77400       26.47040       1222.701    
  -80.93180       22.70580       214.5733    
  -78.55490       21.85310       290.7122    
  -78.06120       21.04010       384.0876    
  -76.81930       20.43290       221.2236    
  -93.48030       18.09720       208.4659    
  -80.76580       22.58130       435.1183    
  -76.68230       20.37250       229.6383    
  -90.86230       17.44460       2918.899    
  -100.2719       33.85970       464.1624    
  -107.2848       30.80890       2236.162    
  -81.33530       26.82090       7330.427    
  -81.35460       26.79940       8407.937    
  -80.50500       26.46830       421.8177    
  -81.19950       26.32330       2073.206    
  -81.85880       22.81600       3414.849    
  -81.83870       22.81580       1054.544    
  -78.06070       21.01990       312.4953    
  -101.0522       19.86230       2487.632    
  -101.0293       19.86170       4003.560    
  -88.78400       18.18270       390.8736    
  -95.81050       18.23960       1836.611    
  -82.42110       30.43160       12874.27    
  -107.2741       30.78510       2521.839    
  -112.4268       30.72500       5004.274    
  -106.9394       28.28240       6734.134    
  -81.18300       22.54320       514.0395    
  -97.95330       26.85750       4329.086    
  -78.31040       21.56740       201.6799    
  -106.9886       28.66670       27414.45    
  -106.9792       28.64370       17147.34    
  -80.71820       26.57780       629.4694    
  -81.37300       22.72970       200.3227    
  -77.54830       20.85690       229.6382    
  -77.22420       20.19330       5086.751    
  -106.9613       28.66550       18724.48    
  -107.0065       28.64500       11994.76    
  -106.9519       28.64250       9866.658    
  -81.05720       22.80960       211.1803    
  -77.92740       21.18110       1401.067    
  -77.24330       20.17330       986.7524    
  -100.9561       19.83960       10894.59    
  -78.26740       18.25290       309.4416    
  -95.95980       18.24260       2092.046    
  -101.8512       20.96260       3448.689    
  -100.9332       19.83900       5163.013    
  -100.9518       19.81920       964.9692    
  -78.19150       18.29190       792.3779    
  -99.49440       35.05460       6333.547    
  -97.39710       33.88820       3901.080    
  -76.99030       20.15280       1786.735    
  -101.5389       20.09820       2208.860    
  -108.1873       30.59760       9606.940    
  -78.08530       21.22210       174.2645    
  -100.9604       19.85990       9122.584    
  -93.73390       16.66690       1884.965    
  -94.90250       29.85730       1010.544    
  -97.89430       27.53550       4189.605    
  -80.35470       22.31190       1092.039    
  -78.42060       21.28400       650.9673    
  -77.22350       20.15330       742.0490    
  -100.5104       17.94420       2402.667    
  -107.1061       39.03510       2048.994    
  -108.1983       30.62140       11729.74    
  -108.1587       30.59620       9427.343    
  -81.47940       26.17540       1735.061    
  -78.35460       21.02100       547.3941    
  -77.06870       20.19300       197.0655    
  -69.52650       18.59710       191.8741    
  -88.50680       16.43730       1594.569    
  -101.6756       31.51050       2354.339    
  -107.0538       28.75980       29750.86    
  -112.0402       31.00770       7890.597    
  -82.52590       22.88370       240.7673    
  -81.25410       22.74940       828.5751    
  -77.24290       20.15330       743.8813    
  -96.46570       18.61060       2500.897    
  -98.68850       36.40200       3641.362    
  -81.19400       22.74890       1484.107    
  -78.57460       21.85320       221.4950    
  -75.35930       20.23070       199.5084    
  -97.90460       36.70010       739.4025    
  -98.52460       34.66730       701.1295    
  -83.27500       22.37670       834.1243    
  -81.55130       22.34090       1712.398    
  -78.34040       21.22300       676.3041    
  -96.78170       18.83650       1598.238    
  -98.50430       21.83510       513.7341    
  -98.00810       30.60120       1378.099    
  -81.99860       27.34880       1444.709    
  -77.43180       20.89690       592.7924    
  -76.76150       20.47290       243.4817    
  -96.51340       19.43100       2557.315    
  -96.66940       34.98860       2502.958    
  -82.13860       22.79770       1203.186    
  -77.97710       20.79780       308.8083    
  -88.58240       18.37730       373.7729    
  -93.44140       17.95820       379.4731    
  -119.4193       37.35570       10659.06    
  -96.69500       34.98960       1924.038    
  -106.8879       28.61710       6651.843    
  -81.32060       27.53880       1417.063    
  -107.0474       28.15280       3302.137    
  -80.67930       26.62070       1039.072    
  -80.77300       22.72530       545.8658    
  -77.41230       20.89690       936.0608    
  -77.43140       20.87680       1033.372    
  -88.65250       18.06270       207.6516    
  -106.2762       39.28150       3424.105    
  -106.1982       39.30390       2063.771    
  -101.9390       32.96680       2197.008    
  -98.19990       21.66270       187.2936    
  -96.25070       18.60620       230.0454    
  -98.55290       18.63590       981.0439    
  -106.4149       39.15500       3713.211    
  -99.11900       32.77610       2533.582    
  -106.3420       29.63550       20447.10    
  -106.3146       29.63420       16598.14    
  -107.1307       28.35820       15453.26    
  -83.00070       22.76450       1028.274    
  -81.35300       22.72950       195.4368    
  -78.26060       21.91310       186.0721    
  -99.32440       18.63370       757.1100    
  -98.00930       31.97480       1505.308    
  -81.22020       26.32350       526.8650    
  -96.42560       19.02860       1369.918    
  -96.18370       18.72430       1489.144    
  -78.20980       18.25270       2819.483    
  -77.03820       18.13180       1367.312    
  -93.48550       18.13680       226.3810    
  -107.3747       39.42920       2800.719    
  -107.0746       28.15400       6043.547    
  -76.91460       20.29270       257.3251    
  -107.1826       28.81080       4988.676    
  -76.91430       20.27270       273.6115    
  -92.63220       15.03930       840.2891    
  -107.1487       28.33650       8990.771    
  -107.1214       28.33530       13945.30    
  -92.49440       15.07590       1054.047    
  -106.5242       39.70320       4399.839    
  -80.79300       22.72540       749.9887    
  -98.56020       21.67200       473.1199    
  -93.49070       18.17650       222.3093    
  -92.94270       16.40060       4591.455    
  -108.4421       30.84270       8964.349    
  -108.4133       30.84130       15840.30    
  -81.01720       26.38630       847.6667    
  -81.71840       22.81480       396.4024    
  -98.50110       21.71160       564.7310    
  -93.41790       18.09610       3016.478    
  -112.2012       30.64280       4426.024    
  -108.8943       25.71970       388.4306    
  -101.6537       20.60980       3929.223    
  -101.2512       20.25280       2824.694    
  -93.51930       18.07810       245.9246    
  -107.1760       28.33780       7155.514    
  -98.56450       21.69270       501.6211    
  -93.54540       17.96000       201.1370    
  -72.35110       19.04000       225.5666    
  -81.49780       22.81300       169.7857    
  -101.6414       21.05900       1788.878    
  -96.65960       18.61460       1624.787    
  -88.78780       18.22220       665.8777    
  -78.04210       21.06020       190.5509    
  -107.9722       30.79610       2705.314    
  -104.4741       19.61300       1049.764    
  -95.77050       18.39760       169.3785    
  -81.91410       22.73410       202.7657    
  -90.64130       19.46010       324.9137    
  -78.26000       21.89270       488.1523    
  -92.92220       16.40030       8339.793    
  -92.94040       16.38110       12833.69    
  -92.92000       16.38080       10893.06    
  -92.51660       15.09550       901.1231    
  -80.85400       22.74640       231.0859    
  -93.52980       17.99920       402.2741    
  -119.3939       37.32770       10266.09    
  -107.9437       30.79460       1338.390    
  -98.37670       18.63190       1478.806    
  -96.54540       18.57240       1253.104    
  -96.31780       19.02640       939.3063    
  -96.27220       18.60660       221.4950    
  -96.40690       18.50990       4359.313    
  -95.19720       18.24750       228.0096    
  -83.87540       15.19610       511.8490    
  -81.99430       22.73470       2197.985    
  -101.6305       20.40550       2065.497    
  -99.17980       18.69020       2086.736    
  -99.17610       18.67020       2076.116    
  -77.13390       18.13200       670.7571    
  -97.25310       18.28890       649.6223    
  -95.93840       18.24220       1576.999    
  -98.50870       21.85580       579.7958    
  -96.54000       19.33130       2946.946    
  -96.71490       18.95490       748.8161    
  -96.49290       18.51170       703.7924    
  -115.5411       40.50880       2613.088    
  -106.9255       28.70890       16600.79    
  -79.16640       21.83550       670.7961    
  -96.25540       18.90520       855.3032    
  -107.0443       28.73680       3841.009    
  -82.01440       22.73490       1777.932    
  -75.98410       20.65250       186.4793    
  -96.73330       18.93530       1290.272    
  -81.99550       22.75530       1117.247    
  -96.58300       18.67280       684.8350    
  -102.3915       20.08110       2240.719    
  -96.69410       18.69500       1237.174    
  -96.19500       18.38630       935.4880    
