  -115.6292       49.61680       558.6811    
  -113.3470       46.94820       2652.482    
  -113.3046       46.94470       11235.41    
  -113.2624       46.94120       6410.975    
  -113.2703       46.90960       10380.17    
  -113.2281       46.90610       3623.564    
  -123.5147       47.80800       764.0242    
  -121.0674       41.76490       1065.507    
  -120.7119       40.05570       10624.42    
  -120.6676       40.05220       24933.66    
  -122.7408       40.19450       5213.125    
  -122.6935       40.19050       4494.033    
  -122.7063       40.16400       8041.507    
  -122.6591       40.16010       2737.175    
  -122.6720       40.13360       8174.692    
  -122.6248       40.12970       6964.206    
  -122.8268       40.11890       9792.154    
  -96.55040       37.75480       62.48741    
  -91.77840       34.23140       120.1101    
  -91.47400       33.95480       7.459954    
  -91.30460       32.89180       8.659981    
  -93.38920       32.12370       343.1682    
  -111.8430       25.17540       81.17698    
  -88.51350       18.49500       39.45510    
  -92.26530       18.29400       738.8646    
  -92.32340       18.09730       337.8745    
  -92.46280       18.06010       46.35943    
  -92.53800       18.00210       33.02174    
  -92.51740       18.00170       43.89823    
  -92.53560       17.98230       279.8991    
  -92.51500       17.98200       699.0102    
  -92.48470       17.90260       59.96004    
  -93.18470       17.89460       50.95747    
  -93.11510       17.83420       95.58385    
  -89.78840       16.76470       30.43236    
  -115.5813       49.61250       309.7184    
  -104.1196       47.22740       107.2836    
  -113.3391       46.97980       1632.755    
  -109.9231       44.49280       960.7985    
  -109.9346       44.46330       1416.312    
  -109.8975       44.46060       2626.846    
  -109.8604       44.45790       4402.481    
  -122.6378       40.10320       2679.911    
  -122.5907       40.09930       796.5134    
  -123.2125       40.04080       469.0384    
  -120.7980       39.43360       278.2306    
  -90.53940       33.37330       126.1934    
  -92.72980       18.38100       47.81730    
  -122.8830       49.21420       1126.982    
  -124.0502       42.42510       500.5931    
  -120.6807       40.02570       5740.333    
  -120.6364       40.02210       10057.74    
  -98.37530       35.98300       120.7070    
  -91.06160       33.60430       155.4875    
  -90.53420       33.34910       143.7093    
  -92.24590       18.13550       357.0652    
  -115.5800       45.30400       804.5378    
  -110.8547       40.00850       172.0442    
  -122.7280       40.22100       1154.204    
  -122.7536       40.16800       3032.102    
  -91.05620       33.58000       16.93398    
  -110.8664       33.64010       120.9120    
  -88.44470       18.61280       62.13808    
  -92.49440       17.98160       921.2986    
  -92.48230       17.88280       52.71765    
  -122.7477       50.37590       403.6291    
  -113.3126       46.91310       1661.753    
  -123.4913       46.57950       400.0867    
  -120.7433       40.08580       7437.757    
  -120.6989       40.08220       17945.68    
  -123.1776       40.01040       471.0681    
  -113.2241       38.04400       926.6821    
  -113.1888       38.04170       2514.357    
  -113.2037       38.01630       594.1136    
  -95.43980       34.25390       122.3161    
  -120.7254       38.24530       172.1402    
  -113.1834       48.51440       124.4875    
  -111.7436       46.91420       145.3165    
  -102.9386       42.75340       11.59200    
  -122.6983       41.87560       4120.729    
  -120.6545       40.07860       43004.30    
  -120.6233       40.04860       41188.02    
  -122.7192       40.13750       3762.331    
  -117.4498       34.46760       85.84221    
  -117.2575       34.30610       93.57007    
  -121.0847       40.63970       298.2099    
  -120.8039       39.16290       262.3212    
  -95.43250       34.22920       104.3604    
  -93.51690       17.90030       6.383643    
  -117.2348       50.67960       301.8753    
  -121.3808       50.16730       691.2691    
  -121.4599       49.58540       446.2308    
  -121.3462       39.99710       240.5924    
  -120.6448       39.91290       334.0987    
  -93.11760       17.85400       99.07774    
  -121.7057       50.55170       581.2504    
  -112.7403       47.67920       95.35361    
  -121.1301       40.64340       173.6120    
  -114.6935       37.20110       147.6066    
  -120.1883       34.85490       64.60408    
  -112.0000       33.99990       601.0281    
  -83.16390       42.30190       15.30045    
  -120.6818       36.18150       175.6081    
  -121.4006       49.51070       472.8440    
  -113.3815       46.98330       1622.395    
  -115.8083       39.51270       174.4631    
  -120.1098       38.94650       368.5075    
  -94.70330       35.03970       306.9972    
  -118.7962       49.53250       374.0573    
  -120.4564       49.55530       328.6871    
  -124.1020       42.42970       392.9267    
  -121.6837       40.07970       186.2796    
  -122.7795       40.11490       6227.794    
  -118.3249       50.46460       345.7900    
  -110.7575       47.64930       109.0309    
  -108.0856       34.95980       119.8760    
  -117.1885       50.03960       396.2566    
  -114.9730       48.70340       274.8906    
  -110.1223       46.59420       62.16531    
  -121.4711       40.72730       380.1622    
  -116.8947       39.29490       120.1255    
  -120.6889       39.20790       235.4046    
  -121.7909       38.62210       21.52624    
  -119.4377       50.18520       458.0446    
  -113.6769       47.59340       106.6151    
  -122.7882       40.19840       1207.451    
  -120.5730       36.02010       156.5587    
  -101.7973       31.35190       65.37160    
  -121.1025       41.79640       1502.929    
  -120.1671       38.52180       267.1310    
  -121.3003       37.57630       204.8588    
  -122.7754       40.22500       1454.461    
  -98.36590       35.95740       18.11173    
  -92.52120       18.19940       78.94986    
  -122.8614       40.14930       5117.689    
  -121.2628       37.41610       132.2221    
  -70.34600       18.92870       246.7374    
  -122.8139       40.14540       8305.139    
  -122.7924       40.08850       10938.76    
  -122.7451       40.08450       2364.035    
  -120.0885       39.40450       310.0496    
  -110.8616       33.42080       270.1267    
  -92.34400       18.09760       538.9382    
  -92.34160       18.07780       106.6207    
  -92.34650       18.11740       138.6572    
  -92.51880       18.17960       79.56156    
  -94.93160       29.88090       14.98820    
  -94.92600       29.85800       9.014627    
  -113.2445       38.07180       761.1225    
  -113.2092       38.06940       1836.170    
  -89.71060       35.93100       59.48307    
  -113.2296       38.09720       1505.108    
  -111.9678       33.99800       678.9477    
  -110.7764       33.00450       320.5208    
  -113.1536       38.03930       1708.462    
  -94.92700       29.38230       16.08109    
  -121.0561       41.79250       1148.056    
  -120.2322       42.06640       375.0279    
  -90.50450       31.97190       216.3414    
  -92.67020       18.39980       65.86795    
  -70.36530       18.92860       33.34591    
  -122.7665       40.14140       1891.006    
  -88.37990       17.70520       26.04682    
  -96.31620       34.75260       217.4177    
  -82.02160       32.82430       41.41267    
  -82.74290       31.30930       30.49827    
  -96.59550       30.89790       9.497113    
  -93.71070       30.92100       157.7571    
  -83.89890       31.60390       35.71909    
  -102.2042       17.92530       17.17398    
  -87.15780       31.89460       240.8905    
  -84.91600       30.48930       28.41244    
  -92.67510       33.77260       133.7983    
  -85.15210       30.26480       84.72713    
  -88.79710       32.30620       88.53317    
  -93.93310       32.21130       600.3431    
  -82.91880       31.75320       86.32274    
  -83.99830       31.69850       55.40121    
  -85.00490       30.85760       28.59847    
  -93.95710       32.21200       278.6377    
  -94.59980       30.62540       162.6006    
  -93.23080       18.09280       6.843859    
  -90.37100       30.82970       93.88789    
  -113.1739       38.06700       747.0303    
  -87.83780       31.34950       202.0013    
  -98.64710       19.03790       114.4341    
  -82.41010       33.13880       30.35034    
  -91.97230       18.24960       238.9963    
  -81.89600       32.91790       52.48744    
  -85.85870       31.93980       192.8816    
  -86.41390       31.27470       80.34708    
  -85.14930       30.24200       461.1746    
  -96.58150       34.32040       72.71636    
  -100.3404       32.70670       119.2414    
  -94.19810       31.28330       380.5631    
  -94.52780       17.97760       184.6420    
  -85.42890       15.78600       132.7710    
  -85.86190       31.96320       232.7925    
  -85.40600       31.90830       574.1724    
  -92.76580       31.17090       102.4865    
  -91.82460       34.82150       14.74671    
  -86.43630       31.27510       139.1486    
  -84.43630       30.89460       40.60937    
  -84.66270       30.76020       79.95943    
  -122.3245       42.73680       304.3764    
  -91.47870       33.03980       10.93632    
  -90.99260       32.31420       68.55579    
  -90.96920       32.31350       54.71977    
  -85.74300       31.91430       438.5765    
  -85.26840       31.88250       612.4933    
  -90.11880       30.93880       1052.371    
  -87.89550       15.69440       49.94714    
  -81.87360       32.91760       30.91884    
  -88.15520       32.03300       148.2430    
  -82.65000       32.17090       36.66173    
  -88.15930       32.05650       227.9939    
  -85.72050       31.91380       582.0425    
  -85.42850       31.90870       202.0647    
  -100.5248       31.27620       121.5428    
  -92.24470       18.29360       54.39292    
  -85.92860       31.15010       46.39505    
  -91.95170       18.24930       295.5321    
  -92.51390       18.13990       76.61381    
  -94.79800       47.31330       88.71254    
  -88.79280       32.28260       112.2477    
  -74.77110       44.99950       124.3158    
  -85.43010       15.80530       61.49908    
  -74.98650       44.90680       70.09128    
  -91.61870       34.56930       16.80036    
  -93.85230       33.01590       363.7006    
  -93.82810       33.01510       45.88140    
  -93.84610       32.99180       34.61898    
  -91.97450       32.31770       109.6139    
  -91.95090       32.31710       38.74311    
  -93.93910       32.23500       324.9970    
  -85.09190       31.55290       112.5567    
  -85.95090       31.47500       50.65949    
  -89.64580       30.83520       52.85181    
  -113.1387       38.06470       908.5831    
  -91.59450       34.56860       11.41633    
  -88.55610       31.45800       55.90295    
  -87.84160       31.37280       165.1779    
  -85.90630       31.14970       82.02483    
  -90.72840       30.67760       109.3535    
  -91.97470       18.26940       86.17481    
  -91.96990       18.22980       73.30053    
  -83.27470       33.63040       70.32353    
  -92.40320       33.74010       139.6170    
  -84.91930       30.87920       60.87585    
  -100.5503       31.27720       98.58276    
  -91.94930       18.22950       68.72107    
  -86.64410       32.37770       37.35785    
  -86.56730       31.25440       165.2308    
  -82.35340       29.90780       56.55717    
  -92.24220       18.27380       39.56374    
  -84.92210       30.90230       15.73642    
  -115.1986       31.87220       402.4629    
  -92.77500       18.08500       411.9346    
  -71.65790       43.97630       74.61559    
  -96.63530       41.90440       12.16109    
  -85.42850       33.06640       747.4245    
  -90.09600       30.93820       199.2659    
  -92.22410       18.29330       21.63347    
  -96.46070       36.97370       119.9248    
  -85.10080       34.48590       252.9434    
  -92.03910       31.24320       16.77562    
  -93.41260       18.21470       6.012501    
  -92.75150       17.72960       102.1057    
  -123.1288       44.37880       43.67104    
  -113.1943       38.09480       1327.072    
  -113.1590       38.09240       3852.398    
  -88.36390       34.60420       111.7260    
  -94.90250       29.85730       29.14372    
  -80.90020       28.81480       88.27706    
  -92.74360       18.16360       15.48899    
  -113.1183       38.03690       256.8748    
  -84.65990       30.73720       105.5406    
  -112.7032       30.78680       67.03712    
  -92.09330       18.23180       130.3780    
  -86.99840       15.45370       18.50762    
  -96.49220       37.96180       73.79019    
  -90.81140       36.06310       11.67860    
  -82.11040       35.37590       147.7459    
  -91.42910       33.13410       17.64162    
  -87.15420       31.87110       140.2122    
  -82.89240       31.26490       57.18037    
  -92.01590       31.24260       78.42826    
  -92.77210       17.72990       15.29518    
  -92.76970       17.71020       172.0956    
  -92.74910       17.70980       198.1098    
  -82.40780       33.11490       41.41848    
  -93.96310       32.23580       181.0364    
  -85.06960       31.55260       47.48042    
  -82.91440       31.26520       68.10265    
  -100.5167       31.25260       141.2409    
  -111.7885       29.35230       215.3724    
  -111.9472       29.08670       225.6606    
  -111.9171       29.08510       220.0566    
  -111.9354       29.06330       220.1474    
  -111.2192       28.43810       168.6858    
  -83.49910       22.42000       34.94786    
  -89.46360       19.50180       32.62756    
  -93.97880       18.24460       123.0064    
  -93.79820       18.14240       126.1347    
  -93.79560       18.12250       108.4116    
  -113.1034       38.06230       3289.943    
  -85.10420       34.51050       276.4509    
  -111.7765       29.32880       226.8228    
  -111.9591       29.11000       231.9235    
  -111.9774       29.08820       230.4661    
  -111.9655       29.06480       214.0639    
  -111.2526       28.50740       163.2397    
  -111.2487       28.43950       147.9709    
  -71.60960       19.37940       176.6260    
  -71.59030       19.37940       112.7817    
  -92.94310       18.10770       8.666166    
  -56.99860       47.99340       36.05809    
  -91.57550       34.69090       10.29053    
  -85.08100       34.51000       226.2189    
  -111.8130       29.28500       155.3167    
  -110.9808       28.17870       162.4574    
  -96.08230       16.29700       109.1432    
  -98.43270       36.49280       97.59633    
  -85.07760       34.48550       230.6522    
  -102.2949       33.92550       109.1114    
  -102.2678       33.92430       103.3136    
  -90.12320       30.96200       110.4613    
  -100.5422       31.25360       55.58956    
  -93.70510       30.89770       90.97026    
  -111.7583       29.35070       157.3915    
  -111.0021       24.70680       98.68198    
  -70.39680       19.14630       59.79633    
  -92.07270       18.23150       23.89296    
  -92.97890       18.22690       20.41110    
  -96.12790       18.08730       6.556843    
  -82.08720       35.37560       178.7337    
  -90.58070       33.78420       21.66876    
  -110.3307       33.43920       196.1473    
  -111.2934       28.53200       144.2339    
  -111.2303       28.46120       154.8932    
  -110.9546       24.72630       100.5557    
  -110.9738       24.70560       71.02306    
  -78.82810       21.75250       16.14880    
  -78.80830       21.75240       17.36945    
  -78.82740       21.73220       13.33637    
  -71.24120       19.40060       37.57999    
  -70.39750       19.12650       13.55906    
  -92.97640       18.20710       11.62912    
  -92.78750       18.18410       114.3109    
  -93.81640       18.12290       62.59012    
  -79.62940       38.87280       73.43891    
  -85.42510       33.04250       235.1682    
  -84.00550       31.95560       139.2604    
  -111.8249       29.30840       229.4252    
  -111.2231       28.50600       148.6822    
  -92.22160       18.27350       14.42505    
  -94.04290       37.21600       98.99208    
  -84.00820       31.97900       33.84815    
  -88.57890       31.45850       89.94645    
  -111.7279       28.82550       230.0497    
  -111.7946       28.78350       222.9713    
  -111.3046       28.55520       152.8113    
  -111.3230       28.53350       156.2465    
  -111.2638       28.53060       176.5450    
  -111.3414       28.51180       154.3728    
  -111.2822       28.50890       162.8044    
  -111.2415       28.48430       179.6678    
  -111.2008       28.45970       131.6801    
  -111.0243       28.27080       156.0591    
  -110.9950       28.26940       78.20450    
  -92.37680       18.19700       42.89302    
  -94.02280       18.10680       28.07639    
  -91.70230       17.69300       42.11551    
  -121.4195       39.48330       364.1368    
  -94.03490       37.18990       73.43880    
  -93.70930       33.29880       15.77353    
  -85.88120       31.94020       230.4929    
  -90.72390       30.65450       60.51675    
  -88.56350       19.20980       137.3704    
  -96.34580       19.06690       72.47252    
  -92.72290       18.16320       17.45605    
  -90.60450       33.78490       18.59422    
  -86.67900       32.89970       10.08269    
  -91.62860       32.97250       13.50957    
  -91.24990       31.22190       56.22052    
  -111.4273       24.72510       81.74731    
  -91.70460       17.71280       14.16938    
  -73.27910       45.31310       18.16278    
  -90.62400       35.15710       23.93647    
  -86.56310       32.14070       56.01211    
  -85.74620       31.93770       261.2198    
  -85.26530       31.85900       215.6246    
  -104.5640       29.41990       118.2518    
  -113.8263       29.18500       115.7770    
  -111.2647       24.80430       79.00803    
  -88.56610       18.41660       73.99371    
  -92.79000       18.20390       18.71381    
  -91.60560       34.00720       41.32874    
  -90.58590       33.80860       17.14676    
  -90.57540       33.75990       20.16538    
  -84.66590       32.95770       61.04582    
  -91.92730       32.31640       19.02722    
  -90.11440       30.91560       155.1717    
  -104.5552       29.39670       116.5863    
  -104.5287       29.39560       117.0027    
  -104.5463       29.37360       118.0436    
  -111.2363       24.80300       75.78110    
  -92.72040       18.14340       19.21966    
  -91.76470       17.16400       157.1308    
  -90.31460       35.17320       7.219949    
  -91.50820       34.10160       249.0909    
  -91.48410       34.10090       48.91652    
  -111.8916       29.26620       200.9032    
  -113.8392       29.20850       156.0803    
  -111.7484       28.69050       237.5446    
  -111.2412       28.30390       129.0777    
  -90.66950       16.95240       54.37510    
  -74.59870       49.64600       102.8565    
  -91.32710       34.14510       19.07670    
  -91.51390       34.12620       38.88579    
  -91.48980       34.12540       32.93267    
  -91.46010       34.10020       18.85401    
  -99.92480       34.11290       96.95513    
  -91.42370       33.11000       17.45605    
  -91.62320       32.94840       16.81333    
  -111.9036       29.28970       199.1336    
  -111.9218       29.26780       206.3161    
  -111.2376       28.41640       181.3680    
  -111.2227       28.32560       99.72292    
  -97.47830       26.53780       353.3431    
  -111.4365       24.74710       89.10524    
  -92.26770       18.31380       27.37756    
  -92.76680       18.18370       167.3315    
  -88.72440       37.56580       31.67295    
  -89.84880       36.97700       39.60498    
  -89.84280       36.95110       57.79919    
  -111.9833       34.02340       571.1963    
  -84.17620       31.70120       80.61327    
  -90.10040       30.96140       95.28683    
  -104.4407       29.30100       122.2074    
  -111.9338       29.29120       187.7872    
  -111.6450       28.77590       174.5672    
  -111.1497       28.59270       176.4409    
  -111.1202       28.59120       208.8144    
  -111.0907       28.58980       262.1110    
  -111.0612       28.58830       250.3483    
  -111.1385       28.56950       186.1217    
  -111.2343       28.52910       194.4493    
  -111.2599       28.46270       166.5364    
  -111.0169       28.31550       129.3462    
  -111.0353       28.29380       195.7956    
  -111.0059       28.29240       171.5068    
  -110.9515       28.17730       112.6545    
  -74.21310       20.25100       81.63757    
  -92.00480       18.34910       202.6833    
  -85.87300       15.46230       159.1148    
  -89.87360       36.97770       31.76975    
  -89.86760       36.95180       42.47102    
  -91.30300       34.14440       97.20000    
  -91.01600       32.31480       20.89529    
  -84.62980       30.66790       70.11934    
  -111.0540       28.63320       225.0903    
  -111.0429       28.61000       256.9062    
  -111.3118       28.51040       147.1902    
  -111.3302       28.48870       140.3199    
  -111.2710       28.48580       137.6397    
  -111.2119       28.48290       158.3804    
  -111.2966       28.41940       167.1764    
  -111.2855       28.39630       176.9614    
  -111.2560       28.39480       148.5434    
  -111.2744       28.37320       122.3980    
  -111.2449       28.37170       180.0842    
  -111.2633       28.35010       184.8726    
  -110.9992       28.15720       137.6135    
  -92.53700       18.16010       194.4439    
  -92.51630       18.15970       181.6578    
  -93.90270       18.14420       18.51209    
  -92.94050       18.08790       8.758952    
  -91.23520       16.18100       73.62528    
  -85.89230       15.46250       80.08425    
  -88.63470       14.85510       52.35282    
  -98.97110       36.03390       17.52409    
  -96.10580       33.50100       11.20849    
  -85.85640       33.19380       125.6750    
  -91.69210       32.52250       18.32204    
  -84.15400       31.70090       82.02482    
  -111.0317       28.58690       239.0020    
  -111.4764       24.64110       127.0374    
  -111.4479       24.63990       133.0159    
  -92.53450       18.14030       193.8658    
  -108.3317       39.76080       5079.163    
  -96.45170       36.94760       126.8269    
  -90.36240       33.53690       25.91707    
  -90.33880       33.53620       22.96750    
  -85.85290       33.16980       695.0042    
  -91.56410       31.50910       20.03267    
  -113.3051       31.83270       122.8567    
  -111.2556       24.78230       69.32721    
  -111.4867       24.59850       142.2197    
  -108.3500       39.78930       5022.950    
  -98.94440       36.03270       93.73113    
  -90.36760       33.56110       19.72001    
  -85.45130       33.06680       123.2128    
  -113.3197       31.85730       59.34146    
  -111.0357       28.65490       199.3418    
  -111.2081       28.41500       161.8527    
  -93.04880       18.28750       87.47768    
  -92.74610       18.18340       63.25190    
  -108.3646       39.76290       363.8205    
  -97.58410       37.90320       20.95715    
  -96.43430       36.97260       180.5371    
  -97.68690       36.46110       15.62755    
  -98.64530       33.98630       21.43964    
  -98.61940       33.98520       277.8113    
  -95.99570       33.54520       14.67248    
  -100.7881       31.38020       1658.452    
  -113.3227       31.81000       161.9717    
  -112.2260       29.62690       244.4149    
  -97.45500       26.53710       165.7132    
  -111.4957       24.62050       132.2762    
  -91.74870       18.26580       139.0369    
  -98.12200       35.57000       108.8698    
  -90.24970       34.55470       10.04558    
  -91.80140       34.42770       27.40018    
  -91.77720       34.42690       400.9275    
  -89.35710       31.61610       93.48788    
  -98.02970       30.50990       155.9811    
  -98.00510       30.50900       202.7474    
  -112.6587       30.92460       82.85954    
  -112.7748       30.69740       105.7604    
  -112.7927       30.67510       87.29102    
  -112.7793       30.65100       96.70418    
  -103.1479       29.42820       106.9055    
  -111.0979       28.54490       230.2579    
  -111.4673       24.61920       127.2387    
  -91.92840       16.99030       38.48709    
  -113.1238       38.09010       4298.868    
  -90.22760       35.64420       15.71132    
  -91.53230       34.10230       20.66024    
  -91.41470       33.90460       9.798149    
  -91.76080       32.61930       17.51790    
  -87.35510       30.99250       38.11840    
  -100.7625       31.37910       98.49553    
  -113.3695       31.83640       133.0333    
  -87.73520       30.56350       66.65666    
  -111.6752       29.18670       181.1251    
  -111.6634       29.16330       182.9988    
  -111.0940       28.47700       169.7788    
  -110.9916       28.20170       167.3846    
  -111.4388       24.61800       109.8548    
  -88.76840       17.80840       278.4548    
  -85.40240       15.67010       171.7725    
  -120.6859       40.10870       18262.96    
  -120.6103       40.07510       6897.267    
  -85.64080       33.59770       103.8065    
  -90.82120       33.69410       25.53457    
  -90.79740       33.69350       26.47126    
  -85.72370       31.93730       181.6096    
  -85.29080       31.88290       234.2147    
  -100.8221       31.40490       278.9597    
  -100.7964       31.40390       334.5662    
  -100.7707       31.40280       114.9092    
  -100.8138       31.38120       331.1331    
  -111.7052       29.18820       183.6463    
  -111.6934       29.16480       193.2001    
  -110.9657       28.26790       143.6510    
  -107.3478       24.47130       223.2709    
  -93.84530       18.18280       15.19703    
  -88.74840       17.80810       235.4581    
  -95.24690       43.23460       21.01901    
  -97.46810       39.63150       36.54512    
  -97.45720       39.60390       77.69241    
  -97.42940       39.60260       52.87537    
  -108.3829       39.79140       209.2482    
  -108.3171       39.78720       6630.181    
  -108.2988       39.75870       3556.591    
  -89.82400       36.97630       40.55964    
  -89.79920       36.97560       48.50826    
  -89.81810       36.95040       28.01985    
  -89.79330       36.94970       39.62972    
  -90.13910       36.32180       42.70608    
  -90.11450       36.32110       162.7735    
  -90.13320       36.29630       51.35781    
  -90.10870       36.29560       41.93080    
  -85.42920       34.19910       45.47911    
  -91.51120       33.49650       18.93649    
  -95.38880       33.40320       20.16461    
  -85.40570       33.06600       120.7875    
  -91.78440       32.62000       58.24111    
  -91.58240       31.48630       25.78200    
  -93.20270       31.04460       8.511525    
  -113.3168       31.90460       141.1567    
  -112.6683       30.50530       89.81310    
  -112.6551       30.48130       92.64446    
  -111.2750       28.55370       121.6704    
  -110.9548       28.24490       147.1902    
  -111.5527       24.62290       125.3303    
  -111.5151       24.59980       130.5350    
  -89.04000       18.54170       41.46758    
  -120.5791       40.04500       15644.60    
  -120.5922       40.01860       7716.037    
  -96.62400       33.49580       11.35695    
  -90.98680       33.26550       6.210443    
  -112.6995       30.50700       92.85265    
  -112.6731       30.45910       91.25654    
  -113.8781       29.27920       192.9920    
  -111.0025       28.22470       124.8138    
  -92.87090       18.02740       10.61847    
  -97.48270       38.90460       20.34477    
  -98.98500       33.27390       93.06086    
  -112.6419       30.45740       89.35508    
  -97.46040       26.55900       108.9772    
  -91.68310       16.79120       61.03509    
  -98.06280       37.68870       86.00073    
  -89.81360       34.51840       86.40451    
  -85.63740       33.57360       71.76509    
  -91.69750       32.54640       115.6701    
  -113.1441       38.11790       2258.937    
  -113.0885       38.08770       1315.646    
  -97.92020       37.24090       375.7247    
  -97.89330       37.23980       43.06485    
  -97.91040       37.21470       37.92247    
  -97.88350       37.21350       23.66649    
  -85.87580       33.17020       217.1615    
  -101.8494       31.49440       97.12056    
  -111.5350       28.90650       108.6751    
  -89.31720       20.02000       51.57529    
  -91.56030       17.33730       39.78296    
  -76.40640       41.74340       58.37452    
  -107.8718       38.57350       111.7687    
  -108.0717       34.93420       233.0877    
  -91.20460       33.92280       241.0765    
  -91.40670       32.39630       27.76142    
  -114.9329       32.21400       225.2614    
  -113.0622       27.07430       145.3165    
  -123.0999       41.51180       1657.417    
  -122.8743       40.12280       4508.761    
  -122.8398       40.09240       2090.368    
  -96.51900       37.96290       99.13525    
  -91.19900       33.89840       28.75113    
  -99.50530       34.16830       95.74425    
  -99.47910       34.16720       191.6496    
  -111.8849       29.54030       161.7635    
  -111.8546       29.53880       146.7738    
  -111.8728       29.51680       154.0605    
  -111.7096       28.84720       115.3372    
  -113.0320       27.07280       86.88029    
  -93.18980       17.93410       40.54099    
  -91.53510       33.49720       23.23349    
  -91.37060       32.23010       76.41060    
  -112.8910       27.80180       154.8238    
  -111.3858       24.96060       155.1014    
  -101.2763       49.64090       32.85844    
  -90.00670       35.73820       17.93688    
  -90.20320       35.64350       9.550721    
  -91.39410       32.23070       173.6897    
  -111.7599       28.71370       232.7562    
  -111.7300       28.71220       217.1420    
  -111.7001       28.71070       212.7700    
  -111.1946       28.68540       142.8182    
  -111.2671       28.41790       173.9426    
  -111.0462       28.31690       189.2862    
  -111.1403       24.43330       78.48756    
  -111.1509       24.39080       124.2893    
  -93.82170       18.16260       13.83123    
  -91.61140       34.03170       24.14897    
  -91.62970       34.00790       29.13156    
  -90.77650       33.81380       42.61948    
  -90.77110       33.78950       51.49595    
  -100.3553       34.08260       90.14619    
  -91.59950       32.94780       28.55319    
  -91.65030       32.54510       14.59825    
  -85.27150       31.90590       211.1916    
  -111.7044       29.30220       158.1202    
  -111.0856       24.36660       106.1768    
  -111.0768       24.34480       122.7279    
  -122.6915       41.16600       3021.620    
  -122.6433       41.16190       3901.533    
  -120.6415       40.10510       28052.99    
  -90.70260       34.44470       19.79424    
  -90.80030       33.81450       22.36749    
  -90.79500       33.79010       24.44589    
  -111.6078       29.34300       131.4372    
  -111.4104       24.61680       86.50287    
  -111.4582       24.59730       100.9721    
  -111.1050       24.34600       112.4225    
  -70.26260       19.10730       44.93296    
  -91.78880       17.91100       8.369252    
  -120.5660       40.07150       1921.211    
  -91.55920       34.42040       12.87121    
  -90.77360       33.69280       15.63745    
  -103.1121       32.99590       85.98239    
  -113.2846       31.90270       88.25542    
  -113.3021       31.88000       131.6801    
  -113.2905       31.80810       108.4102    
  -111.6925       29.27880       95.86298    
  -111.6387       29.23040       82.44317    
  -110.9737       28.76500       181.7844    
  -111.0486       24.34360       144.2756    
  -92.56360       18.53670       114.9598    
  -91.60690       17.75060       34.98827    
  -93.11840       17.69630       11.13426    
  -97.93730       37.21580       38.93280    
  -115.8834       33.92060       201.5277    
  -88.13640       32.05600       167.3898    
  -88.13240       32.03240       162.1073    
  -113.3995       31.62490       92.64446    
  -111.6260       29.32110       116.5030    
  -99.67310       28.77450       153.6417    
  -92.37080       17.97960       65.79155    
  -120.7303       40.11230       4908.441    
  -91.80260       34.23220       31.62625    
  -111.7163       29.32570       145.7849    
  -111.6743       29.30070       116.4822    
  -111.6451       29.18510       126.5794    
  -111.0327       28.76790       229.0088    
  -111.0032       28.76650       218.1829    
  -93.96000       18.10570       56.75874    
  -92.23150       18.01680       20.22999    
  -90.22350       35.51910       13.37348    
  -100.9425       34.45140       165.8374    
  -100.9156       34.45020       210.1293    
  -91.66530       34.05760       18.97773    
  -112.7174       30.48470       109.9242    
  -112.6863       30.48300       109.5772    
  -111.6569       29.20850       107.8423    
  -92.85030       18.02710       11.10952    
  -93.12090       17.71610       8.093145    
  -122.9089       40.15330       2869.412    
  -95.90850       33.83250       94.05323    
  -91.46170       33.27880       12.61883    
  -111.5959       29.31950       126.1630    
  -111.7345       29.30380       130.8126    
  -111.6624       29.27730       73.11672    
  -111.5969       29.20550       97.64103    
  -111.5369       29.20240       131.1596    
  -111.5851       29.18210       107.7382    
  -111.6034       29.16020       133.1998    
  -111.5317       29.13380       158.1780    
  -111.5018       29.13220       175.2958    
  -111.6399       29.11650       132.5475    
  -111.6099       29.11500       133.7272    
  -111.5200       29.11040       161.8676    
  -111.4901       29.10890       175.4520    
  -111.5083       29.08700       164.5095    
  -92.71790       18.12360       229.1490    
  -92.10230       17.44380       110.9258    
  -120.5972       40.10150       8067.388    
  -90.99760       32.33790       110.5653    
  -112.2072       29.53420       79.73671    
  -111.6561       29.32260       94.86491    
  -111.5669       29.20390       107.0096    
  -111.6151       29.18360       118.4600    
  -111.5252       29.17900       100.9721    
  -111.5734       29.15870       159.9592    
  -111.6216       29.13830       156.3506    
  -111.5916       29.13680       145.4949    
  -111.5616       29.13530       171.3402    
  -111.5799       29.11340       124.3414    
  -111.6281       29.09310       123.9424    
  -120.6490       40.77120       4251.432    
  -120.6165       40.74070       875.8885    
  -108.2842       39.78510       2812.255    
  -97.51020       38.90580       217.9007    
  -120.5349       40.04150       1986.982    
  -113.1089       38.11550       1272.945    
  -90.58120       35.18070       21.04375    
  -94.01720       34.89210       68.85676    
  -90.40140       34.48530       7.274384    
  -97.28040       31.76010       47.97729    
  -111.6334       29.16170       161.1389    
  -111.5434       29.15710       161.8468    
  -111.5135       29.15560       143.9286    
  -111.4602       29.10740       141.2915    
  -122.7363       41.90740       2229.396    
  -122.6494       41.87140       1852.127    
  -112.3453       39.53710       324.1937    
  -97.62270       36.79060       24.24795    
  -97.63990       36.76570       17.29522    
  -97.61320       36.76460       33.77392    
  -90.55790       33.34970       11.91119    
  -91.75540       32.59540       18.11448    
  -112.2377       29.53580       75.57290    
  -113.3310       28.65820       204.9386    
  -113.3496       28.63650       199.8436    
  -122.6873       41.90320       2696.205    
  -108.3354       39.81560       504.3547    
  -97.58010       39.01600       13.46008    
  -91.32040       33.49110       14.41681    
  -91.18140       32.65060       18.06224    
  -111.6516       29.13990       164.2097    
  -111.4719       29.13070       145.1083    
  -111.6129       28.59320       221.0976    
  -113.4147       27.06940       163.0126    
  -79.17130       21.97820       7.917696    
  -120.6729       40.13520       2720.127    
  -96.30810       38.11170       61.41375    
  -105.0799       36.58620       184.2538    
  -99.48810       34.19200       83.10181    
  -99.45290       34.16610       221.3058    
  -91.73180       32.59480       186.7284    
  -101.8153       31.75100       94.85848    
  -111.6699       29.11800       141.2915    
  -113.3683       28.61480       172.6199    
  -96.01580       48.78120       19.20041    
  -99.04900       35.96150       161.6759    
  -85.31830       33.25560       46.05920    
  -95.41360       33.40410       19.86847    
  -111.6999       29.11960       124.3934    
  -111.6881       29.09620       118.9284    
  -111.8633       29.03680       126.7876    
  -111.8332       29.03530       131.1596    
  -113.3806       28.63810       205.6915    
  -113.0994       26.78800       276.2299    
  -88.09650       19.16360       69.87558    
  -98.14940       38.19080       12.56110    
  -97.68920       36.97310       219.1583    
  -90.78810       34.71710       9.773407    
  -90.24150       34.40750       8.350695    
  -85.32160       33.27960       38.77246    
  -91.94340       32.38770       75.79852    
  -97.25570       31.75920       80.20292    
  -94.20390       31.30670       157.6545    
  -111.6816       29.14140       136.1188    
  -111.8267       29.08050       111.9020    
  -111.7966       29.07890       122.6238    
  -111.7665       29.07740       95.55913    
  -111.8450       29.05870       120.3337    
  -111.8149       29.05710       135.8647    
  -111.7848       29.05560       111.1317    
  -113.5419       28.82810       208.5507    
  -113.5294       28.80470       201.9441    
  -92.97270       17.85150       22.72514    
  -113.0534       38.08530       853.6378    
  -97.71590       36.97430       55.20119    
  -97.42110       36.37370       21.67469    
  -99.07580       35.96270       216.5318    
  -99.93400       34.13770       70.70097    
  -91.41780       33.71100       34.04919    
  -112.8241       30.67680       77.44662    
  -111.5070       29.20090       128.4531    
  -111.7783       29.10080       102.0130    
  -97.20790       38.67910       76.98192    
  -89.80730       36.79630       27.12429    
  -90.00110       35.71300       13.43843    
  -99.03930       35.93590       221.6969    
  -92.02010       34.33640       19.14680    
  -108.0579       34.90850       230.2579    
  -91.34550       34.12130       41.15717    
  -91.44180       33.71160       23.46855    
  -91.52520       32.82650       56.26880    
  -92.20290       31.03930       252.3106    
  -111.7408       29.25850       158.2243    
  -113.3065       28.61160       165.8710    
  -89.81320       36.82210       24.85167    
  -91.99580       34.33560       26.12840    
  -91.81440       34.28130       20.01693    
  -91.80850       34.25670       47.88832    
  -92.20800       31.06260       95.25089    
  -92.22620       31.03990       18.68081    
  -113.3187       28.63490       198.2848    
  -113.3374       28.61320       140.6181    
  -113.0737       38.11310       1220.131    
  -91.78430       34.25600       236.4273    
  -91.21250       34.16610       74.48505    
  -91.36950       34.12190       39.50600    
  -111.9511       34.02150       245.8259    
  -111.9356       33.99600       278.7906    
  -91.44860       32.37380       35.34922    
  -111.6581       29.09460       125.3303    
  -113.3001       28.65660       197.6134    
  -92.89100       18.18580       8.412553    
  -99.05880       35.98720       142.0461    
  -90.33030       34.70430       14.75496    
  -91.63540       34.03240       20.33858    
  -113.4687       26.93890       136.1188    
  -92.99590       17.87160       22.91183    
  -93.99230       34.89130       124.0536    
  -90.86370       34.52280       7.917696    
  -111.7892       29.23810       117.0027    
  -92.80250       18.30300       155.9404    
  -88.96170       17.94860       43.02261    
  -97.09040       46.80850       23.12215    
  -97.56240       36.40500       23.35720    
  -97.53600       36.40390       35.55540    
  -90.32370       35.74710       7.373354    
  -90.31790       35.72190       7.398098    
  -90.21050       35.56870       9.686807    
  -90.27370       34.55540       8.412553    
  -91.41230       33.68660       24.91600    
  -112.6766       30.90220       101.3885    
  -111.7646       29.30530       103.0540    
  -111.8011       29.26150       113.6716    
  -113.3619       28.65980       196.2886    
  -70.22990       18.92930       39.04010    
  -92.28590       18.29430       250.3617    
  -99.06610       35.93700       185.4491    
  -91.83270       34.25750       24.37166    
  -91.82680       34.23290       31.54707    
  -91.67110       34.08210       15.89313    
  -113.3433       28.68150       161.0001    
  -92.12830       18.35110       230.2353    
  -92.12590       18.33130       385.6670    
  -108.3135       39.73240       488.9277    
  -113.1293       38.14330       345.9355    
  -113.0940       38.14090       307.7046    
  -90.94720       35.91600       18.55710    
  -91.67680       34.10660       21.50149    
  -91.45380       32.39760       38.52454    
  -91.43020       32.39690       29.96353    
  -91.42500       32.37320       32.70998    
  -91.71770       32.00440       20.47879    
  -111.7828       29.28340       84.52507    
  -92.10770       18.35070       89.14362    
  -95.70530       48.79950       323.9708    
  -120.6939       40.77490       708.7599    
  -120.6041       40.76750       768.9081    
  -120.7173       40.13880       2055.413    
  -120.6285       40.13160       1867.615    
  -91.17910       32.53200       19.27464    
  -91.15560       32.53130       19.09319    
  -112.2078       29.64890       135.5316    
  -94.69740       48.74910       18.03750    
  -97.19770       38.65200       71.98937    
  -91.20690       34.14160       11.30746    
  -109.2952       34.30990       87.20860    
  -101.8073       31.86820       81.87064    
  -92.28840       18.31420       92.58249    
  -93.18930       18.09210       5.385684    
  -92.99340       17.85190       19.57156    
  -95.16880       16.20300       14.36369    
  -122.6849       40.10710       2147.707    
  -90.30500       35.77170       11.87655    
  -97.53270       21.44060       95.27849    
  -92.85280       18.04690       6.235186    
  -96.00440       48.95220       29.65672    
  -89.78850       36.82140       8.486781    
  -89.82890       36.13590       15.58797    
  -98.07880       36.17280       15.70549    
  -98.06950       36.14700       20.40044    
  -98.38670       35.65630       118.2953    
  -97.08940       38.43500       15.52363    
  -106.4070       38.45930       224.5824    
  -98.22240       37.61750       115.6661    
  -98.42230       35.68290       133.0273    
  -98.39590       35.68180       62.59929    
  -98.36950       35.68060       64.57871    
  -98.41310       35.65740       61.43637    
  -98.36030       35.65520       49.80725    
  -110.3314       24.05690       226.5105    
  -105.8569       43.90910       655.2160    
  -91.37160       35.65260       8.264096    
  -91.24930       34.11850       11.67860    
  -91.22530       34.11780       15.01888    
  -91.19700       32.72230       12.55697    
  -95.95200       48.84650       21.23757    
  -105.8229       43.90690       415.2676    
  -90.12290       35.71640       8.824933    
  -90.50690       35.27800       10.09919    
  -96.87670       28.85840       20.09822    
  -108.2660       39.75670       835.1851    
  -107.1834       37.92380       74.72722    
  -89.22530       36.93390       8.239353    
  -89.21960       36.90810       8.016668    
  -92.87180       17.86950       6.037243    
  -95.57340       48.72430       39.76168    
  -96.85290       28.85760       27.88514    
  -92.36460       18.09790       6.408386    
  -122.7513       44.82940       49.91861    
  -97.54520       36.42970       18.91587    
  -91.23090       34.14230       8.202240    
  -120.9100       49.87650       612.6993    
  -90.98420       34.52620       23.51061    
  -91.43460       33.78400       107.8775    
  -121.0210       41.76100       721.5243    
  -91.92900       34.35810       9.624950    
  -113.0385       38.11070       778.5259    
  -97.70630       36.94810       96.88772    
  -106.4658       36.30460       76.98192    
  -91.15050       32.50750       21.27881    
  -91.47540       32.06820       8.264096    
  -121.0097       41.78860       619.0603    
  -91.93500       34.38270       9.154837    
  -78.35250       21.66920       5.507335    
  -98.68930       21.42920       35.84961    
  -97.40920       38.50180       75.21037    
  -122.6797       41.19320       1908.691    
  -90.56300       33.37390       7.323869    
  -97.55490       21.44120       116.8429    
  -88.57480       17.21780       22.02965    
  -97.31650       36.44570       19.84373    
  -96.30510       48.59150       21.93037    
  -98.54260       35.51250       45.13087    
  -98.51620       35.51140       185.0490    
  -91.44020       33.80840       34.54095    
  -111.9494       42.30610       84.71232    
  -111.7230       38.44660       109.9242    
  -92.51250       17.96220       30.70582    
  -122.7968       44.86410       51.14337    
  -110.5619       42.20630       74.88827    
  -120.5530       40.09800       1353.121    
  -96.59600       37.80890       62.87394    
  -97.52790       36.45450       29.46868    
  -98.34310       35.67950       56.66927    
  -99.61420       35.23390       151.8702    
  -101.4070       35.66540       21.58023    
  -96.90320       20.30600       85.20365    
  -120.1868       49.77060       551.2814    
  -114.7388       44.92690       127.5638    
  -111.6645       38.36300       107.0096    
