  -113.8243       46.60270       502.9099    
  -111.6952       45.57970       294.9947    
  -115.7696       44.28200       66.11591    
  -121.7223       44.73550       215.7909    
  -121.5821       44.48010       108.9498    
  -115.2347       43.61040       59.31605    
  -120.1164       41.23240       1489.857    
  -120.2177       41.21250       286.1899    
  -120.1730       41.20880       553.4930    
  -120.1284       41.20520       2358.653    
  -120.0838       41.20150       637.2070    
  -120.1850       41.18170       808.3840    
  -120.1404       41.17800       941.6951    
  -120.0958       41.17430       3683.487    
  -120.0513       41.17070       1856.572    
  -120.0068       41.16710       1329.981    
  -120.1970       41.15450       228.9922    
  -120.1524       41.15090       626.5286    
  -120.1078       41.14720       1389.263    
  -120.0633       41.14350       2133.326    
  -120.0189       41.13990       2722.484    
  -119.9745       41.13630       1673.610    
  -120.1199       41.12010       631.3635    
  -120.0754       41.11640       2514.712    
  -120.0310       41.11280       2024.820    
  -119.9866       41.10910       2059.467    
  -120.2659       41.10390       1267.752    
  -120.2212       41.10030       1742.865    
  -120.1766       41.09660       418.9508    
  -120.0875       41.08930       392.4680    
  -120.0431       41.08570       800.5329    
  -120.2333       41.07320       1733.121    
  -120.1887       41.06950       2395.738    
  -120.1442       41.06590       641.6375    
  -121.6371       41.10520       75.62373    
  -123.5085       41.15140       297.9682    
  -123.1861       40.84330       84.91213    
  -122.9085       40.68020       90.98251    
  -120.7800       40.39260       448.0011    
  -120.7927       40.36590       643.4356    
  -120.7480       40.36230       464.9437    
  -120.7033       40.35870       337.6461    
  -108.8225       39.49280       147.5406    
  -108.7895       39.49070       977.6955    
  -108.7565       39.48860       1038.094    
  -120.6715       40.32840       298.0701    
  -108.8042       39.46450       132.2056    
  -108.7712       39.46240       158.0578    
  -108.7382       39.46030       245.9234    
  -120.8311       40.28600       2405.133    
  -120.7993       40.25580       2100.115    
  -123.0649       40.13870       175.7038    
  -120.8664       39.93080       1050.442    
  -120.8219       39.92720       271.4482    
  -120.8795       39.90440       1747.010    
  -120.8483       39.87440       1317.413    
  -121.1108       39.81340       1287.554    
  -122.8954       39.68530       1350.328    
  -122.8617       39.65520       2280.092    
  -122.8147       39.65140       550.7730    
  -122.8281       39.62510       1955.994    
  -122.7812       39.62130       662.5080    
  -98.33310       38.04110       55.14027    
  -122.8550       39.57280       958.4481    
  -122.9626       39.55430       304.2328    
  -122.8216       39.54280       889.3696    
  -122.3081       38.87810       615.6946    
  -122.4104       38.77880       982.9117    
  -122.4247       38.75310       483.8560    
  -122.3791       38.74940       541.9421    
  -122.3934       38.72370       715.4809    
  -122.3478       38.72010       282.5207    
  -122.4989       38.70530       939.2278    
  -122.1624       38.54460       116.7928    
  -106.1154       37.23570       65.41485    
  -118.5001       36.17750       806.2493    
  -118.4612       36.17470       1383.533    
  -118.4772       36.15030       1059.093    
  -118.4384       36.14750       929.2023    
  -91.34380       32.75010       107.0767    
  -91.42230       32.46770       5.016211    
  -91.86950       32.26760       6.963063    
  -113.3168       31.90460       188.7461    
  -116.1856       50.08600       1427.297    
  -109.0769       40.55170       40.98917    
  -120.1610       41.23600       2172.110    
  -121.4145       41.28370       62.94441    
  -120.8247       40.39620       337.6300    
  -120.7608       40.33560       278.9814    
  -123.1127       40.14270       612.2313    
  -120.8927       39.87800       233.8291    
  -122.8629       39.84690       460.4187    
  -122.4532       38.70170       368.2620    
  -105.8397       36.55080       26.56705    
  -120.3172       48.42360       78.16843    
  -112.5993       41.72350       119.5277    
  -121.4587       40.75420       53.43877    
  -120.3541       40.41340       97.92030    
  -120.8120       40.42290       253.2263    
  -109.7662       39.47240       39.72871    
  -120.9109       39.93440       247.5772    
  -120.8351       39.90080       2581.913    
  -109.9815       39.02730       76.71690    
  -122.8289       39.81670       2114.141    
  -98.35000       38.01560       96.01028    
  -122.5303       38.73470       536.4300    
  -122.4846       38.73100       266.2982    
  -97.77150       37.05390       9.681638    
  -97.00440       36.81610       90.47343    
  -118.4682       36.22640       4792.157    
  -118.4842       36.20190       2971.172    
  -118.4453       36.19910       735.8478    
  -118.4349       35.30990       44.48153    
  -91.69980       32.45170       196.6193    
  -101.9477       28.27720       30.89334    
  -121.0512       43.24000       131.4947    
  -122.9523       39.96410       113.0158    
  -109.9817       37.02410       42.40979    
  -118.4293       36.22360       3255.045    
  -91.48650       31.90420       24.31584    
  -109.6423       30.50830       128.1653    
  -115.2019       43.81610       40.39797    
  -110.0379       39.87160       56.39606    
  -120.8569       40.42660       290.5370    
  -122.6036       40.07280       408.5900    
  -120.1790       36.89160       12.66330    
  -109.9649       36.99720       46.18768    
  -121.2265       42.87430       86.89133    
  -96.99530       36.79010       70.19394    
  -91.36740       32.75070       15.14949    
  -117.1772       33.73410       47.16261    
  -91.72340       32.45240       73.64529    
  -113.8588       46.63750       588.2079    
  -118.4064       36.19640       1573.825    
  -107.4719       24.45480       95.81653    
  -93.88020       29.75870       579.5391    
  -114.9658       43.76740       62.75161    
  -123.6786       40.99740       117.0193    
  -120.2076       43.72870       194.6463    
  -97.01010       38.72370       44.92277    
  -118.1530       34.46520       66.05202    
  -121.0235       43.47350       251.0423    
  -121.3711       43.47440       107.4383    
  -120.6699       43.35410       248.7698    
  -121.5716       43.16780       151.9788    
  -117.2515       33.78800       51.36703    
  -120.2266       43.37480       215.0813    
  -110.7155       33.85110       356.4185    
  -110.7009       33.82580       282.9998    
  -110.0326       43.65980       35.47148    
  -121.0042       43.08910       133.4446    
  -110.7468       33.85290       135.0540    
  -110.7322       33.82760       533.2962    
  -120.9944       43.11750       227.1825    
  -119.5561       42.01000       100.1748    
  -123.7045       41.05570       736.4973    
  -98.08460       37.32570       5.524848    
  -120.9468       43.11340       124.3046    
  -111.1583       36.50520       42.16605    
  -123.6638       40.80010       64.65317    
  -118.9220       34.84160       39.85058    
  -106.2581       35.68520       131.9380    
  -116.9785       35.31080       79.68511    
  -121.6214       44.72640       250.0733    
  -121.1384       43.42450       99.38271    
  -123.3962       41.79330       204.0524    
  -106.2285       35.68360       180.9736    
  -110.8313       44.43880       75.72124    
  -113.5056       44.95000       182.5257    
  -106.0058       39.80820       167.9043    
  -105.8647       40.70900       1294.266    
  -124.9259       49.59320       133.6214    
  -101.9414       32.15720       83.45129    
  -97.93260       22.21180       10.74536    
  -101.9423       32.22830       66.10320    
  -101.2410       44.89620       62.64643    
  -97.95510       22.21240       14.94904    
  -113.2447       34.81730       148.7762    
  -105.9742       39.80630       268.5228    
  -113.2276       34.79140       255.2783    
  -122.8334       38.03880       319.3150    
  -105.8327       40.70710       949.8661    
  -105.8475       40.68020       891.1305    
  -105.8967       40.71100       577.0373    
  -105.8155       40.67820       233.0878    
  -105.9384       40.57460       192.0410    
  -117.9710       43.95470       129.0031    
  -118.0060       43.98750       144.6433    
  -121.6495       37.52440       359.9033    
  -121.6930       37.52770       386.7492    
  -105.8820       40.73790       192.4968    
  -121.3897       37.13850       816.4271    
  -121.4998       37.25120       346.9778    
  -106.0723       39.92150       177.4478    
  -121.3468       37.13520       1293.205    
  -121.6647       37.49930       351.3639    
  -121.7214       37.55620       325.4828    
  -121.5707       37.28270       143.3143    
  -110.8616       33.42080       132.3428    
  -70.34600       18.92870       44.71801    
  -106.0556       39.89320       199.9118    
  -83.16390       42.30190       22.68774    
  -121.6798       36.20410       560.6195    
  -93.97120       29.85210       21.24294    
  -121.4326       37.14170       748.2704    
  -113.2611       34.79350       136.5984    
  -113.5463       44.95330       63.21353    
  -78.03140       39.36970       22.66730    
  -121.1602       37.14710       34.40656    
  -121.1555       39.81700       1306.568    
  -93.48740       41.62790       6.518736    
  -120.9818       39.88520       412.4135    
  -93.49720       41.65670       5.963328    
  -121.1871       39.84690       841.0926    
  -121.1241       39.78710       437.6523    
  -113.5261       38.67560       186.1118    
  -120.8630       40.31630       1247.228    
  -120.7864       40.28240       1462.033    
  -85.33210       41.06660       5.823015    
  -120.7546       40.25220       1460.366    
  -120.8183       40.31260       364.1494    
  -111.7052       45.54940       153.8524    
  -111.4125       33.42820       207.9510    
  -101.4631       26.88850       49.86176    
  -100.1761       36.59630       15.68004    
  -109.9452       27.39220       8.927454    
  -92.03840       35.77340       430.1518    
  -93.90620       37.18520       44.40904    
  -113.5475       38.70380       159.5986    
  -90.86590       33.14240       13.89105    
  -91.65720       31.51170       7.670477    
  -83.00320       39.53480       7.875102    
  -91.71810       32.42860       131.9290    
  -93.18470       17.89460       15.97919    
  -122.6878       39.80510       400.7266    
  -92.11800       35.70070       31.29716    
  -94.41540       33.85310       275.9169    
  -90.84740       33.16580       16.64821    
  -97.99110       36.93460       29.38401    
  -91.65220       31.48820       49.39719    
  -92.43320       31.13830       7.401542    
  -98.01790       36.93570       20.29285    
  -97.96430       36.93340       18.45124    
  -97.98140       36.90850       25.76508    
  -91.74170       32.42930       15.50465    
  -94.40860       33.82860       531.0821    
  -94.89850       39.30600       6.827760    
  -89.99080       33.67170       22.55280    
  -91.69450       32.42790       14.95217    
  -92.72380       42.19830       9.073365    
  -92.06320       35.77420       366.0261    
  -97.78830       38.43900       64.39448    
  -118.5071       36.22910       2654.748    
  -116.0966       35.15110       65.42672    
  -98.37390       33.03350       60.73421    
  -88.64120       32.58620       121.7835    
  -73.98140       48.06100       12.82431    
  -97.76400       37.10510       6.998141    
  -118.5302       36.25640       555.8618    
  -118.4912       36.25360       1479.600    
  -118.5461       36.23190       532.0164    
  -110.7176       33.80240       279.0767    
  -110.6863       33.80050       63.33438    
  -91.81350       32.64450       38.72509    
  -116.0802       35.17510       57.94746    
  -115.2959       32.52350       53.31691    
  -93.11510       17.83420       13.62284    
  -95.04230       36.00200       19.18083    
  -118.4523       36.25080       2536.882    
  -108.6065       39.45200       1436.461    
  -118.5231       36.20470       606.7272    
  -91.31790       32.41750       78.47821    
  -101.9332       32.20420       19.98622    
  -100.0340       29.39650       17.38305    
  -120.1491       41.26320       426.7077    
  -108.6394       39.45410       612.3809    
  -113.5115       38.70130       66.80354    
  -113.4902       38.67310       144.0154    
  -97.62620       36.94470       20.52087    
  -97.59950       36.94360       145.1380    
  -113.2270       34.74160       151.3542    
  -101.1850       20.57650       14.49808    
  -89.15580       18.08910       74.80858    
  -118.4224       36.17190       883.0838    
  -72.18500       43.02180       94.15247    
  -123.0918       38.59220       159.0848    
  -94.88770       33.96630       337.9117    
  -91.40930       32.72810       14.60577    
  -93.45560       32.00810       88.63081    
  -93.43180       32.00740       24.93636    
  -93.44980       31.98450       27.08052    
  -93.42600       31.98370       80.43141    
  -89.62590       34.41550       37.38663    
  -88.24690       33.72500       29.62518    
  -94.44000       33.85390       107.5026    
  -94.39070       33.85220       120.4095    
  -91.18210       32.43740       10.71645    
  -94.84180       30.93270       70.67761    
  -91.38570       32.72750       26.45959    
  -109.2391       27.35980       35.99689    
  -113.5620       38.67810       148.2394    
  -110.6842       33.84930       83.15298    
  -110.5566       33.57360       343.4604    
  -91.13790       32.01210       408.3752    
  -89.37290       40.14620       7.419083    
  -108.6213       39.42580       553.6575    
  -108.5884       39.42370       935.6572    
  -94.31680       33.84970       488.0060    
  -91.61130       32.68630       34.49738    
  -91.80810       32.62060       86.49747    
  -91.14290       32.03570       36.55574    
  -91.16120       32.01270       13.39410    
  -122.5275       38.65400       126.5637    
  -110.5709       33.59880       967.4706    
  -91.60600       32.66240       23.06040    
  -91.83180       32.62130       39.17381    
  -91.34120       33.99950       23.03818    
  -94.38400       33.82770       395.2719    
  -97.02490       48.12260       9.199311    
  -88.21910       33.70020       40.26659    
  -113.2441       34.76750       426.8893    
  -115.3474       32.50260       50.87957    
  -108.6247       39.48020       929.2336    
  -97.80910       38.49290       329.9283    
  -97.78170       38.49170       431.7609    
  -97.79870       38.46590       30.07973    
  -97.77130       38.46470       256.1796    
  -92.04490       35.79870       75.90817    
  -113.1936       34.73950       331.2645    
  -110.5877       33.57540       73.26375    
  -79.30570       40.47140       37.99521    
  -118.3905       36.22080       875.1148    
  -94.88080       33.94180       187.4291    
  -90.97400       32.88270       6.314113    
  -94.91250       33.96720       285.9176    
  -94.86290       33.96550       66.30085    
  -91.78980       32.64390       20.31040    
  -116.1398       31.31240       16.03198    
  -107.8989       25.41790       48.19848    
  -122.9155       39.55050       132.7072    
  -97.38970       37.08920       12.69400    
  -97.36300       37.08810       54.41593    
  -97.69680       36.92200       10.84800    
  -121.3741       37.16330       604.4528    
  -121.3312       37.16010       557.9149    
  -121.3039       37.13190       1046.367    
  -122.6211       39.55360       639.2894    
  -122.4560       38.78240       816.4130    
  -96.42500       36.10530       150.6939    
  -96.72880       34.54670       105.1813    
  -90.26940       33.31800       14.01382    
  -91.26260       32.91450       34.91833    
  -91.23890       32.91380       22.90376    
  -88.54350       39.11840       16.36106    
  -97.55260       39.01470       129.9814    
  -121.3195       37.10710       906.4258    
  -96.73680       34.57160       67.18437    
  -96.70330       34.54570       70.60923    
  -110.6551       33.48190       443.8316    
  -97.58010       39.01600       49.02791    
  -92.42740       34.42220       123.8313    
  -95.54080       48.72270       16.38161    
  -97.46830       38.79710       119.4420    
  -97.83800       36.87670       30.17327    
  -81.12860       34.72130       68.08537    
  -118.5692       36.25920       198.9511    
  -109.8340       31.52310       59.02179    
  -87.76600       21.10620       3.753389    
  -70.38250       48.97420       8.618763    
  -97.59080       39.04330       177.8645    
  -97.56320       39.04200       25.27749    
  -97.84750       36.90280       17.04810    
  -121.5275       37.27940       418.6964    
  -114.8594       32.40110       45.51740    
  -113.4115       28.63970       61.60387    
  -97.49570       38.79830       132.1997    
  -97.45780       38.76990       92.07169    
  -122.6277       39.82750       197.7202    
  -92.43360       34.44690       105.2646    
  -91.34900       32.77400       39.16503    
  -113.3197       31.85730       18.96488    
  -88.17050       39.48530       6.480735    
  -97.48530       38.77110       45.76795    
  -91.37270       32.77470       24.57827    
  -91.32540       32.77340       15.68005    
  -88.64550       32.61000       208.0899    
  -101.3308       31.26240       357.0058    
  -113.3051       31.83270       99.68984    
  -116.1826       50.15600       1589.249    
  -116.1348       50.11640       1479.811    
  -120.1938       41.26690       565.3761    
  -105.9908       39.83460       183.5726    
  -113.2106       34.76540       199.8743    
  -113.3695       31.83640       48.94077    
  -89.82280       16.70670       26.25727    
  -91.56010       40.43680       12.45283    
  -95.69270       35.57390       57.95627    
  -101.3049       31.26140       200.2080    
  -113.3227       31.81000       53.69469    
  -107.9071       25.43990       24.21941    
  -122.9088       39.65910       3928.869    
  -108.9104       26.77030       44.24764    
  -97.45920       25.69430       57.28488    
  -88.41400       15.04490       64.37698    
  -120.1118       41.03510       217.9606    
  -120.8759       40.28970       253.3491    
  -122.7145       39.56120       2048.592    
  -122.5904       38.71270       1483.800    
  -122.5589       38.68330       856.7128    
  -97.70700       36.58950       10.84173    
  -97.68040       36.58830       13.10429    
  -121.6273       36.14890       1570.832    
  -121.5848       36.14580       824.8346    
  -92.45180       34.42300       30.70801    
  -92.40300       34.42150       55.85780    
  -91.75540       32.59540       19.74816    
  -91.27320       32.53460       22.12863    
  -115.0707       32.12670       53.98717    
  -92.19080       30.87730       36.60994    
  -98.36180       38.99770       15.60989    
  -97.03680       37.93210       66.63259    
  -122.5446       38.70900       933.7758    
  -121.3624       37.11030       365.7864    
  -121.2767       37.10380       215.7981    
  -92.44510       35.16230       34.12989    
  -121.5587       36.11820       168.5548    
  -92.42120       34.39760       393.3097    
  -91.29660       32.74880       16.93702    
  -101.3392       31.28610       175.0104    
  -97.04650       37.95880       41.23002    
  -122.7613       39.56510       3660.728    
  -96.39830       36.79150       72.73550    
  -121.5931       37.46760       252.9695    
  -121.4171       37.16660       556.3181    
  -121.5424       36.14260       1370.652    
  -121.1521       35.93490       143.3647    
  -96.60660       32.70430       10.85676    
  -96.58170       32.70340       14.57508    
  -91.83610       32.43190       29.93562    
  -97.43930       37.29800       68.04058    
  -97.42970       37.27170       13.24210    
  -91.24970       32.53390       15.89052    
  -91.26800       32.51070       22.65062    
  -113.3841       31.86100       107.4050    
  -121.6365       37.47090       107.3192    
  -121.4843       37.27610       213.8137    
  -98.26910       21.00940       26.64599    
  -105.9556       40.60340       201.7243    
  -105.9064       40.57270       417.5395    
  -122.7946       39.59510       1560.242    
  -122.7478       39.59120       588.6833    
  -98.24550       35.62530       23.04651    
  -98.21920       35.62420       24.86961    
  -98.23640       35.59980       139.1636    
  -98.21010       35.59870       186.4267    
  -107.1591       39.63300       204.8883    
  -107.1419       39.60480       234.3340    
  -122.7280       39.53510       1122.885    
  -122.6813       39.53130       798.6417    
  -91.49680       34.66390       5.910711    
  -91.64700       34.08140       16.08345    
  -95.58060       33.89350       104.9149    
  -101.0069       46.80230       66.57384    
  -107.1098       39.60280       56.89778    
  -122.8081       39.56890       807.6627    
  -122.6678       39.55740       883.8475    
  -91.76080       32.61930       15.90805    
  -92.90320       31.05910       28.59607    
  -92.58830       29.94930       9.927187    
  -107.1740       39.60680       80.24955    
  -97.65400       37.59280       8.787140    
  -121.4601       37.16990       638.1039    
  -94.89470       33.99090       101.1476    
  -95.57330       33.86900       59.18467    
  -110.6862       33.48370       410.2693    
  -110.6240       33.48010       85.24611    
  -101.3284       22.47300       18.34102    
  -89.13690       15.94050       223.4429    
  -102.0652       36.12590       106.7415    
  -110.6408       33.45680       101.3082    
  -91.72110       31.70000       15.25472    
  -101.3223       31.23880       74.82646    
  -95.55560       33.89260       46.05468    
  -110.6696       33.82400       135.8645    
  -91.27300       32.74810       13.54903    
  -110.6694       33.50700       109.4368    
  -101.3566       31.26350       64.63532    
  -90.33490       18.56030       87.91650    
  -97.68210       27.44060       53.45290    
  -102.9143       25.22740       25.53118    
  -105.8770       48.17510       166.1615    
  -96.69050       38.36510       174.0971    
  -96.66350       38.36390       134.8254    
  -96.68070       38.33820       460.1873    
  -96.65370       38.33710       193.8472    
  -91.30990       32.91580       22.69280    
  -91.30460       32.89180       38.89317    
  -110.9123       33.66710       57.54698    
  -110.6021       33.60050       199.7876    
  -110.1246       27.35610       7.633451    
  -105.9415       48.21320       295.9473    
  -105.9041       48.21050       751.2035    
  -105.9144       48.17780       193.1622    
  -98.54000       37.81440       74.56685    
  -122.5132       38.67970       4868.405    
  -90.19360       33.29200       10.85175    
  -91.32820       32.89250       19.62637    
  -110.5398       33.59700       404.5618    
  -91.58770       32.68560       193.3677    
  -115.0925       32.51110       62.15228    
  -93.35150       30.17580       27.85254    
  -108.6576       39.48230       1275.761    
  -122.6347       39.52740       1097.123    
  -104.2557       48.73570       47.04168    
  -96.08100       40.06160       5.823015    
  -118.5142       36.28090       161.3522    
  -118.4753       36.27810       738.2415    
  -118.4134       36.24810       1560.954    
  -110.5255       33.57180       327.6958    
  -91.61670       32.71020       23.57619    
  -91.59310       32.70950       23.18682    
  -91.49830       32.28080       20.96811    
  -91.47480       32.28010       16.39915    
  -91.49310       32.25710       19.18789    
  -99.11680       31.17450       50.45963    
  -103.6476       26.61930       14.92873    
  -111.7286       25.04050       39.56114    
  -122.2886       37.23330       143.2024    
  -91.30970       32.70160       9.368856    
  -89.15470       17.02970       6.591231    
  -116.2319       50.16060       751.6141    
  -116.1840       50.12100       521.4882    
  -105.9687       48.24870       173.8158    
  -105.9312       48.24600       233.1387    
  -105.8667       48.20780       182.4921    
  -108.6759       39.51060       404.8845    
  -108.6906       39.48440       125.1375    
  -91.38050       32.70360       7.898487    
  -90.96970       32.64480       5.454691    
  -97.53560       39.04080       224.9563    
  -108.5737       39.44990       859.0694    
  -108.5556       39.42160       575.2911    
  -97.47410       38.53120       88.36143    
  -97.44680       38.53000       115.7603    
  -97.43650       38.50300       121.8109    
  -121.1423       39.84330       274.4103    
  -97.58510       36.68660       10.16835    
  -97.65390       36.58720       11.61095    
  -91.28620       32.91510       24.74143    
  -91.28090       32.89110       25.59554    
  -93.22320       16.69770       79.08807    
  -108.7762       38.28390       36.25549    
  -102.7778       39.84170       48.86136    
  -122.5881       39.52360       346.5029    
  -121.6110       36.17330       273.1670    
  -103.1298       26.40330       29.12626    
  -107.4456       24.45370       193.7007    
  -116.2334       50.12560       499.8370    
  -97.77290       36.33750       64.99443    
  -121.4446       37.19480       210.2564    
  -121.4016       37.19150       155.3735    
  -110.8929       33.42260       47.10168    
  -84.25290       15.44880       49.21898    
  -108.8212       41.60070       452.8809    
  -108.7869       41.59840       599.2211    
  -122.8751       39.62900       781.0628    
  -96.92420       37.32820       86.30650    
  -96.89750       37.32710       52.15609    
  -98.19280       35.62310       26.91470    
  -91.24680       32.84260       9.058997    
  -91.22310       32.84190       10.43232    
  -111.4441       33.43000       180.6072    
  -91.42850       32.06690       337.4178    
  -108.6941       39.53890       95.64523    
  -121.5244       37.35760       136.3459    
  -122.9426       39.68920       476.5236    
  -122.8416       39.59900       255.5409    
  -98.03780       37.27190       24.87643    
  -97.70300       37.15410       28.32873    
  -121.5523       37.38590       152.1985    
  -121.4812       37.35430       197.7859    
  -106.1979       35.95970       30.77147    
  -91.24450       32.51010       19.70310    
  -89.46510       31.82890       308.1626    
  -101.3650       31.28720       79.79928    
  -101.3133       31.28500       152.2922    
  -107.3962       28.93360       9.627419    
  -103.0030       25.35950       20.41276    
  -97.46620       36.93800       188.0630    
  -91.45190       32.06760       26.92267    
  -91.69770       31.69940       15.73266    
  -104.5200       24.19520       69.03777    
  -108.6429       39.50850       244.3529    
  -98.01080       37.27070       14.68031    
  -97.71260       37.18030       36.83817    
  -97.68580       37.17920       25.03721    
  -97.67620       37.15300       30.04465    
  -97.49290       36.93910       14.27691    
  -120.2828       37.78790       172.0625    
  -88.74480       33.39960       11.28648    
  -104.4830       24.23640       73.99238    
  -97.62910       39.07180       125.9311    
  -122.2939       38.90390       344.5660    
  -122.2625       38.87450       320.6100    
  -97.72980       37.15530       14.59261    
  -97.69330       37.12790       12.06697    
  -91.26290       32.48690       19.81930    
  -91.23930       32.48630       22.89743    
  -91.26790       32.93850       18.31092    
  -110.5852       33.62390       139.9492    
  -88.36640       17.33260       12.53063    
  -96.84670       38.71670       89.38889    
  -122.7748       39.53890       620.0394    
  -122.6016       39.49750       184.2688    
  -98.55050       37.84100       84.86046    
  -121.5090       37.38260       125.2666    
  -89.46080       31.80540       288.2920    
  -107.7811       51.21960       139.9737    
  -107.7393       51.21630       257.9492    
  -97.65670       39.07300       210.1723    
  -118.3996       36.14480       191.9021    
  -105.7537       28.56710       23.15477    
  -108.6612       39.53680       754.6528    
  -88.71520       18.30010       6.454426    
  -98.16540       45.18820       51.81165    
  -97.50800       37.19750       82.46932    
  -97.48120       37.19630       43.50599    
  -91.71580       32.52320       9.202234    
  -116.1364       50.08150       370.1467    
  -97.73510       37.02660       22.88865    
  -97.70830       37.02540       16.66475    
  -105.8937       48.24330       248.5308    
  -110.9269       33.69230       46.49234    
  -97.21500       38.83930       160.9114    
  -122.9559       39.66300       338.1271    
  -123.0950       38.67280       81.84695    
  -90.30310       33.36690       11.55395    
  -90.27950       33.36630       73.28333    
  -110.6720       33.45860       107.1416    
  -97.45410       25.67260       42.01164    
  -108.6436       46.77070       118.4717    
  -97.20460       38.81220       24.41457    
  -98.35830       37.41550       661.4169    
  -98.33120       37.41430       171.8008    
  -97.46020       36.63020       31.10051    
  -118.3836       36.16920       250.1154    
  -91.78440       32.62000       212.1810    
  -91.77910       32.59610       23.44991    
  -110.5525       32.87140       66.35670    
  -110.3231       24.03520       31.07614    
  -93.13420       39.05050       5.507309    
  -98.78700       37.48650       138.7069    
  -98.75970       37.48530       166.1629    
  -98.77660       37.46010       132.1997    
  -98.74930       37.45880       133.5696    
  -98.36840       37.44190       372.6820    
  -98.34130       37.44070       159.5700    
  -98.34820       37.38910       126.3774    
  -120.2408       37.78470       229.4150    
  -97.80870       36.36440       19.02419    
  -97.78220       36.36330       105.6444    
  -97.79940       36.33860       25.37922    
  -91.57080       31.32320       207.9251    
  -110.3314       24.05690       39.94198    
  -97.18760       38.83810       120.0985    
  -122.4875       38.81180       166.1243    
  -122.4418       38.80820       176.9628    
  -97.71790       37.05160       19.74914    
  -97.75570       36.36220       256.8076    
  -118.5837       36.36270       252.0698    
  -94.03920       34.08350       99.62309    
  -108.7040       32.98680       71.00880    
  -97.83840       38.70680       116.3882    
  -97.74640       36.33640       416.5773    
  -116.0856       50.11190       566.9586    
  -108.7271       39.54100       132.5798    
  -98.20200       35.64850       31.85119    
  -91.22100       32.50950       14.08836    
  -91.45800       31.88000       11.58464    
  -120.8039       39.87090       545.8473    
  -122.5552       39.49370       149.9576    
  -122.3395       38.90760       251.4527    
  -122.2484       38.90030       169.2774    
  -121.4534       37.32600       67.06721    
  -91.84900       32.38500       12.94198    
  -109.8084       27.14190       10.89623    
  -118.7924       42.66770       104.2300    
  -108.7125       39.56730       50.50194    
  -108.7088       39.51270       111.3408    
  -116.0872       50.07690       380.8978    
  -116.0381       50.07240       392.8923    
  -105.9584       48.28150       220.9808    
  -108.2889       48.35370       79.45679    
  -108.6795       39.56520       381.4105    
  -108.7601       39.54310       124.1867    
  -92.85780       34.02090       14.13243    
  -91.48140       31.88070       12.76854    
  -116.1332       50.15140       374.0229    
  -108.6282       39.53470       260.0591    
  -103.2887       48.94260       15.69759    
  -91.87260       32.38570       21.57322    
  -116.1380       50.04660       433.6297    
  -113.3097       43.66690       86.99148    
  -122.7415       39.50890       258.3144    
  -91.81290       34.57510       12.99655    
  -91.44860       32.37380       6.770131    
  -91.42500       32.37320       6.963062    
  -113.2764       43.75360       50.63582    
  -122.1817       43.30980       77.45215    
  -122.6219       38.74200       265.1815    
  -97.48680       36.63130       32.85092    
  -97.47750       36.60540       20.22270    
  -97.45100       36.60430       47.40845    
  -91.41710       32.44390       6.577200    
  -90.54440       31.01860       16.83249    
  -107.4643       24.43310       59.07198    
  -122.5761       38.73840       233.9141    
  -98.10530       36.17390       81.89224    
  -90.30820       33.39110       163.8172    
  -117.6041       34.57730       56.85106    
  -92.47950       30.08290       33.92217    
  -119.9423       41.10550       665.2385    
  -108.6465       39.56310       139.0435    
  -97.82780       38.67970       150.5308    
  -120.7907       39.89720       270.6803    
  -98.13190       36.17500       172.4989    
  -110.2945       27.29730       99.13898    
  -113.3047       44.56800       82.19669    
  -91.69480       31.79280       21.95827    
  -108.0626       44.72410       62.09135    
  -116.6728       44.20590       72.69379    
  -92.83350       34.02010       14.56594    
  -115.0866       32.15150       48.62502    
  -113.0529       44.70030       80.59840    
  -116.2443       42.75060       45.57834    
  -97.79620       36.61880       6.103642    
  -116.2904       43.90450       110.7372    
  -97.24910       38.78740       61.72362    
  -98.04770       37.29820       12.15467    
  -98.02070       37.29700       11.82142    
  -97.78670       36.59280       20.62610    
  -100.9503       30.16060       44.40904    
  -118.2886       37.98120       49.23435    
  -118.4363       36.27530       317.9944    
  -91.46960       32.25640       7.804945    
  -113.0826       44.73310       16.22376    
  -121.5657       43.81810       81.62096    
  -120.8509       42.69630       81.97833    
  -91.92660       35.71980       30.89515    
  -107.4380       24.43210       107.9973    
  -123.9053       42.38330       110.7295    
  -124.0700       42.22490       279.3696    
  -80.40640       43.42960       7.138455    
  -119.9987       41.08200       558.4808    
  -97.92300       38.57760       30.51746    
