  -118.6881       50.11250       349.0674    
  -122.8237       38.81200       820.3577    
  -112.1035       35.12100       304.3855    
  -116.6837       32.12920       3511.643    
  -116.7366       32.10860       659.3109    
  -116.7016       32.10640       3374.404    
  -116.6667       32.10430       2273.809    
  -116.7895       32.08790       2696.178    
  -116.7545       32.08580       600.2733    
  -116.7195       32.08360       4149.551    
  -116.6846       32.08150       2072.325    
  -116.6497       32.07930       3918.208    
  -116.7724       32.06300       6134.583    
  -116.7375       32.06080       3338.031    
  -116.7554       32.03810       4772.767    
  -95.30080       30.41770       3.685804    
  -116.0132       31.11630       27.52453    
  -103.7633       28.14780       253.4477    
  -117.0852       32.46580       1423.096    
  -116.7008       32.15420       1006.834    
  -116.8066       32.11290       3999.467    
  -116.8075       32.06520       122.7566    
  -116.7025       32.05870       1118.086    
  -116.6676       32.05650       1818.790    
  -116.0472       31.11830       835.3527    
  -77.37880       26.73130       59.23652    
  -123.4171       51.40780       2337.940    
  -116.2290       47.06450       142.2471    
  -116.0315       31.09390       519.0223    
  -115.9976       31.09190       309.0077    
  -118.4876       34.16560       87.38467    
  -118.3959       34.45670       3175.991    
  -118.4499       34.16310       1.720692    
  -116.6488       32.12710       4644.790    
  -116.7716       32.11070       2172.705    
  -116.6318       32.10210       3586.082    
  -116.7358       32.15630       697.9183    
  -119.1381       34.25920       4.762189    
  -116.0733       46.92210       307.4242    
  -116.7205       32.03590       1478.327    
  -116.0348       46.88650       221.9064    
  -84.80600       30.85440       1.613485    
  -122.7742       38.72740       7448.978    
  -116.9804       32.26730       690.4539    
  -116.6829       32.17700       2278.166    
  -117.0157       32.26950       1493.694    
  -116.7904       32.04020       8017.320    
  -116.6658       32.15200       1986.656    
  -116.8245       32.09010       3535.059    
  -110.8616       33.42080       6.919848    
  -116.7708       32.15850       979.0268    
  -116.7537       32.13350       2378.273    
  -81.02320       46.49280       4.127419    
  -122.8060       38.75690       8131.646    
  -116.7734       32.01530       1565.048    
  -116.7384       32.01320       1378.920    
  -116.8254       32.04240       3252.291    
  -116.8084       32.01750       4478.723    
  -109.6423       30.50830       302.5119    
  -116.7179       32.17920       2521.912    
  -116.8425       32.06730       1144.722    
  -116.8237       32.13790       3796.061    
  -116.8417       32.11510       5797.131    
  -116.8604       32.04450       4275.796    
  -116.8434       32.01960       5773.576    
  -116.7887       32.13570       2986.579    
  -116.8768       32.11720       3973.934    
  -116.8058       32.16070       1539.512    
  -118.3789       34.48040       198.8010    
  -118.3581       34.45420       1356.467    
  -116.8596       32.09230       5314.420    
  -116.6612       32.53550       4551.399    
  -116.6261       32.53330       2958.756    
  -116.6438       32.51030       5167.622    
  -116.6964       32.53770       3664.728    
  -116.6789       32.51250       5575.148    
  -116.6088       32.50820       1388.455    
  -116.8588       32.14000       6223.992    
  -116.7913       31.99260       4224.726    
  -118.4129       34.43310       5.078280    
  -118.3751       34.43050       1294.611    
  -118.3374       34.42800       863.1481    
  -116.6616       32.48740       4387.840    
  -116.6265       32.48520       1386.339    
  -116.8263       31.99470       3965.245    
  -116.7141       32.51470       2313.563    
  -117.0676       32.44070       967.2123    
  -70.34600       18.92870       78.59355    
  -116.6967       32.48960       2905.968    
  -116.8409       32.16280       1905.602    
  -116.7564       31.99040       1587.761    
  -116.9974       32.34030       187.1149    
  -116.7493       32.51690       1455.980    
  -116.7318       32.49180       861.1178    
  -116.6442       32.46230       1972.293    
  -116.6793       32.46450       2232.251    
  -93.18470       17.89460       1.287774    
  -101.8407       31.47060       287.7471    
  -101.8494       31.49440       332.9162    
  -80.89820       26.47150      0.4096656    
  -81.00470       22.95350      0.3358241    
  -80.57200       26.55510       52.74841    
  -80.57080       26.53350      0.4485024    
  -81.00580       22.97420       35.19328    
  -68.01840       50.31680       55.06790    
  -81.02060       26.77480      0.4754376    
  -80.90090       26.51460      0.7704721    
  -116.6148       32.07720       17.17487    
  -116.6327       32.05440       710.8565    
  -67.71800       50.46720       55.06790    
  -67.73670       50.35820       59.02591    
  -67.95060       50.17410       63.50018    
  -80.60840       26.46910      0.2969137    
  -67.57810       50.21720       83.63437    
  -67.42530       50.22020       63.50018    
  -67.43650       50.32800       60.74678    
  -105.4383       33.30010       462.3820    
  -117.0327       32.34250       208.5438    
  -80.61970       26.66340      0.6614785    
  -98.62080       23.20670       26.93363    
  -80.60720       26.44750      0.6188833    
  -99.71520       27.17810       64.93999    
  -81.19380       26.88460       4.370507    
  -112.4164       39.54200       6.031950    
  -116.6620       32.43940       649.3999    
  -105.4101       33.29870       186.1115    
  -81.19100       26.84120       4.863951    
  -81.17020       26.84100       1.299154    
  -81.18960       26.81960       2.005733    
  -81.16880       26.81940       147.5365    
  -119.9123       49.36500       1725.282    
  -116.7503       33.04830       493.2080    
  -81.08530       22.58360      0.2718576    
  -116.7683       33.07370       16.92415    
  -91.24770       50.49050       63.67226    
  -116.8760       32.16500       1621.209    
  -116.6309       32.14990       1376.363    
  -98.97560       23.36310      0.3482784    
  -116.7315       32.53990       3725.293    
  -89.59760       16.85970       24.53953    
  -116.7667       32.54210       1758.676    
  -98.89970       38.04050       2.527316    
  -115.6065       45.21360       247.8399    
  -98.92730       38.04170       2.409134    
  -80.56000       26.70610      0.3595536    
  -76.98860       45.91100       19.50232    
  -115.3262       46.79330       104.1128    
  -114.0778       50.52940       2.181751    
  -119.4012       44.65040       8.740532    
  -122.7918       38.78260       3719.861    
  -114.0306       50.52510       8.937001    
  -99.46440       42.70630       3.964725    
  -116.1309       31.14680       11.69998    
  -116.1151       31.12230       1013.459    
  -95.27230       39.91820      0.4597777    
  -116.1649       31.14880       296.8329    
  -116.1491       31.12440       524.2473    
  -113.8487       51.30090       1.694830    
  -99.43420       42.70470       1.462018    
  -116.8375       32.49840       226.9167    
  -122.7599       38.75310       4998.615    
  -109.8141       34.11810       400.7720    
  -80.62790       26.44770      0.9458640    
  -100.4756       27.88880       2.421867    
  -82.79860       32.10250       127.1387    
  -81.55790       26.11170       69.78803    
  -114.0801       50.49400       21.12406    
  -122.8380       38.78630       3688.836    
  -85.51610       15.63250       13.74802    
  -113.8008       51.29650       2.315801    
  -101.5746       48.42210      0.7291296    
  -113.2928       43.60620       6.140288    
  -99.06900       23.76450      0.4059072    
  -123.8799       48.94180       295.2090    
  -116.7490       32.56500       344.8266    
  -116.7138       32.56280       330.1943    
  -116.6787       32.56060       439.2780    
  -113.8476       51.33730       1.598573    
  -121.3382       43.73850       147.3755    
  -117.0447       44.29720       11.11612    
  -124.0733       49.13050       299.1306    
  -121.7714       38.99680       283.2820    
  -80.45750       26.72690       1.216469    
  -116.7843       32.56720       325.4464    
  -93.32160       50.87450       148.5377    
  -120.8967       49.49540       332.3495    
  -101.2290       31.11850       8.215591    
  -109.8600       33.82670       385.5485    
  -88.76090       17.51380       14.03929    
  -124.1372       49.17100       1209.854    
  -116.6139       32.12490       787.8984    
  -89.77730       16.21990       34.67623    
  -80.50270       26.79220       74.57624    
  -122.1084       39.15890       1.802779    
  -101.2207       31.09490       9.950038    
  -109.0599       26.33770       124.6549    
  -108.4834       44.51040       13.54995    
  -119.9167       36.89810       313.6087    
  -80.50620       26.48990       2.029536    
  -80.50500       26.46830       1.627387    
  -108.4593       44.47830       18.64522    
  -122.1996       39.16620       1.422554    
  -101.1949       31.09390       20.41870    
  -125.6941       49.98370       307.7349    
  -114.6746       42.59800      0.9552600    
  -114.6466       42.56680       1.042330    
  -117.0024       33.25870       348.6591    
  -108.6295       44.70340       8.076965    
  -108.6049       44.67110       10.86578    
  -117.0979       44.27150       1.304165    
  -117.0542       44.26780       1.140048    
  -122.7775       38.80830       1035.785    
  -105.7796       22.61700      0.5211648    
  -97.35200       38.20850       263.7409    
  -98.93330       37.98950      0.5618112    
  -121.4297       41.82410       1.929312    
  -96.12170       39.22140       2.927441    
  -97.39640       38.82060       11.77772    
  -122.8558       38.84150       938.5640    
  -82.69890       31.30870       75.23711    
  -108.3127       31.16290       16.86133    
  -121.4778       39.10830       139.0973    
  -116.5969       32.10000       363.3903    
  -117.0383       33.26100       207.1063    
  -108.5074       44.45140       7.683514    
  -95.40090       17.46100      0.5311873    
  -121.4271       43.77610       177.0433    
  -122.8095       38.83780       686.7426    
  -88.89890       17.28060       35.85351    
  -79.99260       47.58960       60.70599    
  -122.0994       39.53830       444.7170    
  -122.0536       39.53460       2.013876    
  -108.6029       34.98890       3.946202    
  -115.9115       43.99310       96.66344    
  -105.4666       33.30150       4.209499    
  -125.4164       49.88540       273.6468    
  -111.3039       28.37460       172.2776    
  -87.71750       15.67320      0.3407616    
  -122.0724       39.59060       1.877947    
  -101.7973       31.35190       131.7013    
  -116.5497       31.88240       216.3422    
  -116.7529       32.18130       471.4991    
  -109.7316       33.64870       159.6572    
  -122.8522       38.76060       861.9417    
  -122.8203       38.73120       883.7169    
  -122.7281       38.72370       2411.855    
  -121.6832       42.04590       28.09610    
  -106.5736       30.31180       3.000831    
  -116.7558       42.76260       243.5100    
  -112.3027       41.70190       8.615112    
