  -119.4193       37.35570       897.0834    
  -107.9437       30.79460       19.70003    
  -106.2730       30.11350       106.7557    
  -97.89430       27.53550       39.66315    
  -81.71840       22.81480       32.04036    
  -80.85400       22.74640       1.984435    
  -82.01440       22.73490       17.52793    
  -81.99430       22.73470       39.89557    
  -79.16640       21.83550       15.95366    
  -79.16570       21.81520       15.32425    
  -98.45490       21.81320       7.055770    
  -77.43180       20.89690       2.798922    
  -102.3915       20.08110       61.04035    
  -93.18470       17.89460       45.41879    
  -93.11510       17.83420       45.43338    
  -78.32400       21.34440       17.01859    
  -96.55500       18.63240       74.00419    
  -75.98410       20.65250       2.620858    
  -102.1858       19.99420       34.48608    
  -95.82550       18.33920       3.317414    
  -92.92220       16.40030       192.1722    
  -92.92000       16.38080       146.4057    
  -75.16510       20.23070       4.873200    
  -96.14000       18.44480       15.50825    
  -102.2042       17.92530       26.34847    
  -98.77510       21.94530       51.13023    
  -96.59170       18.59330       20.49458    
  -96.41630       18.56980       14.88495    
  -96.39480       18.56930       35.22506    
  -98.67890       18.47920       14.02748    
  -81.99300       22.71410       103.1626    
  -79.18760       21.87640       35.18600    
  -98.64710       19.03790       159.8469    
  -93.71200       17.96290       14.82411    
  -79.09010       21.91670       3.414298    
  -96.71490       18.95490       9.674122    
  -96.40020       18.33090       34.01102    
  -99.28010       21.97950       3.628109    
  -96.54180       19.47170       23.49064    
  -96.64450       18.65420       10.99332    
  -96.47680       19.47030       20.26820    
  -98.46040       18.73360       37.24944    
  -101.8401       20.30960       18.94362    
  -96.08810       18.52330       14.75633    
  -77.47250       20.97770       4.550170    
  -96.34910       19.08700       37.90180    
  -96.32750       19.08650       51.23645    
  -92.78110       16.41760       19.53802    
  -92.77890       16.39810       15.03886    
  -96.65960       18.61460       27.98298    
  -96.44040       18.45090       13.76364    
  -96.43730       18.43100       13.91043    
  -120.0378       37.98050       153.1347    
  -96.60030       18.91250       31.53012    
  -96.65090       18.69410       48.38789    
  -104.2254       19.76800       31.14381    
  -90.46800       19.37750       2.846362    
  -71.97130       18.76430       2.966630    
  -102.7901       19.06120       12.40046    
  -102.7856       19.04100       24.31487    
  -75.16510       20.25070       2.736115    
  -96.66930       18.67460       13.98350    
  -96.41350       19.34860       20.59311    
  -81.91410       22.73410       4.209408    
  -80.43250       22.70240       2.034547    
  -103.4421       19.56330       5.321894    
  -101.4594       19.08660       28.96830    
  -99.03040       22.80120       5.472231    
  -92.94270       16.40060       131.0059    
  -99.11330       22.86600       28.27482    
  -79.07040       21.91660       3.728333    
  -76.81930       20.43290       1.944346    
  -103.4469       19.58370       38.99323    
  -92.90170       16.40000       189.2793    
  -102.6308       20.00660       139.4223    
  -78.13350       18.27210       8.694018    
  -104.2635       19.72850       29.01757    
  -103.3475       19.66180       25.51970    
  -92.38020       16.29470       36.35818    
  -92.40490       16.33400       38.16274    
  -104.2875       19.72920       26.69470    
  -92.43710       16.25660       50.94086    
  -92.30640       16.17690       4.630349    
  -98.94880       22.94470       28.57960    
  -70.34600       18.92870       87.36639    
  -92.16520       18.64900       20.12951    
  -110.8616       33.42080       36.19310    
  -109.6423       30.50830       48.34619    
  -98.51230       18.65500       25.33981    
  -92.32890       16.19670       43.84605    
  -76.80320       20.67390       4.834806    
  -80.47100       26.96530       5.234199    
  -80.67930       26.62070       4.414867    
  -92.49820       16.25750       5.331917    
  -78.30980       21.54710       5.023728    
  -101.1850       20.57650       6.614785    
  -81.01790       26.73150       10.48176    
  -80.51850       26.70580       12.99410    
  -80.88670       26.62240       2.350253    
  -81.20350       26.71150       15.27327    
  -80.62220       26.70660       6.992295    
  -80.51110       26.57610       46.08997    
  -80.69630       26.55600       12.44281    
  -78.02990       21.36360       9.259027    
  -80.35740       26.79100       34.11814    
  -80.69500       26.53450       12.46786    
  -81.71960       22.83540       25.89848    
  -92.55520       15.07680       9.221167    
  -81.02190       26.79640       4.339699    
  -80.55250       26.57650       14.49795    
  -80.53180       26.57630       13.07060    
  -69.52650       18.59710       4.863370    
  -81.87810       31.20630       39.82174    
  -80.87120       26.70860       49.28756    
  -76.95990       20.71450       6.624806    
  -77.28250       20.19350       27.06894    
  -103.2765       19.65980       38.76181    
  -81.73400       26.86790       8.738424    
  -81.19100       26.84120       39.96115    
  -71.63480       19.14120       38.80694    
  -78.01020       21.36350       14.13760    
  -78.15610       20.91930       3.462740    
  -80.35860       26.81270       151.8417    
  -80.57940       26.68470       16.36129    
  -78.02940       21.34330       10.47141    
  -78.00970       21.34330       76.34180    
  -81.80110       22.85670       16.32073    
  -79.81300       22.18590       3.016743    
  -92.48230       17.88280       1.954368    
  -80.88540       26.60080       18.16421    
  -80.45150       26.98680       95.18156    
  -80.77400       26.47040       22.43055    
  -80.59620       22.78580       6.139695    
  -82.99490       22.68210       6.351696    
  -98.53870       18.55580       36.35818    
  -82.97480       22.68190       6.519572    
  -102.1247       20.23610       21.96465    
  -69.52580       18.61680       22.73456    
  -81.09810       27.01390       85.34236    
  -81.09670       26.99220       52.77504    
  -81.13620       22.78960       35.23849    
  -99.21150       22.18410       56.06451    
  -87.90100       15.25100       2.069626    
  -82.47740       28.34250       30.90609    
  -81.06320       28.08520       303.3256    
  -81.19240       26.86290       66.02754    
  -80.59520       22.76520       4.367887    
  -71.61550       19.14130       43.05540    
  -87.95540       15.19390       20.46748    
  -82.47920       28.36460       29.16537    
  -80.47230       26.98700       15.69623    
  -80.53300       26.59790       14.95342    
  -80.51230       26.59770       19.26654    
  -95.14380       16.65170       24.66689    
  -92.94490       16.42010       89.11846    
  -78.22900       21.46570       3.966007    
  -75.90350       20.27120       7.008996    
  -75.90330       20.25110       10.60912    
  -92.51660       15.09550       16.63612    
  -82.41990       22.80020       74.84789    
  -81.04210       28.08500       202.6857    
  -90.62560       19.49980       8.248436    
  -69.52730       18.57740       103.8523    
  -99.30210       18.75300       29.46633    
  -80.43520       22.33290       3.686240    
  -99.98180       16.98230       43.07938    
  -81.73550       26.88960       9.370945    
  -81.71310       26.86770       31.21126    
  -82.44000       22.80040       3.698266    
  -93.82010       16.86380       16.95320    
  -81.04350       28.10710       127.4802    
  -98.76640       18.60090       44.81783    
  -87.93730       15.21290       26.07615    
  -81.06460       28.10730       114.6580    
  -80.47950       26.74870       7.907675    
  -101.9379       20.33260       15.75770    
  -99.42520       18.33680       21.23909    
  -80.61250       27.24890       3.472205    
  -69.44450       18.71600       7.915190    
  -80.85940       26.51420       7.817472    
  -80.85810       26.49270       11.96675    
  -98.53560       21.87710       2.776205    
  -76.97090       20.15270       8.944201    
  -102.3073       20.01780       49.01044    
  -102.2042       20.17740       8.819714    
  -81.67830       22.81450       86.39108    
  -81.58630       22.60800       35.00743    
  -68.63830       45.23330       21.68290    
  -81.68350       27.62980       32.03994    
  -80.60650       26.79300       8.569153    
  -80.58570       26.79280       15.40944    
  -83.00060       21.88320       24.84251    
  -92.96540       16.42040       48.19472    
  -92.96310       16.40090       51.36477    
  -81.68510       27.65170       51.47385    
  -80.73300       22.72500       3.912077    
  -76.99030       20.15280       112.0797    
  -98.93940       18.70460       6.452057    
  -81.69830       22.81460       19.92148    
  -98.71480       22.81320       33.15590    
  -81.44660       26.93020       20.48394    
  -76.97120       20.17270       106.7098    
  -98.70450       18.49970       21.15115    
  -98.68240       18.49920       74.49007    
  -81.02100       28.08480       133.9636    
  -80.75300       22.72510       4.530125    
  -92.92440       16.41980       38.64706    
  -82.48670       29.21100       28.54927    
  -98.80800       23.12840       23.32168    
  -81.67710       22.79390       6.404314    
  -98.92010       22.71500       81.47910    
  -90.39630       30.00660       34.27977    
  -96.73250       16.85700       67.25764    
  -97.99570       26.38000       8.243424    
  -81.02250       28.10690       40.93912    
  -81.04060       28.06300       43.22573    
  -80.57700       26.64140       5.873127    
  -97.85370       26.46250       86.58920    
  -82.54600       22.88380       2.214951    
  -81.25630       22.79050       31.70443    
  -101.5989       20.97590       48.68126    
  -101.9101       20.20990       23.64785    
  -99.17980       18.69020       45.81721    
  -83.16390       42.30190       8.832708    
  -106.5718       41.65260       56.03160    
  -98.00120       26.40190       11.17498    
  -83.20040       22.45800       11.30742    
  -81.01920       26.75310       37.40777    
  -98.97640       22.96630       16.66587    
  -77.47090       20.89700       5.351962    
  -101.6037       20.99650       5.511068    
  -97.52830       19.15260       18.68864    
  -106.7467       40.68000       38.38817    
  -81.37490       26.47560       15.69623    
  -77.47050       20.87690       8.859802    
  -90.40780       19.73640       25.94577    
  -102.6075       19.80320       38.32881    
  -88.79080       18.04480       20.08705    
  -95.15480       16.41730       27.26842    
  -95.13390       16.41700       35.78326    
  -112.2193       35.20320       66.87858    
  -83.05020       29.73530       14.31918    
  -81.17720       26.94950       122.4154    
  -82.87560       22.70150       3.507840    
  -105.6117       40.33350       67.53686    
  -82.89570       22.70170       4.586639    
  -80.79120       28.76930       86.28432    
  -81.19800       26.94970       104.8905    
  -81.17580       26.92780       85.68698    
  -80.50740       26.51140       8.699445    
  -80.48670       26.51130       29.32554    
  -80.50620       26.48990       15.16389    
  -80.48550       26.48970       92.68716    
  -80.46480       26.48950       118.9181    
  -81.70050       27.28040       22.18452    
  -81.19660       26.92800       106.0200    
  -81.69710       22.79400       7.212788    
  -80.06970       22.61780       24.73144    
  -90.40540       19.71630       26.44034    
  -81.63910       31.22670       46.25704    
  -81.17860       26.97120       62.18182    
  -81.57940       26.43440       2.024525    
  -97.94890       26.37860       8.418817    
  -81.78100       22.85650       19.04043    
  -81.19730       22.81070       4.701938    
  -82.19630       22.75710       12.55306    
  -82.17620       22.75690       10.07376    
  -82.99930       21.86280       26.90264    
  -101.7914       21.10430       35.47139    
  -82.00560       31.16150       17.24705    
  -81.06350       26.79680       29.30902    
  -81.40230       26.26060       13.69308    
  -81.43660       22.79190       24.59391    
  -79.19810       21.61190       2.976653    
  -75.67040       20.29100       3.575492    
  -102.1481       20.23680       48.77316    
  -100.9561       19.83960       52.02971    
  -93.17120       16.95110       23.05641    
  -80.86460       26.60060       10.89435    
  -101.5563       20.38310       70.10526    
  -101.5330       20.38240       40.70693    
  -72.06140       19.06060       17.76399    
  -81.15640       26.94930       80.48751    
  -82.97520       21.80140       12.81821    
  -88.47240       18.06030       10.57614    
  -93.48030       18.09720       2.335219    
  -80.49040       26.57600       9.521280    
  -81.80840       22.98050       12.75225    
  -69.50340       18.69590       2.706048    
  -93.00390       16.57710       18.95248    
  -92.94940       16.45920       49.10615    
  -87.81180       15.36560       28.96455    
  -80.45750       26.72690       11.32531    
  -80.47700       26.70550       49.50826    
  -80.45630       26.70530       18.95236    
  -80.92950       26.64430       7.617025    
  -100.3081       18.17820       51.33498    
  -81.69950       22.83520       7.737293    
  -92.98340       16.57670       62.37053    
  -88.64260       18.37810       29.35554    
  -88.78400       18.18270       3.517862    
  -95.38800       18.25120       2.535668    
  -99.31140       17.18470       27.85554    
  -100.0656       17.08270       18.82056    
  -100.0433       17.08220       49.76307    
  -120.5856       41.44060       122.6593    
  -120.9436       41.15990       58.12479    
  -82.00060       22.83780       2.799382    
  -78.43770       21.89340       10.91565    
  -78.43710       21.87300       16.23379    
  -77.12730       20.21310       3.166363    
  -100.7740       19.06920       31.23453    
  -88.78210       18.16290       3.462740    
  -92.74560       15.34980       25.61444    
  -112.2356       35.17910       312.3076    
  -82.93650       29.44080       18.31487    
  -80.80110       26.57850       14.65275    
  -77.32120       17.85790       14.33529    
  -97.44060       32.04790       40.15243    
  -81.74720       26.75980       15.68913    
  -80.57820       26.66300       14.69284    
  -78.41790       21.89330       8.729512    
  -78.21430       20.89940       3.658176    
  -96.40950       18.39060       39.80678    
  -93.56880       17.98020       2.204928    
  -92.92660       16.43930       87.97517    
  -92.90620       16.43900       102.2789    
  -97.85610       32.27580       36.48955    
  -81.70200       27.30230       36.72635    
  -80.35470       22.31190       9.774895    
  -78.41730       21.87290       9.100341    
  -93.56360       17.94060       2.615847    
  -92.92890       16.45890       627.2429    
  -92.90840       16.45850       111.6771    
  -94.13650       16.24420       76.96508    
  -94.13410       16.22470       129.4840    
  -94.11340       16.22440       104.1705    
  -80.49530       26.66240       7.396532    
  -97.54320       26.23610       25.24612    
  -82.21890       22.79840       2.996698    
  -70.23170       18.29810       17.93276    
  -92.95530       18.36510       4.545614    
  -95.68030       18.07850       3.237235    
  -81.19950       26.32330       26.11593    
  -98.46450       21.75180       8.799668    
  -103.8651       38.10440       29.48643    
  -80.79470       26.47060       17.82985    
  -81.22020       26.32350       6.574695    
  -82.66820       22.90560       3.227213    
  -81.76700       22.95950       3.512851    
  -72.19960       18.90190       3.818534    
  -120.8136       41.45960       123.7104    
  -97.86360       32.29970       28.62532    
  -81.76830       22.98020       20.27518    
  -91.67140       18.30410       3.192134    
  -93.11760       17.85400       7.897652    
  -92.93110       16.47840       102.8670    
  -121.0662       41.53740       49.80728    
  -79.23070       21.97850       2.588643    
  -77.35360       20.89670       6.785166    
  -88.75910       18.34020       25.29903    
  -92.91060       16.47810       84.70232    
  -82.89400       31.05700       47.55132    
  -97.04260       16.64720       37.09048    
  -80.71950       26.59940       10.75404    
  -79.89040       22.61670       4.580237    
  -88.77540       18.30090       13.80761    
  -90.64860       18.09070       36.15857    
  -93.37890       18.11520       16.49502    
  -80.74020       26.59960       9.872065    
  -98.42700       21.89480       7.586957    
  -77.37320       20.89680       58.45097    
  -93.51940       17.92010       3.137011    
  -81.85760       22.79540       3.147034    
  -82.85830       22.74250       3.447706    
  -81.58510       22.58740       30.07902    
  -71.49900       19.16150       50.05407    
  -82.17490       22.73630       56.23296    
  -92.88790       16.45820       59.62521    
  -92.88570       16.43870       40.60169    
  -81.74330       22.89740       3.928781    
  -90.68710       19.50080       14.49463    
  -96.46820       18.49130       13.54377    
  -75.74720       20.13090       21.67696    
  -96.23600       19.18460       23.15493    
  -96.28970       18.16990       9.821890    
  -101.4306       20.54250       19.37493    
  -93.00620       16.59660       4.139251    
  -82.73040       21.71770       10.26776    
  -88.58430       18.39710       3.016742    
  -93.59740       18.03990       2.756160    
  -92.15740       17.73960       2.184883    
  -80.50990       26.55460       7.647092    
  -96.63260       18.71370       34.58460    
  -106.0076       40.68990       49.56112    
  -96.39520       19.36830       10.94935    
  -88.48870       18.02120       11.33701    
  -92.47570       16.23770       24.78071    
  -106.5152       40.86060       27.13795    
  -93.25930       18.15260       4.272883    
  -96.55180       19.01130       36.35818    
  -95.20010       18.26740       13.76944    
  -77.69430       21.28150       2.876429    
  -96.69870       18.45620       22.34445    
  -95.74060       18.19860       2.986675    
  -92.80520       16.08710       36.40749    
  -90.62720       19.34010       2.545690    
  -72.14100       18.94160       3.517862    
  -92.80300       16.06770       34.54110    
  -120.8740       41.21040       88.97860    
  -99.39150       22.58280       102.8670    
  -69.37020       18.63740       26.50501    
  -87.68580       15.24880       3.788467    
  -102.3595       21.03870       31.76967    
  -75.70980       20.39120       13.31483    
  -96.32100       19.04640       10.28975    
  -96.31780       19.02640       11.13774    
  -88.62690       18.00330       5.291827    
  -95.11070       18.08740       3.998938    
  -119.2569       38.58560       80.20475    
  -95.22130       18.26780       3.598042    
  -101.5747       20.46500       30.05016    
  -96.62330       19.05280       45.91574    
  -93.60260       18.07960       13.67546    
  -81.60160       22.87570       2.665959    
  -99.38520       21.94120       41.72815    
  -90.64130       19.46010       3.106944    
  -93.44130       18.11630       2.866407    
  -82.90140       22.78410       25.37659    
  -103.6959       20.70970       27.71484    
  -75.88400       20.27110       2.973312    
  -96.61010       18.97260       25.22410    
  -98.36030       16.41820       13.76468    
  -82.15230       22.69490       22.36668    
  -92.23440       14.89890       10.54259    
  -75.88390       20.25110       2.114726    
  -96.22580       18.44650       3.277325    
  -96.38220       18.48950       38.82147    
  -92.70090       15.31050       5.184922    
  -120.4819       41.57370       39.20651    
  -88.74670       18.41900       13.69571    
  -96.41000       18.52980       16.57793    
  -99.02100       21.82830       34.54110    
  -96.57980       18.65280       23.94319    
  -96.54540       18.57240       21.87403    
  -78.22900       18.25270       2.485556    
  -94.52780       17.97760       20.79017    
  -99.13470       21.83130       12.84020    
  -96.70830       18.91480       38.42734    
  -96.72870       18.77550       2.515622    
  -87.99250       15.42530       2.901485    
  -83.15020       22.60130       41.94640    
  -79.18830       21.89680       6.008429    
  -98.61980       18.51780       10.28975    
  -96.07880       18.32440       23.38761    
  -98.63480       18.47820       2.776205    
  -92.32680       16.17720       3.367526    
