  -119.4193       37.35570       31117.58    
  -107.9437       30.79460       908.3903    
  -106.2730       30.11350       4922.623    
  -97.89430       27.53550       1239.474    
  -81.71840       22.81480       1001.261    
  -80.85400       22.74640       62.01360    
  -82.01440       22.73490       547.7477    
  -81.99430       22.73470       1246.736    
  -79.16640       21.83550       498.5517    
  -79.16570       21.81520       478.8828    
  -98.45490       21.81320       220.4928    
  -77.43180       20.89690       87.46632    
  -102.3915       20.08110       2814.638    
  -93.18470       17.89460       1419.337    
  -93.11510       17.83420       1419.793    
  -78.32400       21.34440       531.8311    
  -96.55500       18.63240       3412.416    
  -75.98410       20.65250       81.90181    
  -102.1858       19.99420       1590.191    
  -95.82550       18.33920       103.6692    
  -92.92220       16.40030       6665.974    
  -92.92000       16.38080       4575.179    
  -75.16510       20.23070       152.2875    
  -96.14000       18.44480       484.6327    
  -102.2042       17.92530       823.3898    
  -98.77510       21.94530       1597.819    
  -96.59170       18.59330       945.0278    
  -96.41630       18.56980       686.3618    
  -96.39480       18.56930       1624.267    
  -98.67890       18.47920       646.8224    
  -81.99300       22.71410       4756.943    
  -79.18760       21.87640       1099.562    
  -98.64710       19.03790       5544.690    
  -93.71200       17.96290       463.2533    
  -79.09010       21.91670       106.6968    
  -96.71490       18.95490       446.0845    
  -96.40020       18.33090       1179.757    
  -99.28010       21.97950       113.3784    
  -96.54180       19.47170       814.8315    
  -96.64450       18.65420       506.9142    
  -96.47680       19.47030       703.0530    
  -98.46040       18.73360       1164.045    
  -101.8401       20.30960       591.9882    
  -96.08810       18.52330       461.1354    
  -77.47250       20.97770       142.1928    
  -96.34910       19.08700       1184.431    
  -96.32750       19.08650       2362.570    
  -92.78110       16.41760       610.5631    
  -92.77890       16.39810       693.4587    
  -96.65960       18.61460       1290.327    
  -96.44040       18.45090       634.6566    
  -96.43730       18.43100       434.7009    
  -120.0378       37.98050       5311.859    
  -96.60030       18.91250       1453.889    
  -96.65090       18.69410       2231.219    
  -104.2254       19.76800       1080.301    
  -90.46800       19.37750       88.94880    
  -71.97130       18.76430       92.70720    
  -102.7901       19.06120       571.7992    
  -102.7856       19.04100       843.4222    
  -75.16510       20.25070       85.50360    
  -96.66930       18.67460       644.7949    
  -96.41350       19.34860       949.5713    
  -81.91410       22.73410       131.5440    
  -80.43250       22.70240       63.57960    
  -103.4421       19.56330       166.3092    
  -101.4594       19.08660       1335.761    
  -99.03040       22.80120       171.0072    
  -92.94270       16.40060       4093.934    
  -99.11330       22.86600       1303.783    
  -79.07040       21.91660       116.5104    
  -76.81930       20.43290       60.76080    
  -103.4469       19.58370       1352.577    
  -92.90170       16.40000       8727.877    
  -102.6308       20.00660       6428.916    
  -78.13350       18.27210       271.6880    
  -104.2635       19.72850       1338.032    
  -103.3475       19.66180       1176.741    
  -92.38020       16.29470       1676.516    
  -92.40490       16.33400       1192.586    
  -104.2875       19.72920       925.9722    
  -92.43710       16.25660       2348.940    
  -92.30640       16.17690       144.6984    
  -98.94880       22.94470       991.3549    
  -70.34600       18.92870       3030.521    
  -92.16520       18.64900       698.2425    
  -110.8616       33.42080       1131.034    
  -109.6423       30.50830       2229.297    
  -98.51230       18.65500       878.9746    
  -92.32890       16.19670       1370.189    
  -76.80320       20.67390       151.0877    
  -80.47100       26.96530       163.5687    
  -80.67930       26.62070       137.9646    
  -92.49820       16.25750       166.6224    
  -78.30980       21.54710       156.9915    
  -101.1850       20.57650       206.7120    
  -81.01790       26.73150       327.5551    
  -80.51850       26.70580       599.1725    
  -80.88670       26.62240       73.44540    
  -81.20350       26.71150       477.2898    
  -80.62220       26.70660       218.5092    
  -80.51110       26.57610       1440.311    
  -80.69630       26.55600       388.8378    
  -78.02990       21.36360       289.3446    
  -80.35740       26.79100       1066.192    
  -80.69500       26.53450       389.6208    
  -81.71960       22.83540       809.3274    
  -92.55520       15.07680       288.1614    
  -81.02190       26.79640       135.6156    
  -80.55250       26.57650       453.0610    
  -80.53180       26.57630       408.4561    
  -69.52650       18.59710       151.9803    
  -81.87810       31.20630       1381.317    
  -80.87120       26.70860       1709.662    
  -76.95990       20.71450       207.0252    
  -77.28250       20.19350       845.9044    
  -103.2765       19.65980       1344.550    
  -81.73400       26.86790       273.0757    
  -81.19100       26.84120       1248.786    
  -71.63480       19.14120       1212.717    
  -78.01020       21.36350       441.8000    
  -78.15610       20.91930       108.2106    
  -80.35860       26.81270       4745.053    
  -80.57940       26.68470       511.2904    
  -78.02940       21.34330       327.2314    
  -78.00970       21.34330       2385.681    
  -81.80110       22.85670       566.1251    
  -79.81300       22.18590       94.27321    
  -92.48230       17.88280       61.07400    
  -80.88540       26.60080       567.6315    
  -80.45150       26.98680       4388.928    
  -80.77400       26.47040       700.9546    
  -80.59620       22.78580       191.8654    
  -82.99490       22.68210       198.4905    
  -98.53870       18.55580       1676.516    
  -82.97480       22.68190       203.7366    
  -102.1247       20.23610       1012.815    
  -69.52580       18.61680       710.4549    
  -81.09810       27.01390       2666.949    
  -81.09670       26.99220       1649.220    
  -81.13620       22.78960       1624.886    
  -99.21150       22.18410       2585.197    
  -87.90100       15.25100       64.67580    
  -82.47740       28.34250       1425.114    
  -81.06320       28.08520       13986.68    
  -81.19240       26.86290       2063.361    
  -80.59520       22.76520       136.4965    
  -71.61550       19.14130       1345.481    
  -87.95540       15.19390       709.9658    
  -82.47920       28.36460       1344.847    
  -80.47230       26.98700       490.5071    
  -80.53300       26.59790       467.2944    
  -80.51230       26.59770       602.0793    
  -95.14380       16.65170       855.6327    
  -92.94490       16.42010       3091.297    
  -78.22900       21.46570       123.9377    
  -75.90350       20.27120       219.0311    
  -75.90330       20.25110       331.5350    
  -92.51660       15.09550       519.8788    
  -82.41990       22.80020       3451.319    
  -81.04210       28.08500       9346.064    
  -90.62560       19.49980       257.7636    
  -69.52730       18.57740       4788.747    
  -99.30210       18.75300       1022.113    
  -80.43520       22.33290       115.1950    
  -99.98180       16.98230       1494.316    
  -81.73550       26.88960       292.8420    
  -81.71310       26.86770       1439.186    
  -82.44000       22.80040       115.5708    
  -93.82010       16.86380       588.0641    
  -81.04350       28.10710       5878.255    
  -98.76640       18.60090       1400.557    
  -87.93730       15.21290       1202.400    
  -81.06460       28.10730       5287.007    
  -80.47950       26.74870       247.1148    
  -101.9379       20.33260       726.6050    
  -99.42520       18.33680       979.3582    
  -80.61250       27.24890       108.5064    
  -69.44450       18.71600       364.9782    
  -80.85940       26.51420       244.2960    
  -80.85810       26.49270       373.9608    
  -98.53560       21.87710       86.75640    
  -76.97090       20.15270       279.5063    
  -102.3073       20.01780       1700.049    
  -102.2042       20.17740       275.6160    
  -81.67830       22.81450       2699.721    
  -81.58630       22.60800       1214.320    
  -68.63830       45.23330       752.1255    
  -81.68350       27.62980       1001.248    
  -80.60650       26.79300       267.7860    
  -80.58570       26.79280       481.5450    
  -83.00060       21.88320       861.7244    
  -92.96540       16.42040       2222.312    
  -92.96310       16.40090       1605.149    
  -81.68510       27.65170       1785.499    
  -80.73300       22.72500       122.2524    
  -76.99030       20.15280       5168.121    
  -98.93940       18.70460       201.6268    
  -81.69830       22.81460       622.5462    
  -98.71480       22.81320       1528.855    
  -81.44660       26.93020       640.1230    
  -76.97120       20.17270       4920.506    
  -98.70450       18.49970       975.3029    
  -98.68240       18.49920       2583.874    
  -81.02100       28.08480       6177.211    
  -80.75300       22.72510       141.5664    
  -92.92440       16.41980       1340.570    
  -82.48670       29.21100       892.1648    
  -98.80800       23.12840       728.8024    
  -81.67710       22.79390       200.1348    
  -98.92010       22.71500       2546.222    
  -90.39630       30.00660       1189.080    
  -96.73250       16.85700       3101.325    
  -97.99570       26.38000       257.6070    
  -81.02250       28.10690       1887.748    
  -81.04060       28.06300       1993.187    
  -80.57700       26.64140       183.5352    
  -97.85370       26.46250       2705.912    
  -82.54600       22.88380       69.21720    
  -81.25630       22.79050       990.7634    
  -101.5989       20.97590       1688.631    
  -101.9101       20.20990       738.9954    
  -99.17980       18.69020       2112.682    
  -83.16390       42.30190       276.0221    
  -106.5718       41.65260       1943.596    
  -98.00120       26.40190       349.2180    
  -83.20040       22.45800       521.3975    
  -81.01920       26.75310       1168.993    
  -98.97640       22.96630       768.4819    
  -77.47090       20.89700       167.2488    
  -101.6037       20.99650       172.2209    
  -97.52830       19.15260       861.7541    
  -106.7467       40.68000       1770.121    
  -81.37490       26.47560       490.5071    
  -77.47050       20.87690       276.8688    
  -90.40780       19.73640       899.9938    
  -102.6075       19.80320       1767.384    
  -88.79080       18.04480       696.7695    
  -95.15480       16.41730       852.1381    
  -95.13390       16.41700       1650.006    
  -112.2193       35.20320       2319.851    
  -83.05020       29.73530       447.4745    
  -81.17720       26.94950       3825.480    
  -82.87560       22.70150       109.6200    
  -105.6117       40.33350       2342.685    
  -82.89570       22.70170       143.3325    
  -80.79120       28.76930       2992.987    
  -81.19800       26.94970       3277.827    
  -81.17580       26.92780       2677.718    
  -80.50740       26.51140       271.8576    
  -80.48670       26.51130       916.4232    
  -80.50620       26.48990       473.8716    
  -80.48550       26.48970       2896.474    
  -80.46480       26.48950       4124.972    
  -81.70050       27.28040       1022.953    
  -81.19660       26.92800       4888.702    
  -81.69710       22.79400       225.3996    
  -80.06970       22.61780       1140.394    
  -90.40540       19.71630       917.1492    
  -81.63910       31.22670       1604.541    
  -81.17860       26.97120       1943.182    
  -81.57940       26.43440       63.26641    
  -97.94890       26.37860       263.0880    
  -81.78100       22.85650       877.9753    
  -81.19730       22.81070       146.9355    
  -82.19630       22.75710       392.2830    
  -82.17620       22.75690       314.8051    
  -82.99930       21.86280       840.7075    
  -101.7914       21.10430       1635.625    
  -82.00560       31.16150       538.9703    
  -81.06350       26.79680       915.9069    
  -81.40230       26.26060       427.9087    
  -81.43660       22.79190       1134.052    
  -79.19810       21.61190       93.02040    
  -75.67040       20.29100       111.7341    
  -102.1481       20.23680       2248.985    
  -100.9561       19.83960       1804.780    
  -93.17120       16.95110       1063.156    
  -80.86460       26.60060       340.4484    
  -101.5563       20.38310       3232.631    
  -101.5330       20.38240       1272.091    
  -72.06140       19.06060       555.1247    
  -81.15640       26.94930       2515.235    
  -82.97520       21.80140       591.0620    
  -88.47240       18.06030       366.8597    
  -93.48030       18.09720       72.97559    
  -80.49040       26.57600       297.5400    
  -81.80840       22.98050       588.0204    
  -69.50340       18.69590       84.56400    
  -93.00390       16.57710       873.9201    
  -92.94940       16.45920       1703.370    
  -87.81180       15.36560       905.1420    
  -80.45750       26.72690       353.9160    
  -80.47700       26.70550       1717.318    
  -80.45630       26.70530       592.2613    
  -80.92950       26.64430       238.0320    
  -100.3081       18.17820       2367.113    
  -81.69950       22.83520       241.7904    
  -92.98340       16.57670       2875.974    
  -88.64260       18.37810       1018.270    
  -88.78400       18.18270       109.9332    
  -95.38800       18.25120       79.23961    
  -99.31140       17.18470       870.4857    
  -100.0656       17.08270       867.8371    
  -100.0433       17.08220       1726.156    
  -120.5856       41.44060       5655.958    
  -120.9436       41.15990       1816.400    
  -82.00060       22.83780       87.48067    
  -78.43770       21.89340       341.1139    
  -78.43710       21.87300       507.3058    
  -77.12730       20.21310       98.94884    
  -100.7740       19.06920       1440.259    
  -88.78210       18.16290       108.2106    
  -92.74560       15.34980       1181.110    
  -112.2356       35.17910       10833.17    
  -82.93650       29.44080       844.5190    
  -80.80110       26.57850       457.8984    
  -77.32120       17.85790       661.0161    
  -97.44060       32.04790       1254.763    
  -81.74720       26.75980       490.2852    
  -80.57820       26.66300       459.1512    
  -78.41790       21.89330       272.7972    
  -78.21430       20.89940       114.3180    
  -96.40950       18.39060       1835.535    
  -93.56880       17.98020       68.90401    
  -92.92660       16.43930       2749.224    
  -92.90620       16.43900       3196.216    
  -97.85610       32.27580       1682.574    
  -81.70200       27.30230       1147.698    
  -80.35470       22.31190       305.4655    
  -78.41730       21.87290       284.3857    
  -93.56360       17.94060       81.74520    
  -92.92890       16.45890       28922.87    
  -92.90840       16.45850       5149.556    
  -94.13650       16.24420       2669.726    
  -94.13410       16.22470       4491.478    
  -94.11340       16.22440       3255.327    
  -80.49530       26.66240       231.1416    
  -97.54320       26.23610       788.9413    
  -82.21890       22.79840       93.64680    
  -70.23170       18.29810       826.8995    
  -92.95530       18.36510       142.0504    
  -95.68030       18.07850       101.1636    
  -81.19950       26.32330       816.1227    
  -98.46450       21.75180       274.9896    
  -103.8651       38.10440       921.4509    
  -80.79470       26.47060       557.1828    
  -81.22020       26.32350       205.4592    
  -82.66820       22.90560       100.8504    
  -81.76700       22.95950       109.7766    
  -72.19960       18.90190       119.3292    
  -120.8136       41.45960       5704.426    
  -97.86360       32.29970       894.5411    
  -81.76830       22.98020       633.5994    
  -91.67140       18.30410       99.75419    
  -93.11760       17.85400       246.8016    
  -92.93110       16.47840       4743.314    
  -121.0662       41.53740       1556.477    
  -79.23070       21.97850       80.89509    
  -77.35360       20.89670       212.0364    
  -88.75910       18.34020       877.5601    
  -92.91060       16.47810       2646.947    
  -82.89400       31.05700       1649.436    
  -97.04260       16.64720       1286.576    
  -80.71950       26.59940       336.0636    
  -79.89040       22.61670       143.1324    
  -88.77540       18.30090       636.6843    
  -90.64860       18.09070       1254.250    
  -93.37890       18.11520       572.1710    
  -80.74020       26.59960       308.5020    
  -98.42700       21.89480       237.0924    
  -77.37320       20.89680       1826.593    
  -93.51940       17.92010       98.03160    
  -81.85760       22.79540       98.34480    
  -82.85830       22.74250       107.7408    
  -81.58510       22.58740       1386.977    
  -71.49900       19.16150       2308.049    
  -82.17490       22.73630       1757.280    
  -92.88790       16.45820       1863.288    
  -92.88570       16.43870       1408.371    
  -81.74330       22.89740       122.7744    
  -90.68710       19.50080       502.7825    
  -96.46820       18.49130       624.5182    
  -75.74720       20.13090       999.5488    
  -96.23600       19.18460       1067.700    
  -96.28970       18.16990       306.9341    
  -101.4306       20.54250       605.4666    
  -93.00620       16.59660       129.3516    
  -82.73040       21.71770       473.4578    
  -88.58430       18.39710       94.27320    
  -93.59740       18.03990       86.13000    
  -92.15740       17.73960       68.27760    
  -80.50990       26.55460       238.9716    
  -96.63260       18.71370       1594.734    
  -106.0076       40.68990       1719.151    
  -96.39520       19.36830       504.8865    
  -88.48870       18.02120       393.2524    
  -92.47570       16.23770       1142.666    
  -106.5152       40.86060       848.0609    
  -93.25930       18.15260       133.5276    
  -96.55180       19.01130       1676.516    
  -95.20010       18.26740       430.2951    
  -77.69430       21.28150       89.88840    
  -96.69870       18.45620       775.0731    
  -95.74060       18.19860       93.33360    
  -92.80520       16.08710       1262.885    
  -90.62720       19.34010       79.55280    
  -72.14100       18.94160       109.9332    
  -92.80300       16.06770       1079.409    
  -120.8740       41.21040       3086.445    
  -99.39150       22.58280       4743.313    
  -69.37020       18.63740       1222.175    
  -87.68580       15.24880       118.3896    
  -102.3595       21.03870       992.8022    
  -75.70980       20.39120       461.8583    
  -96.32100       19.04640       474.4717    
  -96.31780       19.02640       348.0544    
  -88.62690       18.00330       165.3696    
  -95.11070       18.08740       124.9668    
  -119.2569       38.58560       3698.330    
  -95.22130       18.26780       112.4388    
  -101.5747       20.46500       1042.365    
  -96.62330       19.05280       2117.226    
  -93.60260       18.07960       427.3580    
  -81.60160       22.87570       83.31120    
  -99.38520       21.94120       1924.131    
  -90.64130       19.46010       97.09200    
  -93.44130       18.11630       89.57520    
  -82.90140       22.78410       793.0186    
  -103.6959       20.70970       961.3583    
  -75.88400       20.27110       92.91600    
  -96.61010       18.97260       1163.111    
  -98.36030       16.41820       430.1463    
  -82.15230       22.69490       1031.353    
  -92.23440       14.89890       486.1307    
  -75.88390       20.25110       66.08520    
  -96.22580       18.44650       102.4164    
  -96.38220       18.48950       1790.101    
  -92.70090       15.31050       162.0288    
  -120.4819       41.57370       1225.203    
  -88.74670       18.41900       475.0701    
  -96.41000       18.52980       764.4266    
  -99.02100       21.82830       1079.409    
  -96.57980       18.65280       1104.047    
  -96.54540       18.57240       1008.636    
  -78.22900       18.25270       77.67361    
  -94.52780       17.97760       958.6581    
  -99.13470       21.83130       592.0758    
  -96.70830       18.91480       1771.927    
  -96.72870       18.77550       78.61320    
  -87.99250       15.42530       90.67140    
  -83.15020       22.60130       1310.825    
  -79.18830       21.89680       187.7634    
  -98.61980       18.51780       474.4717    
  -96.07880       18.32440       811.2578    
  -98.63480       18.47820       86.75640    
  -92.32680       16.17720       105.2352    
