  -120.8980       44.96620       4146.636    
  -118.2325       39.77760       19091.68    
  -118.2460       39.75120       24220.64    
  -118.2049       39.74810       39202.73    
  -98.17850       37.85060       588.6379    
  -97.69680       36.92200       167.6325    
  -98.09760       35.71950       864.3019    
  -91.43590       32.84780       461.7522    
  -116.5263       32.14340       5406.097    
  -116.4915       32.14130       4953.208    
  -116.4746       32.11630       3972.109    
  -109.6423       30.50830       1075.966    
  -103.2946       27.06620       8403.635    
  -103.2693       27.06530       2831.213    
  -103.3126       27.04490       11859.24    
  -103.2873       27.04400       12700.37    
  -103.2620       27.04300       4827.629    
  -103.3053       27.02270       11173.07    
  -103.2800       27.02170       14258.46    
  -100.1617       25.69260       1030.427    
  -88.25080       18.03780       2461.308    
  -94.52780       17.97760       1395.614    
  -92.48470       17.90260       523.0353    
  -88.87220       17.84910       68.08394    
  -93.11510       17.83420       1313.272    
  -88.49780       17.68710       2817.695    
  -112.4652       49.06340       1426.903    
  -106.7569       46.79390       869.6702    
  -116.3939       45.93320       1604.058    
  -112.6783       34.73240       1634.696    
  -116.5094       32.11850       3694.861    
  -108.1744       25.23480       256.5829    
  -106.1747       46.05140       1077.425    
  -104.6162       44.18940       665.1367    
  -100.0723       42.56400       988.8473    
  -97.81310       38.57270       2007.114    
  -91.43050       32.82390       413.0245    
  -92.48230       17.88280       515.8806    
  -93.11760       17.85400       1126.419    
  -107.4872       46.87880       977.5737    
  -118.3401       34.70180       1236.382    
  -103.3199       27.06720       5237.664    
  -110.6344       45.40490       1322.221    
  -82.79830       43.73360       107.3838    
  -105.4233       44.48360       868.0598    
  -104.6362       44.22090       831.0182    
  -117.0387       44.90410       1576.680    
  -120.8559       44.93190       4151.870    
  -117.1338       43.14420       1855.296    
  -111.0342       48.60460       1285.179    
  -109.3797       45.74690       926.0377    
  -108.8085       45.51750       824.5762    
  -120.9054       44.93630       3119.539    
  -115.6892       38.29520       1974.858    
  -104.1205       35.89990       541.1281    
  -110.0648       27.22020       1251.896    
  -121.8536       49.48710       5079.111    
  -124.1234       48.96640       4618.993    
  -107.5620       46.88420       856.7863    
  -108.1353       45.59330       922.8167    
  -122.7723       44.74000       27296.38    
  -110.0215       39.51620       1147.380    
  -108.0340       33.87220       818.1342    
  -107.3926       39.05250       121.2397    
  -95.61510       18.49390       458.9926    
  -124.8445       48.70330       3784.843    
  -117.4446       42.78940       1501.792    
  -117.0216       42.63870       1484.881    
  -88.24900       18.01810       626.1204    
  -124.7040       49.29690       10285.87    
  -107.4410       45.45040       975.9633    
  -107.0997       44.65710       733.2347    
  -116.9795       42.63530       1439.787    
  -113.6665       41.43320       1608.038    
  -109.1228       40.33330       934.0902    
  -114.5417       39.74700       1196.602    
  -106.2119       37.68380       599.1061    
  -90.52600       16.11310       193.5471    
  -108.5635       45.56190       642.5897    
  -113.6537       41.46050       1161.171    
  -98.04490       35.71730       1248.138    
  -114.2193       49.94220       2435.051    
  -116.6884       43.04920       2247.841    
  -106.6563       41.03720       1202.244    
  -113.6158       41.45770       1153.118    
  -111.4772       38.75030       1134.584    
  -112.5527       49.07080       1281.958    
  -111.0555       48.91150       1662.036    
  -118.2603       39.80710       4398.277    
  -115.8579       48.78230       3128.803    
  -107.2732       44.94440       755.3247    
  -113.7581       44.69520       2627.126    
  -117.7022       42.92720       1674.920    
  -93.27930       30.26510       1363.532    
  -111.9953       49.22910       2161.291    
  -117.7129       42.89890       1927.939    
  -99.32650       23.39420       4822.606    
  -110.9943       47.53690       1352.820    
  -108.8417       46.17920       1246.772    
  -118.9553       44.21860       2576.662    
  -118.7634       38.17550       1594.395    
  -114.4280       48.35320       201.9013    
  -110.9611       47.83040       1074.204    
  -114.4128       47.06970       236.2938    
  -116.8003       44.94510       1336.178    
  -121.3431       43.88790       3505.804    
  -115.9761       42.46810       2838.592    
  -113.7041       41.52090       1396.903    
  -117.1338       43.02690       1951.927    
  -110.8616       33.42080       1093.513    
  -117.0278       43.31200       2064.430    
  -115.6370       38.31800       1784.079    
  -120.5214       43.81560       1570.238    
  -116.7277       39.69010       1156.339    
  -114.6712       40.33340       1439.556    
  -118.6824       38.16940       2450.995    
  -112.7114       34.73450       1287.480    
  -98.64710       19.03790       2883.415    
  -110.2775       27.38540       91.54836    
  -119.1156       38.22850       1174.055    
  -93.18470       17.89460       443.5491    
  -94.01530       18.20560       1320.688    
  -118.2183       39.72180       9193.967    
  -121.0178       49.78320       6679.135    
  -114.8888       32.54680       320.0482    
  -110.7764       33.00450       3065.429    
  -97.48990       20.52240       73.23869    
  -94.04100       18.08740       46.26904    
  -88.30960       17.58660       811.8387    
  -95.24460       29.82240       184.0407    
  -70.34600       18.92870       2352.257    
  -101.4139       26.88680       189.4342    
  -89.39520       48.35410       1238.378    
  -102.2042       17.92530       209.2103    
  -92.16520       18.64900       544.7750    
  -93.33820       31.02550       5593.944    
  -82.15760       31.88360       1250.610    
  -82.19550       31.81400       372.5632    
  -83.37740       30.42090       364.0173    
  -93.36170       31.02620       1160.945    
  -85.07200       31.04300       617.1668    
  -97.41260       32.11760       886.4199    
  -92.83610       31.17290       2498.530    
  -93.71910       30.75980       987.6917    
  -93.27410       30.24210       169.6581    
  -88.69950       17.27800       1006.854    
  -88.70130       17.29760       1409.852    
  -109.7623       31.77890       887.1932    
  -94.77100       30.74580       3111.028    
  -94.84780       30.95600       1498.589    
  -97.93150       35.76280       266.4800    
  -97.90980       21.10240       64.08385    
  -107.6963       45.56190       1050.046    
  -85.58690       31.42200       3660.123    
  -87.24440       32.86380       915.0305    
  -82.17760       31.86050       965.2710    
  -87.22150       32.86330       866.0931    
  -87.47300       31.31870       2353.264    
  -90.29680       16.22660       651.4134    
  -87.45050       31.31820       2188.371    
  -82.84740       29.64250       373.5730    
  -97.87490       26.26790       565.0084    
  -97.85160       26.26720       128.9100    
  -84.98270       30.85730       1621.771    
  -85.61330       32.92680       1135.615    
  -115.0321       32.26780       1965.261    
  -85.61670       32.95060       2036.187    
  -85.09420       31.04340       64.57871    
  -93.74260       30.76050       286.6589    
  -99.71790       33.47270       463.0020    
  -107.9038       44.04700       2238.596    
  -83.54680       30.58330       382.7874    
  -87.92520       19.26080       1307.633    
  -87.92330       19.24090       1478.254    
  -89.12380       17.12700       65.32099    
  -85.60920       31.42240       2227.993    
  -92.54240       30.79490       580.2087    
  -87.94340       19.24120       1950.400    
  -88.51780       17.68730       4708.846    
  -91.59680       15.97250       498.7821    
  -102.9202       48.40800       1091.114    
  -85.58380       31.39870       1120.677    
  -88.56850       17.80580       934.9450    
  -90.52470       16.30730       659.2766    
  -94.84180       30.93270       2660.026    
  -94.77690       30.76910       3077.384    
  -112.1920       41.69380       3011.636    
  -98.67960       26.22810       82.88839    
  -94.76520       30.72260       2192.635    
  -83.26150       30.35090       1765.478    
  -83.23970       30.35060       1938.118    
  -83.25930       30.32810       1549.422    
  -83.23750       30.32780       834.1704    
  -91.77960       16.55850       530.4965    
  -98.89440       35.47740       199.5644    
  -94.74730       30.74510       2670.180    
  -94.74150       30.72190       2878.707    
  -103.9183       27.86450       1459.461    
  -78.45740       21.89350       81.15639    
  -91.53510       33.49720       66.55814    
  -94.79480       30.74660       2204.235    
  -98.13750       27.47730       105.8285    
  -93.91340       18.22360       627.5621    
  -87.01660       15.43460       201.1590    
  -97.88780       23.47910       146.4774    
  -93.04630       18.26770       106.6415    
  -93.04370       18.24780       111.4114    
  -89.59100       15.00040       972.7423    
  -98.92100       35.47850       846.1589    
  -84.82060       31.87490       1033.171    
  -85.60610       31.39910       240.3940    
  -110.1346       27.37870       65.56843    
  -110.0961       27.35470       57.40331    
  -110.1717       27.33600       53.44445    
  -88.49600       17.66740       625.6278    
  -98.88510       35.45200       162.0654    
  -84.44340       31.70540       186.9195    
  -97.81780       26.50480       178.3956    
  -97.11260       19.76580       305.7609    
  -88.77450       18.08400       79.67182    
  -99.70910       33.44820       896.7803    
  -98.91240       22.98530       113.5695    
  -90.79500       16.60290       538.1849    
  -99.73520       33.44930       688.8915    
  -101.1198       30.95140       1271.075    
  -98.54560       21.38440       87.58952    
  -88.57090       18.67380       525.3710    
  -101.7799       31.37450       419.1926    
  -98.62130       26.18290       944.7754    
  -100.2699       20.57210       1681.767    
  -93.81640       18.12290       999.9042    
  -84.46570       31.70570       795.4493    
  -93.27100       16.23040       1551.865    
  -96.97810       31.14280       763.3772    
  -96.95370       31.14190       123.0542    
  -91.69940       30.84090       450.9238    
  -55.67090       47.78680       466.8496    
  -103.7816       31.11130       1507.802    
  -103.7549       31.11010       1345.719    
  -103.7723       31.08760       1473.679    
  -85.12190       29.65190       462.6468    
  -85.63610       32.92720       1885.019    
  -115.3321       32.42960       1819.884    
  -85.63950       32.95110       1537.253    
  -115.3485       32.45460       2384.332    
  -98.28050       27.30600       77.93983    
  -110.4699       27.43890       3162.759    
  -110.4597       27.41620       2743.288    
  -110.4310       27.41480       3135.034    
  -110.4495       27.39340       2648.233    
  -110.4394       27.37070       2670.111    
  -71.15650       18.96480       846.3761    
  -99.41120       29.03490       346.8942    
  -93.20270       31.04460       79.42439    
  -91.83290       31.14480       69.03242    
  -99.77440       21.64300       1230.422    
  -101.7579       18.65290       899.8398    
  -98.48130       34.69020       1045.011    
  -101.1455       30.95250       1439.556    
  -93.50930       30.15750       73.23869    
  -110.7149       28.09850       1008.979    
  -76.69170       17.97430       795.1041    
  -110.7042       28.07550       1269.653    
  -110.4221       28.01710       2436.227    
  -84.40190       31.35600       170.4779    
  -84.35660       30.38920       893.5913    
  -98.92260       28.43470       462.2136    
  -110.7072       28.14300       1590.976    
  -110.6965       28.12000       1596.308    
  -110.6858       28.09710       1138.624    
  -89.99150       36.95540       915.3011    
  -89.96670       36.95470       169.8593    
  -99.87880       34.47840       1725.609    
  -110.6752       28.07410       1512.068    
  -110.7227       28.05400       1121.788    
  -110.6936       28.05260       1262.544    
  -86.99030       15.33800       1920.167    
  -109.1999       26.14690       1759.458    
  -109.1723       26.14570       1780.785    
  -109.1910       26.12460       1773.726    
  -90.18050       19.89300       1144.374    
  -88.45040       19.48720       1332.711    
  -88.44830       19.46720       1543.558    
  -88.42820       19.46690       1434.263    
  -88.33980       17.92090       760.1862    
  -91.52250       34.46830       226.6441    
  -89.03380       18.87850       1383.263    
  -89.01360       18.87820       1645.693    
  -116.9563       47.45320       1354.916    
  -91.89320       36.83380       547.2480    
  -88.24140       33.05250       87.96066    
  -97.77280       24.78410       384.9096    
  -89.01150       18.85830       746.9871    
  -91.29000       16.90260       807.4696    
  -91.22090       16.82350       354.6619    
  -88.01800       15.50270       315.8971    
  -82.04810       35.89990       476.3481    
  -85.95510       32.93320       171.2194    
  -96.43510       31.35640       89.66790    
  -99.74410       28.68740       704.5940    
  -110.5039       28.13320       2537.884    
  -112.0367       24.96760       2237.177    
  -112.0272       24.94560       2139.074    
  -111.9984       24.94430       2117.747    
  -111.9889       24.92230       2318.219    
  -69.79420       18.67460       1223.106    
  -91.88470       18.03090       115.7688    
  -88.54860       17.80560       646.3408    
  -92.25460       14.89920       298.7231    
  -98.53600       36.90680       148.2094    
  -99.86940       34.45340       1488.747    
  -99.18590       24.06300       708.6202    
  -98.09270       23.48480       1461.060    
  -69.77490       18.67470       1075.965    
  -92.34400       18.09760       1123.942    
  -89.62730       16.10160       236.4413    
  -98.09240       35.19430       988.8473    
  -76.57320       20.99580       194.4784    
  -95.60580       18.57320       193.1588    
  -89.35060       18.22980       256.3191    
  -92.32340       18.09730       1308.943    
  -90.50610       17.32180       962.9666    
  -89.33620       17.05160       910.7424    
  -90.94010       17.03440       593.5410    
  -114.2442       42.65180       3613.963    
  -83.14260       31.12950       262.2010    
  -90.17820       19.87290       540.8856    
  -99.88810       34.50340       955.8319    
  -99.85230       34.47720       659.9112    
  -98.57410       21.63130       76.20782    
  -92.76970       17.71020       971.2957    
  -90.12420       14.75680       318.0734    
  -89.88620       34.30020       419.9857    
  -99.90520       34.47950       763.3772    
  -100.6645       28.58660       539.5176    
  -100.6397       28.58570       1281.153    
  -110.1845       27.80440       1955.664    
  -98.08800       23.46370       1380.593    
  -99.98580       21.87530       697.3467    
  -96.05590       17.74960       244.7983    
  -91.19700       16.97940       701.2169    
  -88.02510       15.07920       315.9525    
  -95.68970       48.83300       197.9424    
  -99.50120       36.10780       2110.216    
  -70.81110       18.88710       89.07409    
  -92.67910       18.14270       727.9022    
  -87.53660       15.07420       372.1758    
  -117.0032       47.45740       7469.684    
  -110.5358       28.20210       3162.759    
  -98.44640       26.50280       671.5787    
  -103.3008       25.37020       708.0485    
  -98.69510       23.33420       1537.808    
  -97.45870       21.17300       71.01184    
  -90.48590       17.32150       548.9331    
  -75.70060       44.05420       468.6556    
  -99.49120       36.08210       2494.390    
  -97.73540       31.23940       765.7928    
  -98.15500       21.66150       130.3121    
  -82.64820       43.43330       129.5286    
  -99.52820       36.10900       2047.385    
  -99.51820       36.08330       3403.189    
  -99.60810       32.65270       683.3890    
  -110.5281       28.24670       3047.594    
  -88.43020       19.48690       1929.137    
  -71.57100       18.58800       126.6831    
  -95.53960       18.27400       61.93948    
  -93.84530       18.18280       99.09492    
  -91.67500       17.81070       60.37243    
  -97.74530       38.67610       2737.448    
  -98.73260       35.74630       956.9594    
  -88.03920       19.40180       1471.167    
  -92.24970       17.99730       132.8688    
  -88.65430       14.85540       874.0303    
  -88.92030       14.74310       696.6186    
  -97.77280       38.67730       2263.514    
  -105.3688       37.97680       1567.517    
  -105.0769       28.09020       1100.461    
  -99.17180       21.68830       289.7382    
  -99.14900       21.68770       2633.938    
  -101.8657       21.02450       194.1180    
  -88.05940       19.40210       686.3074    
  -88.85290       15.37700       112.0849    
  -87.55610       15.07440       84.20801    
  -102.9031       27.47000       531.0363    
  -91.54820       17.59230       64.08385    
  -108.7894       40.69950       1021.057    
  -98.46920       23.03550       1906.812    
  -91.52780       17.59200       61.11472    
  -117.4990       45.21970       3476.118    
  -98.64700       21.22330       793.4734    
  -92.48350       18.06040       352.6951    
  -98.65120       21.24390       186.3133    
  -98.66950       21.22390       719.3125    
  -99.28100       20.26210       863.7338    
  -71.51370       18.56850       453.2545    
  -92.77250       18.06530       285.6127    
  -90.43960       16.46170       429.9883    
  -110.6888       28.16460       1448.087    
  -91.12470       16.08240       797.0262    
  -97.80030       38.67850       3929.084    
  -97.78980       38.65140       7743.286    
  -95.29360       36.23900       601.4147    
  -121.2612       35.96840       4968.805    
  -115.2568       32.11400       1164.441    
  -110.5277       27.75370       2631.722    
  -97.34260       20.43780       753.7997    
  -96.60320       19.19240       475.0976    
  -89.38930       18.80410       1468.092    
  -89.36900       18.80380       903.9440    
  -95.65840       48.90000       300.1302    
  -117.8909       35.34790       1318.705    
  -98.43850       22.16320       1394.693    
  -102.7827       20.35640       164.4538    
  -88.94960       18.44150       141.0030    
  -92.73040       18.22270       2886.987    
  -90.71700       16.42660       272.9275    
  -97.40970       38.71450       658.6947    
  -100.4554       34.20910       781.6258    
  -107.4275       24.62420       107.1363    
  -101.3744       19.87090       504.0866    
  -95.79490       18.41800       72.18712    
  -90.73520       16.40740       257.3653    
  -116.3614       39.22820       1761.590    
  -81.94310       29.90310       1013.891    
  -87.54310       20.09500       316.9987    
  -87.78220       15.23060       919.6287    
  -97.73940       19.23750       550.7911    
  -88.50140       17.72640       734.2380    
  -95.33460       40.16730       179.8801    
  -101.0973       33.29030       473.4871    
  -116.7035       32.01100       2511.866    
  -108.1078       25.34000       119.9036    
  -108.2177       25.27970       146.4279    
  -98.10620       21.96880       702.9835    
  -98.10190       21.94810       1441.518    
  -88.81620       18.71680       654.9518    
  -92.75110       18.22300       1790.426    
  -113.3403       31.78730       1733.803    
  -92.28470       18.11640       650.6271    
  -92.34060       17.90020       98.47635    
  -91.86390       17.32230       583.1846    
  -88.83780       15.43470       284.5665    
  -90.62950       15.30190       95.34226    
  -88.59520       15.10450       294.6043    
  -119.0038       46.57400       9390.173    
  -114.4683       40.34610       2396.425    
  -114.4439       40.31670       2568.346    
  -97.34760       37.19070       1066.207    
  -100.2452       25.73850       204.0060    
  -100.2213       25.73770       212.8532    
  -108.1908       25.27860       113.0746    
  -92.74860       18.20320       1628.009    
  -92.72790       18.20280       2163.723    
  -77.03600       17.97490       120.2500    
  -91.86170       17.30270       946.0523    
  -88.40960       14.98720       583.0012    
  -119.0467       46.60980       1146.953    
  -88.56710       33.44340       616.1512    
  -88.61010       18.45670       96.62064    
  -77.03630       17.99450       91.54836    
  -90.75270       16.58280       618.9127    
  -88.61480       15.10480       2651.596    
  -116.1838       46.23010       444.3808    
  -103.3628       30.97640       4167.249    
  -99.14460       24.08280       664.8760    
  -95.52210       17.42390       241.3177    
  -83.16390       42.30190       225.3434    
  -112.8406       43.63090       1668.478    
  -97.76230       38.65020       3135.644    
  -88.48980       18.87100       487.7300    
  -116.2285       46.23390       741.5418    
  -97.81730       38.65270       2838.507    
  -86.02420       36.37200       287.7250    
  -97.99040       30.62360       861.6177    
  -99.48530       28.05340       438.0561    
  -75.80980       20.83350       185.7360    
  -95.79190       18.39810       104.6620    
  -95.78460       17.48790       341.0934    
  -85.31590       38.66640       349.2146    
  -101.9332       32.20420       904.8640    
  -114.9170       32.18910       2770.346    
  -108.0961       25.16680       82.26981    
  -76.69190       17.99390       728.8057    
  -90.77150       17.54140       814.9658    
  -93.97680       36.82770       555.6227    
  -115.3320       35.45250       1539.792    
  -101.9423       32.22830       752.5063    
  -113.3197       31.85730       843.8392    
  -116.6866       31.98610       1740.264    
  -93.12090       17.71610       58.51673    
  -90.75080       16.56330       336.8765    
  -116.4005       46.28040       529.2485    
  -115.5002       32.53590       474.0721    
  -115.8645       30.52190       2573.429    
  -69.17510       18.67800       452.5507    
  -69.17590       18.65830       803.5254    
  -112.3396       41.70450       2758.787    
  -98.30750       35.65290       1178.886    
  -91.09960       32.26990       96.12578    
  -107.7942       32.19750       5817.940    
  -107.7653       32.19600       5389.273    
  -107.7824       32.17310       6656.198    
  -107.7535       32.17170       8057.250    
  -113.3021       31.88000       1654.957    
  -107.6733       24.65530       119.0129    
  -70.42660       18.82950       1336.172    
  -116.4382       46.31530       526.5268    
  -121.5882       42.03780       5255.063    
  -111.1367       39.29220       1994.052    
  -115.4117       32.69890       160.3334    
  -98.63930       26.16180       526.7709    
  -70.40720       18.82960       896.2488    
  -118.9666       47.08340       6291.419    
  -93.96910       36.80180       1317.368    
  -92.91930       18.24570       106.8064    
  -91.34040       16.80570       581.4319    
  -97.87200       39.13640       546.4454    
  -98.28110       35.65180       193.7361    
  -113.3695       31.83640       1635.762    
  -99.97220       25.51430       969.5212    
  -77.04510       21.15840       89.36275    
  -88.12530       19.04470       685.5073    
  -91.68870       31.44270       153.0342    
  -99.07210       24.16520       456.5892    
  -98.35500       22.92820       683.7469    
  -116.6682       39.03490       1240.085    
  -110.8658       32.19460       461.3556    
  -87.94150       19.22130       814.3250    
  -118.9980       46.60540       607.8069    
  -122.7765       44.95390       755.3976    
  -88.80830       18.63750       276.1969    
  -91.32010       16.80540       336.8765    
  -91.08640       16.10130       183.0851    
  -108.1127       45.06490       1320.610    
  -97.80910       38.49290       3303.404    
  -116.7490       32.56500       1718.794    
  -110.5681       24.17360       1460.883    
  -110.5596       24.15180       1279.606    
  -88.47530       18.51430       90.31123    
  -94.81840       17.80520       234.3567    
  -116.7138       32.56280       6838.073    
  -116.6964       32.53770       4316.109    
  -98.37070       22.16140       423.9432    
  -98.34370       22.14000       1702.059    
  -98.49390       21.99960       663.2623    
  -107.3205       46.48150       2412.530    
  -97.83650       38.49410       314.2336    
  -97.79870       38.46590       584.9198    
  -115.0194       35.81100       4965.936    
  -115.0000       35.78440       8983.649    
  -114.9646       35.78200       2919.633    
  -114.9806       35.75780       2634.925    
  -116.7315       32.53990       2830.061    
  -98.35960       22.94910       461.1331    
  -122.8291       44.95880       776.4290    
  -115.6866       32.66760       3607.666    
  -115.6522       32.66550       3059.035    
  -115.6354       32.64040       20011.61    
  -98.32550       22.16020       1401.135    
  -88.40760       18.43430       466.1066    
  -115.7542       32.76820       2223.141    
  -115.7197       32.76610       3857.155    
  -115.6853       32.76400       1595.168    
  -115.7717       32.74520       2682.453    
  -115.7372       32.74310       14493.59    
  -115.6684       32.73880       31608.39    
  -115.7203       32.71790       13105.30    
  -115.6859       32.71580       1664.943    
  -115.7034       32.69280       809.5845    
  -115.6690       32.69060       808.5947    
  -115.7209       32.66980       8644.304    
  -115.6179       32.66340       3111.407    
  -115.7041       32.64460       3184.343    
  -115.6697       32.64250       27788.77    
  -115.6011       32.63830       890.7408    
  -115.6530       32.61740       2112.976    
  -96.11440       18.96220       510.3939    
  -88.58000       17.27650       127.9203    
  -122.7375       44.88920       4098.724    
  -110.9991       39.28300       1522.731    
  -115.7028       32.74090       996.8875    
  -92.36430       18.59280       846.0237    
  -115.9885       36.28380       2406.793    
  -112.6780       33.01730       8478.453    
  -112.6458       33.01540       10710.30    
  -102.8167       44.04790       599.1061    
  -112.6932       33.04240       4446.630    
  -112.6609       33.04050       4659.897    
  -112.6629       32.99230       2072.961    
  -112.6307       32.99040       2382.199    
  -116.1538       32.62430       2803.047    
  -98.02900       22.02860       676.3102    
  -116.6787       32.56060       6859.634    
  -103.2547       27.02070       1567.517    
  -91.97230       18.24960       430.8089    
  -82.86110       43.97460       400.2626    
  -122.7652       44.76980       4991.700    
  -97.41140       36.85860       292.2125    
  -98.37410       36.61790       96.74435    
  -98.66840       26.18440       486.3712    
  -99.54630       43.23780       81.40382    
  -122.7307       44.91910       29460.30    
  -120.0749       35.37480       2822.597    
  -116.7313       32.58800       4490.349    
  -118.9849       38.45810       2435.516    
  -92.77400       35.29710       1299.895    
  -115.3928       33.79120       2241.397    
  -115.3581       33.78900       2828.837    
  -113.4948       32.96900       144.9928    
  -108.1947       25.43010       166.3953    
  -98.20930       23.80290       301.6471    
  -97.81050       22.27050       176.9440    
  -88.09770       19.38260       215.5173    
  -88.07760       19.38240       255.2729    
  -88.24540       17.97870       239.5799    
  -91.79550       17.79290       216.5635    
  -118.9827       38.53800       1794.639    
  -98.49100       36.01320       92.45560    
  -98.12010       21.92790       594.0487    
  -92.65590       18.12260       1963.734    
  -92.84870       17.84940       54.18673    
  -109.9079       46.77010       835.3307    
  -116.3809       31.72940       1528.365    
  -106.0363       38.27870       750.4931    
  -88.37780       18.75050       1235.563    
  -92.67660       18.12290       1051.431    
