  -120.8980       44.96620       309.6855    
  -118.2325       39.77760       1425.834    
  -118.2460       39.75120       1808.883    
  -118.2049       39.74810       2333.496    
  -98.17850       37.85060       43.96156    
  -97.69680       36.92200       12.51939    
  -98.09760       35.71950       64.54913    
  -91.43590       32.84780       34.48529    
  -116.5263       32.14340       321.7915    
  -116.4915       32.14130       294.8338    
  -116.4746       32.11630       236.4351    
  -109.6423       30.50830       64.04557    
  -103.2946       27.06620       500.2164    
  -103.2693       27.06530       211.4451    
  -103.3126       27.04490       705.9072    
  -103.2873       27.04400       755.9745    
  -103.2620       27.04300       287.3589    
  -103.3053       27.02270       665.0635    
  -103.2800       27.02170       848.7180    
  -100.1617       25.69260       76.95597    
  -88.25080       18.03780       139.8470    
  -94.52780       17.97760       83.07224    
  -92.48470       17.90260       39.06213    
  -88.87220       17.84910       5.084750    
  -93.11510       17.83420       98.07984    
  -88.49780       17.68710       160.0963    
  -112.4652       49.06340       106.5662    
  -106.7569       46.79390       64.95005    
  -116.3939       45.93320       119.7968    
  -112.6783       34.73240       97.30337    
  -116.5094       32.11850       219.9323    
  -108.1744       25.23480       19.16252    
  -106.1747       46.05140       80.46590    
  -104.6162       44.18940       49.67476    
  -100.0723       42.56400       73.85062    
  -97.81310       38.57270       149.8984    
  -91.43050       32.82390       30.84614    
  -92.48230       17.88280       38.52779    
  -93.11760       17.85400       84.12498    
  -107.4872       46.87880       73.00867    
  -118.3401       34.70180       73.59418    
  -103.3199       27.06720       311.7657    
  -110.6344       45.40490       98.74813    
  -82.79830       43.73360       8.019800    
  -105.4233       44.48360       64.82978    
  -104.6362       44.22090       62.06338    
  -117.0387       44.90410       117.7520    
  -120.8559       44.93190       310.0764    
  -117.1338       43.14420       138.5601    
  -111.0342       48.60460       95.98175    
  -109.3797       45.74690       69.15977    
  -108.8085       45.51750       61.58228    
  -120.9054       44.93630       232.9782    
  -115.6892       38.29520       117.5511    
  -104.1205       35.89990       40.41336    
  -110.0648       27.22020       93.49600    
  -121.8536       49.48710       257.6361    
  -124.1234       48.96640       234.2968    
  -107.5620       46.88420       63.98783    
  -108.1353       45.59330       68.91921    
  -122.7723       44.74000       1624.784    
  -110.0215       39.51620       68.29642    
  -108.0340       33.87220       61.10116    
  -107.3926       39.05250       9.054613    
  -95.61510       18.49390       34.27919    
  -124.8445       48.70330       191.9848    
  -117.4446       42.78940       112.1591    
  -117.0216       42.63870       110.8962    
  -88.24900       18.01810       35.57502    
  -124.7040       49.29690       521.7469    
  -107.4410       45.45040       72.88839    
  -107.0997       44.65710       54.76056    
  -116.9795       42.63530       107.5284    
  -113.6665       41.43320       95.71655    
  -109.1228       40.33330       69.76117    
  -114.5417       39.74700       89.36646    
  -106.2119       37.68380       44.74337    
  -90.52600       16.11310       10.99699    
  -108.5635       45.56190       47.99088    
  -113.6537       41.46050       86.72034    
  -98.04490       35.71730       93.21535    
  -114.2193       49.94220       123.5171    
  -116.6884       43.04920       133.8000    
  -106.6563       41.03720       60.98341    
  -113.6158       41.45770       86.11896    
  -111.4772       38.75030       67.53474    
  -112.5527       49.07080       95.74119    
  -111.0555       48.91150       124.1268    
  -118.2603       39.80710       328.4789    
  -115.8579       48.78230       158.7074    
  -107.2732       44.94440       56.41033    
  -113.7581       44.69520       133.2600    
  -117.7022       42.92720       125.0890    
  -93.27930       30.26510       77.47343    
  -111.9953       49.22910       161.4129    
  -117.7129       42.89890       114.7583    
  -99.32650       23.39420       244.6250    
  -110.9943       47.53690       101.0334    
  -108.8417       46.17920       63.24205    
  -118.9553       44.21860       130.7002    
  -118.7634       38.17550       119.0751    
  -114.4280       48.35320       15.07870    
  -110.9611       47.83040       80.22533    
  -114.4128       47.06970       17.64725    
  -116.8003       44.94510       99.79054    
  -121.3431       43.88790       177.8306    
  -115.9761       42.46810       168.9638    
  -113.7041       41.52090       83.14899    
  -117.1338       43.02690       145.7768    
  -110.8616       33.42080       81.66741    
  -117.0278       43.31200       122.8828    
  -115.6370       38.31800       106.1952    
  -120.5214       43.81560       117.2709    
  -116.7277       39.69010       86.35951    
  -114.6712       40.33340       85.68789    
  -118.6824       38.16940       124.3258    
  -112.7114       34.73450       76.63572    
  -98.64710       19.03790       146.2602    
  -110.2775       27.38540       6.837157    
  -119.1156       38.22850       87.68257    
  -93.18470       17.89460       33.12582    
  -94.01530       18.20560       75.03912    
  -118.2183       39.72180       547.2599    
  -121.0178       49.78320       338.7967    
  -114.8888       32.54680       23.90233    
  -110.7764       33.00450       182.4660    
  -97.48990       20.52240       5.469725    
  -94.04100       18.08740       3.455536    
  -88.30960       17.58660       48.32373    
  -95.24460       29.82240       13.74481    
  -70.34600       18.92870       119.3174    
  -101.4139       26.88680       14.14762    
  -89.39520       48.35410       62.81629    
  -102.2042       17.92530       15.62457    
  -92.16520       18.64900       30.95312    
  -93.33820       31.02550       283.7508    
  -82.15760       31.88360       74.44106    
  -82.19550       31.81400       27.82434    
  -83.37740       30.42090       21.66770    
  -93.36170       31.02620       58.88853    
  -85.07200       31.04300       46.09220    
  -97.41260       32.11760       52.76309    
  -92.83610       31.17290       141.9619    
  -93.71910       30.75980       56.11885    
  -93.27410       30.24210       12.67067    
  -88.69950       17.27800       57.20763    
  -88.70130       17.29760       80.10526    
  -109.7623       31.77890       52.80912    
  -94.77100       30.74580       176.7630    
  -94.84780       30.95600       85.14708    
  -97.93150       35.76280       19.90167    
  -97.90980       21.10240       4.786009    
  -107.6963       45.56190       78.42117    
  -85.58690       31.42200       217.8645    
  -87.24440       32.86380       54.46610    
  -82.17760       31.86050       72.08985    
  -87.22150       32.86330       51.55316    
  -87.47300       31.31870       140.0752    
  -90.29680       16.22660       37.01213    
  -87.45050       31.31820       130.2602    
  -82.84740       29.64250       22.23649    
  -97.87490       26.26790       42.19683    
  -97.85160       26.26720       9.627455    
  -84.98270       30.85730       96.53400    
  -85.61330       32.92680       67.59615    
  -115.0321       32.26780       116.9798    
  -85.61670       32.95060       103.2848    
  -85.09420       31.04340       4.822967    
  -93.74260       30.76050       16.28744    
  -99.71790       33.47270       27.55964    
  -107.9038       44.04700       167.1862    
  -83.54680       30.58330       22.78496    
  -87.92520       19.26080       66.32919    
  -87.92330       19.24090       83.99168    
  -89.12380       17.12700       4.878403    
  -85.60920       31.42240       166.3944    
  -92.54240       30.79490       29.43088    
  -87.94340       19.24120       98.93335    
  -88.51780       17.68730       280.2885    
  -91.59680       15.97250       28.33989    
  -102.9202       48.40800       81.48826    
  -85.58380       31.39870       83.69614    
  -88.56850       17.80580       47.42474    
  -90.52470       16.30730       37.45889    
  -94.84180       30.93270       158.3349    
  -94.77690       30.76910       183.1776    
  -112.1920       41.69380       224.9196    
  -98.67960       26.22810       6.190398    
  -94.76520       30.72260       163.7537    
  -83.26150       30.35090       105.0880    
  -83.23970       30.35060       115.3641    
  -83.25930       30.32810       115.7163    
  -83.23750       30.32780       62.29881    
  -91.77960       16.55850       30.14185    
  -98.89440       35.47740       14.90418    
  -94.74730       30.74510       158.9393    
  -94.74150       30.72190       146.0214    
  -103.9183       27.86450       86.87270    
  -78.45740       21.89350       6.061046    
  -91.53510       33.49720       4.970797    
  -94.79480       30.74660       131.2045    
  -98.13750       27.47730       7.903647    
  -93.91340       18.22360       35.65694    
  -87.01660       15.43460       15.02327    
  -97.88780       23.47910       10.93945    
  -93.04630       18.26770       7.964363    
  -93.04370       18.24780       8.320599    
  -89.59100       15.00040       72.64784    
  -98.92100       35.47850       63.19415    
  -84.82060       31.87490       52.40721    
  -85.60610       31.39910       17.95348    
  -110.1346       27.37870       4.896882    
  -110.0961       27.35470       4.287082    
  -110.1717       27.33600       3.991421    
  -88.49600       17.66740       35.54703    
  -98.88510       35.45200       12.10361    
  -84.44340       31.70540       13.95981    
  -97.81780       26.50480       13.32321    
  -97.11260       19.76580       18.20005    
  -88.77450       18.08400       5.950174    
  -99.70910       33.44820       66.97473    
  -98.91240       22.98530       8.481770    
  -90.79500       16.60290       30.57869    
  -99.73520       33.44930       51.44886    
  -101.1198       30.95140       75.65923    
  -98.54560       21.38440       6.541496    
  -88.57090       18.67380       29.85063    
  -101.7799       31.37450       31.30679    
  -98.62130       26.18290       56.23664    
  -100.2699       20.57210       100.1052    
  -93.81640       18.12290       56.81274    
  -84.46570       31.70570       59.40698    
  -93.27100       16.23040       92.37292    
  -96.97810       31.14280       57.01171    
  -96.95370       31.14190       9.190124    
  -91.69940       30.84090       33.67659    
  -55.67090       47.78680       27.78867    
  -103.7816       31.11130       89.75012    
  -103.7549       31.11010       80.10231    
  -103.7723       31.08760       87.71899    
  -85.12190       29.65190       26.28675    
  -85.63610       32.92720       95.61690    
  -115.3321       32.42960       108.3264    
  -85.63950       32.95110       77.97659    
  -115.3485       32.45460       141.9245    
  -98.28050       27.30600       5.820823    
  -110.4699       27.43890       188.2595    
  -110.4597       27.41620       204.8784    
  -110.4310       27.41480       186.6092    
  -110.4495       27.39340       197.7794    
  -110.4394       27.37070       158.9352    
  -71.15650       18.96480       48.08955    
  -99.41120       29.03490       25.90729    
  -93.20270       31.04460       5.931695    
  -91.83290       31.14480       5.155585    
  -99.77440       21.64300       91.89230    
  -101.7579       18.65290       53.56190    
  -98.48130       34.69020       62.20305    
  -101.1455       30.95250       85.68789    
  -93.50930       30.15750       5.469725    
  -110.7149       28.09850       75.35409    
  -76.69170       17.97430       45.17637    
  -110.7042       28.07550       75.57461    
  -110.4221       28.01710       145.0135    
  -84.40190       31.35600       12.73189    
  -84.35660       30.38920       53.18996    
  -98.92260       28.43470       34.51975    
  -110.7072       28.14300       94.70098    
  -110.6965       28.12000       95.01834    
  -110.6858       28.09710       85.03646    
  -89.99150       36.95540       68.35793    
  -89.96670       36.95470       12.68570    
  -99.87880       34.47840       128.8746    
  -110.6752       28.07410       90.00402    
  -110.7227       28.05400       66.77307    
  -110.6936       28.05260       75.15145    
  -86.99030       15.33800       109.1004    
  -109.1999       26.14690       104.7296    
  -109.1723       26.14570       105.9991    
  -109.1910       26.12460       132.4682    
  -90.18050       19.89300       65.02123    
  -88.45040       19.48720       75.72220    
  -88.44830       19.46720       87.70215    
  -88.42820       19.46690       81.49222    
  -88.33980       17.92090       43.19240    
  -91.52250       34.46830       16.92658    
  -89.03380       18.87850       78.59451    
  -89.01360       18.87820       93.50526    
  -116.9563       47.45320       101.1899    
  -91.89320       36.83380       40.87042    
  -88.24140       33.05250       6.569213    
  -97.77280       24.78410       28.74641    
  -89.01150       18.85830       42.44245    
  -91.29000       16.90260       45.87896    
  -91.22090       16.82350       20.15125    
  -88.01800       15.50270       23.59232    
  -82.04810       35.89990       27.06523    
  -85.95510       32.93320       12.78727    
  -96.43510       31.35640       6.696717    
  -99.74410       28.68740       52.62157    
  -110.5039       28.13320       151.0646    
  -112.0367       24.96760       133.1653    
  -112.0272       24.94560       127.3258    
  -111.9984       24.94430       126.0564    
  -111.9889       24.92230       137.9892    
  -69.79420       18.67460       72.80393    
  -91.88470       18.03090       8.646026    
  -88.54860       17.80560       32.78540    
  -92.25460       14.89920       22.30970    
  -98.53600       36.90680       11.06880    
  -99.86940       34.45340       111.1849    
  -99.18590       24.06300       52.92226    
  -98.09270       23.48480       86.96787    
  -69.77490       18.67470       64.04556    
  -92.34400       18.09760       63.86032    
  -89.62730       16.10160       13.43416    
  -98.09240       35.19430       73.85062    
  -76.57320       20.99580       14.52434    
  -95.60580       18.57320       14.42578    
  -89.35060       18.22980       14.56359    
  -92.32340       18.09730       74.37174    
  -90.50610       17.32180       54.71401    
  -89.33620       17.05160       68.01746    
  -90.94010       17.03440       33.72392    
  -114.2442       42.65180       269.9035    
  -83.14260       31.12950       19.58210    
  -90.17820       19.87290       30.73214    
  -99.88810       34.50340       71.38492    
  -99.85230       34.47720       49.28451    
  -98.57410       21.63130       5.691471    
  -92.76970       17.71020       55.18725    
  -90.12420       14.75680       18.93294    
  -89.88620       34.30020       31.36602    
  -99.90520       34.47950       57.01172    
  -100.6645       28.58660       40.29309    
  -100.6397       28.58570       95.68105    
  -110.1845       27.80440       116.4086    
  -98.08800       23.46370       82.17813    
  -99.98580       21.87530       52.08031    
  -96.05590       17.74960       18.28240    
  -91.19700       16.97940       41.73910    
  -88.02510       15.07920       17.95185    
  -95.68970       48.83300       14.78304    
  -99.50120       36.10780       157.5984    
  -70.81110       18.88710       6.652369    
  -92.67910       18.14270       41.35808    
  -87.53660       15.07420       18.87848    
  -117.0032       47.45740       444.6240    
  -110.5358       28.20210       188.2595    
  -98.44640       26.50280       50.15588    
  -103.3008       25.37020       42.14575    
  -98.69510       23.33420       91.53622    
  -97.45870       21.17300       5.303416    
  -90.48590       17.32150       32.67459    
  -75.70060       44.05420       35.00087    
  -99.49120       36.08210       186.2899    
  -97.73540       31.23940       57.19212    
  -98.15500       21.66150       9.732167    
  -82.64820       43.43330       9.673652    
  -99.52820       36.10900       152.9060    
  -99.51820       36.08330       254.1622    
  -99.60810       32.65270       51.03791    
  -110.5281       28.24670       181.4044    
  -88.43020       19.48690       109.6100    
  -71.57100       18.58800       9.461146    
  -95.53960       18.27400       4.625860    
  -93.84530       18.18280       7.400760    
  -91.67500       17.81070       4.508827    
  -97.74530       38.67610       204.4423    
  -98.73260       35.74630       71.46912    
  -88.03920       19.40180       83.58903    
  -92.24970       17.99730       9.923116    
  -88.65430       14.85540       52.02562    
  -88.92030       14.74310       41.46540    
  -97.77280       38.67730       169.0472    
  -105.3688       37.97680       93.30459    
  -105.0769       28.09020       65.50362    
  -99.17180       21.68830       21.63868    
  -99.14900       21.68770       149.6556    
  -101.8657       21.02450       14.49742    
  -88.05940       19.40210       38.99474    
  -88.85290       15.37700       8.370897    
  -87.55610       15.07440       6.288952    
  -102.9031       27.47000       31.60931    
  -91.54820       17.59230       4.786009    
  -108.7894       40.69950       76.25617    
  -98.46920       23.03550       108.3416    
  -91.52780       17.59200       4.564264    
  -117.4990       45.21970       176.3248    
  -98.64700       21.22330       47.23056    
  -92.48350       18.06040       26.34052    
  -98.65120       21.24390       13.91454    
  -98.66950       21.22390       53.72080    
  -99.28100       20.26210       51.41273    
  -71.51370       18.56850       26.97944    
  -92.77250       18.06530       16.22799    
  -90.43960       16.46170       24.43116    
  -110.6888       28.16460       86.19567    
  -91.12470       16.08240       45.28558    
  -97.80030       38.67850       293.4379    
  -97.78980       38.65140       578.2960    
  -95.29360       36.23900       35.79849    
  -121.2612       35.96840       295.7622    
  -115.2568       32.11400       69.31197    
  -110.5277       27.75370       156.6501    
  -97.34260       20.43780       44.86903    
  -96.60320       19.19240       35.48197    
  -89.38930       18.80410       83.41431    
  -89.36900       18.80380       53.80620    
  -95.65840       48.90000       22.41478    
  -117.8909       35.34790       78.49433    
  -98.43850       22.16320       104.1606    
  -102.7827       20.35640       12.28200    
  -88.94960       18.44150       10.53061    
  -92.73040       18.22270       171.8445    
  -90.71700       16.42660       16.24568    
  -97.40970       38.71450       49.19366    
  -100.4554       34.20910       46.52534    
  -107.4275       24.62420       8.001321    
  -101.3744       19.87090       37.64697    
  -95.79490       18.41800       5.391190    
  -90.73520       16.40740       14.62303    
  -116.3614       39.22820       104.8566    
  -81.94310       29.90310       60.35063    
  -87.54310       20.09500       18.01129    
  -87.78220       15.23060       54.73980    
  -97.73940       19.23750       41.13503    
  -88.50140       17.72640       41.71807    
  -95.33460       40.16730       13.43409    
  -101.0973       33.29030       35.36169    
  -116.7035       32.01100       149.5159    
  -108.1078       25.34000       8.954825    
  -108.2177       25.27970       10.93575    
  -98.10620       21.96880       52.50130    
  -98.10190       21.94810       85.80463    
  -88.81620       18.71680       37.21317    
  -92.75110       18.22300       101.7287    
  -113.3403       31.78730       129.4866    
  -92.28470       18.11640       36.96745    
  -92.34060       17.90020       7.354562    
  -91.86390       17.32230       43.55429    
  -88.83780       15.43470       16.16855    
  -90.62950       15.30190       7.120498    
  -88.59520       15.10450       22.00209    
  -119.0038       46.57400       558.9388    
  -114.4683       40.34610       178.9735    
  -114.4439       40.31670       191.8132    
  -97.34760       37.19070       79.62809    
  -100.2452       25.73850       15.23589    
  -100.2213       25.73770       15.89663    
  -108.1908       25.27860       8.444812    
  -92.74860       18.20320       92.50053    
  -92.72790       18.20280       122.9388    
  -77.03600       17.97490       8.980698    
  -91.86170       17.30270       53.75297    
  -88.40960       14.98720       43.54059    
  -119.0467       46.60980       85.65847    
  -88.56710       33.44340       36.67567    
  -88.61010       18.45670       7.215972    
  -77.03630       17.99450       6.837157    
  -90.75270       16.58280       35.16549    
  -88.61480       15.10480       157.8331    
  -116.1838       46.23010       33.18793    
  -103.3628       30.97640       248.0505    
  -99.14460       24.08280       39.57595    
  -95.52210       17.42390       18.02246    
  -83.16390       42.30190       16.82944    
  -112.8406       43.63090       124.6079    
  -97.76230       38.65020       234.1810    
  -88.48980       18.87100       27.71194    
  -116.2285       46.23390       55.38097    
  -97.81730       38.65270       211.9897    
  -86.02420       36.37200       21.48832    
  -97.99040       30.62360       64.34866    
  -99.48530       28.05340       32.71558    
  -75.80980       20.83350       13.87142    
  -95.79190       18.39810       7.816533    
  -95.78460       17.48790       25.47406    
  -85.31590       38.66640       26.08058    
  -101.9332       32.20420       53.86095    
  -114.9170       32.18910       164.9016    
  -108.0961       25.16680       6.144201    
  -76.69190       17.99390       43.38129    
  -90.77150       17.54140       46.30487    
  -93.97680       36.82770       41.49587    
  -115.3320       35.45250       91.65430    
  -101.9423       32.22830       56.19983    
  -113.3197       31.85730       50.22853    
  -116.6866       31.98610       103.5871    
  -93.12090       17.71610       4.370236    
  -90.75080       16.56330       19.14071    
  -116.4005       46.28040       39.52615    
  -115.5002       32.53590       35.40538    
  -115.8645       30.52190       153.1803    
  -69.17510       18.67800       33.79808    
  -69.17590       18.65830       47.82890    
  -112.3396       41.70450       206.0360    
  -98.30750       35.65290       88.04340    
  -91.09960       32.26990       7.179014    
  -107.7942       32.19750       346.3060    
  -107.7653       32.19600       320.7900    
  -107.7824       32.17310       497.1084    
  -107.7535       32.17170       479.5982    
  -113.3021       31.88000       98.50932    
  -107.6733       24.65530       8.888302    
  -70.42660       18.82950       75.91888    
  -116.4382       46.31530       39.32288    
  -121.5882       42.03780       392.4667    
  -111.1367       39.29220       118.6936    
  -115.4117       32.69890       11.97426    
  -98.63930       26.16180       31.35542    
  -70.40720       18.82960       53.34815    
  -118.9666       47.08340       469.8655    
  -93.96910       36.80180       78.41476    
  -92.91930       18.24570       7.976683    
  -91.34040       16.80570       33.03590    
  -97.87200       39.13640       40.81048    
  -98.28110       35.65180       14.46890    
  -113.3695       31.83640       97.36681    
  -99.97220       25.51430       72.40729    
  -77.04510       21.15840       6.673926    
  -88.12530       19.04470       38.94928    
  -91.68870       31.44270       11.42914    
  -99.07210       24.16520       27.17793    
  -98.35500       22.92820       51.06464    
  -116.6682       39.03490       92.61397    
  -110.8658       32.19460       34.45567    
  -87.94150       19.22130       46.26847    
  -118.9980       46.60540       45.39317    
  -122.7765       44.95390       56.41577    
  -88.80830       18.63750       15.69301    
  -91.32010       16.80540       19.14071    
  -91.08640       16.10130       10.40256    
  -108.1127       45.06490       98.62785    
  -97.80910       38.49290       246.7099    
  -116.7490       32.56500       102.3091    
  -110.5681       24.17360       86.95734    
  -110.5596       24.15180       76.16700    
  -88.47530       18.51430       6.744762    
  -94.81840       17.80520       17.50258    
  -116.7138       32.56280       407.0282    
  -116.6964       32.53770       256.9113    
  -98.37070       22.16140       31.66158    
  -98.34370       22.14000       101.3130    
  -98.49390       21.99960       39.47990    
  -107.3205       46.48150       180.1763    
  -97.83650       38.49410       23.46808    
  -97.79870       38.46590       43.68388    
  -115.0194       35.81100       295.5915    
  -115.0000       35.78440       670.9307    
  -114.9646       35.78200       173.7877    
  -114.9806       35.75780       196.7855    
  -116.7315       32.53990       168.4560    
  -98.35960       22.94910       27.44840    
  -122.8291       44.95880       57.98647    
  -115.6866       32.66760       269.4333    
  -115.6522       32.66550       228.4596    
  -115.6354       32.64040       1191.167    
  -98.32550       22.16020       104.6418    
  -88.40760       18.43430       26.48333    
  -115.7542       32.76820       166.0320    
  -115.7197       32.76610       288.0660    
  -115.6853       32.76400       119.1328    
  -115.7717       32.74520       200.3351    
  -115.7372       32.74310       862.7136    
  -115.6684       32.73880       1881.452    
  -115.7203       32.71790       780.0771    
  -115.6859       32.71580       124.3439    
  -115.7034       32.69280       60.46264    
  -115.6690       32.69060       60.38871    
  -115.7209       32.66980       645.5872    
  -115.6179       32.66340       232.3709    
  -115.7041       32.64460       237.8180    
  -115.6697       32.64250       1654.094    
  -115.6011       32.63830       66.52368    
  -115.6530       32.61740       157.8046    
  -96.11440       18.96220       30.38059    
  -88.58000       17.27650       9.553539    
  -122.7375       44.88920       306.1072    
  -110.9991       39.28300       90.63875    
  -115.7028       32.74090       74.45109    
  -92.36430       18.59280       42.91425    
  -115.9885       36.28380       179.7478    
  -112.6780       33.01730       504.6699    
  -112.6458       33.01540       637.5178    
  -102.8167       44.04790       44.74337    
  -112.6932       33.04240       264.6804    
  -112.6609       33.04050       277.3748    
  -112.6629       32.99230       123.3905    
  -112.6307       32.99040       141.7976    
  -116.1538       32.62430       166.8481    
  -98.02900       22.02860       40.25656    
  -116.6787       32.56060       408.3116    
  -103.2547       27.02070       93.30459    
  -91.97230       18.24960       32.17433    
  -82.86110       43.97460       29.89303    
  -122.7652       44.76980       297.1250    
  -97.41140       36.85860       21.82346    
  -98.37410       36.61790       7.225210    
  -98.66840       26.18440       36.32392    
  -99.54630       43.23780       6.079525    
  -122.7307       44.91910       1753.590    
  -120.0749       35.37480       168.0117    
  -116.7313       32.58800       267.2827    
  -118.9849       38.45810       144.9712    
  -92.77400       35.29710       77.37472    
  -115.3928       33.79120       167.3955    
  -115.3581       33.78900       211.2676    
  -113.4948       32.96900       10.82858    
  -108.1947       25.43010       12.42699    
  -98.20930       23.80290       22.52808    
  -97.81050       22.27050       13.21481    
  -88.09770       19.38260       12.24530    
  -88.07760       19.38240       14.50414    
  -88.24540       17.97870       13.61249    
  -91.79550       17.79290       12.30474    
  -118.9827       38.53800       134.0300    
  -98.49100       36.01320       6.904912    
  -98.12010       21.92790       33.75277    
  -92.65590       18.12260       111.5758    
  -92.84870       17.84940       4.046857    
  -109.9079       46.77010       62.38545    
  -116.3809       31.72940       114.1437    
  -106.0363       38.27870       56.04948    
  -88.37780       18.75050       70.20242    
  -92.67660       18.12290       59.74042    
