  -103.1200       50.87010       43.67624    
  -115.0308       47.54540       208.5417    
  -95.79350       45.31750       4.880491    
  -115.6313       45.43200       63.14783    
  -113.0689       43.76740       126.0534    
  -112.6365       41.72620       46.07051    
  -107.7944       37.88130       48.74688    
  -97.36760       36.88250       4.420460    
  -102.8221       37.00720       63.07046    
  -97.70860       36.66620       19.01061    
  -97.69920       36.64020       18.34068    
  -78.58880       34.99410       13.91652    
  -98.54980       34.29990       36.14859    
  -102.8254       30.79080       34.52905    
  -84.48780       30.00430       50.96577    
  -77.08380       26.42840       64.85754    
  -105.9657       50.75140       21.67043    
  -121.7203       44.16100       127.1337    
  -112.1965       39.47250       410.0894    
  -106.0872       50.94170       24.85725    
  -113.2928       43.60620       64.96637    
  -113.7368       43.40360       48.40878    
  -111.8288       43.02370       69.07416    
  -122.1907       40.12130       45.45860    
  -107.5718       24.73710       4.941983    
  -107.3064       24.27750       203.1465    
  -110.0424       50.21640       48.34559    
  -112.2849       42.15790       56.40319    
  -116.3895       41.04770       104.2371    
  -107.6029       50.37530       6.252725    
  -97.79830       37.05500       4.848127    
  -99.73840       20.19270       15.67282    
  -103.7084       44.01210       48.03384    
  -110.4624       41.48600       39.37164    
  -112.1611       39.47010       522.2975    
  -109.3056       35.95930       397.8780    
  -111.0672       31.02530       40.29742    
  -114.9162       47.66660       191.6363    
  -110.6803       46.35030       55.42363    
  -113.3097       43.66690       66.86227    
  -112.2477       42.15520       47.65043    
  -108.6088       41.67170       63.00725    
  -112.1754       39.44390       154.5374    
  -97.59270       37.35630       91.94030    
  -104.9269       36.68040       29.95362    
  -98.28110       35.65180       4.026082    
  -109.1080       26.12100       23.63562    
  -107.1987       51.95010       10.45681    
  -118.9350       48.72820       209.1032    
  -111.8643       47.41060       58.83626    
  -120.8152       46.67650       155.6538    
  -113.6144       43.72030       45.31214    
  -109.1855       41.51180       43.66902    
  -97.39000       36.65280       15.31723    
  -118.5935       37.39930       78.33249    
  -112.4049       49.43610       65.21915    
  -106.8345       46.89620       43.92181    
  -108.3024       45.44970       43.92181    
  -112.9835       44.66430       41.01476    
  -118.7153       38.86590       80.35112    
  -109.2741       35.95740       146.1533    
  -108.3366       31.79890       32.16720    
  -108.1616       31.43660       328.2493    
  -100.5607       21.06970       44.52216    
  -98.04420       49.30530       4.039027    
  -109.6185       46.42800       68.44219    
  -112.1021       45.33200       38.92926    
  -106.1823       39.90080       5.825521    
  -118.1498       39.68920       73.55573    
  -106.3946       38.85840       56.89202    
  -116.9672       39.08410       87.23335    
  -109.3115       32.08670       36.25965    
  -108.1905       31.43810       215.2988    
  -106.1945       29.92620       39.81401    
  -107.1327       46.69220       31.72482    
  -109.5800       46.42510       9.748036    
  -111.5776       42.62610       60.39198    
  -112.2728       42.09960       69.20055    
  -97.43250       36.55250       12.11708    
  -108.1731       31.46070       185.1519    
  -109.6423       30.50830       205.7011    
  -120.1770       50.64610       137.1663    
  -105.8820       46.73230       25.40513    
  -117.6697       45.82430       220.5814    
  -105.9769       44.42910       46.19690    
  -112.1323       43.13420       47.71362    
  -115.9178       42.20390       56.38390    
  -121.4002       40.47110       66.47602    
  -106.5053       38.94540       35.43506    
  -114.9212       32.59680       19.59802    
  -114.9050       32.57180       114.5145    
  -100.5597       17.11340       32.75521    
  -123.6104       51.42810       189.6401    
  -121.8157       50.49220       533.2380    
  -118.4099       45.70190       61.99611    
  -111.7164       43.01540       40.86614    
  -109.7957       42.58560       39.97200    
  -115.6334       41.89510       74.25629    
  -122.9332       41.92450       196.1278    
  -111.7279       28.82550       31.36050    
  -119.4618       50.68190       156.4245    
  -107.5053       46.49480       43.73222    
  -118.3202       45.88140       13.97154    
  -109.8571       42.53190       35.51663    
  -106.2572       39.76880       107.4211    
  -111.2248       34.19970       40.29742    
  -119.4891       40.70490       96.76257    
  -97.87130       37.10970       34.54533    
  -97.84450       37.10860       24.71315    
  -121.8607       38.01520       71.76997    
  -114.0659       47.04050       118.6498    
  -106.1270       46.07970       51.02174    
  -123.2744       41.83980       154.3321    
  -97.88100       37.13590       28.88164    
  -97.85420       37.13480       19.48151    
  -105.1524       36.89820       29.65436    
  -108.9387       44.97050       48.97756    
  -121.6506       42.12920       112.7202    
  -115.4223       52.63730       249.2769    
  -111.0286       44.03140       90.45333    
  -109.0218       42.99790       32.98875    
  -111.4047       42.75880       48.87170    
  -122.8838       41.92020       98.84453    
  -118.7316       39.89850       90.11697    
  -116.7047       48.15470       192.7592    
  -109.7057       46.40280       5.563371    
  -109.8186       42.61620       28.50178    
  -120.2662       38.90480       39.62443    
  -108.8443       36.56910       45.49709    
  -109.6957       46.43380       32.16720    
  -106.1067       44.13570       28.62817    
  -107.5258       44.08100       37.79171    
  -111.8158       43.52360       54.53888    
  -107.1685       43.04760       29.89211    
  -103.6565       42.13050       29.00735    
  -119.5017       40.67810       68.63212    
  -103.7493       39.51440       26.47948    
  -121.4196       38.37920       183.3973    
  -97.36350       36.65170       26.27309    
  -118.5227       37.86660       55.81518    
  -112.2510       49.28510       6.621674    
  -114.9193       42.21250       42.15229    
  -110.8883       40.28590       36.59098    
  -111.7518       39.09070       54.35278    
  -111.3548       38.90280       45.82207    
  -121.3903       38.35020       81.57533    
  -109.5416       36.61090       45.09087    
  -98.49780       35.46060       107.0769    
  -81.49050       28.75360       10.93843    
  -117.6629       46.48590       95.50327    
  -117.6118       46.07020       186.0220    
  -107.5233       44.17110       49.86232    
  -121.6829       41.22160       108.7935    
  -98.47140       35.45950       20.27281    
  -98.48860       35.43520       481.5874    
  -122.3717       51.08270       467.1135    
  -112.4427       49.19840       56.37159    
  -104.1870       44.37370       52.02626    
  -121.6291       42.18480       150.0925    
  -122.4812       41.91400       127.4680    
  -111.6533       39.13800       40.70365    
  -122.2613       38.04660       92.42957    
  -117.1206       49.34030       205.1210    
  -114.2612       46.96010       123.3908    
  -106.7185       42.95930       25.53153    
  -111.6146       42.62880       26.28989    
  -122.0232       42.18990       107.6494    
  -121.9220       42.06640       147.5949    
  -121.6125       41.27210       100.4998    
  -117.0991       40.35030       61.49054    
  -107.6222       51.68580       44.68017    
  -106.9807       43.29980       37.53893    
  -108.4791       41.86240       28.05940    
  -121.5018       42.26020       68.82137    
  -113.0645       41.38890       76.91273    
  -121.6686       41.95870       101.6373    
  -109.2352       44.50350       42.15229    
  -109.1986       44.50080       31.19540    
  -109.6439       43.60210       39.87721    
  -111.3632       43.49000       6.738185    
  -121.0710       41.99380       87.27486    
  -122.6935       40.19050       125.9454    
  -113.9166       35.71340       43.79095    
  -114.2179       46.95640       50.99986    
  -112.4593       42.11330       38.86606    
  -123.6511       40.60370       126.3851    
  -119.8509       39.60350       106.9994    
  -121.6688       38.26560       9.081339    
  -117.6312       45.78970       97.21789    
  -108.2067       44.64280       36.14859    
  -109.5548       44.55700       54.10904    
  -111.5652       42.65420       29.70252    
  -118.8028       37.67680       43.92181    
  -116.8502       45.94110       120.1470    
  -111.3801       42.72790       37.28614    
  -121.4593       42.37190       88.19677    
  -110.2315       41.21610       38.99245    
  -119.9233       39.63650       87.54128    
  -115.3235       38.32220       56.38390    
  -114.2372       45.87730       59.73207    
  -116.8729       46.03730       129.7538    
  -119.5510       40.76570       74.50149    
  -119.7839       40.09140       82.67899    
  -115.2388       38.95750       40.76197    
  -109.7489       45.15290       45.65528    
  -118.9910       42.04920       45.82207    
  -118.6422       37.66490       63.41059    
  -109.2103       44.47130       32.41998    
  -111.4148       43.55300       31.61771    
  -119.0548       38.41010       56.49799    
  -112.1822       39.49870       173.2858    
  -111.0536       47.31280       35.39024    
  -118.4050       38.73500       56.37159    
  -119.0401       38.06380       61.25859    
  -121.5549       37.83280       7.145971    
  -122.2238       38.60300       92.53216    
  -121.0879       42.19610       61.80652    
  -116.6780       49.29940       141.7310    
  -118.0927       44.59780       53.51363    
  -124.1986       40.76200       195.8783    
  -70.34600       18.92870       81.28710    
  -118.2679       50.03710       197.5002    
  -118.3992       49.08400       112.6189    
  -120.8902       50.43430       304.4223    
  -124.0398       46.82380       911.1230    
  -121.2965       51.40490       193.8820    
  -66.86090       18.02450       2.489439    
  -127.3301       50.33160       1625.166    
  -127.3210       50.29570       1652.988    
  -124.2582       51.71480       438.9170    
  -127.4606       50.55590       1752.674    
  -127.5972       50.53560       1943.187    
  -127.5237       50.52760       1902.639    
  -127.4505       50.51970       1617.141    
  -127.5137       50.49150       1782.741    
  -127.4309       50.44750       1617.805    
  -127.4213       50.41140       1650.368    
  -127.3120       50.25990       1596.595    
  -127.5038       50.45530       1931.927    
  -97.45680       36.91190       44.12140    
  -97.46620       36.93800       32.16720    
  -98.64710       19.03790       32.92584    
  -92.48230       17.88280       7.637231    
  -92.48470       17.90260       7.949139    
  -70.93770       18.51160       22.26026    
  -93.18470       17.89460       17.03870    
  -94.52780       17.97760       58.02180    
  -97.12230       36.33600       6.885441    
  -94.04100       18.08740       2.223407    
  -97.89210       35.13630       119.5368    
  -99.34560       33.65070       59.12697    
  -70.93820       18.49190       25.53153    
  -97.86600       35.13530       325.2858    
  -101.8153       31.75100       26.25829    
  -97.47090       36.73300       11.70444    
  -81.01390       22.74760       2.325353    
  -69.25730       18.55920       3.718623    
  -70.95690       18.51150       31.60423    
  -97.86840       35.58450       73.79812    
  -99.51520       35.17980       41.89951    
  -98.93650       35.37920       33.43113    
  -77.08330       26.40690       416.8467    
  -94.83720       34.47740       33.08912    
  -77.06320       26.42840       456.1385    
  -75.21870       42.60400       13.15704    
  -98.91000       35.37810       20.98135    
  -98.23490       36.02760       69.57973    
  -98.22550       36.00190       95.94546    
  -98.19900       36.00080       72.64478    
  -93.11510       17.83420       9.636383    
  -77.06280       26.40680       398.7602    
  -97.48030       36.75900       13.82590    
  -97.93980       36.29370       9.913094    
  -94.86220       34.47820       54.37151    
  -98.19280       35.62310       8.437295    
  -94.32240       37.04570       25.37354    
  -97.40720       36.62800       30.89494    
  -78.36300       36.92850       24.21010    
  -76.26640       36.40920       35.95899    
  -76.24320       36.40920       33.95109    
  -97.69680       36.92200       19.84761    
  -76.24270       36.38380       46.52768    
  -96.38250       31.16860       2.597211    
  -95.16980       30.55130       82.07693    
  -95.19360       30.55200       43.07183    
  -97.35820       36.85640       17.34495    
  -97.96640       36.29480       13.26277    
  -94.13340       33.89210       31.54263    
  -77.10390       26.40700       208.3503    
  -97.97570       36.32060       13.13655    
  -97.84220       35.58340       74.28790    
  -95.19950       30.57520       138.1129    
  -95.17570       30.57450       80.89976    
  -69.78910       18.81290       7.231162    
  -76.65160       37.87710       24.86262    
  -80.44260       34.71410       16.46338    
  -98.64980       21.34620       2.223407    
  -76.65220       37.90330       30.37937    
  -78.43010       35.01770       10.88074    
  -98.98340       34.29320       39.43483    
  -77.10430       26.42850       65.95052    
  -99.01040       35.85900       63.57603    
  -98.98370       35.85780       7.388701    
  -94.12680       33.86760       23.64759    
  -77.83820       21.56580       59.51311    
  -98.32310       22.88560       45.29924    
  -98.12200       35.57000       69.54181    
  -98.09570       35.56890       58.36861    
  -89.65200       36.86880       6.951787    
  -98.34310       35.67950       5.967628    
  -77.54280       21.54450       4.640998    
  -97.62620       36.94470       5.199276    
  -98.33390       35.65410       7.530872    
  -79.14570       34.36000       2.271953    
  -105.1734       21.72300       22.64722    
  -105.1486       21.72220       53.62157    
  -79.02310       48.24900       7.556023    
  -98.16650       35.62200       118.6837    
  -98.15740       35.59650       7.922707    
  -65.82870       50.25540       54.83343    
  -97.85110       35.60890       46.16530    
  -98.81870       35.19970       56.62763    
  -98.79230       35.19860       113.9464    
  -103.9834       21.27230       32.30185    
  -105.4328       20.25170       35.29622    
  -97.72350       36.92320       61.46024    
  -98.74080       35.27110       28.43858    
  -98.71440       35.27000       7.165389    
  -98.70520       35.24470       37.62319    
  -101.8065       31.72710       11.37543    
  -78.36430       36.95410       18.75947    
  -105.3120       19.88140       120.6045    
  -99.08340       34.71530       37.85492    
  -101.7892       31.74980       13.80851    
  -107.0633       24.24680       35.45224    
  -97.82490       35.60780       95.61684    
  -97.20700       33.68680       50.79220    
  -104.1407       22.04160       54.63713    
  -104.1163       22.04090       78.32993    
  -94.95900       33.87170       34.15764    
  -59.62330       50.89130       44.66523    
  -78.07350       35.21350       4.116702    
  -99.30990       36.02350       16.01279    
  -114.7679       32.65970       68.57062    
  -105.1675       21.70210       7.162153    
  -70.54620       18.71040       24.96276    
  -98.57800       21.32380       2.731521    
  -77.64680       34.81620       11.88231    
  -117.2429       35.96170       71.70169    
  -71.35280       18.07740       20.37103    
  -97.68500       19.17620       24.17310    
  -107.9813       25.63790       35.68676    
  -115.7948       48.91210       87.95807    
  -77.99740       35.03980       13.54413    
  -115.0466       32.34050       124.3316    
  -99.37160       33.65180       58.24017    
  -82.45640       31.77050       39.38346    
  -82.66400       31.63330       15.02361    
  -115.0627       32.36540       15.01042    
  -111.2596       28.28230       365.7929    
  -109.7509       27.07290       6.621674    
  -111.8395       26.19970       27.37950    
  -99.36290       33.62720       60.79536    
  -99.33690       33.62610       104.3122    
  -81.95530       30.31210       15.52440    
  -111.2301       28.28090       291.7313    
  -108.0269       25.61810       96.99491    
  -99.77870       35.86760       36.52778    
  -99.36300       35.74850       70.27677    
  -99.38010       35.72410       61.09609    
  -99.35330       35.72290       246.6593    
  -99.32650       35.72180       53.71732    
  -78.00160       35.13880       19.43965    
  -80.54640       26.46860       2.199134    
  -77.08420       26.45000       84.86859    
  -77.06370       26.44990       120.1470    
  -77.08290       26.38540       27.41001    
  -106.5767       41.06020       82.21896    
  -111.2739       28.84800       43.87220    
  -98.30750       35.65290       81.44810    
  -111.2442       28.84650       47.16261    
  -108.0000       25.61700       65.22252    
  -82.41070       47.13230       92.31359    
  -98.37500       36.33760       22.62447    
  -97.46950       36.65620       9.233449    
  -97.44300       36.65510       46.98590    
  -97.46020       36.63020       11.42773    
  -97.43370       36.62910       34.66333    
  -99.05500       35.13510       7.476084    
  -112.2246       43.88180       117.7989    
  -112.1861       43.87890       111.4161    
  -105.7092       43.04030       77.10016    
  -99.78880       35.89330       37.45993    
  -98.32470       35.62860       14.82109    
  -98.29830       35.62750       119.3789    
  -108.5439       31.29170       115.2864    
  -109.4170       27.83550       78.32993    
  -111.5308       26.27320       89.69427    
  -97.41650       36.65400       25.36528    
  -89.40530       36.86190       17.94260    
  -87.73040       20.35870       15.25440    
  -92.61390       37.63230       53.08535    
  -103.6455       36.61280       51.75822    
  -94.46900       29.79870       68.77857    
  -94.44560       29.79800       50.76145    
  -78.09420       35.16400       6.388654    
  -88.85620       31.74440       20.58216    
  -89.41110       36.88770       54.26711    
  -97.74260       36.97540       8.131454    
  -97.71590       36.97430       16.56808    
  -97.70630       36.94810       41.64672    
  -97.71390       36.89710       36.24445    
  -97.68720       36.89590       14.71915    
  -108.5564       33.31690       475.3289    
  -94.46360       29.77590       53.90290    
  -94.44020       29.77520       47.75689    
  -91.66950       38.62600       32.14321    
  -77.58650       36.87270       27.40433    
  -108.9685       33.43630       67.83942    
  -98.49810       26.15740       4.119937    
  -91.62290       34.08070       4.514778    
  -98.50370       26.17920       3.927372    
  -98.52160       26.15810       3.990481    
  -88.01800       15.50270       17.37885    
  -97.78820       37.31290       48.63338    
  -97.76130       37.31170       20.44757    
  -97.77840       37.28660       45.04098    
  -97.75150       37.28540       91.27983    
  -77.72770       35.73460       12.20099    
  -108.5694       33.34180       570.0281    
  -91.67690       38.65280       21.80700    
  -98.17460       35.57220       50.58908    
  -119.9816       35.26720       89.00370    
  -119.9416       35.26440       94.20335    
  -96.12790       18.08730       3.090762    
  -93.00410       44.06280       5.446861    
  -97.38480       36.85750       7.511684    
  -99.87590       34.33100       35.86959    
  -95.09480       32.43800       35.18323    
  -97.61960       37.35750       9.468411    
  -97.36230       36.57510       48.78796    
  -97.35310       36.54920       11.76200    
  -102.9145       18.24250       34.77073    
  -98.18370       35.59760       63.32324    
  -105.9649       34.81980       62.18570    
  -94.94450       32.86080       3.320547    
  -98.64130       21.30500       2.786541    
  -98.05960       35.46730       11.46414    
  -98.03340       35.46620       9.705963    
  -98.05070       35.44190       97.76553    
  -98.02440       35.44080       77.23918    
  -100.4160       22.44600       35.75704    
  -99.98810       22.28860       29.81685    
  -102.8214       18.24010       13.44605    
  -99.50170       27.52290       6.718734    
  -99.99290       22.30950       29.13375    
  -92.67830       18.30090       2.485555    
  -102.4796       18.37120       54.47705    
  -97.61490       36.84150       73.59294    
  -97.60550       36.81550       13.91571    
  -109.0956       26.55860       34.53986    
  -103.5938       18.58060       60.95825    
  -97.58830       36.84040       12.42778    
  -97.57880       36.81440       10.84032    
  -79.93090       33.90490       16.89018    
  -104.0391       21.93470       66.69055    
  -102.4754       18.35110       58.59349    
  -93.79800       17.98420       14.15862    
  -101.1133       18.15760       34.42039    
  -106.7325       38.18700       36.33818    
  -98.53340       35.48710       62.55435    
  -108.5863       33.31850       127.8199    
  -99.52650       24.60270       24.10057    
  -103.8370       21.99040       28.34805    
  -118.5889       38.48150       91.53436    
  -97.74060       36.89820       101.0202    
  -97.73110       36.87210       24.23902    
  -97.70440       36.87100       70.18010    
  -101.1172       18.17760       27.76403    
  -97.42580       36.67990       10.37671    
  -98.07850       35.59320       77.79533    
  -77.71690       34.86570       21.92931    
  -94.55020       29.84660       3.165199    
  -77.61000       36.87290       32.83457    
  -97.45230       36.68100       8.152492    
  -99.08150       35.13630       29.00735    
  -117.2214       35.93480       70.55681    
  -108.2885       25.60730       5.281805    
  -115.4573       47.97740       105.5497    
  -107.1992       42.61200       32.60957    
  -97.37960       36.55030       6.942079    
  -97.32670       36.54810       6.330398    
  -111.5459       33.65500       47.60946    
  -107.2801       24.27650       7.887106    
  -100.4777       21.10840       25.15272    
  -118.0708       46.36330       35.75898    
  -118.0237       46.35910       109.8450    
  -108.5395       33.34020       162.5561    
  -107.9901       31.19350       41.59735    
  -108.7608       39.29940       65.97079    
  -103.8927       36.60000       160.3936    
  -109.0192       25.89910       4.951692    
  -109.0104       25.87690       3.728333    
  -96.40650       49.11130       8.422731    
  -97.41930       36.80770       9.494385    
  -78.61540       35.06830       34.81451    
  -107.2876       24.29810       8.298129    
  -99.75340       20.70100       38.67648    
  -97.40990       36.78170       11.25836    
  -108.4669       32.80580       33.47287    
  -105.9406       29.96050       58.00880    
  -104.7028       19.27570       42.43309    
  -118.5057       42.47000       106.2682    
  -97.80290       37.21000       8.074818    
  -112.4005       37.96230       50.45303    
  -97.39270       36.80660       5.398315    
  -115.1965       32.42140       95.13768    
  -117.8103       39.52690       53.65413    
  -97.64640       37.35860       41.64121    
  -97.59600       36.78950       10.15906    
  -78.61670       35.09310       9.560482    
  -115.0412       32.53200       55.00273    
  -101.8494       31.49440       63.12721    
  -90.53590       34.98130       28.30232    
  -90.51170       34.98060       15.08810    
  -90.53030       34.95640       11.62191    
  -111.2780       28.26070       109.1930    
  -111.2486       28.25930       100.8411    
  -81.23800       26.60380       20.66537    
  -105.0439       21.69800       20.50040    
  -105.0111       19.64900       41.60225    
  -97.22250       17.41740       19.78061    
  -97.63670       37.33230       8.408168    
  -97.60980       37.33110       50.55748    
  -97.61920       36.05230       55.58163    
  -97.63650       36.02780       44.17460    
  -97.61010       36.02670       47.49243    
  -97.64550       36.05340       8.019799    
  -78.07360       34.15820       19.76146    
  -101.9423       32.22830       20.63377    
  -97.77600       37.20890       8.828091    
  -108.9777       33.12210       36.39767    
  -101.9332       32.20420       26.56705    
  -109.6945       27.07030       5.388606    
  -105.1899       19.87770       37.85423    
  -68.98810       18.52130       23.45242    
  -81.29660       28.10940       29.51570    
  -100.4515       25.18660       84.73833    
  -68.69940       18.48370       11.29625    
  -68.68000       18.48380       27.15095    
  -97.52560       36.81210       32.52970    
  -98.40620       29.31510       17.14888    
  -81.27550       28.10920       21.71595    
  -107.3327       24.42800       6.446909    
  -102.7687       18.09900       31.34806    
  -97.82030       37.46990       43.10025    
  -98.10480       35.59430       68.66338    
  -98.06940       35.56780       40.25639    
  -98.54260       35.51250       5.534245    
  -98.43050       29.31590       27.54329    
  -98.38190       29.31420       34.50879    
  -98.39960       29.29220       80.24734    
  -97.53500       36.83820       167.5349    
  -97.49900       36.81100       8.325638    
  -98.42390       29.29310       33.81031    
  -98.37530       29.29140       8.883919    
  -104.0681       26.52610       24.67837    
  -97.29270       20.76140       2.097187    
  -68.98720       18.54100       6.140098    
  -102.7729       18.11900       57.68845    
  -116.9745       47.94710       186.1288    
  -97.56170       36.83930       16.92799    
  -97.50840       36.83710       8.796535    
  -97.55220       36.81320       21.87968    
  -97.51620       36.78610       10.99081    
  -98.10110       35.94620       33.81031    
  -107.4081       24.49500       108.3197    
  -104.8917       19.36200       3.679787    
  -96.42460       49.14680       8.107182    
  -111.2706       28.30540       95.74323    
  -94.71990       45.08180       4.204084    
  -97.43660       36.19670       34.86359    
  -107.9353       25.16030       47.25918    
  -107.9272       25.13840       49.45989    
  -104.6482       21.23140       42.21534    
  -112.9487       49.10470       62.12251    
  -97.71360       37.75180       90.75068    
  -97.68650       37.75060       65.53513    
  -78.26120       35.31380       11.01732    
  -79.18710       33.89880       12.79284    
  -117.1428       34.19960       45.91996    
  -102.5637       18.87430       73.99574    
  -112.9426       33.34790       473.4832    
  -112.9100       33.34600       454.4951    
  -114.8962       42.96480       175.6240    
  -106.2121       29.90410       86.89567    
  -102.6315       18.43510       55.96598    
  -112.8266       44.53050       78.23875    
  -118.2743       38.59130       95.60007    
  -112.9582       33.37320       110.3305    
  -112.9256       33.37120       78.17451    
  -112.9270       33.32270       210.8574    
  -112.8945       33.32080       220.2818    
  -108.9005       25.87220       7.837752    
  -98.51500       35.43630       93.15215    
  -112.9752       33.34990       129.7480    
  -112.8775       33.34410       104.5621    
  -114.9895       32.05030       68.73311    
  -108.9093       25.89440       6.510018    
  -108.9280       25.87340       5.961449    
  -69.02260       18.61970       45.08076    
  -98.01290       37.06420       13.53948    
  -97.98600       37.06310       11.26753    
  -97.72550       37.00040       18.01057    
  -97.69870       36.99930       13.82590    
  -97.68920       36.97310       57.13526    
  -98.52420       35.46170       6.844986    
  -69.04120       18.63940       72.54999    
  -69.02180       18.63950       34.56719    
  -69.04200       18.61960       59.15225    
  -110.5891       40.65320       76.72938    
  -107.6015       24.67390       4.441959    
  -98.70470       21.28620       20.89648    
  -116.1820       48.87920       175.5419    
  -78.33000       35.31420       19.80945    
  -118.2484       38.56260       88.73685    
  -97.92280       37.31870       9.819238    
  -105.1415       21.78400       28.20195    
  -101.9310       18.15770       38.01132    
  -114.8695       32.11470       61.17735    
  -97.93260       37.34500       78.74327    
  -118.3408       34.92670       137.5271    
  -118.6685       37.90380       62.15228    
  -101.9081       18.15710       32.14321    
  -114.8950       47.11080       159.8217    
  -113.5432       32.99610       91.48166    
  -113.5104       32.99410       164.6555    
  -113.4776       32.99210       124.1014    
  -113.5276       32.97100       115.5183    
  -113.4948       32.96900       44.41312    
  -113.4620       32.96710       172.9296    
  -113.4791       32.94390       75.55767    
  -113.7937       49.21210       9.524725    
  -117.4565       45.93100       144.3510    
  -97.69920       36.13150       24.96276    
  -100.4915       49.59110       3.640950    
  -97.67960       36.94700       6.330399    
  -111.6883       46.11230       23.29598    
  -110.4503       40.78290       37.53510    
  -116.6327       32.05440       57.68382    
  -99.94190       25.57780       5.769126    
  -104.3874       20.79200       25.31034    
  -97.61040       49.59470       5.058493    
  -116.2343       48.44590       128.7673    
  -117.0032       44.87050       86.26369    
  -110.1789       40.82020       42.16606    
  -105.8952       40.29540       55.27010    
  -111.5429       34.26780       97.21789    
  -106.1819       40.31280       46.03763    
  -104.2394       21.23910       38.86666    
