  -109.6423       30.50830       47689.57    
  -94.37360       29.59180       11503.93    
  -94.66650       29.55530       5841.877    
  -80.85080       22.68470       2875.145    
  -80.83090       22.68450       5900.795    
  -80.82980       22.66400       2622.173    
  -99.30740       22.10410       10819.32    
  -98.47850       21.71100       6159.682    
  -69.31690       18.51940       6448.423    
  -88.78590       18.20240       9095.564    
  -98.63160       31.20270       118559.7    
  -99.31660       22.14570       9572.349    
  -98.06010       22.07060       4124.694    
  -102.2042       17.92530       4201.467    
  -79.85060       22.61650       1360.067    
  -98.44310       21.64840       1140.299    
  -76.55020       20.71370       6352.348    
  -76.53070       20.71370       3726.347    
  -99.18370       18.59050       10782.65    
  -88.74580       18.20190       739.6531    
  -101.8028       20.34920       5792.297    
  -69.41050       18.59780       797.4385    
  -93.18470       17.89460       2525.910    
  -70.34600       18.92870       65209.14    
  -98.61980       18.51780       6105.201    
  -98.67890       18.47920       3535.451    
  -96.26820       36.25110       7087.833    
  -99.32630       22.39430       22628.89    
  -87.82850       15.32730       1014.455    
  -98.24030       22.07540       20607.90    
  -98.82110       21.84350       4962.418    
  -98.77510       21.94530       4311.175    
  -101.9101       20.20990       37069.39    
  -98.50110       21.71160       1243.028    
  -103.5400       31.49770       36389.04    
  -85.42170       15.67020       2772.788    
  -99.28050       22.39300       21381.91    
  -98.46020       21.73110       6806.213    
  -81.03390       22.74770       615.0934    
  -98.78400       21.98670       649.7647    
  -98.01440       22.91890       674.1630    
  -96.52800       28.69040       8071.310    
  -101.9142       19.17890       11717.88    
  -103.4706       19.58430       30770.80    
  -93.11510       17.83420       1688.404    
  -101.1850       20.57650       3539.463    
  -92.16520       18.64900       8145.888    
  -98.46040       18.73360       5608.414    
  -95.16880       16.20300       3363.561    
  -96.53370       28.71300       5986.139    
  -94.14600       16.32230       19293.98    
  -94.12530       16.32200       57605.36    
  -94.14360       16.30280       17030.86    
  -94.12290       16.30250       26596.09    
  -70.36530       18.92860       9293.694    
  -98.93410       22.77770       712.2585    
  -78.32950       21.54720       1063.893    
  -96.76530       28.51920       3587.831    
  -96.19080       18.90390       6547.179    
  -80.66370       26.70690       2737.230    
  -80.99710       26.73130       1165.981    
  -81.09670       26.99220       16467.96    
  -80.66490       26.72860       2979.158    
  -80.53180       26.57630       1263.574    
  -80.48800       26.53280       850.0873    
  -101.9194       20.25080       4831.093    
  -80.98030       26.79610       1123.605    
  -80.89190       26.70880       2740.312    
  -100.0638       16.94470       18146.60    
  -80.60020       26.68480       1602.582    
  -76.49280       20.81420       3489.381    
  -77.15310       18.13200       4722.551    
  -80.55500       26.61970       1051.694    
  -103.4564       19.62440       8711.757    
  -80.66110       26.66370       19527.17    
  -77.08420       26.45000       60118.82    
  -76.47330       20.81420       3088.986    
  -103.6447       20.50380       5466.856    
  -72.24920       19.31780       4847.810    
  -91.62530       15.85650       3627.500    
  -81.22520       22.58460       62258.16    
  -76.49260       20.79410       3835.309    
  -102.0967       20.21500       4195.863    
  -102.2372       20.01590       12690.81    
  -81.10370       26.77550       5450.488    
  -99.22060       22.12240       8875.513    
  -76.47310       20.79410       2353.542    
  -99.05610       19.56970       1307.251    
  -77.30120       20.15350       904.0205    
  -99.32440       18.63370       3993.751    
  -99.01350       18.62650       4321.108    
  -98.74790       18.62040       1361.595    
  -73.91500       43.45690       9730.047    
  -83.58580       30.53800       18304.33    
  -92.46170       16.29590       10305.86    
  -73.68040       43.42780       5684.164    
  -81.13730       22.81020       1876.352    
  -73.99010       43.63520       5161.974    
  -73.81950       43.04370       3983.004    
  -90.64130       19.46010       791.0179    
  -91.57590       14.73630       10745.97    
  -81.28660       26.71220       701.1295    
  -77.20470       20.19330       1378.717    
  -85.17560       40.03860       575.2858    
  -77.63330       38.03840       4174.188    
  -89.71060       35.93100       821.8368    
  -98.12590       34.55250       5616.773    
  -98.10000       34.55150       5457.966    
  -80.55870       26.68450       1508.413    
  -101.9193       20.35240       5917.672    
  -98.40370       19.15250       5671.454    
  -82.70850       22.90600       1140.299    
  -76.79990       20.43290       1114.616    
  -80.90560       22.97350       608.6730    
  -81.12170       22.89250       907.3790    
  -73.52550       44.29800       9978.625    
  -80.95530       33.16950       2957.267    
  -109.5747       27.24200       54571.21    
  -81.69950       22.83520       1557.821    
  -101.8447       20.33000       6307.072    
  -83.58820       30.56090       10947.69    
  -103.4705       19.48320       6939.961    
  -95.93290       28.73890       2121.081    
  -96.89880       28.03410       10909.74    
  -97.95890       26.87950       10836.91    
  -81.12280       22.91320       1348.540    
  -74.97080       20.25070       3894.964    
  -102.3214       20.28230       21369.69    
  -102.2370       20.21890       9127.256    
  -81.15730       22.81040       10864.73    
  -105.9368       34.29990       66268.33    
  -96.62710       29.07490       5364.884    
  -84.24610       32.66580       11175.37    
  -69.43990       18.83450       8878.364    
  -73.29820       43.93660       3504.335    
  -77.55550       37.88100       3584.704    
  -97.35030       34.66930       4563.628    
  -96.63300       29.09760       1132.594    
  -80.49160       26.59760       16793.39    
  -80.49040       26.57600       4630.537    
  -86.75740       30.56710       14358.03    
  -80.47100       26.96530       1843.675    
  -80.66870       26.79350       1733.562    
  -97.37610       34.67030       7806.645    
  -106.0315       28.80450       15411.63    
  -95.42140       40.03380       2096.540    
  -80.37940       26.81290       16661.93    
  -80.35860       26.81270       44256.97    
  -99.32680       22.49790       57604.35    
  -76.73990       20.31240       5924.855    
  -103.4090       19.62310       17971.34    
  -81.95170       22.69320       6248.391    
  -81.06640       22.60400       968.8192    
  -99.04260       22.24150       14340.18    
  -103.3853       19.62240       24362.00    
  -95.75860       29.06990       1669.176    
  -78.01670       20.81810       593.2634    
  -115.0552       32.65310       23525.70    
  -98.07430       20.92300       1019.591    
  -69.55460       18.87340       7179.262    
  -71.06890       43.71150       2309.012    
  -84.27230       33.79070       1485.513    
  -94.25320       29.76960       13459.97    
  -80.65230       26.51260       3222.285    
  -81.71720       22.79420       2240.396    
  -101.9147       20.23030       11250.26    
  -93.29270       38.54960       2570.808    
  -80.67430       26.53430       27565.65    
  -80.65360       26.53410       8364.759    
  -80.67300       26.51270       3179.481    
  -81.06530       22.58340       5948.825    
  -100.9310       20.56950       4262.729    
  -84.24900       32.68960       28178.29    
  -84.03060       31.00360       9303.395    
  -107.5314       29.94280       17248.78    
  -89.52300       15.36550       2930.669    
  -112.8324       45.88850       40113.53    
  -97.97690       26.85830       21851.37    
  -97.95330       26.85750       26073.70    
  -81.20520       22.58450       7394.889    
  -97.89610       36.31730       1674.492    
  -100.5297       28.78340       13412.02    
  -82.46280       22.84180       850.0873    
  -98.94300       22.71560       46541.42    
  -76.21670       20.51220       2541.273    
  -76.21650       20.49210       2750.842    
  -73.84670       42.98500       3775.888    
  -95.87980       31.52400       8983.622    
  -84.27550       30.25120       3137.888    
  -81.95290       22.71380       485.3973    
  -75.63160       20.31100       607.3888    
  -103.7713       20.63020       1106.911    
  -78.11430       18.27200       4206.533    
  -98.41480       31.21780       5131.992    
  -101.8825       20.69780       14083.12    
  -99.17980       18.69020       14816.97    
  -78.09510       18.27200       3720.074    
  -96.71040       28.94270       6140.280    
  -82.61470       23.00830       3208.095    
  -101.1895       20.59700       3706.054    
  -114.8500       32.18510       66205.39    
  -97.76910       28.48490       3540.462    
  -78.99330       21.97740       2912.384    
  -78.97360       21.97730       2522.012    
  -91.90390       39.81770       7426.139    
  -114.8659       32.21000       65286.80    
  -98.42210       31.24140       5508.115    
  -86.76070       30.59010       72232.73    
  -86.73520       30.56670       23085.61    
  -80.79340       26.44900       3487.670    
  -82.46150       22.82120       511.0797    
  -80.93400       22.35680       857.7922    
  -96.72650       19.15510       10232.51    
  -94.11290       39.16760       1612.855    
  -102.0827       20.35700       8909.422    
  -81.71840       22.81480       3766.422    
  -105.9247       34.27470       25613.15    
  -97.82830       29.81650       996.4771    
  -81.23290       22.72860       1983.232    
  -76.19720       20.51220       2693.228    
  -76.19700       20.49210       2977.875    
  -96.75710       36.70360       14164.52    
  -112.7583       31.84890       15003.38    
  -102.4901       20.20570       10770.03    
  -94.78890       16.48920       18460.08    
  -90.68570       19.66080       4420.672    
  -97.16950       34.73610       19694.83    
  -81.06480       26.81850       15320.93    
  -81.21290       22.72850       2606.763    
  -102.3353       20.03890       29890.67    
  -99.74850       31.43200       11151.25    
  -86.73850       30.58970       34007.51    
  -80.86980       22.66420       2381.044    
  -96.74810       36.67760       34656.27    
  -80.86870       22.64370       3417.557    
  -101.7472       20.20540       8511.272    
  -97.64180       33.55840       5976.179    
  -81.73840       22.81500       3628.281    
  -81.99810       22.79650       997.5778    
  -80.88980       22.66440       3290.772    
  -80.88870       22.64380       6242.535    
  -97.19240       28.26550       18398.96    
  -81.06350       26.79680       18581.40    
  -81.23180       22.70800       2342.235    
  -101.6222       20.97660       12509.58    
  -101.9286       20.29170       9237.312    
  -71.94730       18.98180       955.3853    
  -88.85500       18.49960       1914.309    
  -99.75630       31.45560       12983.21    
  -97.77780       31.21770       32392.56    
  -97.77070       31.19420       10090.68    
  -80.91410       22.35670       662.6060    
  -80.95020       26.64450       22335.48    
  -81.16960       22.66640       15596.58    
  -76.95680       20.51350       5830.146    
  -80.71950       26.59940       2843.042    
  -80.73900       26.57800       4666.492    
  -80.71820       26.57780       5881.270    
  -81.16850       22.64590       23229.80    
  -80.71880       22.43730       600.6012    
  -97.58360       16.40300       11137.18    
  -83.96090       15.36970       17430.28    
  -97.80250       31.21860       4769.222    
  -97.79540       31.19510       13350.38    
  -97.95030       21.08300       644.6282    
  -107.4844       29.14170       11776.83    
  -82.74040       22.78260       5987.323    
  -97.75760       21.56930       3552.504    
  -71.15160       18.43190       8472.078    
  -80.75590       26.51340       3342.564    
  -80.83870       26.51410       1826.019    
  -81.13840       22.83080       1012.253    
  -97.24410       36.23950       6525.309    
  -80.83740       26.49250       1662.935    
  -96.28750       34.26040       16742.44    
  -80.54640       26.46860       3235.982    
  -81.06420       22.56290       4539.083    
  -102.6518       20.98580       12632.17    
  -101.8078       20.16640       7616.106    
  -78.07630       18.29160       2713.582    
  -97.16870       28.26470       12045.24    
  -81.21620       22.79020       829.5415    
  -81.19620       22.79010       803.8591    
  -101.2820       20.80350       5666.923    
  -101.0206       20.24660       27250.02    
  -112.2647       30.48340       18728.71    
  -113.4093       31.48360       10744.58    
  -111.9366       30.65180       59259.38    
  -101.0249       19.84140       17127.54    
  -93.18200       39.37510       2457.806    
  -81.13510       22.76900       10911.01    
  -99.33620       22.53970       1796.056    
  -102.8080       19.14220       38727.36    
  -111.9674       30.65350       37461.87    
  -101.6776       20.20350       1828.587    
  -91.78470       35.74040       9645.699    
  -77.22450       20.21330       8200.283    
  -81.66870       22.64970       4749.744    
  -76.93710       20.49340       711.4025    
  -103.3380       19.52000       8919.287    
  -98.00120       26.40190       7792.040    
  -81.95790       22.79620       529.0574    
  -81.18850       22.64600       1219.914    
  -69.37260       18.57820       1132.594    
  -94.52520       35.70650       10012.46    
  -81.86870       22.98100       541.8986    
  -101.0915       20.04560       14413.54    
  -84.42390       31.72840       3204.202    
  -97.82010       31.19600       33215.86    
  -99.25300       22.37150       1109.480    
  -90.50900       19.37810       4095.563    
  -90.50670       19.35810       2535.966    
  -107.0092       46.30000       14426.41    
  -100.5372       20.01070       6302.153    
  -69.33150       18.63770       3109.285    
  -97.25310       18.28890       6738.279    
  -98.50430       21.83510       1525.535    
  -98.52690       21.83570       1317.507    
  -92.73950       15.29170       13239.92    
  -78.20560       21.32370       2485.414    
  -98.51900       36.93180       2121.366    
  -98.48280       21.73170       1225.692    
  -77.90730       21.16080       3779.620    
  -76.84140       20.61370       1615.121    
  -99.20200       18.69070       10819.32    
  -76.82190       20.61360       1650.415    
  -102.3915       20.08110       20171.62    
  -94.21530       16.38200       4011.980    
  -99.53520       36.05870       7079.474    
  -99.38970       21.96190       13945.39    
  -78.22940       18.27240       544.4670    
  -109.0659       40.77340       18847.78    
  -69.48780       18.59730       582.9905    
  -69.48860       18.57760       598.3999    
  -92.55320       15.05750       3191.233    
  -99.27550       22.06190       5467.245    
  -92.51270       15.05690       3022.640    
  -75.41740       20.17070       9633.476    
  -102.7801       19.12140       5090.396    
  -98.96520       18.72520       6923.937    
  -95.06740       37.93080       1515.262    
  -77.01440       20.45340       3025.048    
  -99.12560       22.61680       11259.43    
  -95.68030       34.31150       9026.955    
  -99.38520       21.94120       24939.45    
  -101.0871       20.02520       9382.041    
  -103.5370       19.36390       17530.97    
  -69.54660       18.57730       3093.521    
  -93.84420       29.80300       118510.0    
  -101.5385       21.01510       3945.115    
  -98.46450       21.75180       1520.398    
  -102.6075       19.80320       10305.86    
  -97.74220       26.48070       7555.897    
