  -115.7674       36.03900       25.13511    
  -84.08190       31.65320       42.98937    
  -98.98450       22.79990       18.44748    
  -80.70890       22.23240       147.4169    
  -79.03290       21.97760       6.510175    
  -80.09760       21.88130       141.4742    
  -78.26030       21.16200       78.34695    
  -77.90350       20.99920       11.25815    
  -77.89850       20.77740       9.483874    
  -76.93290       20.21270       61.74154    
  -77.04890       20.17290       5.893672    
  -69.50950       18.53810       47.82302    
  -93.18470       17.89460       121.2407    
  -92.48230       17.88280       53.47553    
  -93.11510       17.83420       96.01424    
  -93.92160       16.51370       39.19835    
  -110.7420       42.21910       24.06877    
  -110.9251       39.22400       80.25592    
  -104.5222       19.61440       52.33891    
  -90.13430       19.13310       15.18781    
  -88.71710       18.31990       100.8945    
  -93.58960       18.13870       5.236704    
  -88.68880       18.02380       8.664366    
  -99.29520       17.85680       59.72713    
  -90.76030       17.05140       5.355720    
  -94.57970       16.64190       35.43852    
  -94.10220       16.30210       22.59275    
  -98.17370       21.97050       6.327266    
  -98.46780       21.87530       16.76697    
  -98.81750       21.71990       7.117157    
  -90.60510       19.49950       5.974603    
  -98.75460       18.78030       31.85856    
  -88.68570       18.20110       14.12370    
  -88.56990       18.45620       5.355720    
  -92.48470       17.90260       43.75756    
  -92.55290       16.20000       11.28648    
  -120.9950       47.89190       65.08562    
  -113.9919       45.98270       86.44801    
  -117.1817       38.40340       131.0743    
  -80.37450       22.31210       26.87068    
  -98.49040       21.87590       22.27980    
  -96.52710       18.59200       32.89862    
  -90.47780       16.44280       42.83386    
  -92.13400       16.27160       30.21217    
  -92.20600       15.80660       18.28309    
  -91.21200       15.54120       23.01641    
  -115.5639       42.34900       83.04472    
  -111.6933       38.49780       83.19967    
  -81.04000       22.48060       55.73304    
  -96.36860       19.46800       14.67027    
  -96.46890       18.63060       18.17361    
  -70.19190       18.33760       6.587535    
  -96.28670       18.15000       38.08575    
  -88.76640       17.35720       125.1760    
  -88.74650       17.35690       121.3168    
  -90.45780       16.44250       202.4600    
  -87.86760       15.32770       21.38172    
  -110.3666       42.30770       68.01612    
  -98.83430       22.94150       75.76283    
  -90.47980       16.46230       42.27448    
  -90.45970       16.46200       31.01557    
  -87.86620       15.30840       25.04096    
  -99.34320       22.87250       10.96889    
  -98.09890       21.82450       101.4274    
  -88.75250       18.47840       8.164497    
  -96.49290       18.51170       5.765386    
  -78.17210       21.54660       5.236704    
  -77.37320       20.89680       197.6336    
  -75.39810       20.21070       6.826227    
  -88.75530       18.30070       115.0855    
  -88.58920       18.23920       12.29285    
  -89.92000       17.29410       24.83699    
  -96.15830       16.84620       55.60353    
  -93.31430       16.25060       15.98960    
  -77.01340       20.39320       5.022475    
  -76.09820       20.31140       6.587536    
  -88.59190       18.47630       6.986866    
  -96.40690       18.50990       25.18031    
  -88.74470       17.33730       67.28376    
  -117.5804       39.64560       93.89013    
  -81.94310       29.90310       30.90061    
  -88.47090       18.25740       13.20828    
  -80.65510       22.76560       40.25320    
  -80.68900       22.23230       287.7212    
  -98.80790       21.78140       7.093353    
  -75.78680       20.25100       6.348962    
  -90.06620       19.25160       10.94796    
  -96.74980       19.03560       18.11887    
  -88.65060       18.04300       4.788202    
  -88.66510       17.98410       5.130216    
  -84.12100       14.75700       14.64680    
  -122.4306       45.88010       133.1425    
  -116.7007       42.90400       27.31516    
  -80.70990       22.25290       169.5755    
  -76.39480       20.77380       4.546412    
  -93.50370       18.11740       6.141226    
  -78.11950       21.02010       48.39918    
  -77.01310       20.37310       4.820148    
  -96.60620       18.41460       74.76986    
  -95.13470       18.10760       34.70526    
  -94.60050       16.64230       12.75437    
  -96.84400       15.99860       65.25446    
  -80.34030       22.43480       5.320014    
  -88.55370       18.49550       7.831254    
  -85.43600       30.42920       20.44364    
  -78.09180       21.48550       5.141491    
  -118.3159       37.37900       99.00296    
  -78.17330       25.13040       174.6978    
  -83.01650       22.70290       75.75303    
  -78.07220       21.48540       32.69112    
  -96.78980       19.01640       7.133443    
  -93.53500       18.19700       11.27081    
  -94.27510       16.36340       10.37319    
  -82.00790       29.90380       24.52858    
  -98.71480       22.81320       14.99870    
  -98.44090       21.85400       31.56304    
  -96.55510       19.03140       27.15094    
  -81.81380       22.73320       4.594018    
  -88.72840       17.37630       29.49205    
  -76.21630       20.47200       49.29278    
  -88.74830       17.37650       33.93688    
  -96.47450       18.53120       6.889147    
  -96.65320       18.57470       20.85586    
  -96.53590       18.51250       18.72101    
  -96.69970       16.77790       18.36520    
  -105.2583       21.85000       11.10023    
  -99.30750       22.00090       47.21204    
  -78.20510       21.30350       6.188832    
  -96.71160       18.93480       15.81980    
  -87.83140       15.36580       34.49183    
  -99.30290       21.98020       10.54482    
  -90.60270       19.47950       16.04336    
  -88.49240       18.06060       12.75057    
  -102.2042       17.92530       17.69967    
  -87.82990       15.34660       69.96465    
  -75.86340       20.09100       27.30968    
  -103.5892       19.28460       8.354923    
  -80.63130       22.27280       11.44934    
  -90.59330       19.39940       5.331917    
  -84.37700       15.25750       10.14511    
  -87.68440       15.22950       11.47314    
  -81.05890       22.46020       11.13196    
  -81.03900       22.46010       7.908614    
  -96.44360       18.47090       6.278407    
  -109.6423       30.50830       93.64532    
  -93.46210       18.11660       11.08039    
  -104.1154       19.80540       63.67795    
  -88.79540       18.30120       5.692097    
  -82.61690       32.73690       20.94964    
  -90.54300       19.31880       7.971030    
  -90.46800       19.37750       4.855853    
  -97.27780       19.08700       25.36813    
  -98.87130       23.00500       5.926997    
  -88.62690       18.00330       20.35371    
  -94.44110       16.36620       15.10818    
  -98.78330       22.81510       88.65744    
  -98.77870       22.79420       15.32957    
  -94.52780       17.97760       45.28281    
  -92.42740       16.35380       9.925933    
  -98.09460       21.80380       10.16397    
  -98.37010       21.72870       9.124560    
  -95.88670       18.18170       45.97391    
  -88.67840       15.16320       60.54580    
  -88.59570       18.51590       7.976265    
  -96.46820       18.49130       6.424984    
  -92.41880       16.27580       66.57220    
  -92.42960       16.37330       28.90006    
  -92.32460       16.15770       40.98034    
  -80.53180       22.27210       53.13140    
  -80.53270       22.29260       15.92928    
  -88.59620       18.10130       19.87781    
  -96.55430       18.49300       16.96934    
  -92.37170       16.21670       25.75051    
  -92.40490       16.33400       84.90394    
  -92.35560       16.25540       48.62145    
  -92.45320       16.21800       12.09750    
  -92.43490       16.23710       6.736305    
  -87.93220       15.40540       49.10337    
  -92.41240       16.21730       18.33783    
  -83.16390       42.30190       19.27543    
  -92.19220       16.05860       8.428212    
  -99.09990       22.90730       5.736571    
  -97.28130       19.10710       25.25949    
  -92.36750       16.17780       54.43848    
  -96.80920       16.79960       13.19229    
  -91.09850       15.19220       100.8762    
  -91.09670       15.17290       120.4610    
  -92.45740       16.25690       44.50346    
  -93.51940       17.92010       29.93186    
  -92.16520       18.64900       25.86561    
  -93.51690       17.90030       27.13896    
  -98.75870       18.68050       11.67894    
  -98.73660       18.68000       6.156259    
  -92.32250       16.13820       5.056927    
  -99.31270       22.43530       20.85586    
  -99.26660       22.33050       24.85187    
  -98.67890       18.47920       10.96889    
  -110.8616       33.42080       126.8044    
  -71.26810       18.39210       32.53618    
  -104.2975       19.77010       77.65871    
  -98.57140       18.61640       5.911963    
  -104.2254       19.76800       66.35825    
  -98.95430       18.66500       73.25423    
  -98.71870       18.57980       57.01579    
  -98.72650       18.50020       29.01350    
  -80.44780       26.55410       40.00384    
  -80.46850       26.55420       12.99655    
  -81.53960       28.84320       30.17255    
  -81.18270       26.71130       114.4027    
  -80.68440       26.70710       6.712503    
  -77.12760       20.23310       12.73603    
  -81.54120       28.86550       33.93059    
  -80.60390       26.74970       8.866692    
  -80.52690       26.49000       20.78813    
  -71.60020       19.75740       8.099039    
  -98.61270       18.47770       9.592689    
  -81.15220       26.88420       131.9258    
  -81.06800       26.53760       61.29380    
  -71.59970       19.77740       56.44032    
  -80.52810       26.51160       25.70746    
  -80.71200       22.70430       15.29951    
  -80.72890       22.64270       58.49902    
  -81.02190       26.79640       16.70984    
  -81.06930       26.55910       27.45665    
  -69.44990       18.57780       12.85373    
  -76.90260       18.01380       174.3010    
  -80.73200       22.70440       17.40014    
  -80.13720       21.88160       77.71245    
  -101.7973       31.35190       75.31030    
  -98.95030       18.76480       24.52343    
  -98.92810       18.76430       94.38433    
  -90.28990       15.06640       55.91780    
  -80.76100       26.59970       32.21566    
  -80.61590       26.59860       205.9076    
  -81.73510       26.58680       32.70243    
  -92.52900       15.01860       7.045747    
  -80.61470       26.57700       125.6495    
  -96.46250       18.59060       10.38258    
  -82.02570       29.85870       43.38158    
  -96.06050       18.20490       6.617290    
  -80.52840       26.87900       21.72439    
  -80.52720       26.85730       35.69687    
  -80.78430       26.64310       18.18565    
  -78.13550       20.87900       7.902663    
  -80.52340       26.79230       18.23920    
  -80.73000       22.66330       74.19261    
  -83.09270       22.64190       27.79156    
  -82.02760       29.88140       30.47018    
  -80.52470       26.81400       21.13724    
  -80.50270       26.79220       22.03550    
  -80.48070       26.77040       31.81893    
  -80.47950       26.74870       24.11264    
  -80.70010       26.62080       27.83784    
  -71.42270       19.12220       10.09256    
  -96.46570       18.61060       18.83049    
  -98.39200       17.30330       19.92529    
  -84.04820       30.56750       13.99514    
  -80.56120       26.72770       82.07677    
  -80.70130       26.64240       20.20892    
  -80.56240       26.74940       56.10813    
  -90.39210       29.98380       14.16870    
  -80.87750       26.47130       35.35568    
  -90.61790       19.77980       4.594018    
  -96.51760       18.53210       18.83049    
  -77.33160       34.91320       11.93328    
  -80.85680       26.47110       121.6575    
  -80.87620       26.44970       190.9688    
  -80.85550       26.44960       103.1299    
  -81.14850       22.64570       53.29737    
  -101.1850       20.57650       15.32022    
  -90.91800       17.95670       12.82992    
  -86.83860       30.82120       96.18452    
  -81.37390       22.38050       60.16438    
  -78.71410       21.89460       34.41220    
  -101.1895       20.59700       6.719994    
  -96.14780       18.90300       43.02986    
  -76.21610       20.45200       26.46122    
  -76.19670       20.45190       32.41996    
  -77.03200       20.33310       32.15349    
  -94.34950       16.46220       12.99655    
  -99.13560       18.56940       36.26512    
  -89.74330       16.92020       88.31312    
  -77.50330       40.15550       65.68388    
  -81.86670       28.11500       58.93134    
  -81.82670       26.99890       12.95846    
  -81.12060       22.87190       9.497477    
  -80.59340       22.31350       18.06663    
  -96.25860       18.92530       23.21537    
  -95.50160       18.01570       35.38113    
  -82.12360       28.42710       11.16433    
  -80.48550       26.48970       26.38982    
  -80.46480       26.48950       120.8048    
  -96.36530       19.44780       32.59081    
  -96.07270       18.42350       11.30652    
  -96.22550       18.30750       7.283779    
  -78.34140       46.01480       20.23174    
  -86.07990       30.30330       25.16859    
  -78.16190       21.91270       5.760375    
  -101.9893       20.25270       46.47078    
  -103.3901       19.64280       15.43662    
  -89.72330       16.91990       18.25298    
  -96.42350       19.40900       37.72498    
  -78.00470       24.91830       37.80210    
  -92.60960       15.21260       56.36426    
  -84.09810       30.82050       32.46664    
  -82.25460       27.13360       86.41875    
  -81.64030       27.01880       90.72328    
  -86.72150       30.93400       18.86270    
  -86.86100       30.82160       76.69957    
  -86.85760       30.79850       189.8151    
  -85.43890       30.45210       31.52465    
  -77.45370       21.01800       22.89981    
  -77.43420       21.01800       19.51862    
  -72.69390       19.29670       21.34093    
  -103.5322       19.44450       9.554276    
  -62.98330       44.79940       39.93283    
  -80.48430       26.46810       28.46863    
  -80.50380       26.44670       167.6388    
  -80.48310       26.44660       33.87164    
  -81.16850       22.64590       19.72979    
  -77.45410       21.03820       67.60365    
  -77.43460       21.03810       150.9061    
  -77.86440       20.99910       199.1071    
  -77.45330       20.99780       10.61623    
  -77.43380       20.99780       7.997874    
  -72.69430       19.27690       15.44828    
  -91.32250       15.02170       22.58123    
  -76.90110       20.69420       13.75825    
  -76.19680       20.47200       17.09070    
  -88.90140       20.49640       61.28661    
  -89.74470       20.36840       49.01234    
  -93.84210       16.70770       54.23199    
  -91.32070       15.00240       30.81851    
  -80.86990       26.68700       12.99655    
  -80.84910       26.68680       41.92119    
  -80.86850       26.66540       190.4142    
  -80.84780       26.66520       89.38102    
  -80.82710       26.66510       20.94682    
  -88.52780       21.17830       6.700601    
  -77.47330       21.01810       11.09229    
  -70.92700       18.88660       50.35361    
  -96.40060       18.47000       43.69145    
  -86.34920       14.73670       28.90129    
  -82.38240       22.84110       15.83038    
  -80.53080       22.25170       112.7848    
  -72.14140       18.92190       7.164763    
  -91.01480       18.09620       12.19914    
  -89.74510       16.93970       43.48270    
  -82.72090       29.91210       45.20301    
  -80.87070       27.70990       19.84318    
  -82.09460       22.73560       38.58633    
  -83.29650       22.39740       8.696938    
  -96.22860       18.32740       13.34169    
  -90.86860       17.50360       29.29361    
  -84.47970       31.26460       53.01588    
  -84.09200       30.56810       28.30822    
  -81.77750       28.33500       32.81404    
  -79.91820       22.80200       9.973540    
  -79.77090       22.61600       12.32708    
  -80.51090       22.25150       56.80436    
  -80.24520       22.08630       14.36949    
  -80.22540       22.08610       49.01327    
  -77.74390       20.85750       55.22958    
  -77.72430       20.85740       23.51566    
  -77.74340       20.83740       25.02859    
  -77.72390       20.83730       20.71230    
  -90.12140       19.91210       59.34450    
  -96.10020       18.32480       8.941234    
  -84.70110       30.89880       42.04997    
  -82.83540       29.98150       62.25180    
  -82.10240       28.42690       17.64631    
  -81.87990       26.86930       19.52656    
  -79.85140       22.63710       19.26841    
  -79.75100       22.61590       33.93868    
  -81.10420       22.56320       28.84366    
  -77.96510       21.12060       9.437968    
  -77.62450       20.75640       31.80107    
  -77.60490       20.75640       22.16375    
  -77.62410       20.73630       297.0230    
  -77.60450       20.73630       52.97993    
  -76.54820       20.55280       13.26527    
  -76.97450       20.39310       21.99172    
  -94.18110       16.43990       20.07126    
  -92.55320       15.05750       71.20870    
  -108.0469       38.55760       12.61570    
  -78.11170       25.10900       39.51798    
  -80.71000       22.66310       27.16208    
  -78.21490       20.91960       13.50832    
  -78.21430       20.89940       13.29409    
  -88.99650       20.61880       63.07920    
  -83.41530       15.17370       76.84752    
  -108.0638       38.58520       85.36874    
  -83.93660       30.74920       19.43871    
  -85.58760       30.75250       14.61120    
  -84.26790       30.18280       39.79624    
  -81.10310       22.54260       26.02878    
  -77.96470       21.10040       9.152331    
  -89.46440       19.32220       62.94841    
  -71.61550       19.14130       60.86467    
  -68.75750       18.48330       108.5087    
  -89.22260       17.95210       46.45048    
  -86.88540       30.68420       21.07482    
  -88.99430       20.59860       46.77576    
  -96.72830       19.29530       26.43932    
  -90.09520       16.41830       39.40171    
  -89.08210       31.09900       20.36227    
  -82.83750       30.00430       74.33385    
  -78.02740       25.00290       29.35190    
  -76.96460       21.01680       12.66693    
  -89.99150       19.84990       52.40423    
  -89.97100       19.84960       12.10080    
  -89.98920       19.82990       28.95736    
  -96.35230       19.10710       7.768613    
  -70.85840       18.59070       46.49052    
  -96.55180       18.61240       17.89992    
  -89.19990       18.12910       28.24741    
  -92.62300       18.02320       71.55778    
  -78.91670       46.66060       41.54185    
  -84.01260       30.84220       24.45501    
  -83.91880       30.38280       37.98160    
  -81.80580       26.99870       67.97195    
  -80.81670       26.49230       25.65985    
  -82.52860       22.92490       9.830721    
  -71.50250       19.02280       18.30134    
  -68.77680       18.48320       119.3252    
  -93.36030       16.64130       8.378726    
  -89.05930       31.09840       63.26356    
  -81.64180       27.04060       66.96743    
  -81.72640       26.75960       20.63690    
  -80.81800       26.51390       60.32326    
  -78.11110       25.08780       63.11909    
  -80.77090       22.68410       14.95105    
  -80.75100       22.68400       26.08302    
  -76.95230       20.21270       33.96218    
  -90.01190       19.85030       67.27311    
  -71.41450       19.43970       14.72942    
  -90.29120       16.16830       49.09908    
  -86.83530       30.79810       49.23845    
  -85.26110       29.90300       48.22170    
  -80.83870       26.51410       23.77940    
  -90.21210       19.81330       69.35538    
  -71.64380       18.76530       102.7214    
  -83.43440       15.17380       50.70211    
  -82.25700       30.04270       7.731968    
  -81.14940       26.84090       19.62574    
  -81.16880       26.81940       14.07145    
  -81.14800       26.81920       25.10047    
  -80.83740       26.49250       33.13405    
  -81.03720       22.80950       53.71799    
  -81.31410       22.74980       21.81068    
  -80.77200       22.70470       9.426066    
  -80.75200       22.70450       25.61224    
  -98.49220       21.34210       9.949737    
  -77.86480       21.01920       101.0991    
  -77.62360       20.71620       221.6567    
  -77.60410       20.71610       21.88404    
  -71.41400       19.45950       13.94867    
  -71.82520       19.25950       10.54137    
  -91.81430       18.12850       36.55163    
  -91.79380       18.12820       12.09202    
  -92.45430       16.41260       7.926465    
  -118.7255       39.16310       137.0460    
  -84.83090       30.87780       18.39257    
  -81.28310       22.91440       7.664630    
  -78.54250       21.42630       30.98272    
  -76.98410       21.01680       14.37713    
  -77.82030       20.77720       148.8162    
  -71.82570       19.23970       87.38290    
  -68.77770       18.46350       87.22796    
  -68.75830       18.46360       14.41346    
  -96.22300       18.56580       34.59984    
  -90.09700       16.43770       57.36877    
  -90.07520       16.41800       17.47155    
  -92.48000       16.27670       18.68041    
  -85.31010       14.76610       55.02502    
  -84.34120       30.64060       36.39956    
  -81.90080       26.86950       18.32549    
  -78.58130       22.07760       18.04283    
  -80.24430       22.06580       61.20652    
  -89.72660       20.38820       93.16779    
  -98.89830       18.96360       107.7097    
  -90.01220       15.29420       28.96667    
  -106.4501       41.10840       69.77276    
  -85.58230       32.05190       32.98146    
  -85.05270       31.06580       62.59861    
  -92.96960       30.73790       11.04218    
  -80.47330       26.64060       34.02667    
  -81.21620       22.79020       21.88343    
  -77.82250       20.87790       15.37687    
  -77.46980       20.83660       11.65903    
  -77.64360       20.73640       60.38973    
  -76.72040       20.31240       12.77042    
  -76.95260       20.23270       18.67758    
  -76.93320       20.23270       17.52709    
  -90.90090       18.52940       64.91055    
  -96.05130       18.42310       6.688699    
  -95.98820       16.68630       55.15657    
  -92.50040       16.27700       18.86642    
  -84.34380       30.66350       33.81380    
  -83.68060       30.60800       13.57547    
  -92.90480       30.75910       14.34183    
  -89.96340       20.31150       83.08681    
  -89.94290       20.31110       16.94600    
  -90.26840       19.59410       70.41494    
  -72.21730       18.98100       11.59216    
  -71.41300       18.74640       15.16293    
  -98.67390       18.69860       9.765732    
  -98.65180       18.69800       8.990093    
  -90.92140       18.52970       13.36299    
  -90.91910       18.50990       32.89862    
  -90.89870       18.50950       20.81402    
  -92.96310       15.85650       35.59350    
  -84.70390       30.92180       45.93428    
  -106.8095       29.33780       22.34232    
  -81.63280       26.91030       13.20057    
  -80.49410       26.64080       18.37607    
  -80.49280       26.61920       18.27491    
  -80.47210       26.61900       53.15255    
  -77.62040       24.11870       47.89205    
  -77.60030       24.11860       42.43650    
  -83.09410       22.66250       23.40813    
  -80.76760       22.21230       72.92236    
  -78.69430       21.89450       15.75296    
  -77.88400       20.99910       42.11942    
  -77.86390       20.97890       43.67020    
  -77.86070       20.83770       10.52101    
  -98.87610       18.96310       16.05713    
  -90.93960       18.68860       25.76268    
  -90.91920       18.68820       11.50634    
  -96.58530       18.55340       21.67696    
  -90.48520       17.89120       18.30850    
  -83.57420       29.78740       119.7985    
  -78.25980       21.14180       17.95237    
  -78.24010       21.14170       13.17110    
  -77.27330       20.77560       12.21666    
  -76.97180       20.21280       19.11397    
  -103.8793       20.49040       77.69717    
  -72.12170       18.94170       13.61543    
  -72.19920       18.92170       13.18697    
  -100.2225       18.43520       64.28606    
  -91.60010       17.86860       12.27848    
  -82.27360       23.02580       7.564656    
  -81.89770       22.79570       10.08859    
  -80.61920       22.43660       10.09256    
  -78.24070       21.16200       13.98163    
  -75.63260       20.51160       9.656164    
  -90.07240       20.19250       35.78946    
  -89.54280       19.48300       101.1774    
  -71.63240       19.24030       76.22763    
  -69.57390       18.87330       9.771839    
  -86.88490       14.93340       72.25853    
  -86.94060       14.89550       23.99722    
  -92.53550       14.88380       36.94257    
  -92.51530       14.88350       22.80347    
  -81.37750       27.45190       99.66985    
  -81.26510       22.58490       28.68365    
  -77.88440       21.01930       60.39564    
  -77.84480       20.99900       73.76017    
  -77.88350       20.97890       38.92120    
  -90.07630       20.05190       56.22715    
  -90.69750       19.24150       41.60522    
  -71.13770       18.94510       33.28180    
  -95.95950       16.78380       66.93673    
  -81.22970       23.03780       12.52048    
  -80.00470       22.49420       87.38290    
  -78.82940       21.79320       13.59956    
  -76.72010       20.29240       11.40411    
  -89.53950       20.18410       30.20904    
  -89.51910       20.18380       74.41100    
  -101.9127       19.27950       27.97204    
  -71.06270       18.86630       36.48955    
  -110.5495       46.91640       88.93467    
  -77.32040       34.56920       19.87055    
  -106.9354       33.74050       223.2721    
  -84.24680       31.35360       76.72342    
  -84.61820       31.12800       36.38563    
  -83.94850       30.65770       26.48038    
  -81.88150       26.89100       34.86925    
  -81.87840       26.84760       17.54296    
  -80.45980       22.43560       18.98171    
  -78.84910       21.79330       15.14054    
  -78.84840       21.77300       23.29857    
  -78.82870       21.77290       25.65985    
  -78.18600       21.32360       7.331385    
  -78.09540       20.83850       9.211839    
  -77.80070       20.77710       118.1133    
  -88.94670       20.53740       10.94446    
  -88.94440       20.51720       100.3020    
  -76.95200       20.19270       23.70799    
  -88.12720       19.06460       47.21132    
  -83.48020       30.99570       12.61570    
  -104.6359       28.99230       31.02536    
  -81.61190       26.91010       12.23484    
  -80.70900       22.64260       48.28050    
  -81.33060       22.31870       23.81181    
  -89.16850       21.22880       23.97603    
  -88.94650       20.71900       89.87707    
  -88.96470       20.69910       77.38790    
  -88.94420       20.69880       106.7258    
  -76.23670       20.57250       7.402796    
  -88.95340       20.59800       58.76643    
  -71.59610       19.14130       68.12344    
  -96.83160       18.87750       29.17631    
  -69.48560       18.65650       61.81875    
  -91.76690       18.24630       36.00914    
  -84.60440       31.01240       20.19899    
  -82.78760       22.88610       28.31280    
  -80.49680       22.37430       10.61028    
  -89.17080       21.24920       19.81581    
  -89.05790       20.61970       64.40529    
  -89.74200       19.44610       25.32231    
  -92.09710       18.09360       44.32817    
  -86.63500       15.25760       134.8165    
  -86.65310       15.23860       122.4130    
  -86.63370       15.23840       181.9678    
  -84.07010       30.56780       23.16861    
  -80.86030       22.87000       11.27478    
  -78.71340       21.87420       18.75859    
  -78.36660       21.46620       16.11016    
  -77.64320       20.71620       137.0002    
  -89.03740       20.61940       17.47531    
  -72.57170       18.54570       7.140960    
  -71.43720       18.54910       19.88162    
  -90.55160       16.58010       95.63728    
  -86.65440       15.25780       50.05954    
  -76.72150       40.42720       55.10942    
  -78.41330       35.14120       39.84562    
  -106.9230       33.71550       133.2573    
  -83.70970       30.67720       20.61501    
  -80.84030       22.86990       14.80559    
  -80.85920       22.84940       9.592689    
  -81.21740       22.81080       25.76696    
  -81.23630       22.79040       36.37724    
  -77.20080       21.09810       18.67191    
  -77.84440       20.97880       13.99816    
  -88.96690       20.71930       70.25371    
  -89.06010       20.64000       49.51402    
  -71.06050       18.94540       53.09751    
  -89.22840       18.01130       77.24396    
  -109.4629       42.59140       65.69211    
  -81.23740       22.81100       21.77993    
  -81.23520       22.76980       28.94469    
  -81.21510       22.76960       182.2026    
  -78.75550       21.95590       7.712237    
  -77.24030       21.11840       98.52448    
  -77.66400       20.77670       22.61304    
  -77.81980       20.75700       88.68037    
  -103.6738       20.81140       85.59282    
  -90.24300       19.19450       76.34377    
  -90.22260       19.19420       81.50858    
  -90.24080       19.17460       57.65014    
  -90.22040       19.17430       120.3064    
  -71.08200       18.86620       11.65292    
  -92.97470       16.32320       27.69834    
  -83.86120       30.86300       17.89992    
  -79.88730       22.06370       22.20045    
  -79.66130       21.85850       19.98003    
  -78.59260       21.79220       12.04442    
  -78.57280       21.79210       15.55936    
  -78.45160       21.68990       23.54763    
  -77.24060       21.13860       21.99654    
  -90.35640       19.11660       17.58924    
  -98.88730       19.14370       8.916804    
  -89.28620       18.18950       55.14279    
  -84.51560       31.38100       26.28783    
  -81.93410       27.32640       80.58413    
  -80.73880       22.43740       28.71194    
  -79.16370       22.32560       15.97195    
  -79.88820       22.08410       114.3156    
  -77.04280       21.01700       7.997874    
  -89.05560       20.59950       43.15577    
  -76.09780       20.27140       13.70006    
  -89.51970       19.64250       29.22822    
  -89.56310       19.48330       36.42085    
  -89.54060       19.46300       122.0431    
  -71.63290       19.22050       68.48093    
  -71.59660       19.12150       12.72782    
  -80.01760       21.86050       18.93997    
  -77.18120       21.09810       17.85240    
  -77.20040       21.07790       19.78046    
  -77.18080       21.07790       11.78258    
  -77.37280       20.87660       8.273596    
  -77.05240       20.39330       20.99641    
  -76.09770       20.25130       13.11556    
  -77.10820       20.23310       7.537680    
  -77.26340       20.21340       21.28416    
  -77.24400       20.21340       18.04018    
  -71.81140       19.02180       46.11875    
  -71.10070       18.88590       16.31549    
  -71.08140       18.88600       56.05356    
  -92.39630       16.25600       20.76260    
  -86.94340       15.22210       23.59285    
  -89.15330       14.70730       37.39609    
  -80.41720       26.74820       78.18447    
  -80.41600       26.72660       112.3751    
  -80.51190       22.27200       10.86616    
  -82.81280       21.75920       37.80394    
  -78.38630       21.46630       139.7197    
  -78.26450       21.32390       21.39147    
  -77.49370       21.05850       15.04759    
  -77.47410       21.05840       15.85690    
  -76.74120       20.41270       13.15722    
  -77.05200       20.37320       26.73497    
  -77.26310       20.19340       16.25759    
  -71.56720       18.74590       9.330854    
  -90.71150       17.73700       29.77845    
  -92.88120       16.39970       241.2785    
  -92.97690       16.34270       46.41935    
  -86.78400       14.87490       17.39308    
  -83.79010       30.40380       24.27809    
  -81.64770       22.97920       105.4405    
  -82.22410       22.88090       7.878858    
  -81.91780       22.79590       11.20097    
  -80.73780       22.41690       25.60298    
  -79.90290       21.96180       26.48195    
  -79.54040       21.79670       6.577617    
  -78.45100       21.66960       77.84841    
  -77.26020       21.13870       12.19914    
  -77.25990       21.11850       13.25243    
  -77.48930       20.83660       11.18750    
  -71.50990       18.72630       21.45800    
  -90.66030       18.01200       78.71126    
  -95.97250       16.72520       17.10619    
  -90.55350       16.59960       81.10815    
  -78.47070       21.66970       32.96811    
  -78.38680       21.48660       78.46351    
  -78.36720       21.48650       18.86404    
  -77.67250       21.18030       9.497478    
  -77.49330       21.03830       16.13857    
  -77.47370       21.03830       25.96929    
  -89.94530       20.33130       109.9622    
  -89.24200       20.25990       36.15930    
  -89.22160       20.25960       46.03281    
  -102.1154       20.19520       78.92655    
  -89.91170       19.68850       37.66098    
  -89.52190       19.66250       34.26307    
  -89.48110       19.66190       37.33628    
  -99.35040       18.65420       59.14515    
  -89.28420       18.16970       54.46781    
  -92.14780       18.17340       32.47921    
  -84.44060       31.68200       6.117422    
  -83.99420       31.07230       23.92129    
  -80.43680       26.72680       14.82877    
  -80.54140       22.47710       15.08197    
  -80.75870       22.43760       99.00296    
  -80.71880       22.43730       19.05446    
  -87.57300       21.20490       51.62550    
  -88.15540       19.76280       16.73921    
  -89.91400       19.70850       39.36329    
  -71.04340       18.86640       37.22306    
  -90.57830       15.82300       19.15854    
  -106.7020       40.15180       60.11866    
  -81.64900       22.99980       18.37607    
  -81.66780       22.97930       226.7878    
  -75.70980       20.39120       16.34688    
  -90.94930       18.05570       84.31520    
  -81.93570       27.34820       48.99783    
  -78.17390       25.15160       89.07682    
  -80.79090       22.68420       11.44934    
  -78.47130       21.69000       29.41877    
  -77.12140       21.03730       6.813665    
  -102.5794       19.78210       51.45541    
  -102.5748       19.76180       214.4455    
  -70.15870       18.75170       7.841901    
  -103.8613       18.82880       139.5138    
  -95.94770       18.16300       29.70640    
  -90.75640       17.77710       12.97517    
  -91.93860       17.44120       23.77344    
  -90.53150       16.57980       79.10597    
  -80.92250       22.91170       18.21193    
  -84.15870       22.09910       11.24106    
  -78.55550       21.87350       10.99113    
  -78.53580       21.87340       10.46547    
  -78.71280       21.85380       10.35439    
  -98.34880       22.05760       17.94761    
  -78.48120       21.34500       13.21078    
  -78.26510       21.34420       16.15999    
  -77.10190       21.03730       6.942600    
  -97.48240       21.29620       16.98358    
  -97.46020       21.29560       91.41055    
  -89.67730       21.01380       23.70233    
  -89.01980       20.27670       14.87763    
  -91.60230       17.88840       8.688169    
  -92.37600       16.25570       105.8201    
  -82.62400       30.27440       15.05344    
  -82.11470       22.73580       29.65539    
  -78.68780       22.32340       33.81676    
  -78.73260       21.85390       10.27108    
  -78.32510       21.38490       36.81799    
  -78.32450       21.36470       16.44537    
  -78.28470       21.34430       120.6093    
  -78.27830       21.10150       13.13461    
  -78.23390       20.89950       47.02149    
  -69.61640       18.77430       6.171422    
  -90.68060       18.01230       80.29528    
  -90.65810       17.99220       95.50380    
  -99.68480       17.68710       54.09297    
  -80.74990       22.66340       16.88440    
  -79.60360       22.40990       134.0439    
  -79.28060       21.71400       12.73471    
  -79.27990       21.69360       13.26790    
  -78.47010       21.64930       32.57018    
  -78.45040       21.64930       29.08508    
  -78.06320       21.12090       7.469444    
  -77.06740       20.11290       6.431624    
  -69.65740       18.71480       38.57861    
  -83.49170       14.77170       20.08951    
  -75.63670       47.42650       20.29700    
  -81.33410       22.75000       24.41188    
  -81.33300       22.72940       21.75315    
  -81.31300       22.72920       21.27326    
  -80.70800       22.62200       13.17507    
  -79.60440       22.43040       21.60537    
  -78.22390       22.01490       10.81227    
  -78.29790       21.10150       15.54349    
  -78.27780       21.08130       60.70482    
  -100.6179       20.60180       68.48093    
  -90.64000       18.01170       12.76447    
  -90.67840       17.99250       11.06661    
  -88.59290       17.19850       31.91468    
  -88.18170       15.08090       73.19955    
  -82.55700       23.04910       130.3771    
  -82.53680       23.04890       22.44642    
  -82.09590       22.75620       39.58782    
  -78.25560       21.72980       6.284045    
  -78.52220       21.40600       66.11185    
  -78.28520       21.36450       39.50388    
  -77.58870       20.91750       8.414430    
  -91.73710       15.16200       40.09970    
  -84.43780       31.47260       20.16648    
  -89.11300       31.14590       53.25517    
  -79.62340       22.41000       21.70852    
  -80.17120       22.20850       7.259975    
  -78.28420       21.32400       28.30334    
  -78.28360       21.30380       12.80612    
  -78.26400       21.30370       15.82913    
  -89.54170       20.91040       55.02491    
  -90.90560       18.74760       16.00410    
  -91.71140       17.77190       10.75905    
  -83.49080       14.75260       32.67202    
  -78.42720       26.62770       48.49440    
  -79.81330       22.67800       8.676267    
  -83.11430       22.66270       20.88255    
  -83.11280       22.64210       15.73987    
  -83.26070       22.45860       21.91255    
  -78.33610       21.06130       17.36632    
  -77.74470       20.89780       18.15319    
  -69.57320       18.89310       34.39540    
  -90.44530       16.52020       27.65892    
  -106.3181       30.09260       66.97618    
  -106.2906       30.09130       148.5819    
  -80.54170       26.74920       17.44775    
  -80.54040       26.72760       29.46836    
  -78.19360       25.13050       74.86871    
  -79.81250       22.65740       7.498008    
  -78.77590       21.97640       8.104990    
  -78.30380       21.32410       15.40067    
  -78.30330       21.30380       86.42519    
  -76.95930       20.67430       19.92723    
  -98.45640       19.79710       19.19408    
  -98.52240       18.83490       39.11364    
  -90.44720       16.53970       48.33253    
  -84.45170       31.58910       47.65849    
  -89.11710       31.16920       50.25829    
  -103.2596       28.08300       30.82225    
  -78.22330       21.99450       9.720963    
  -78.35570       21.06140       16.93598    
  -76.71940       20.23230       96.41335    
  -89.52250       19.48270       73.88029    
  -93.22770       17.58000       29.01922    
  -84.07330       14.94820       10.12688    
  -83.31270       22.62350       11.37793    
  -83.26220       22.47920       23.20383    
  -83.24060       22.45840       13.06796    
  -79.30040       21.71410       11.25891    
  -79.29960       21.69370       14.28192    
  -78.33660       21.08150       20.87540    
  -76.09800       20.29140       9.730747    
  -89.54500       19.50300       24.49067    
  -90.88520       18.74720       82.34950    
  -90.77660       17.77740       44.52890    
  -90.75420       17.75730       13.80272    
  -91.00290       17.05480       45.88988    
  -90.06630       16.53460       35.09312    
  -90.04630       16.53430       145.3100    
  -90.30110       16.47930       199.7531    
  -78.44780       26.62780       19.48737    
  -78.04960       25.06640       21.13796    
  -80.93400       22.74700       11.49694    
  -80.93290       22.72640       12.63950    
  -78.68210       22.13930       14.94213    
  -82.69440       21.77850       8.965664    
  -76.93980       20.67420       18.22448    
  -89.52460       19.50270       36.22469    
  -95.95070       18.18290       27.23086    
  -92.15560       17.89720       6.855321    
  -95.80010       17.44880       58.28651    
  -98.42170       16.67430       72.30277    
  -90.06440       16.51510       122.3530    
  -90.04440       16.51490       62.70663    
  -90.32110       16.47960       48.58293    
  -81.83630       22.77460       17.13434    
  -81.14520       22.58400       16.51199    
  -78.26130       21.20250       13.09176    
  -76.95900       20.65410       31.95712    
  -76.93950       20.65410       23.63063    
  -90.08740       19.97180       12.18060    
  -92.21330       18.03620       4.927262    
  -90.30300       16.49880       52.37540    
  -92.85350       15.97130       59.09875    
  -88.48330       15.18030       6.902928    
  -81.92270       29.38410       13.01792    
  -81.29350       27.75760       26.24469    
  -81.14630       22.60460       14.47235    
  -81.16520       22.58420       81.80526    
  -81.12530       22.58390       12.52048    
  -83.04530       22.53870       9.768833    
  -78.08730       21.30300       6.254952    
  -89.99190       20.03050       50.77518    
  -93.11760       17.85400       13.52022    
  -83.73570       15.08000       5.871988    
  -79.67950       21.81780       38.72950    
  -77.82980       21.20100       6.651294    
  -77.01250       20.33300       14.70244    
  -89.92470       20.33100       14.68219    
  -77.28290       20.21350       42.41730    
  -98.95390       18.78490       6.057137    
  -91.00310       18.35280       67.52550    
  -95.97210       18.18340       89.17829    
  -95.96910       18.16350       33.01504    
  -80.74890       22.64280       18.18565    
  -79.30400       21.81590       40.44832    
  -76.86000       20.55340       10.93063    
  -90.06760       20.15220       108.6605    
  -89.71010       19.52550       19.12023    
  -89.70790       19.50550       97.31911    
  -91.73180       17.77220       81.91351    
  -92.25170       16.60450       51.94807    
  -79.08670       21.81480       10.29488    
  -77.76610       20.97860       9.402265    
  -77.29280       20.77570       6.783912    
  -91.63920       18.20470       28.37819    
  -89.93180       16.59120       16.41227    
  -103.3433       32.91060       89.14677    
  -82.24950       22.96370       7.069551    
  -82.35700       22.75850       17.90694    
  -82.33690       22.75830       15.05156    
  -80.15670       22.33120       9.283248    
  -79.50310       21.85760       7.545615    
  -77.93310       21.42410       7.117157    
  -77.90400       21.01940       14.42474    
  -98.83230       18.72210       95.62390    
  -100.0246       17.97270       38.93824    
  -89.88970       16.35730       39.52296    
  -106.3744       40.93560       62.28355    
  -84.16030       22.11960       8.108957    
  -78.14010       21.83110       7.344988    
  -82.93660       21.82140       103.0829    
  -78.94320       21.65140       6.063865    
  -77.74520       20.91800       79.30060    
  -103.3949       20.74160       17.80918    
  -90.07000       20.17230       20.92401    
  -89.72830       19.50580       21.64462    
  -98.54450       18.83540       69.94670    
  -98.51880       18.81490       29.18272    
  -93.89250       18.22320       15.30068    
  -100.0210       17.95270       17.39795    
  -87.25160       14.89850       14.14704    
  -105.7012       27.60450       66.93158    
  -80.79190       22.70480       5.284310    
  -80.15760       22.35170       5.855587    
  -80.27230       22.25000       5.022475    
  -80.11740       21.88150       16.86998    
  -99.20240       22.14260       13.27138    
  -77.93260       21.40380       5.450933    
  -77.60870       20.93770       38.17144    
  -76.86030       20.57350       6.557781    
  -90.05820       20.07170       75.57413    
  -99.01320       18.74630       24.03077    
  -85.37450       14.88160       25.34755    
  -106.0044       40.94070       94.97467    
  -104.0375       30.35810       24.89815    
  -82.02450       22.89980       52.73396    
  -83.28080       22.45880       17.87620    
  -78.88600       21.71210       7.113189    
  -78.10140       21.08060       6.331651    
  -72.00520       18.98160       6.677880    
  -100.0470       17.97320       48.11629    
  -84.40240       15.37300       22.22416    
  -98.52600       18.85500       22.18208    
  -96.23940       18.80520       40.18045    
  -96.21790       18.80470       7.617024    
  -83.43350       15.15460       54.22179    
  -77.97090       21.36340       5.974603    
  -76.85800       20.41290       29.80051    
  -71.43180       18.76610       22.06014    
  -99.31700       18.59360       14.07145    
  -98.56840       17.84090       24.00340    
  -76.85060       42.14540       41.40819    
  -104.8191       21.85630       29.66897    
  -76.98940       20.09270       42.20060    
  -90.10920       19.45170       89.52642    
  -90.10690       19.43170       102.5120    
  -90.08650       19.43140       123.7924    
  -107.2511       28.52090       37.42339    
  -77.01880       20.73470       41.69667    
  -81.31190       22.70860       8.992509    
  -77.84210       20.87800       5.688965    
  -77.66520       20.83710       10.10922    
  -77.80030       20.75700       44.79045    
  -76.89460       20.25260       5.981404    
  -82.02320       22.87920       51.37618    
  -79.54240       22.36860       6.307848    
  -79.17200       21.99860       8.854791    
  -78.26940       21.50640       4.837061    
  -77.78880       21.12000       6.861272    
  -77.68480       20.83720       15.68631    
  -76.76400       20.65370       12.86563    
  -89.68480       20.02560       19.74703    
  -90.25150       19.97440       33.47841    
  -84.20430       30.59270       24.46869    
  -80.89960       26.49300       31.02747    
  -80.65410       22.74500       14.99602    
  -79.82390       22.45210       5.712768    
  -81.39380       22.38070       65.05070    
  -76.69350       21.21830       10.23538    
  -77.66480       20.81700       17.59056    
  -76.99210       20.27290       12.48067    
  -90.04590       19.79070       108.8267    
  -80.90090       26.51460       40.08458    
  -79.61870       21.77680       13.46599    
  -75.69040       20.39120       10.94796    
  -90.04820       19.81080       98.44701    
  -90.06640       19.79100       94.66480    
  -92.26290       18.27420       42.32600    
  -91.05160       17.87990       30.99368    
  -89.40300       18.15160       28.83590    
  -88.94780       17.37910       100.8140    
  -80.49100       22.25140       31.01557    
  -77.66210       21.60580       5.320014    
  -78.10840       21.36390       7.115121    
  -78.45820       21.22350       4.962966    
  -87.55270       21.20460       17.91618    
  -76.45330       20.77390       4.986770    
  -88.89810       19.71330       74.12055    
  -90.72180       18.92340       18.70083    
  -69.46930       18.57770       8.521545    
  -92.82330       18.30340       42.03937    
  -91.65970       18.20500       24.58571    
  -105.0486       22.32090       19.81581    
  -76.29480       20.53240       7.036226    
  -89.83040       20.04800       52.05602    
  -88.89600       19.69320       57.90293    
  -97.69010       16.54210       29.35617    
  -84.07240       14.92900       25.50875    
  -77.35960       20.15360       5.379523    
  -80.61530       22.35460       5.614580    
  -80.61430       22.33410       5.331917    
  -78.45870       21.24370       7.117157    
  -78.21590       20.95990       10.94796    
  -89.29110       21.04820       23.54199    
  -89.27050       21.04780       19.25052    
  -96.32230       19.18640       21.45800    
  -93.01660       17.87200       5.355720    
  -88.94600       17.35950       39.94341    
  -78.28900       21.50650       11.92030    
  -89.80990       20.04770       40.67104    
  -93.34500       18.17390       8.331120    
  -92.55510       16.21950       19.14677    
  -87.27240       20.83630       6.371240    
  -75.96280       20.41150       12.62363    
  -75.12620       20.19060       12.11583    
  -88.76490       18.39950       10.56182    
  -93.65480       18.15960       29.01922    
  -89.38730       16.52580       30.49007    
  -94.53650       16.46540       21.34852    
  -85.65350       31.58590       33.99342    
  -102.5796       22.57390       18.02619    
  -89.29340       21.06850       33.81855    
  -89.65090       19.72450       43.41968    
  -90.09760       17.06170       39.34276    
  -85.69540       31.40070       8.810942    
  -75.82640       20.37130       50.23173    
  -102.4587       33.54440       123.6375    
  -76.66360       20.43260       4.760640    
  -93.49610       17.89990       46.43075    
  -91.88660       17.87320       7.855056    
  -107.4285       30.14480       26.13798    
  -80.85080       22.68470       4.713033    
  -77.73260       21.24110       46.86760    
  -90.83810       18.15270       4.974868    
  -90.79170       17.91540       17.19692    
  -83.50980       14.75270       10.40949    
  -88.62580       14.73990       7.866331    
  -89.26150       19.31930       15.75772    
  -88.69890       18.33940       16.69794    
  -81.76590       27.89390       21.98764    
  -78.16070       21.10100       5.308113    
  -76.91370       20.23270       8.642725    
  -90.15470       19.13340       23.99722    
  -69.44690       18.65670       5.814244    
  -83.45260       15.15480       39.26400    
  -81.84370       22.89830       11.28647    
  -84.35290       22.26500       50.74095    
  -88.58550       18.19980       6.724404    
  -88.70280       18.37890       48.33947    
  -88.76020       18.14290       11.70437    
  -88.79460       18.08420       20.79323    
  -90.60500       17.30360       28.03046    
  -96.87040       17.21340       9.564189    
  -88.72190       31.36880       43.29714    
  -98.15120       21.97000       7.426599    
  -78.16120       21.12120       5.300179    
  -89.34690       19.36040       44.06944    
  -91.03580       14.72940       6.156259    
  -100.0106       30.10130       37.02927    
  -77.33710       26.70960       40.66420    
  -78.17930       21.06070       16.35280    
  -77.01280       20.35310       13.27538    
  -96.28480       18.68650       8.426332    
  -90.76640       17.11010       81.68877    
  -92.86080       16.39930       31.32941    
  -90.60440       19.31980       35.04771    
  -93.57400       18.01980       11.71117    
  -83.75480       15.08010       32.92352    
  -78.28850       21.48620       7.236173    
  -78.12400       21.20200       14.86186    
  -78.15360       20.81860       31.97450    
  -91.17590       18.61300       6.669281    
  -92.73790       18.28220       12.37528    
  -84.56490       15.18210       36.83560    
  -84.54570       15.18200       27.62990    
  -98.42800       21.79190       10.94947    
  -77.53490       21.15960       18.05175    
  -108.1653       30.55020       103.3992    
  -78.43940       21.95460       30.95309    
  -92.49640       15.09530       11.33032    
  -89.56970       19.54330       15.62762    
  -88.74010       18.14260       20.66246    
  -96.05780       18.04630       66.85581    
  -91.88110       16.56000       13.20828    
  -120.2298       43.96920       44.32920    
  -88.48870       18.65290       36.05919    
  -90.78980       18.62670       13.40444    
  -88.68320       17.96460       24.77795    
  -92.46170       16.29590       46.58356    
  -92.57940       15.11570       72.10160    
  -90.33260       14.87460       22.84839    
  -80.26350       22.49580       32.57706    
  -96.69000       18.93440       22.44332    
  -88.49060       18.67280       15.62762    
  -88.74200       18.16240       13.79677    
  -88.53430       18.08080       27.38977    
  -91.81200       18.10870       5.260507    
  -92.54920       15.01890       28.34954    
  -108.1938       30.55160       141.3775    
  -68.98390       18.62000       8.354923    
  -106.2456       28.27430       305.9951    
  -80.26260       22.47530       25.18379    
  -87.94620       21.27110       60.01593    
  -76.69130       21.05660       8.950004    
  -96.12480       18.06750       6.410995    
  -98.18690       22.77790       6.498273    
  -79.54160       22.34810       8.116891    
  -87.94830       21.29150       10.94446    
  -90.56810       19.35910       31.37838    
  -69.00330       18.61980       58.79753    
  -93.31910       18.13390       28.90760    
  -95.11360       18.10720       9.783114    
  -92.57740       15.09640       8.783381    
  -90.33090       14.85530       14.56079    
  -80.80270       22.52000       8.878593    
  -103.9520       19.71950       50.47782    
  -96.37600       18.44960       5.522343    
  -88.68690       18.00400       4.713033    
  -96.76370       16.77910       19.87055    
  -91.35400       16.35760       18.30850    
