  -101.6756       31.51050       198.2077    
  -92.23280       29.78080       16.32677    
  -94.92040       29.83510       145.7071    
  -99.19390       22.51500       167.5339    
  -96.45180       19.44970       39.16632    
  -101.9373       19.17950       48.62537    
  -96.52800       28.69040       186.9386    
  -105.2855       21.68520       243.6876    
  -99.12620       22.72070       89.06680    
  -95.97810       18.22310       23.67961    
  -91.87320       30.68440       14.26939    
  -98.77510       21.94530       145.0520    
  -96.20720       18.18800       21.83004    
  -96.68540       36.03980       25.07792    
  -96.21100       18.62530       43.74805    
  -96.36690       19.32760       16.61213    
  -93.18470       17.89460       225.6669    
  -104.7441       21.58500       20.28486    
  -99.05690       22.61490       48.92096    
  -103.3758       19.58170       101.5882    
  -70.34600       18.92870       29.10026    
  -101.4594       19.08660       75.08112    
  -102.2042       17.92530       64.64784    
  -104.2254       19.76800       84.81128    
  -98.88370       22.75550       16.35806    
  -98.33060       22.07780       12.37923    
  -98.92110       22.92310       141.0440    
  -88.56710       33.44340       35.47139    
  -93.11510       17.83420       144.6887    
  -96.53370       28.71300       78.85437    
  -93.91630       29.71430       338.8947    
  -104.2014       19.76730       348.4767    
  -104.2354       19.80890       19.03884    
  -104.1774       19.76660       51.58132    
  -93.11760       17.85400       30.24259    
  -104.1824       19.78700       30.57242    
  -72.25660       18.94130       84.38818    
  -92.51470       15.07620       20.71192    
  -93.51690       17.90030       10.32934    
  -96.42200       19.52930       95.12018    
  -96.46680       19.40990       89.87735    
  -96.43110       31.17030       135.5245    
  -96.41680       19.36870       62.66612    
  -69.52730       18.57740       54.46337    
  -99.16510       18.61000       37.92696    
  -102.3587       20.03960       48.92096    
  -92.51270       15.05690       73.89915    
  -92.49510       14.88320       43.50035    
  -91.95930       30.00060       20.27265    
  -102.2136       20.21830       25.73483    
  -96.03920       18.20450       64.21800    
  -104.5222       19.61440       102.3297    
  -96.32540       18.80690       156.6196    
  -93.04040       16.53860       42.09258    
  -99.36890       18.75460       87.88007    
  -97.78690       26.28690       521.7512    
  -98.04610       22.11150       18.00706    
  -103.6023       45.28650       164.2711    
  -97.68490       26.15390       639.6866    
  -97.76360       26.28620       371.8625    
  -97.78150       26.26500       423.5004    
  -97.66160       26.15320       218.2683    
  -97.67960       26.13210       67.01645    
  -103.5830       20.54280       234.2768    
  -97.71880       26.48000       311.7668    
  -97.69550       26.47930       325.1570    
  -72.51760       19.43620       21.40409    
  -106.0664       40.58240       15.61691    
  -97.72430       26.50190       361.1945    
  -97.70090       26.50120       320.2245    
  -102.1201       20.21570       220.5036    
  -104.2064       19.78770       214.9480    
  -91.83730       30.29380       20.01974    
  -106.0049       40.63420       16.18480    
  -100.9636       20.50930       54.42895    
  -98.74150       18.46070       37.98395    
  -95.90970       33.42160       110.2071    
  -97.74770       26.50260       76.24541    
  -104.0392       20.55640       24.27325    
  -69.29520       18.57870       60.66720    
  -97.37440       19.26940       20.57949    
  -91.80090       30.33860       16.78517    
  -103.2198       19.71900       13.56301    
  -99.06850       18.92760       57.34541    
  -93.28510       34.08310       9.303470    
  -99.18730       18.61050       126.8202    
  -106.6430       40.25830       17.27325    
  -91.73910       29.92670       27.70463    
  -107.3134       30.07030       478.6041    
  -97.67420       26.11030       177.2094    
  -101.3422       17.58650       25.26265    
  -106.0462       41.11140       142.7841    
  -91.74340       29.83590       13.01551    
  -107.2752       30.04550       1505.818    
  -99.49770       22.64810       65.03088    
  -98.32610       19.45170       167.0435    
  -98.93290       16.88120       26.77973    
  -107.2855       30.06900       292.2528    
  -107.3031       30.04680       750.3096    
  -107.2472       30.04420       575.2952    
  -97.69750       26.11100       252.9049    
  -97.69220       26.08920       110.8540    
  -97.66890       26.08850       89.84925    
  -92.11100       34.60870       77.77583    
  -92.08830       30.07240       15.80282    
  -100.4135       22.23870       104.6621    
  -102.4807       20.16480       37.20140    
  -95.34560       18.25040       19.00811    
  -92.67050       15.21350       15.01481    
  -96.71640       28.87560       28.95641    
  -98.68700       22.48020       40.11935    
  -96.25100       19.14490       16.88416    
  -98.79100       19.10140       44.33924    
  -95.76850       35.25230       176.9206    
  -101.9100       20.31150       51.91291    
  -106.4944       41.27990       18.17241    
  -94.33670       32.93600       9.554756    
  -95.66080       32.12640       16.39915    
  -94.66980       16.37000       42.54415    
  -97.62320       35.24980       199.6205    
  -95.65420       32.10260       96.34460    
  -93.21200       31.97730       47.83711    
  -93.89300       29.71370       630.1314    
  -93.06100       16.53890       708.1478    
  -98.66430       22.47960       49.67666    
  -72.35150       19.02020       29.71016    
  -71.23060       18.35290       26.48291    
  -87.43450       38.37060       21.29760    
  -101.9613       20.33330       142.3290    
  -91.75360       30.10910       15.70698    
  -98.77020       19.58290       143.6471    
  -71.55600       19.20100       73.89874    
  -106.1239       42.54210       67.17930    
  -91.86030       30.29440       25.50388    
  -97.93250       26.31300       85.77609    
  -97.90910       26.31230       104.3582    
  -97.92710       26.29120       108.1386    
  -97.90370       26.29050       132.7905    
  -91.77720       30.77390       54.20239    
  -95.30100       30.32610       27.90105    
  -91.75830       30.13200       16.78961    
  -98.56020       21.67200       15.04143    
  -94.28650       31.91660       74.38484    
  -91.62020       29.90090       17.60601    
  -99.02020       19.73000       135.5063    
  -106.1433       42.57240       17.93579    
  -96.11860       18.16640       16.61878    
  -96.09720       18.16600       17.83674    
  -94.09080       31.32640       37.39276    
  -98.41280       18.71260       13.38403    
  -90.47970       29.84960       122.2817    
  -93.74600       29.77750       77.39437    
  -101.9519       20.39400       318.8383    
  -93.04270       16.55810       53.79828    
  -99.40180       22.72850       129.6147    
  -99.07270       19.77160       141.7444    
  -103.2528       19.65920       272.6730    
  -102.5464       20.14630       172.9351    
  -97.90050       35.01260       184.2562    
  -99.04760       22.57310       150.0619    
  -95.21550       18.22800       15.54725    
  -98.74790       19.58240       90.89277    
  -95.85740       33.66110       99.46369    
  -97.95050       26.29190       59.58004    
  -97.94500       26.27010       437.0164    
  -100.8524       21.44690       48.53362    
  -95.46790       18.07440       15.86671    
  -97.32960       35.96470       63.99168    
  -96.62610       18.67370       51.87690    
  -96.60460       18.67320       49.95554    
  -93.86970       29.71300       76.53235    
  -99.04630       18.92710       59.56237    
  -94.52780       17.97760       47.81921    
  -94.91480       29.81220       13.94993    
  -105.2607       21.68440       225.6920    
  -101.5749       20.36320       131.1207    
  -95.48400       18.61060       13.09802    
  -91.75740       35.04180       27.95310    
  -91.75120       35.01690       26.40903    
  -72.04500       18.92210       14.87637    
  -90.60260       29.78460       61.12011    
  -99.13500       22.65860       17.86336    
  -102.3353       20.03890       189.9197    
  -101.8260       20.34980       19.52414    
  -93.53490       34.01820       8.002480    
  -108.3346       45.26590       145.5566    
  -95.66630       36.76270       195.4618    
  -91.79420       29.97360       14.13628    
  -101.8634       20.31020       216.3129    
  -102.2559       19.99610       17.65027    
  -71.24880       18.39220       73.51991    
  -92.55710       15.09610       58.66993    
  -98.92100       35.47850       86.13245    
  -95.88870       33.51730       132.7338    
  -107.2995       41.84160       139.3185    
  -96.15750       29.62430       22.46897    
  -99.20590       18.59100       127.4985    
  -96.25610       18.08990       71.90187    
  -101.5843       20.30250       17.80918    
  -102.3868       20.06060       15.23353    
  -98.42490       21.66850       18.12958    
  -95.90180       18.28110       14.53561    
  -91.81240       29.95130       15.91996    
  -91.78950       29.95070       14.85508    
  -99.00280       22.77960       124.2804    
  -101.3284       20.80480       18.68864    
  -99.46520       22.60560       37.83615    
  -96.49920       18.55160       71.97737    
  -96.28670       18.15000       13.12603    
  -95.50830       18.63100       12.45910    
  -96.38810       18.39020       10.75529    
  -96.08850       17.96780       17.88998    
  -102.2745       20.28100       76.64402    
  -95.89280       18.22140       33.55003    
  -92.66850       15.19420       233.4314    
  -92.55320       15.05750       52.42845    
  -99.24350       22.12300       13.52398    
  -105.2276       21.82830       19.59379    
  -101.3864       19.06460       38.57514    
  -95.75850       18.31800       12.19288    
  -115.1088       32.53610       26.08956    
  -96.56060       18.53290       75.91304    
  -103.3949       19.66320       18.21660    
  -96.23300       18.76520       14.48237    
