  -107.0260       43.12620       23.16266    
  -113.6541       41.80140       1482.453    
  -113.6667       41.77380       205.4131    
  -113.6285       41.77100       288.9156    
  -113.6411       41.74340       3171.059    
  -113.6030       41.74060       1468.556    
  -120.9555       41.13280       259.4502    
  -120.9099       41.12900       3251.556    
  -120.9219       41.10190       6466.848    
  -120.8764       41.09810       5807.639    
  -120.8884       41.07100       3299.735    
  -120.8569       40.42660       3845.125    
  -120.8120       40.42290       3292.270    
  -120.8247       40.39620       2615.801    
  -120.7800       40.39260       760.0726    
  -107.5751       37.97330       111.1429    
  -117.2132       34.15480       964.2134    
  -117.1768       34.15240       560.1017    
  -115.1186       32.20120       58.50702    
  -96.30160       18.92620       17.84295    
  -112.6047       47.34060       126.0453    
  -95.20440       39.34530       1.410340    
  -120.8315       40.48000       3026.187    
  -120.8442       40.45330       4847.253    
  -120.7993       40.44960       3814.573    
  -107.5437       37.97140       99.44363    
  -111.4180       36.85580       167.9330    
  -103.0174       33.86180       45.61844    
  -115.9629       31.44360       689.1390    
  -120.8429       41.06720       3989.148    
  -105.1790       36.66840       61.96000    
  -120.6494       36.23040       240.7675    
  -97.46790       20.52180       17.12857    
  -111.4846       36.86000       159.4023    
  -106.5995       38.95100       78.63524    
  -109.3728       37.79380       27.11349    
  -105.3994       37.04060       15.84202    
  -116.0129       31.47020       647.1149    
  -115.9789       31.46820       491.3686    
  -115.9970       31.44560       579.6058    
  -112.6630       48.94380       48.72681    
  -106.1232       35.25140       18.32097    
  -81.44250       30.39780       77.81783    
  -109.4671       46.28930       23.20140    
  -114.1858       46.21950       119.5397    
  -104.3328       45.20940       130.3979    
  -106.3869       39.31510       63.92178    
  -119.9566       37.10880       180.9549    
  -104.4823       45.18810       19.52171    
  -110.0416       39.73530       130.3979    
  -108.7684       37.31290       148.1905    
  -115.1251       32.56110       57.65628    
  -115.3036       32.23630       53.10370    
  -109.8406       50.98740       29.66990    
  -110.3300       30.84610       17.85616    
  -107.5582       48.26490       20.72245    
  -118.7049       46.10400       237.1536    
  -113.6156       41.71310       3243.318    
  -106.4513       39.37300       69.15324    
  -116.3475       39.25420       30.98684    
  -106.3453       38.13800       17.39137    
  -110.5359       34.01220       154.2839    
  -75.35430       39.63070       15.40251    
  -120.8309       41.09430       4837.683    
  -114.5753       37.08920       232.5226    
  -117.5082       33.34000       159.5242    
  -116.5084       32.16620       221.8796    
  -109.3247       39.57940       25.79654    
  -121.0186       39.45120       217.5957    
  -106.2872       37.76670       20.52878    
  -107.0316       37.28810       138.7326    
  -105.7980       49.63860       22.11685    
  -109.2612       49.21110       20.18018    
  -106.9861       43.21180       26.88109    
  -117.5841       39.31960       61.47014    
  -105.1636       36.97610       54.82337    
  -115.8639       37.15190       273.2263    
  -117.1436       49.86090       154.5730    
  -111.1094       46.96040       94.00264    
  -110.5458       45.89760       16.90928    
  -101.9693       42.03330       12.00740    
  -113.5775       41.71020       160.5506    
  -109.6145       51.04120       33.38832    
  -112.6983       48.74310       34.82146    
  -104.5085       44.42450       60.18098    
  -108.0031       39.98610       22.34926    
  -110.6848       37.82400       157.9399    
  -114.8274       36.74420       184.2632    
  -95.81470       33.68380       74.88405    
  -109.5907       51.22120       24.72214    
  -107.8419       48.82680       22.46546    
  -112.0680       49.06400       35.07323    
  -112.8693       44.08100       28.12056    
  -106.9729       43.24040       130.8854    
  -109.6680       40.70210       110.6779    
  -120.0513       41.17070       43.49778    
  -122.6077       40.79440       172.3109    
  -111.0098       37.68750       158.1837    
  -110.7175       32.95290       99.68738    
  -110.7534       48.34630       32.45872    
  -123.8934       46.55470       211.5468    
  -122.1522       40.50550       320.0308    
  -122.0162       40.38330       332.3801    
  -120.9874       38.90760       190.0488    
  -111.9636       37.61840       24.59580    
  -111.6628       48.89370       30.15407    
  -106.5193       47.72260       175.9762    
  -119.7141       48.80210       220.2114    
  -109.2832       46.37080       23.70494    
  -111.7711       44.23760       158.9148    
  -106.9130       40.74600       74.54816    
  -122.9085       40.68020       190.1306    
  -114.9701       36.11290       38.65609    
  -110.9996       48.56800       31.91645    
  -110.2844       48.04160       39.58569    
  -106.2687       47.67160       16.69416    
  -106.6415       37.70850       107.7279    
  -107.3270       48.95820       24.24720    
  -113.3312       47.01140       127.0262    
  -115.3709       44.97880       128.6610    
  -115.0513       44.89130       129.6419    
  -122.8595       40.78770       165.0197    
  -112.2837       37.79670       115.0427    
  -114.6228       36.42190       199.6185    
  -109.2129       49.24170       27.07475    
  -110.6118       48.23440       37.95888    
  -109.2972       40.40010       20.99359    
  -120.7975       41.06350       3524.155    
  -122.9937       40.60380       245.3877    
  -119.0495       37.40680       151.8755    
  -88.67960       17.27780       19.27145    
  -120.2392       48.01770       45.95736    
  -115.1182       44.68310       121.9582    
  -123.0655       40.66550       231.8187    
  -105.8655       38.66710       16.30682    
  -114.8033       37.39090       222.2858    
  -107.9733       51.34490       5.022475    
  -107.2262       49.67600       18.80669    
  -111.2229       48.72150       32.01328    
  -111.0140       48.50180       33.31086    
  -110.3967       47.45670       29.12763    
  -112.3147       46.22530       128.4975    
  -113.3072       45.98970       144.1918    
  -121.5525       43.22490       264.9393    
  -122.7269       40.86030       170.0222    
  -122.8473       40.81460       312.7427    
  -109.2125       39.40940       93.02174    
  -113.1922       39.62330       26.91982    
  -122.2243       40.15170       339.7371    
  -108.5967       38.99270       126.0107    
  -120.3121       38.26660       209.5850    
  -117.8305       35.84990       200.5934    
  -110.1732       35.00480       101.1498    
  -114.9038       32.61980       498.8431    
  -111.2579       48.55540       35.20880    
  -114.5737       46.76140       244.9716    
  -119.3084       37.60940       67.78371    
  -110.0204       47.78870       19.48298    
  -109.4193       47.61000       22.85279    
  -120.3381       42.91460       57.05452    
  -119.4816       42.55120       44.07878    
  -123.2108       40.67780       238.5215    
  -112.5119       38.57940       63.32153    
  -114.2537       46.99170       5.563998    
  -113.4269       46.47420       120.3234    
  -118.8273       36.68910       97.79659    
  -118.2423       36.26150       198.1143    
  -111.7708       44.44910       24.09227    
  -118.2651       36.28880       207.9675    
  -123.4579       47.76960       378.6263    
  -113.3850       46.47070       111.3318    
  -113.5978       46.01330       105.4464    
  -118.6624       37.56150       259.3334    
  -118.0243       36.34860       416.0546    
  -114.2179       46.95640       51.32196    
  -124.4065       48.52510       225.1159    
  -123.4179       40.66750       385.8195    
  -115.8015       40.55620       134.5045    
  -115.8277       40.58600       166.3412    
  -115.8407       40.55920       1555.757    
  -115.7623       40.55330       768.7383    
  -114.6060       47.41090       46.38988    
  -120.8644       41.12520       3337.151    
  -115.7884       40.58300       1332.740    
  -87.75660       18.74240       24.62076    
  -83.57590       45.05540       10.84831    
  -97.48990       20.52240       10.18997    
  -96.78160       35.79160       21.30676    
  -57.68200       49.36450       40.69896    
  -58.36200       48.98840       18.70830    
  -57.77880       49.04780       40.92033    
  -57.97500       48.86700       45.09187    
  -93.18470       17.89460       4.164548    
  -93.11510       17.83420       5.777125    
  -58.57270       48.84190       73.40380    
  -57.69650       49.32900       29.76024    
  -57.40540       49.72760       95.54389    
  -85.20370       29.97010       13.43628    
  -57.82460       49.01120       121.6537    
  -79.89480       33.01630       6.316434    
  -80.66950       28.52390       34.24053    
  -93.62020       33.51250       24.01062    
  -82.38380       32.63910       13.95044    
  -82.01890       28.71460       101.5040    
  -93.11760       17.85400       2.790926    
  -94.53990       34.12470       114.3663    
  -103.5011       31.33220       88.47559    
  -85.20100       29.94730       46.81059    
  -82.01330       27.54560       10.62267    
  -81.78740       27.32490       6.138681    
  -82.73880       31.49480       8.823579    
  -77.02270       36.81900       81.38714    
  -87.38550       32.74790       29.17670    
  -80.88890       27.66620       276.7144    
  -115.4906       35.94400       195.1906    
  -81.47410       29.11040       239.0718    
  -94.51510       34.12390       60.66883    
  -87.36260       32.74750       64.27043    
  -83.29800       31.99210       13.81990    
  -83.78280       30.54080       62.00925    
  -80.90990       27.66640       255.6130    
  -80.89030       27.68820       30.23766    
  -80.91130       27.68830       241.6434    
  -81.47580       29.13280       96.79682    
  -81.49550       29.11070       209.6122    
  -81.49710       29.13310       107.2362    
  -81.45440       29.13260       98.95193    
  -81.16110       27.97600       33.41969    
  -98.41310       21.93560       2.683811    
  -94.04100       18.08740       1.475798    
  -93.18820       33.04270       13.94723    
  -88.50500       21.52350       6.191603    
  -98.19040       21.39580       2.136337    
  -86.90760       30.68460       9.528454    
  -81.43310       29.13240       85.46020    
  -81.14010       27.97580       138.7326    
  -88.69950       17.27800       17.55217    
  -81.41010       29.10980       378.3954    
  -65.82270       18.13150       26.22261    
  -76.15970       35.60390       14.25185    
  -99.33090       29.00950       17.40897    
  -82.26000       28.53950       21.27880    
  -93.61390       33.48820       219.0968    
  -85.96680       31.42880       132.7538    
  -83.78030       30.51790       24.74230    
  -81.41170       29.13220       232.6688    
  -82.40610       28.76330       78.36626    
  -69.78910       18.81290       52.46306    
  -93.66270       18.21910       1.255619    
  -82.38470       28.76310       26.22815    
  -88.50270       21.50310       31.38392    
  -85.09420       31.04340       1.791191    
  -81.43470       29.15480       237.5270    
  -82.83240       38.59420       1.826896    
  -77.70570       34.57100       124.1226    
  -81.39040       29.13200       53.02866    
  -81.38880       29.10960       217.1052    
  -82.24240       27.78900       53.00246    
  -101.2164       31.58490       8.482648    
  -82.47680       29.59290       62.66820    
  -77.72840       34.57110       55.35732    
  -81.82650       30.06050       54.60327    
  -77.72740       34.54660       59.93780    
  -77.70480       34.54650       67.52080    
  -92.17810       34.19470       838.8421    
  -82.23480       32.00150       8.854582    
  -77.59870       37.18090       22.06635    
  -82.80220       31.24060       103.4363    
  -84.86140       30.94740       1.966739    
  -98.54510       26.15890       49.71912    
  -90.70460       16.09610       6.491198    
  -100.1430       32.36560       13.53738    
  -88.81360       19.87220       15.47901    
  -98.52160       26.15810       2.755220    
  -102.1095       18.02260       115.8732    
  -85.96360       31.40550       313.3682    
  -82.40790       28.78560       115.3477    
  -111.5208       26.25080       255.1899    
  -111.5399       26.22970       25.00251    
  -98.18800       21.27290       2.332714    
  -92.18410       34.21920       104.6787    
  -92.15380       34.19390       122.9136    
  -111.5688       26.23110       137.3443    
  -107.3064       24.27750       86.34506    
  -90.80300       16.07800       3.856119    
  -90.17110       35.39290       1.945912    
  -112.8621       34.91810       299.2362    
  -82.80570       32.17300       92.31972    
  -85.12040       30.72170       33.33438    
  -98.13750       27.47730       2.767122    
  -111.6291       26.36560       150.8716    
  -94.26550       33.75110       36.55639    
  -98.67680       23.75310       33.38832    
  -98.65050       26.20550       1.916158    
  -79.86320       33.90430       2.216673    
  -105.5224       29.05330       26.49375    
  -97.82980       25.12670       3.272196    
  -108.1677       25.42900       3.241699    
  -99.30640       29.00860       12.34712    
  -112.6682       27.41090       30.17696    
  -111.6089       26.32070       157.2087    
  -84.50210       30.32300       20.97316    
  -98.37830       23.13730       88.80984    
  -84.84010       36.24710       32.82379    
  -121.3322       38.21270       134.1478    
  -110.0843       27.64350       169.6392    
  -108.1760       25.45100       2.909941    
  -108.6555       25.79650       2.665958    
  -120.8765       40.48360       4071.895    
  -117.7883       36.71770       53.72412    
  -113.3806       28.63810       249.1778    
  -115.7492       40.58000       194.9875    
  -120.9018       40.43020       204.6939    
  -120.8696       40.39990       2302.147    
  -111.6328       39.56970       3.463365    
  -116.0699       31.75810       1728.624    
  -110.2358       27.22810       260.0646    
  -88.26900       18.01830       42.06863    
  -89.07850       17.28290       1.711847    
  -86.39670       15.75630       26.14944    
  -106.3046       44.08860       44.61331    
  -88.24900       18.01810       16.40275    
  -115.5619       33.26480       782.6719    
  -88.98980       19.23560       7.864336    
  -89.78470       19.82670       11.85689    
  -95.57560       17.50370       11.53514    
  -96.39840       32.24630       19.19247    
  -98.14430       25.95190       60.38997    
  -84.74690       15.68380       11.12300    
  -84.32460       32.57240       8.033580    
  -97.83490       25.14820       2.457256    
  -98.17600       23.65490       17.15896    
  -98.20570       23.27870       21.44632    
  -98.18290       23.27800       48.63788    
  -98.36880       22.99100       196.9582    
  -92.91230       18.02810       4.280649    
  -101.0078       31.85800       82.86971    
  -98.39150       22.99160       170.7506    
  -84.53660       35.43850       26.64746    
  -84.30210       32.57200       49.11415    
  -98.26910       21.00940       11.91462    
  -85.04320       15.80200       83.29208    
  -106.2702       44.08640       52.29029    
  -93.03230       17.83280       2.255353    
  -111.9995       39.97720       25.99021    
  -88.15260       21.29450       2.404123    
  -85.23890       31.13810       2.271222    
  -103.5213       29.39830       17.66250    
  -98.52720       26.17990       2.591573    
  -98.64800       21.98310       2.540992    
  -109.4479       27.52490       34.15483    
  -98.43410       21.05440       2.094682    
  -87.57990       15.40170       2.053026    
  -110.3958       27.52440       23.45962    
  -108.1908       25.27860       3.072597    
  -98.45140       23.16020       85.39409    
  -116.0357       31.75610       3565.557    
  -83.37740       30.42090       55.11318    
  -109.2560       26.08380       198.6436    
  -96.15240       43.90030       2.356517    
  -84.35910       30.41210       96.83767    
  -110.3384       27.52170       20.25765    
  -101.0389       21.55490       68.73311    
  -90.67580       16.21220       5.143025    
  -92.96130       35.90380       16.44645    
  -110.3856       27.50170       26.41855    
  -98.46410       21.42330       1.493651    
  -106.0688       46.32940       60.34687    
  -78.24070       37.78050       17.13172    
  -116.0520       31.78080       681.0306    
  -106.0350       26.31980       71.73103    
  -108.1968       25.36530       4.891557    
  -108.1885       25.34340       4.713033    
  -88.72840       17.37630       43.45232    
  -120.7522       41.05970       1022.890    
  -111.8475       30.76350       129.1792    
  -97.15880       27.95370       4.443017    
  -77.75010       34.54670       73.10054    
  -77.72650       34.52220       158.1607    
  -114.9575       32.50290       4.355986    
  -110.3467       27.47760       118.8612    
  -110.2644       27.22940       225.6981    
  -105.0444       19.58920       86.35751    
  -90.21320       32.93390       100.3709    
  -77.74920       34.52230       47.55399    
  -90.20830       32.90990       8.008189    
  -110.3569       27.50030       138.2787    
  -110.4495       27.39340       66.38930    
  -107.3590       24.42900       2.725466    
  -107.2801       24.27650       5.843686    
  -97.93640       35.33730       42.52944    
  -118.8149       35.10990       226.1855    
  -101.4994       30.29730       15.60962    
  -97.13520       27.95300       23.70495    
  -103.5124       28.87760       24.63454    
  -97.15310       27.93140       4.921311    
  -102.0891       21.85360       19.73474    
  -96.34550       42.09160       2.469582    
  -98.40420       26.15440       152.4153    
  -95.61950       17.36660       19.75686    
  -122.7723       44.74000       1039.771    
  -122.7271       44.70540       431.0554    
  -81.24290       37.75680       14.33545    
  -90.20970       34.26000       2.671910    
  -110.1987       27.27070       6.380958    
  -107.2128       24.23130       4.409543    
  -104.7880       22.35380       42.04499    
  -89.01380       15.41740       14.88418    
  -121.5680       41.04320       338.7909    
  -99.18760       32.75500       54.97798    
  -118.1833       47.04460       325.8729    
  -103.5896       43.29060       23.08519    
  -120.8638       40.51040       618.4555    
  -120.7867       40.47630       636.3570    
  -106.8786       31.67820       109.9242    
  -96.29840       18.90610       57.69294    
  -116.0195       31.73130       218.0569    
  -109.5434       26.97500       1.791191    
  -108.7590       25.64880       4.546412    
  -97.77070       20.61030       6.903227    
  -98.38070       26.15370       10.30313    
  -99.16200       32.75390       39.43076    
  -108.8632       25.91420       6.788672    
  -88.52320       21.50340       41.67111    
  -112.9100       33.34600       346.1029    
  -110.2440       27.56180       5.006606    
  -122.8771       44.74960       23.22597    
  -122.8246       44.74480       559.5640    
  -112.9426       33.34790       356.4006    
  -110.2339       27.53910       204.2495    
  -108.8906       25.91530       5.444982    
  -108.8819       25.89320       4.457150    
  -108.8544       25.89200       4.806262    
  -107.5671       25.23160       58.71906    
  -122.7832       44.92400       30.51570    
  -98.44480       46.11180       10.29624    
  -116.0015       31.75400       523.9072    
  -121.3178       42.62030       189.3131    
  -115.0034       35.83530       690.6214    
  -115.0194       35.81100       815.2104    
  -114.9840       35.80870       1468.256    
  -114.9486       35.80630       669.4166    
  -115.0354       35.78670       883.2935    
  -114.9646       35.78200       1307.976    
  -114.9806       35.75780       168.0765    
  -121.4806       49.96800       264.6787    
  -115.0000       35.78440       301.5638    
  -122.8291       44.95880       29.61118    
  -114.9292       35.77970       83.02536    
  -117.3233       35.84010       278.5884    
  -104.8009       19.48080       122.5734    
  -120.8127       50.14560       215.1434    
  -120.9738       39.99440       169.7769    
  -105.9722       35.51880       17.15896    
  -112.8784       34.89420       430.2887    
  -115.3928       33.79120       171.1399    
  -113.5104       32.99410       1421.187    
  -113.4948       32.96900       88.36194    
  -113.4620       32.96710       120.6485    
  -102.1620       23.33410       113.3365    
  -122.3505       41.61780       436.7721    
  -115.3581       33.78900       259.7276    
  -113.5261       33.01920       335.3786    
  -113.5432       32.99610       1530.165    
  -113.5276       32.97100       524.1646    
  -113.5119       32.94590       617.8667    
  -113.4791       32.94390       2548.853    
  -113.4464       32.94200       692.9370    
  -103.6717       51.31140       5.994836    
  -118.9402       35.69920       226.6730    
  -115.3235       33.78690       72.83620    
  -99.17940       32.73080       43.94321    
  -113.4776       32.99210       2066.868    
  -111.9736       35.31340       48.66220    
  -106.6773       35.65770       116.5051    
  -109.0529       26.11870       4.308379    
  -101.6986       23.46640       10.96159    
  -105.1724       38.92110       21.61332    
  -110.2087       27.29340       180.9728    
  -109.9118       27.12450       4.492854    
  -107.6358       24.69670       2.773073    
