  -98.72780       23.77560       52.25742    
  -79.17130       21.97820       73.56807    
  -78.06070       21.01990       45.36388    
  -77.99760       20.83820       51.81268    
  -76.31530       20.63290       74.23055    
  -90.47040       19.39750       197.7319    
  -90.62960       19.36010       313.8511    
  -96.60460       18.67320       758.9673    
  -96.33350       18.58800       604.8387    
  -96.36700       18.52900       378.9031    
  -96.24410       18.42700       282.5702    
  -93.18470       17.89460       1459.432    
  -92.48230       17.88280       405.7564    
  -93.11510       17.83420       1230.903    
  -98.47850       21.71100       232.5209    
  -74.91250       20.27070       344.6983    
  -90.64300       19.30050       421.0034    
  -96.40370       18.48990       900.4697    
  -84.24830       15.71840       325.1860    
  -99.38520       21.94120       1238.789    
  -99.13470       21.83130       677.4329    
  -76.89400       20.21260       46.69812    
  -81.89400       22.73390       73.63934    
  -77.99720       20.81800       48.92184    
  -96.69200       18.81460       236.5274    
  -98.92830       17.51210       1101.146    
  -90.51130       19.39810       219.3045    
  -88.40950       18.45410       176.0113    
  -98.65680       18.47870       1110.151    
  -92.48470       17.90260       268.4049    
  -88.16310       15.35010       1619.648    
  -99.10740       22.63710       314.7654    
  -78.32400       21.34440       83.19328    
  -96.44850       19.42960       609.7466    
  -90.64070       19.28050       1162.892    
  -96.65960       18.61460       645.7654    
  -98.38730       18.69210       316.9832    
  -96.52330       18.43270       263.8017    
  -88.47120       15.27640       537.5734    
  -118.2741       36.21260       1540.008    
  -81.99180       22.69360       157.2867    
  -78.44020       21.28410       143.6523    
  -90.63840       19.26050       318.3183    
  -96.57340       18.61280       704.9391    
  -96.23780       18.10940       1013.672    
  -99.31270       22.43530       1865.259    
  -96.55500       18.63240       656.0565    
  -98.90650       22.75620       141.8733    
  -99.13030       22.63770       479.6568    
  -99.28980       22.43470       1138.696    
  -77.32030       20.13350       94.73047    
  -99.01760       22.94660       547.6872    
  -77.32070       20.15350       85.43533    
  -70.34600       18.92870       2013.089    
  -96.44990       18.51080       877.3148    
  -77.97780       21.64750       4415.410    
  -69.17830       18.59910       69.71363    
  -98.78140       18.56130       64.26551    
  -99.01990       22.44790       909.4744    
  -88.18270       15.35030       58.70621    
  -98.10740       21.86590       60.48518    
  -99.19860       22.53580       272.6647    
  -99.03970       19.83140       274.4177    
  -88.79740       18.32100       439.6451    
  -88.88910       18.02640       188.7440    
  -93.51690       17.90030       360.8005    
  -96.58300       18.67280       528.1679    
  -76.85400       20.13250       369.9983    
  -96.03300       18.30360       66.93398    
  -96.42210       18.47040       640.6199    
  -96.60620       18.41460       615.0903    
  -95.97210       18.18340       292.9972    
  -87.95320       15.42490       82.50001    
  -99.07690       22.90660       1131.808    
  -96.18760       18.88390       303.4241    
  -101.8911       19.17830       927.4838    
  -96.20720       18.18800       46.03101    
  -88.54990       18.45590       46.25337    
  -99.26640       22.22700       267.5286    
  -75.45640       20.23080       48.14354    
  -90.67060       19.36080       71.82615    
  -80.87520       22.37690       47.14287    
  -81.55800       22.81350       61.81941    
  -99.21610       22.10160       1101.146    
  -99.19390       22.51500       666.3476    
  -98.67060       21.98370       66.48923    
  -87.96490       15.05940       203.7237    
  -81.55910       22.83410       100.2898    
  -93.51940       17.92010       147.6025    
  -87.85090       15.36600       679.3057    
  -96.51830       19.33080       892.7515    
  -98.64710       19.03790       1284.224    
  -72.02450       18.98150       344.3870    
  -99.67400       18.72180       396.1260    
  -98.83330       22.73330       70.04718    
  -87.67200       15.32570       355.5588    
  -92.48210       16.29620       461.9137    
  -87.69150       15.32590       80.94341    
  -99.30850       22.51820       110.5189    
  -92.26360       16.15680       1259.371    
  -92.26150       16.13740       95.10110    
  -93.16400       17.89420       653.8633    
  -92.34920       16.19700       103.6254    
  -87.81180       15.36560       477.6459    
  -88.62500       17.98360       143.0560    
  -88.60500       17.98330       143.8050    
  -92.41240       16.21730       1537.230    
  -92.16520       18.64900       411.1305    
  -81.02320       46.49280       179.3715    
  -71.36760       18.25410       399.1878    
  -102.2042       17.92530       122.5433    
  -109.6423       30.50830       2754.779    
  -77.20400       21.28010       208.2177    
  -98.99080       18.86570       1070.273    
  -71.04280       18.88610       650.9109    
  -78.03640       21.62740       497.6349    
  -92.36960       16.19730       406.6201    
  -80.43070       26.98660       954.0783    
  -80.55500       26.61970       106.2938    
  -99.20220       18.57090       905.6153    
  -80.73520       26.51320       245.3402    
  -94.96100       16.53120       500.8044    
  -80.45520       27.05190       622.6105    
  -77.91060       21.30240       54.25877    
  -80.55750       26.66290       117.4124    
  -80.57450       26.59820       95.28639    
  -80.67550       26.55590       231.0445    
  -80.67430       26.53430       3563.527    
  -77.89890       20.79760       299.7402    
  -98.54930       18.61590       341.0128    
  -81.60020       26.43450       424.4838    
  -88.62320       17.96380       54.03639    
  -80.50270       26.79220       328.3827    
  -80.49530       26.66240       124.3060    
  -76.31470       20.57260       97.62132    
  -81.66360       31.78440       596.8828    
  -80.55010       26.53330       125.7884    
  -84.22910       15.71820       695.3962    
  -81.23310       27.16720       572.7521    
  -77.92550       21.10020       72.27090    
  -92.55120       15.03820       69.15770    
  -78.36880       21.54740       1156.460    
  -87.99250       15.42530       95.61996    
  -78.46440       21.44630       59.59570    
  -115.8202       52.44880       11535.35    
  -115.5499       52.27250       3730.678    
  -82.78090       30.09430       2658.158    
  -80.93390       28.04000       1511.760    
  -72.80760       18.19100       68.26820    
  -92.65850       15.09750       68.82413    
  -80.92930       28.61490       3544.308    
  -80.52470       26.81400       59.15095    
  -81.01610       22.78880       99.17792    
  -76.97600       20.49340       374.9441    
  -99.06910       18.56790       341.0128    
  -82.80260       30.09460       12928.37    
  -82.80050       30.07190       3999.922    
  -82.77880       30.07160       3322.677    
  -81.94870       28.35890       1147.074    
  -80.93530       28.06210       2959.973    
  -81.23450       27.18900       895.3241    
  -77.92590       21.12040       442.9148    
  -96.60690       18.55380       645.7654    
  -92.65650       15.07820       70.49193    
  -80.90960       28.63700       1544.622    
  -80.46970       26.57580       108.4434    
  -78.71160       21.81310       96.58357    
  -98.71500       21.55290       98.16134    
  -96.33040       18.56800       856.7326    
  -81.21220       27.16700       617.2752    
  -76.95650       20.49340       146.6914    
  -78.02140       33.98800       2224.265    
  -83.25580       29.85100       1297.115    
  -81.58360       26.80150       1512.545    
  -82.84810       30.11790       1845.143    
  -80.95490       28.04020       887.6058    
  -77.97830       21.66780       198.8006    
  -96.35820       18.60840       574.0956    
  -94.34220       16.40360       1726.329    
  -117.7883       36.71770       2206.498    
  -80.93080       28.63710       3276.196    
  -71.57490       19.22070       1592.545    
  -75.68980       20.29100       694.6480    
  -105.1549       36.84680       528.3052    
  -99.36150       18.71440       487.7778    
  -115.7650       52.40580       4358.453    
  -82.75550       31.89110       586.6200    
  -81.72640       26.75960       3256.089    
  -76.93770       20.53350       630.3570    
  -80.95640       28.06220       985.3712    
  -80.96170       27.82040       451.8343    
  -76.40670       18.17000       368.0910    
  -92.55320       15.05750       937.3825    
  -83.88820       30.90940       575.0461    
  -81.40960       22.66830       884.5133    
  -90.84030       19.06450       238.1770    
  -76.42590       18.17000       194.7359    
  -85.47140       30.36130       825.8593    
  -77.18500       20.17320       949.3525    
  -96.03010       18.14490       219.0425    
  -92.66920       17.21730       180.5052    
  -83.05250       30.43940       619.5624    
  -104.1222       27.20850       1484.444    
  -96.40120       18.60930       1880.308    
  -81.32880       27.03760       503.2739    
  -92.56250       18.20010       608.4853    
  -81.37450       27.71450       371.1528    
  -81.39700       26.49730       110.3799    
  -89.89020       17.19580       1079.300    
  -77.32120       34.59370       1713.859    
  -84.70090       29.96210       1915.549    
  -81.39850       26.51890       575.9150    
  -101.9379       20.33260       311.5426    
  -90.49320       19.41780       1279.953    
  -89.91030       17.19600       1513.874    
  -76.96330       34.76410       1363.427    
  -77.03070       34.73980       1236.958    
  -81.70350       31.99530       3572.095    
  -84.69830       29.93940       5256.473    
  -81.92750       28.35860       4397.151    
  -81.92580       28.33650       2513.645    
  -80.05720       21.86070       460.6253    
  -78.13390       18.29180       792.1872    
  -82.36270       27.17830       246.4159    
  -97.76970       26.96100       1678.635    
  -80.03740       21.86060       307.0836    
  -76.99550       20.49350       1935.229    
  -90.74500       17.48210       463.9552    
  -92.50090       14.94110       161.2197    
  -83.26970       30.21430       812.9194    
  -84.72270       29.96250       2386.703    
  -84.72010       29.93980       1989.573    
  -81.52490       28.93220       1252.939    
  -81.94700       28.33670       1397.140    
  -82.09570       27.52450       487.7778    
  -81.12170       27.05750       637.3843    
  -97.77530       26.98300       1170.052    
  -105.5119       40.16220       1589.053    
  -83.52930       30.83530       361.2937    
  -81.58210       26.77980       3650.837    
  -81.56130       26.77960       1015.572    
  -103.4517       19.60400       2640.865    
  -89.91220       17.21560       963.9167    
  -90.10070       16.47670       799.9362    
  -81.34770       27.32070       208.0290    
  -76.97630       20.51350       3642.699    
  -91.72050       17.67370       298.8905    
  -89.89210       17.21540       717.6053    
  -92.90170       16.40000       1957.878    
  -92.71110       15.21410       104.7372    
  -106.1298       37.26250       620.9396    
  -84.53270       30.96520       101.8742    
  -84.70110       30.89880       371.1993    
  -81.34160       27.84580       708.4340    
  -81.55750       27.62860       879.4384    
  -81.32680       27.32050       3253.309    
  -101.3516       20.70340       75.82885    
  -103.7477       20.34370       1162.420    
  -72.44540       19.15860       84.50136    
  -97.48110       19.13160       403.0151    
  -90.68370       16.89390       540.2337    
  -81.68140       31.99500       3607.090    
  -84.67640       29.93910       1927.833    
  -81.57850       27.62880       951.9802    
  -81.58060       26.75820       338.9839    
  -78.59680       21.93480       98.39961    
  -78.20980       18.25270       1937.296    
  -92.92430       18.28530       915.0673    
  -100.5903       42.47580       728.0480    
  -81.83710       29.92460       540.5560    
  -81.02540       28.15100       510.5623    
  -81.12310       27.07920       189.9057    
  -78.42390       21.40560       311.7657    
  -102.7303       20.82430       1250.500    
  -119.2585       35.11570       1229.519    
  -97.76300       27.02640       997.5981    
  -87.94350       20.66380       838.4676    
  -76.99580       20.51360       799.1411    
  -83.25800       29.87370       793.1744    
  -82.93030       29.37330       524.1493    
  -81.90460       28.33630       1679.802    
  -81.02680       28.17310       542.2012    
  -79.88610       22.51400       113.1873    
  -96.00880       18.14440       717.9427    
  -81.70150       31.97180       5425.996    
  -82.85360       29.71020       1093.370    
  -81.24540       27.97680       606.8482    
  -92.94510       18.28570       740.6050    
  -93.57920       18.05940       64.71025    
  -79.82550       33.32620       1343.530    
  -97.73950       27.02560       1484.797    
  -97.92980       19.20180       559.1691    
  -95.97510       18.20320       121.1927    
  -83.90770       30.88670       980.0051    
  -81.10080       27.05730       1150.692    
  -81.26960       22.66720       109.8125    
  -90.87230       18.09400       897.1787    
  -115.3235       51.76760       4851.668    
  -120.3905       42.51200       2627.316    
  -77.29850       34.59360       856.7326    
  -83.45910       29.71800       245.6669    
  -97.52830       19.15260       620.0233    
  -101.4389       19.20670       2204.293    
  -92.13910       16.50530       1690.310    
  -83.96630       15.10080       73.71632    
  -82.69840       29.66320       657.5928    
  -101.4346       19.18650       1804.395    
  -81.50370       33.29510       2898.489    
  -89.86440       19.98830       494.6868    
  -95.15440       16.57360       548.5690    
  -81.60290       26.78000       1612.736    
  -81.06000       22.48070       126.0819    
  -96.34870       18.54850       893.2927    
  -96.34550       18.52850       680.8774    
  -93.54010       18.07850       60.26281    
  -93.47510       18.05760       63.59839    
  -95.45730       17.85660       372.0140    
  -96.03550       17.61100       348.2600    
  -98.07070       26.12240       345.7885    
  -88.08130       21.00950       813.0347    
  -93.52450       18.11770       58.70621    
  -91.93890       17.26460       308.5815    
  -85.26740       30.83900       412.8504    
  -83.31080       30.62580       4157.598    
  -83.28900       30.62550       2565.052    
  -97.78090       27.00510       4271.312    
  -97.75740       27.00430       3640.240    
  -97.75180       26.98230       2697.975    
  -80.81650       22.39700       2087.958    
  -81.32950       22.29830       200.7278    
  -82.79820       21.84060       321.4935    
  -103.2132       18.55040       1021.390    
  -92.16360       18.13410       57.59435    
  -88.75210       17.84750       182.7522    
  -98.43360       17.81810       838.1517    
  -82.16530       29.72470       291.0664    
  -97.82230       26.98450       7572.134    
  -97.79880       26.98380       2036.870    
  -97.81670       26.96250       3862.401    
  -93.70940       17.94310       106.3828    
  -92.98810       16.44030       1220.454    
  -92.96760       16.44000       4376.977    
  -82.75920       30.09410       3922.795    
  -82.75710       30.07130       2300.184    
  -82.77670       30.04890       927.9982    
  -82.15150       27.15430       1504.556    
  -81.27070       22.68780       1236.988    
  -97.82800       27.00650       1606.271    
  -97.84590       26.98520       3304.441    
  -97.84030       26.96320       2337.570    
  -97.79320       26.96170       1579.126    
  -90.28650       20.43760       908.1824    
  -95.43620       17.85620       117.6348    
  -81.13400       22.74840       102.7359    
  -93.11760       17.85400       158.5512    
  -96.51520       16.97070       678.8361    
  -83.07430       30.43970       167.0235    
  -81.60150       26.75840       240.4583    
  -93.69650       18.16030       48.25473    
  -82.67680       29.66290       726.7581    
  -82.15320       27.17610       553.6708    
  -80.55170       26.92250       1533.804    
  -80.55040       26.90080       328.8882    
  -81.15290       22.72800       122.5270    
  -81.13290       22.72790       664.5731    
  -80.81750       22.41750       221.9273    
  -80.83640       22.39710       192.7224    
  -80.79650       22.39680       2163.700    
  -98.37760       21.87290       155.8580    
  -96.74830       16.52420       457.3821    
  -81.90500       27.50070       880.2427    
  -82.79950       21.86100       431.3286    
  -99.86990       19.73090       730.9429    
  -88.44760       18.85060       447.6885    
  -94.01530       18.20560       349.5145    
  -93.69900       18.02200       54.70351    
  -92.82650       16.45730       561.0642    
  -98.95230       22.75740       219.5182    
  -81.21210       22.33830       375.3840    
  -76.17810       20.55230       93.61861    
  -94.04100       18.08740       58.03909    
  -90.46770       17.34090       757.1666    
  -90.75850       17.22750       55.37063    
  -96.72700       16.52380       543.6685    
  -83.58980       14.82980       248.5834    
  -81.19110       28.10840       333.6623    
  -80.81710       22.80790       100.3824    
  -81.15510       22.76920       106.2938    
  -101.7772       19.82100       618.3009    
  -103.6651       19.30690       1066.676    
  -95.93830       18.38110       277.3568    
  -95.61580       18.21600       1291.531    
  -81.58160       22.87550       97.05614    
  -89.36230       20.24170       281.6181    
  -93.46990       18.01800       69.38007    
  -85.71930       15.48020       235.9301    
  -81.59950       27.62900       620.6350    
  -81.15400       22.74860       634.3757    
  -101.6600       21.03910       734.6909    
  -90.46980       17.36050       826.7712    
  -82.81380       29.98130       630.3288    
  -81.60110       27.65090       845.6253    
  -80.57120       26.90100       55.37063    
  -80.94970       22.66480       45.36388    
  -83.15160       22.62190       54.48114    
  -98.24470       22.09610       521.0682    
  -76.17790       20.53220       70.96844    
  -102.6920       20.06920       937.3461    
  -93.41530       18.07630       59.59570    
  -93.42060       17.95780       64.04313    
  -81.71620       26.91110       1364.482    
  -98.03650       26.07810       1074.703    
  -93.43610       18.07660       105.8491    
  -81.71770       26.93280       898.8040    
  -101.7906       21.00180       1960.451    
  -93.61820       18.04030       173.7644    
  -93.45450       17.89920       81.61053    
  -82.29800       22.77860       758.9673    
  -82.91020       22.61960       650.9109    
  -101.7955       21.02250       3237.189    
  -93.46210       18.11660       49.58895    
  -91.90750       18.05100       46.69812    
  -118.7697       42.60780       2089.419    
  -81.83870       22.81580       56.03775    
  -77.97680       21.60690       572.1578    
  -76.35280       20.49230       58.48384    
  -74.89320       20.13060       229.1892    
  -98.83950       18.76230       538.4371    
  -93.39960       18.11550       79.38680    
  -90.13780       20.73800       428.0914    
  -101.9484       20.78140       1524.670    
  -102.2978       20.18000       1075.044    
  -72.63840       19.15810       79.16443    
  -95.99040       18.16390       70.93667    
  -101.9532       20.80190       1128.188    
  -89.14540       19.93720       910.6641    
  -90.69000       17.34400       366.9443    
  -98.55410       27.18320       1613.382    
  -98.01510       22.06950       500.0373    
  -76.76930       21.03660       48.25473    
  -102.3622       21.24390       959.6435    
  -103.7288       20.36350       708.4340    
  -102.2744       20.17930       744.4177    
  -71.66280       19.57800       63.09806    
  -98.66920       19.03840       1137.841    
  -92.80600       16.45700       815.6164    
  -107.5486       39.71160       1307.838    
  -98.43640       21.17700       256.5029    
  -101.7680       21.10360       596.3337    
  -76.85540       20.23250       69.15769    
  -72.14140       18.92190       86.05797    
  -91.85380       15.72410       779.5494    
  -89.54610       15.40430       344.6983    
  -99.40820       24.21750       610.8077    
  -97.86940       23.39490       73.29381    
  -81.23960       22.85220       99.84504    
  -98.94760       22.73650       1136.277    
  -98.27680       22.03510       64.71025    
  -98.78020       19.28160       3462.950    
  -98.77640       19.26150       4050.608    
  -95.02620       18.08580       77.71901    
  -101.0206       19.82110       634.8847    
  -92.94760       18.30550       425.5406    
  -77.28690       18.11270       80.49866    
  -92.98800       16.61580       458.1058    
  -94.77560       16.54750       466.0666    
  -101.9627       21.33490       1027.662    
  -89.77660       19.20730       1514.333    
  -85.00060       31.18040       676.7089    
  -98.92940       22.75680       193.0189    
  -98.92470       22.73590       933.4794    
  -98.84380       21.84410       85.83559    
  -77.56630       20.77640       142.7022    
  -87.93070       15.38610       411.4363    
  -103.4282       19.30030       1168.038    
  -94.92430       40.15040       85.16847    
  -96.05150       18.14530       175.6739    
  -96.02710       18.12500       807.0457    
  -89.18200       16.89340       230.6872    
  -81.07840       27.99730       1238.973    
  -96.84470       19.59890       728.0941    
  -99.27610       18.73240       1189.263    
  -95.49930       18.57110       247.1186    
  -99.49770       22.64810       1281.240    
  -83.03790       21.84280       2579.412    
  -83.03650       21.82240       4862.022    
  -103.6875       20.48470       744.4177    
  -99.01630       19.70980       778.3054    
  -88.93790       19.51400       170.0194    
  -93.54790       18.13790       100.6604    
  -123.1404       39.21560       4905.631    
  -99.34420       21.85760       672.8400    
  -96.15660       18.82340       403.0151    
  -89.20570       18.18830       86.72508    
  -91.73430       17.96930       59.81807    
  -91.73200       17.94960       72.04854    
  -83.36740       31.17880       919.6566    
  -96.26930       19.12530       96.28707    
  -96.24780       19.12480       105.4043    
  -88.73140       18.26090       304.0876    
  -95.98740       18.14400       255.4602    
  -82.01690       22.77610       327.2574    
  -113.5789       39.67790       688.9679    
  -81.99680       22.77590       4023.813    
  -103.8057       20.67210       752.5311    
  -76.90290       18.03340       453.5431    
  -88.63060       18.04270       45.14151    
  -91.42360       18.45840       55.81537    
  -92.96840       18.30590       771.8312    
  -117.2499       35.02780       973.8926    
  -118.6022       34.44590       1281.586    
  -84.37120       31.47160       266.0455    
  -82.14990       27.13260       81.83289    
  -77.28180       20.15340       103.0694    
  -95.46900       18.51090       54.48114    
  -82.17080       27.13280       322.6417    
  -102.0818       21.05120       608.7812    
  -95.81930       18.43830       369.1139    
  -95.69800       18.19780       49.14421    
  -93.48560       17.97870       72.04853    
  -90.69010       17.91390       236.5274    
  -110.6543       39.58530       600.6758    
  -96.69850       18.85470       908.1880    
  -92.42780       15.01720       339.3971    
  -103.7473       20.62940       152.5472    
  -68.92580       18.62030       513.8312    
  -68.90640       18.62040       568.8328    
  -76.96550       21.07740       74.88377    
  -100.6991       18.34690       424.2567    
  -98.56770       16.63800       275.5659    
  -99.32210       22.47710       190.4616    
  -102.2614       21.11790       467.5139    
  -101.2913       20.64050       312.8084    
  -80.32700       22.57840       112.5758    
  -103.6070       20.54350       728.0941    
  -102.5044       20.26710       1104.560    
  -80.30710       22.57820       102.7359    
  -103.9000       20.57270       1145.932    
  -101.9380       20.23100       533.0781    
  -96.32310       18.92660       529.9908    
  -95.83450       18.39890       313.8511    
  -93.42300       18.13570       74.93936    
  -92.36200       16.31390       465.3684    
  -78.04900       21.34340       121.6152    
  -77.69250       21.20060       45.36388    
  -103.6309       20.54430       61.59705    
  -96.38020       19.40800       638.0471    
  -92.55710       15.09610       271.1006    
  -88.54340       19.60830       502.7137    
  -98.46120       18.61390       67.15635    
  -90.90930       17.87780       269.2186    
  -105.6825       37.08210       594.8861    
  -98.38370       18.67200       794.9861    
  -96.78810       18.47800       469.1037    
  -97.25310       18.28890       456.5710    
  -90.44110       19.49690       191.7400    
  -96.36030       19.28740       697.2209    
  -96.72220       18.73550       1456.188    
  -96.70060       18.73510       580.9848    
  -95.53920       18.41290       67.37872    
  -95.77350       18.55670       268.6767    
  -96.17670       18.40580       627.7560    
  -95.74350       18.21850       56.03775    
  -98.12790       22.81790       285.8996    
  -96.43100       18.39110       267.5286    
  -96.08490       18.36420       213.7524    
  -95.91410       18.22190       115.5223    
  -100.5787       17.58850       508.0334    
  -92.53290       15.05720       111.7419    
  -90.57750       19.43910       250.3246    
  -99.24090       19.37300       186.3874    
  -78.58900       21.67010       51.36793    
  -77.89940       20.81770       165.0000    
  -96.76480       18.99590       525.8716    
  -96.73330       18.93530       764.1129    
  -92.56870       17.05890       385.7922    
  -81.99810       22.79650       172.4495    
  -99.04860       22.78090       469.1037    
  -99.42640       22.12810       740.9579    
  -88.82980       18.24240       309.6803    
  -93.46730       18.15630       50.70081    
  -93.68330       18.06120       47.36523    
  -99.00690       19.42770       347.9855    
  -95.84680       18.33960       63.59839    
  -88.80220       18.16320       331.8273    
  -96.31420       18.19020       471.2980    
  -92.52900       15.01860       87.61458    
