  -120.2568       47.33210       1557.283    
  -120.5598       44.17810       396.1348    
  -121.4747       41.71390       2485.974    
  -121.5800       41.69440       3676.292    
  -120.2889       36.71850       1497.226    
  -117.4446       34.04670       74.16950    
  -108.8223       25.67320       863.2081    
  -108.7949       25.67200       55.81224    
  -108.8137       25.65110       34.01352    
  -108.7863       25.64990       43.28424    
  -112.4219       42.11060       273.9626    
  -111.5134       40.27360       152.6917    
  -97.52500       39.01350       75.22465    
  -119.0452       37.27580       268.8924    
  -99.17130       50.43120       15.44076    
  -112.8044       43.12600       387.7432    
  -112.4412       42.86450       40.44811    
  -97.58640       38.19230       258.5974    
  -106.8599       24.02620       250.0055    
  -107.9626       43.33660       365.9469    
  -121.5330       41.69040       6198.972    
  -97.47740       38.39880       230.7704    
  -120.4836       50.25300       247.6909    
  -112.6140       45.65210       203.2492    
  -112.9981       44.06100       874.5472    
  -97.60140       39.07060       13.59288    
  -115.5689       38.92760       206.3071    
  -119.1356       37.33470       583.0314    
  -108.2805       44.92320       285.1591    
  -97.62380       38.22030       353.9024    
  -113.1133       37.19870       274.2419    
  -117.4080       34.04430       512.7998    
  -110.9027       31.43890       208.3015    
  -107.8241       47.26020       306.1203    
  -111.0522       43.49660       409.5675    
  -106.5453       45.38800       113.3466    
  -109.2888       42.81190       113.9582    
  -112.6445       38.34890       336.2520    
  -122.9343       52.68380       1530.888    
  -105.8259       50.31060       94.59142    
  -108.4501       46.08710       116.4045    
  -119.0413       46.92930       411.1872    
  -97.57280       38.29730       24.94638    
  -111.8392       30.02080       175.9864    
  -125.0374       53.02540       1899.154    
  -114.1333       51.58310       32.69808    
  -108.0803       46.60070       143.9257    
  -108.6034       42.41640       116.6084    
  -114.7885       41.85860       137.4022    
  -119.0899       37.40970       1047.667    
  -120.3558       36.74940       271.1349    
  -112.4055       35.49100       127.8207    
  -110.7779       42.97610       234.7213    
  -110.9600       41.29470       124.3551    
  -107.5677       46.98160       283.8491    
  -112.3084       43.76880       145.5566    
  -108.4160       43.45640       246.7303    
  -114.4829       42.09280       169.4083    
  -123.1509       40.58920       692.4789    
  -114.0029       38.76230       172.6701    
  -108.8112       51.85720       102.9477    
  -123.5457       52.97610       853.5525    
  -122.3921       52.55100       1052.485    
  -109.3267       49.91120       148.0029    
  -101.7054       45.91930       74.16350    
  -116.1182       43.53340       564.1848    
  -97.45050       38.18640       10.64880    
  -120.2951       38.93400       806.7448    
  -112.6401       35.55610       285.5958    
  -108.0678       47.60580       399.1355    
  -106.4024       45.47140       108.6578    
  -123.9739       45.93210       673.8935    
  -118.7513       41.97230       529.7059    
  -125.3515       49.43190       1185.337    
  -107.8565       47.65590       203.9346    
  -107.5493       46.37040       255.4641    
  -111.3269       45.24100       451.9318    
  -111.0609       43.20200       49.42296    
  -118.4779       39.55090       609.6205    
  -97.63410       38.24710       14.15664    
  -113.4179       36.03630       279.0454    
  -113.9384       52.08360       34.13880    
  -118.3959       39.62630       296.9566    
  -110.2339       27.53910       165.9425    
  -110.1063       50.64910       113.3466    
  -113.7937       49.21210       22.39380    
  -113.2634       44.68640       149.4300    
  -116.0751       42.13010       138.0138    
  -119.2923       37.42470       225.5365    
  -111.1898       30.47250       107.6385    
  -123.7396       53.14920       943.7263    
  -111.5171       42.41890       119.3605    
  -114.9903       41.58940       351.0995    
  -112.6434       38.16340       303.7185    
  -119.7409       36.70400       61.33093    
  -120.2999       49.88570       736.5332    
  -111.9736       44.76870       321.8411    
  -112.7218       41.96070       176.9512    
  -110.9822       41.32450       149.8377    
  -120.5776       41.24220       30.69360    
  -117.7311       40.09550       214.2577    
  -97.47770       38.18760       30.36474    
  -97.46760       38.16080       43.36254    
  -122.0732       52.51730       1116.502    
  -113.4552       51.63140       27.84348    
  -108.4994       50.05600       106.6192    
  -112.7796       48.78390       144.1296    
  -107.3766       43.68200       123.3358    
  -110.7427       42.79830       428.1530    
  -112.6635       38.19120       152.0802    
  -108.4583       50.05270       99.42313    
  -120.1079       50.46220       634.6575    
  -115.8384       49.42870       543.1072    
  -112.6359       48.60270       325.3347    
  -107.1954       46.40870       216.1620    
  -108.3160       44.83380       145.9643    
  -122.9832       52.83980       1497.847    
  -118.2313       39.45030       200.9391    
  -116.3562       38.36970       225.2662    
  -119.2677       37.60630       868.0078    
  -114.3107       45.19930       182.1687    
  -115.7127       40.99580       164.7196    
  -119.2828       37.58120       514.0724    
  -119.4299       37.19990       544.9794    
  -112.6712       51.15870       154.9356    
  -120.1902       48.88150       668.7309    
  -108.2506       47.65240       147.5952    
  -114.2982       44.58630       196.4199    
  -118.1743       38.77120       374.0985    
  -111.7684       46.11860       166.7582    
  -110.5949       42.96290       85.62154    
  -121.2180       42.23600       797.4713    
  -121.2617       52.43210       912.7505    
  -114.4062       48.48540       501.0108    
  -121.1709       42.23190       44.69364    
  -123.6564       53.10210       1116.502    
  -123.1418       52.93250       1123.385    
  -113.0977       39.58950       304.8102    
  -123.4917       53.00820       1709.170    
  -111.0478       42.87870       499.0529    
  -120.9766       42.35950       638.8787    
  -121.6082       53.26390       1139.906    
  -121.6956       52.47750       660.1077    
  -119.7354       51.28310       744.1050    
  -123.1726       51.13000       1250.041    
  -123.2216       51.06340       1022.730    
  -112.2348       42.35580       13.15440    
  -110.0861       27.33210       67.47331    
  -111.9876       42.74340       208.7382    
  -116.1819       39.18790       270.2176    
  -96.32020       36.25310       76.44781    
  -121.7255       50.16700       550.1158    
  -108.8209       25.73830       11.90160    
  -114.8726       32.52180       16.85016    
  -114.8888       32.54680       18.85464    
  -120.2477       36.71550       35.16192    
  -121.6722       52.85150       1559.798    
  -93.11510       17.83420       82.70960    
  -93.18470       17.89460       80.80344    
  -70.34600       18.92870       440.8902    
  -97.82500       38.25550       91.94123    
  -79.89480       33.01630       22.90228    
  -93.11760       17.85400       66.56499    
  -103.2443       31.81340       722.1564    
  -98.64710       19.03790       232.0749    
  -92.48470       17.90260       6.493680    
  -93.36310       35.29160       415.6269    
  -94.52780       17.97760       118.4303    
  -92.48230       17.88280       17.48395    
  -93.38790       35.29240       434.8436    
  -93.36990       35.31670       216.8664    
  -97.46310       36.78390       10.88370    
  -84.48020       30.32260       658.3117    
  -72.09230       45.66400       70.15846    
  -84.45830       30.32230       332.3073    
  -84.47760       30.29980       664.9449    
  -88.56710       33.44340       127.5766    
  -65.82270       18.13150       131.4494    
  -90.90980       36.26830       11.47356    
  -98.24620       37.54050       34.23277    
  -71.28900       19.77850       139.0331    
  -70.98790       45.11130       81.38381    
  -66.16510       17.95170       22.92624    
  -97.35860       38.79220       21.18574    
  -65.90300       18.40640       7.767361    
  -66.22120       17.99050       433.8453    
  -66.22240       17.97080       1002.253    
  -98.28350       37.56810       231.1782    
  -98.25640       37.56690       63.36036    
  -98.27340       37.54170       239.9441    
  -109.5729       27.10900       81.51669    
  -85.09420       31.04340       8.487720    
  -72.01290       45.16480       124.3849    
  -70.66460       44.77520       63.55531    
  -93.38110       35.26730       599.8689    
  -93.35620       35.26650       312.9009    
  -88.27650       32.60150       186.7324    
  -71.79270       44.79590       86.99649    
  -81.27460       33.77330       10.08504    
  -97.56320       39.04200       16.39602    
  -72.73240       45.40930       25.09891    
  -109.2188       40.28440       283.1626    
  -93.34940       35.24140       298.0866    
  -107.4081       24.49500       519.5239    
  -107.3817       24.49400       477.8694    
  -93.60550       17.78350       9.646561    
  -93.37420       35.24220       528.2704    
  -110.1346       27.37870       7.266240    
  -110.1061       27.37740       8.507296    
  -110.1246       27.35610       8.164080    
  -109.5738       27.17550       247.0579    
  -109.5456       27.17420       217.6176    
  -108.6788       25.58030       22.92624    
  -71.07880       44.98670       66.85689    
  -97.88600       37.29120       11.16558    
  -97.37960       36.55030       16.95195    
  -110.0961       27.35470       8.062664    
  -109.5441       27.04140       82.15590    
  -109.6930       26.93760       7.783021    
  -93.60800       17.80320       9.161101    
  -86.77670       15.62500       87.62165    
  -89.63450       40.56770       27.37164    
  -108.8414       39.27750       910.7188    
  -108.8085       39.27540       723.5967    
  -116.0770       35.12470       117.9163    
  -88.27240       32.57770       448.7838    
  -109.5064       27.01750       226.8172    
  -109.4687       26.99380       14.99445    
  -109.4872       26.97250       15.97320    
  -109.1999       26.14690       334.0685    
  -108.6873       25.60240       32.41620    
  -71.87340       44.79530       226.2013    
  -97.79010       36.31280       12.55932    
  -109.9822       27.34950       8.503382    
  -109.4592       26.97120       156.3353    
  -70.86160       45.33000       99.20079    
  -112.4798       41.48770       298.4636    
  -110.0021       27.39480       6.123060    
  -110.0206       27.37350       6.425820    
  -110.0106       27.35080       8.832241    
  -108.6455       25.83960       186.9037    
  -94.54970       33.80910       233.7335    
  -109.7122       26.98270       11.07945    
  -109.7026       26.96010       10.79496    
  -71.74090       44.76560       130.8345    
  -82.97160       38.72930       22.00272    
  -94.52500       33.80830       127.3135    
  -109.6648       26.93640       123.8746    
  -71.80570       44.15600       116.0926    
  -97.38600       38.79340       227.0422    
  -109.6744       26.95890       137.9943    
  -97.37560       38.76630       196.1141    
  -97.76180       36.66840       37.19250    
  -97.73520       36.66730       67.96440    
  -97.75240       36.64250       27.79650    
  -97.72580       36.64140       49.40730    
  -117.4550       34.24490       183.0078    
  -110.0776       27.37610       6.723360    
  -109.7324       27.09420       19.48887    
  -109.7042       27.09290       25.97054    
  -109.5722       27.04260       16.53696    
  -108.4192       25.46110       15.31548    
  -108.3921       25.46000       15.48774    
  -93.51940       17.92010       8.910541    
  -97.71660       39.15630       224.0430    
  -97.68890       39.15510       263.3171    
  -109.1514       26.49520       203.0612    
  -107.2501       24.33930       20.13876    
  -80.15770       43.57520       78.12868    
  -109.7616       27.16190       13.50414    
  -109.7518       27.13930       14.22555    
  -109.7421       27.11670       15.32801    
  -109.7139       27.11540       14.97096    
  -109.7227       27.07160       19.00229    
  -109.6937       27.00390       13.23792    
  -109.6841       26.98140       11.94858    
  -109.6367       26.93510       7.642080    
  -109.7899       27.16320       12.79422    
  -109.7704       27.11800       11.40048    
  -109.7509       27.07290       15.51123    
  -109.7412       27.05030       12.48885    
  -109.7713       27.18450       13.43628    
  -80.80370       27.64360       669.7815    
  -80.78270       27.64340       1042.279    
  -80.76180       27.64320       90.75850    
  -80.80230       27.62170       1572.413    
  -80.76040       27.62130       1084.636    
  -80.80090       27.59980       32.04036    
  -80.78000       27.59960       428.2391    
  -80.75900       27.59940       80.36246    
  -109.9228       27.97100       261.0740    
  -109.7130       27.04900       16.19244    
  -109.7219       27.00520       7.266241    
  -80.78130       27.62150       202.0772    
  -109.7811       27.20710       11.84940    
  -109.7528       27.20580       164.7668    
  -109.7996       27.18580       10.14768    
  -109.6020       27.17680       103.7867    
  -109.5923       27.15420       77.05938    
  -109.4583       26.83880       15.56604    
  -108.9613       26.09290       127.7375    
  -109.0602       25.66160       527.5225    
  -83.04130       30.09760       8.863560    
  -109.7626       27.22840       9.208080    
  -109.6496       27.22320       244.7200    
  -109.7801       27.14060       12.46536    
  -97.51440       38.98630       19.48104    
  -109.7909       27.22970       9.615241    
  -101.2302       38.09920       175.7280    
  -97.53190       38.40120       34.13880    
  -121.4278       41.70990       641.1423    
  -97.84060       38.57390       61.01966    
  -97.52170       38.37430       132.7134    
  -80.52340       27.86060       655.3011    
  -80.54860       27.22660       40.93002    
  -121.4634       41.74140       449.5538    
  -97.93360       38.60470       253.7048    
  -111.7985       39.20170       274.6786    
  -80.52480       27.88250       300.8554    
  -80.56930       27.57600       253.8080    
  -80.43860       27.48750       362.8871    
  -80.52780       27.22650       388.8497    
  -80.54730       27.20490       221.1595    
  -80.54580       27.88270       26.95086    
  -80.54440       27.86070       190.7118    
  -80.59020       27.57620       23.08284    
  -80.54830       27.57580       90.46478    
  -80.56800       27.55410       130.7040    
  -80.46080       27.50950       21.17232    
  -80.43990       27.50930       37.95984    
  -80.45950       27.48760       41.17014    
  -80.41770       27.48730       20.23272    
  -80.45830       27.46580       20.20140    
  -80.43740       27.46560       266.5480    
  -80.52650       27.20470       21.26628    
  -108.5637       26.38180       27.78084    
  -81.14110       26.71100       28.28196    
  -81.32670       26.69100       18.97992    
  -81.30600       26.69080       85.39816    
  -81.13980       26.68930       29.09628    
  -97.55190       37.17350       20.45196    
  -110.0004       27.70650       193.0174    
  -77.49190       19.95410       7.986600    
  -86.41800       39.41400       81.51669    
  -98.11060       37.53450       421.7370    
  -82.35670       27.63670       420.2499    
  -90.72400       18.76460       38.29827    
  -90.29660       15.80000       9.521280    
  -109.9903       27.68370       163.7591    
  -118.5759       38.13490       191.5539    
  -93.51690       17.90030       8.800920    
  -98.12070       37.56100       37.30212    
  -98.08350       37.53330       80.71165    
  -98.10050       37.50810       32.66676    
  -95.57880       18.39380       8.738280    
  -88.47610       18.09980       48.55677    
  -94.79190       17.76520       41.74042    
  -94.19170       17.65580       12.23568    
  -90.64750       17.32380       28.52560    
  -97.15050       39.02380       84.29673    
  -94.18900       17.63600       14.21928    
  -97.89810       37.11090       27.53028    
  -97.92300       38.57760       139.0826    
  -118.0087       38.91980       149.4409    
  -88.41790       17.90220       47.52365    
  -95.80580       17.48830       34.95230    
  -97.18410       38.75790       20.65554    
  -91.22090       16.82350       27.40094    
  -89.93720       16.00850       9.114120    
  -97.64200       38.61830       237.2260    
  -97.52510       38.24240       18.24703    
  -97.49440       38.37310       24.11640    
  -109.2297       34.72630       210.0483    
  -98.26690       37.38550       120.4973    
  -108.7849       25.71500       22.29984    
  -102.9759       18.20410       375.9508    
  -96.12790       18.08730       9.521280    
  -118.2549       37.01000       224.8775    
  -95.49720       17.24630       97.38313    
  -87.48820       15.74800       6.608520    
  -95.58560       17.42510       29.51854    
  -118.7182       46.04220       96.99805    
