  -105.6267       48.12380       28.13279    
  -89.38630       36.55490       26.88684    
  -112.1716       36.87820       637.1025    
  -112.1378       36.87600       3260.464    
  -112.1040       36.87380       2048.904    
  -112.1195       36.84900       164.5232    
  -105.4204       35.84180       107.1532    
  -111.4066       33.98930       1106.416    
  -111.3748       33.98750       124.1418    
  -111.4233       33.96580       377.8174    
  -111.3915       33.96390       220.1032    
  -111.3597       33.96200       748.6379    
  -112.0813       33.98020       765.4733    
  -112.0490       33.97830       1186.403    
  -111.4400       33.94230       3303.558    
  -111.4082       33.94040       6763.998    
  -111.3764       33.93850       1767.323    
  -112.0657       33.95470       1163.095    
  -112.0335       33.95280       858.1823    
  -111.4249       33.91690       2338.875    
  -111.3931       33.91500       717.7455    
  -107.4625       33.59800       1300.843    
  -111.2755       33.66370       138.4970    
  -109.2839       33.47790       4258.165    
  -109.2536       33.47620       1375.184    
  -109.3311       33.45620       3809.124    
  -109.3008       33.45450       1888.826    
  -109.2705       33.45280       945.9349    
  -107.2525       33.17520       57.62534    
  -107.2234       33.17370       334.5255    
  -109.8722       32.93000       646.5363    
  -109.8418       32.92830       276.6650    
  -110.7168       32.52060       890.9889    
  -110.7376       32.45000       671.9847    
  -110.7069       32.44830       894.2424    
  -110.8200       32.38280       86.47046    
  -108.2776       30.67170       339.0955    
  -108.2952       30.64940       271.6877    
  -108.2666       30.64800       105.2870    
  -110.6305       29.06570       213.0282    
  -105.2051       22.18040       220.0625    
  -103.1331       18.28810       65.63012    
  -93.18470       17.89460       36.63053    
  -93.11510       17.83420       34.05504    
  -107.5405       48.90610       29.11744    
  -69.93600       47.45800       38.25676    
  -122.1907       40.12130       181.7196    
  -88.46140       36.78550       19.47027    
  -111.4385       33.99120       640.5774    
  -111.2903       33.68900       326.8787    
  -110.6487       29.04380       76.53794    
  -107.6834       50.59620       22.63088    
  -103.6238       46.38830       19.38825    
  -89.25600       36.62780       12.39499    
  -108.2762       32.93990       628.3940    
  -110.7749       32.57170       679.8784    
  -110.7304       32.54530       298.6508    
  -110.8508       32.38450       457.5876    
  -95.09950       46.19660       2.362781    
  -100.3457       43.57690       16.44961    
  -102.2208       43.38650       4.350975    
  -100.7135       43.18310       16.87967    
  -101.2186       38.62790       3.428914    
  -118.5748       36.56770       151.0392    
  -111.4552       33.96770       6150.898    
  -109.8284       32.90350       26.48434    
  -109.9981       27.19490       3.717057    
  -105.3094       22.45470       152.9704    
  -100.5974       21.23450       52.32674    
  -101.0807       19.01670       21.44344    
  -118.5203       36.46090       241.4297    
  -107.5120       35.52790       124.5331    
  -110.7612       32.54700       2234.006    
  -110.6599       29.06710       157.4372    
  -69.27980       18.48020       3.313656    
  -102.1840       18.16400       370.3976    
  -102.2974       48.03170       4.523861    
  -102.1887       47.39600       16.01050    
  -101.9014       47.14900       16.14561    
  -104.3210       47.27350       17.95810    
  -84.47130       44.85850       56.21125    
  -107.4331       33.59640       2511.351    
  -80.94030       32.69360       54.16503    
  -102.1799       18.14390       205.4385    
  -101.8672       47.14690       14.18652    
  -104.7839       46.91490       17.86432    
  -103.3879       44.47540       21.05271    
  -111.4719       33.94410       2534.643    
  -83.29420       32.58040       3.349674    
  -104.1277       46.19840       23.86599    
  -118.2112       46.15450       8.478637    
  -100.3609       43.54810       13.37586    
  -105.0124       36.73630       97.30000    
  -100.6253       21.35840       90.11870    
  -100.6022       21.35770       459.8583    
  -100.6206       21.33770       548.6310    
  -100.5975       21.33710       972.9573    
  -100.5929       21.31640       85.47680    
  -102.4563       47.34740       12.86920    
  -100.1925       47.17570       2.283541    
  -105.6444       47.39720       21.98911    
  -104.4056       46.85710       20.86515    
  -118.1642       46.15040       8.766781    
  -103.6177       44.64190       15.06473    
  -104.3095       44.10980       26.10148    
  -102.4474       28.43070       87.05888    
  -105.2009       21.55840       15.76964    
  -105.6744       48.09380       27.66391    
  -103.8124       47.27220       16.83279    
  -121.3962       42.28000       78.02161    
  -118.9802       37.24500       261.2455    
  -108.9566       25.80930       5.409111    
  -106.0720       49.07030       22.09044    
  -105.7011       48.12910       34.13446    
  -120.6399       45.65250       346.6360    
  -103.7957       42.05270       20.16183    
  -101.2862       41.39850       18.38009    
  -112.2780       36.65320       132.3403    
  -110.8299       32.45510       3049.806    
  -106.0766       25.92950       90.48640    
  -106.1679       47.63140       30.47719    
  -116.5832       41.54230       45.62201    
  -107.3864       40.00210       125.6279    
  -91.15000       30.61940       31.99056    
  -109.0595       26.40340       105.3390    
  -101.4780       46.99280       2.514056    
  -104.2429       46.71730       24.14731    
  -121.7086       42.36450       209.9924    
  -108.6495       50.85330       36.52574    
  -101.4237       46.95700       10.09945    
  -121.8681       42.20540       568.1889    
  -119.3448       40.16670       261.6337    
  -121.8607       38.01520       32.12891    
  -69.25730       18.55920       3.328063    
  -108.0747       51.24320       29.85925    
  -107.4449       50.54160       36.78363    
  -116.8091       41.13640       220.5035    
  -120.1191       39.87090       41.58964    
  -107.5934       35.40700       88.20139    
  -103.5728       18.80090       37.26736    
  -108.7104       51.29480       34.83778    
  -106.9672       48.96540       39.33902    
  -99.88290       46.80050       13.64608    
  -119.9382       47.01170       500.9963    
  -100.4500       45.43790       10.03190    
  -118.2150       36.61920       65.26807    
  -109.0046       26.33530       4.739969    
  -108.2912       51.22410       48.85728    
  -103.6945       44.04130       146.3946    
  -116.2892       41.26490       34.18134    
  -108.9956       26.31300       109.1502    
  -107.1319       48.94350       42.29296    
  -103.6660       45.94700       20.06806    
  -116.1562       41.28280       53.73363    
  -107.2845       35.54040       189.2615    
  -123.7313       51.40470       1689.301    
  -120.9521       37.05330       8.041018    
  -120.8654       42.14850       365.0597    
  -113.3988       38.50670       198.3389    
  -117.8010       38.39590       230.5575    
  -116.8902       40.69500       42.15230    
  -118.1221       39.57800       175.2603    
  -108.4827       51.09370       27.49483    
  -120.7240       42.02170       393.0815    
  -116.6356       40.70320       279.2283    
  -116.9881       38.60250       160.3602    
  -117.5190       47.24350       62.40791    
  -106.1599       40.53270       20.72449    
  -116.9402       40.50430       39.33902    
  -117.3787       39.71210       168.1767    
  -122.2613       38.04660       67.71888    
  -93.95490       33.86190       87.93950    
  -117.3629       41.32070       199.2529    
  -116.6227       40.73010       244.0391    
  -116.4741       40.60740       82.12010    
  -123.1866       40.95530       273.6106    
  -116.5011       40.63720       174.4605    
  -98.14310       50.76710       3.753076    
  -116.6099       40.75700       191.7124    
  -115.9201       40.73210       144.4126    
  -119.8435       39.27680       41.71859    
  -123.3165       41.36060       234.0127    
  -117.3249       39.73530       222.7885    
  -121.5549       37.83280       6.263530    
  -116.6052       40.42310       182.5723    
  -93.27930       30.26510       25.06867    
  -119.8313       39.38430       190.3414    
  -110.8163       32.43040       3164.057    
  -118.5601       34.84170       181.2013    
  -70.34600       18.92870       290.3276    
  -120.3839       36.57070       343.9702    
  -93.89250       18.22320       24.04178    
  -122.5015       38.11860       91.85136    
  -122.9289       39.06310       308.0194    
  -95.42730       33.79100       75.82458    
  -124.8534       49.51720       1893.424    
  -109.6423       30.50830       460.3447    
  -125.3523       52.23670       4661.171    
  -109.2402       33.45120       1031.777    
  -107.4693       24.66870       3.320859    
  -111.4568       33.91870       4467.218    
  -110.8680       32.36160       43.05880    
  -107.4038       33.59480       460.3542    
  -109.2873       33.42950       580.2578    
  -98.98230       19.64850       4.462138    
  -110.8616       33.42080       63.92309    
  -107.4457       33.62140       4944.887    
  -92.16520       18.64900       13.36505    
  -114.9212       32.59680       3.493746    
  -69.19530       18.65820       8.201159    
  -111.1012       32.35070       152.7910    
  -110.7476       32.52230       1832.875    
  -97.35620       29.32430       2.523961    
  -69.19450       18.67790       2.668934    
  -91.57590       14.73630       77.34734    
  -94.92040       29.83510       10.56065    
  -79.30610       48.18440       150.4386    
  -105.4205       19.92530       20.55431    
  -93.42130       30.98170       1055.577    
  -115.0400       32.58000       3.789093    
  -93.41580       30.95840       422.0100    
  -82.79800       29.57420       35.41420    
  -123.4569       51.30360       401.5741    
  -70.91240       19.38210       16.08258    
  -110.7340       32.49760       1305.907    
  -92.48470       17.90260       5.342070    
  -93.37060       30.86470       60.35063    
  -92.48230       17.88280       4.871233    
  -108.9508       26.20160       3.227213    
  -91.25390       43.87510       5.469717    
  -115.0249       32.50700       5.037117    
  -110.7784       32.52400       1576.603    
  -87.21290       15.72580       7.950460    
  -86.42250       15.56370       8.876557    
  -110.7648       32.49930       617.2383    
  -105.1794       19.83670       2.557278    
  -86.82840       35.50890       62.81393    
  -101.2686       31.51680       23.39711    
  -77.93460       21.48490       63.30658    
  -98.16550       21.04760       1.944972    
  -86.91720       34.37540       1.808104    
  -110.7992       32.45340       3635.683    
  -115.0575       32.55700       5.715656    
  -107.5898       30.19860       29.44565    
  -87.19340       15.45560       24.72855    
  -71.36590       49.52200       7039.650    
  -111.4417       33.89330       2070.995    
  -109.3446       33.48120       3053.961    
  -109.3142       33.47950       2924.357    
  -109.3176       33.43120       1823.769    
  -109.3614       33.45790       830.9174    
  -71.36300       49.55720       1023.611    
  -109.3749       33.48290       626.4232    
  -89.59960       30.32960       113.3131    
  -104.8762       21.44470       27.09666    
  -71.79660       46.84890       76.86526    
  -77.94460       34.86690       131.0471    
  -103.5747       18.60020       133.5104    
  -71.39560       49.52170       3404.646    
  -98.88630       21.61900       2.125062    
  -93.14780       18.09140       1.757678    
  -110.3379       38.40910       253.8646    
  -71.12790       49.52430       537.6598    
  -100.9124       30.64220       47.75671    
  -92.57740       18.31900       31.35540    
  -103.5537       18.82040       52.11121    
  -71.00560       49.56080       578.9805    
  -70.97580       49.56110       973.0386    
  -71.33620       49.52230       7813.239    
  -103.4975       18.77870       168.4891    
  -96.84060       37.09220       54.39006    
  -98.14110       21.14910       9.153684    
  -103.7001       18.84450       118.4843    
  -103.5773       18.82110       29.63911    
  -71.33320       49.55750       1448.963    
  -71.09500       49.55990       452.9027    
  -108.9584       26.35520       3.695447    
  -91.23920       48.83420       298.8552    
  -71.39270       49.55690       467.8316    
  -71.24390       49.55840       486.1448    
  -112.7932       38.59850       39.01080    
  -106.4980       36.25540       23.63155    
  -82.45640       31.77050       178.5886    
  -104.9039       19.60530       110.3554    
  -71.12480       49.55960       642.7841    
  -71.15770       49.52400       670.5079    
  -71.00880       49.52550       527.8527    
  -71.38980       49.59220       613.2800    
  -71.30340       49.55780       545.7139    
  -74.74810       49.50480       458.9995    
  -71.30640       49.52250       989.3611    
  -111.6300       30.63540       142.5085    
  -107.0915       26.42880       119.9808    
  -71.50610       49.62640       890.4996    
  -71.33910       49.48710       655.5416    
  -71.53590       49.62620       529.3899    
  -71.15460       49.55930       843.9767    
  -71.30940       49.48730       430.9908    
  -86.32840       31.92510       11.25312    
  -89.38570       31.52360       62.06960    
  -82.77610       30.27630       27.24825    
  -89.38140       31.50020       95.45254    
  -88.79330       30.47140       116.3310    
  -81.88900       29.76680       243.5374    
  -82.05390       29.67830       37.45917    
  -77.54280       21.54450       2.708554    
  -82.25110       30.22440       90.09487    
  -81.91050       29.76700       205.1922    
  -81.90870       29.74440       29.42014    
  -81.88720       29.74420       39.51960    
  -82.07540       29.67850       31.12590    
  -82.07350       29.65590       41.69261    
  -82.05200       29.65570       55.27676    
  -87.69870       21.04450       13.70118    
  -91.10900       17.29130       18.23364    
  -70.91950       49.52650       322.9784    
  -90.94470       46.14720       86.60874    
  -109.0098       40.88130       118.1350    
  -88.09960       19.40260       8.963924    
  -72.59090       18.54560       4.300549    
  -71.36000       49.59250       642.9230    
  -71.06520       49.56020       362.8546    
  -71.03540       49.56050       426.0768    
  -71.24690       49.52310       1351.319    
  -107.4750       33.62290       1574.645    
  -71.12160       49.59480       377.9679    
  -105.0325       37.61750       149.2112    
  -86.20480       15.79310       9.695316    
  -71.15140       49.59450       409.7369    
  -71.27370       49.55810       265.9610    
  -102.4466       37.03970       31.22739    
  -106.5141       36.23090       30.00831    
  -86.43290       15.42890       9.342517    
  -71.26460       49.66400       722.1323    
  -71.21410       49.55870       1021.527    
  -71.18430       49.55900       163.9553    
  -112.1871       36.85340       299.3720    
  -107.7004       35.38790       107.3955    
  -111.4886       33.92060       2314.227    
  -71.03220       49.59580       651.4964    
  -107.4037       33.76520       98.94093    
  -98.21020       21.04870       14.15275    
  -88.17820       19.38370       10.16960    
  -86.44340       15.29430       11.42769    
  -112.3326       36.73390       193.1405    
  -91.15740       18.27620       2.013407    
  -91.49930       17.33640       5.972853    
  -103.4995       19.20140       152.7241    
  -103.3688       18.93600       124.3258    
  -93.01790       44.73140       9.645619    
  -102.7366       36.33680       23.02200    
  -108.3138       33.18300       63.15423    
  -102.7489       18.97970       249.8184    
  -103.5041       19.22170       144.7927    
  -103.7139       18.90520       116.2673    
  -104.7685       21.93760       22.97549    
  -118.5724       34.76760       316.1927    
  -99.61890       17.05330       34.53746    
  -108.5400       39.15050       149.2112    
  -98.36040       21.79020       2.437218    
  -105.8810       36.62990       94.82793    
  -88.49600       20.12830       23.99292    
  -103.6337       18.86280       107.8921    
  -108.3183       32.96620       661.6065    
  -108.2888       32.96460       616.7175    
  -109.7986       27.11930       3.263231    
  -102.7723       18.98030       40.79255    
  -91.77570       17.26210       10.01234    
  -98.73880       16.62180       50.12954    
  -98.71700       16.62140       22.30544    
  -114.8540       39.52440       43.65271    
  -101.6701       22.15130       20.53694    
  -105.1655       19.87700       87.93950    
  -104.8304       26.31560       37.18217    
  -105.6241       23.00960       208.6407    
  -71.62140       18.07650       51.97544    
  -92.86950       15.17770       83.71182    
  -87.94740       49.86400       142.3505    
  -109.6307       30.48450       176.7455    
  -101.4100       23.08000       105.7960    
  -104.8301       19.88730       29.36330    
  -93.36060       18.13460       4.983718    
  -104.0180       35.91990       21.99047    
  -109.9548       36.22680       27.71080    
  -108.9005       25.87220       5.286002    
  -105.1991       22.15940       40.34714    
  -87.16980       15.39760       4.831544    
  -109.8857       32.95480       340.6950    
  -108.9093       25.89440       7.405301    
  -105.2300       22.18130       8.046421    
  -88.47570       20.12800       4.051649    
  -89.19170       16.56230       6.258181    
  -86.07390       15.86910       16.05818    
  -108.3635       35.62650       23.72532    
  -107.8711       33.66840       16.50457    
  -108.8692       35.83240       28.13279    
  -107.4582       33.64640       292.2528    
  -120.8192       35.78320       247.2765    
  -102.7673       26.58620       90.02941    
  -104.8128       31.36820       63.75179    
  -104.9125       29.84560       52.45710    
  -105.2239       22.16030       55.27513    
  -91.47670       17.31640       1.615665    
  -120.7945       35.75600       180.4920    
  -104.7478       28.38950       34.50956    
  -108.7639       33.98560       144.1841    
  -104.8422       20.03000       21.68763    
  -89.95930       37.13450       18.83092    
  -106.2496       27.11860       151.2677    
  -98.12490       23.52760       105.9215    
  -87.28550       15.64940       11.13064    
  -99.95330       36.84210       81.09277    
  -104.3513       22.27690       124.8758    
  -99.99140       36.86960       345.0366    
  -99.96390       36.86830       85.07825    
  -99.98070       36.84340       102.9191    
  -108.1868       35.41530       108.9950    
  -105.1803       22.17960       54.24484    
  -104.5059       19.35090       43.57019    
  -121.1015       35.88020       1286.472    
  -71.21720       49.52340       610.2308    
  -111.9261       39.10250       141.6706    
  -106.6752       34.75840       583.8201    
  -80.77830       36.56690       7.401670    
  -121.1432       35.88330       965.6718    
  -107.5800       28.91940       21.28715    
  -108.9765       26.39980       42.21436    
  -102.3637       27.33910       99.39796    
  -105.0486       22.32090       78.57899    
  -100.8565       19.25210       94.75461    
  -112.0167       33.97630       255.2356    
  -112.9426       33.34790       1100.499    
  -112.9100       33.34600       1132.527    
  -121.1267       35.90750       556.6285    
  -112.3853       33.50940       147.8401    
  -112.9270       33.32270       565.7686    
  -105.4382       20.27230       16.94829    
  -112.8945       33.32080       746.7413    
  -104.1855       21.93940       22.36557    
  -102.2555       34.41320       11.30245    
  -102.2282       34.41190       11.82831    
  -112.9582       33.37320       415.5291    
  -112.9256       33.37120       76.59153    
  -104.5936       19.51520       86.24260    
  -114.9750       32.48000       701.7267    
  -82.03730       27.30560       2.955277    
  -97.92000       21.49140       2.036218    
  -93.11760       17.85400       3.738669    
  -103.2190       20.40980       16.69072    
  -101.9540       18.15830       84.98354    
  -101.9310       18.15770       88.92481    
  -106.7412       26.96290       87.05888    
  -114.9413       32.47790       428.4394    
  -107.1585       42.55130       26.39793    
  -110.7856       32.42870       1264.758    
  -118.3408       34.92670       990.6282    
  -97.53150       47.25480       3.097548    
  -106.8881       42.53360       24.99130    
  -105.7169       41.99790       25.13196    
  -107.6345       42.00640       25.17885    
  -118.3621       34.95320       946.8321    
  -110.8436       32.47980       884.1573    
  -110.8127       32.47800       969.0588    
  -71.18130       49.59420       707.5630    
  -118.3788       34.92930       810.7216    
  -108.3058       32.94150       260.3699    
  -113.5104       32.99410       135.2728    
  -113.4948       32.96900       8.267331    
  -114.9266       32.40510       126.8181    
  -98.18120       45.28200       16.61850    
  -106.4773       42.59390       20.72449    
  -114.5572       38.58750       133.4446    
  -113.4776       32.99210       152.4102    
  -113.4620       32.96710       169.3193    
  -105.3748       36.09240       106.6605    
  -124.1992       51.49040       1254.464    
  -105.0007       41.64010       28.08591    
  -120.0831       35.98450       265.3658    
  -120.1237       35.98740       360.4604    
  -111.4099       33.89150       311.6754    
  -108.9135       26.24380       2.924661    
  -109.8991       46.41750       29.30499    
  -89.95320       37.10850       8.392195    
  -106.5806       26.60470       106.3852    
  -75.74730       20.15090       1.462331    
