  -105.6267       48.12380       61.15824    
  -89.38630       36.55490       58.44964    
  -112.1716       36.87820       509.6819    
  -112.1378       36.87600       2608.371    
  -112.1040       36.87380       1639.123    
  -112.1195       36.84900       357.6592    
  -105.4204       35.84180       85.72253    
  -111.4066       33.98930       885.1325    
  -111.3748       33.98750       269.8735    
  -111.4233       33.96580       821.3422    
  -111.3915       33.96390       478.4852    
  -111.3597       33.96200       598.9103    
  -112.0813       33.98020       612.3787    
  -112.0490       33.97830       949.1222    
  -111.4400       33.94230       2642.846    
  -111.4082       33.94040       5468.764    
  -111.3764       33.93850       1428.899    
  -112.0657       33.95470       930.4762    
  -112.0335       33.95280       686.5457    
  -111.4249       33.91690       1871.100    
  -111.3931       33.91500       580.3048    
  -107.4625       33.59800       1040.675    
  -111.2755       33.66370       110.7976    
  -109.2839       33.47790       3442.771    
  -109.2536       33.47620       1100.147    
  -109.3311       33.45620       3079.717    
  -109.3008       33.45450       1511.061    
  -109.2705       33.45280       756.7479    
  -107.2525       33.17520       125.2725    
  -107.2234       33.17370       267.6204    
  -109.8722       32.93000       517.2290    
  -109.8418       32.92830       601.4456    
  -110.7168       32.52060       712.7911    
  -110.7376       32.45000       543.3068    
  -110.7069       32.44830       715.3939    
  -110.8200       32.38280       187.9792    
  -108.2776       30.67170       271.2764    
  -108.2952       30.64940       217.3502    
  -108.2666       30.64800       228.8847    
  -110.6305       29.06570       170.4226    
  -105.2051       22.18040       921.5116    
  -103.1331       18.28810       52.50409    
  -93.18470       17.89460       79.63160    
  -93.11510       17.83420       74.03268    
  -107.5405       48.90610       63.29878    
  -69.93600       47.45800       30.60540    
  -122.1907       40.12130       145.3757    
  -88.46140       36.78550       42.32669    
  -111.4385       33.99120       517.9136    
  -111.2903       33.68900       261.5030    
  -110.6487       29.04380       61.23035    
  -107.6834       50.59620       49.19756    
  -103.6238       46.38830       42.14837    
  -89.25600       36.62780       26.94564    
  -108.2762       32.93990       508.0632    
  -110.7749       32.57170       543.9026    
  -110.7304       32.54530       238.9206    
  -110.8508       32.38450       369.9645    
  -95.09950       46.19660       5.136480    
  -100.3457       43.57690       35.76002    
  -102.2208       43.38650       9.458640    
  -100.7135       43.18310       36.69495    
  -101.2186       38.62790       7.454160    
  -118.5748       36.56770       120.8313    
  -111.4552       33.96770       4973.066    
  -109.8284       32.90350       57.57465    
  -109.9981       27.19490       8.080560    
  -105.3094       22.45470       122.3763    
  -100.5974       21.23450       41.86139    
  -101.0807       19.01670       46.61617    
  -118.5203       36.46090       195.1985    
  -107.5120       35.52790       99.62643    
  -110.7612       32.54700       1806.218    
  -110.6599       29.06710       125.9498    
  -69.27980       18.48020       7.203599    
  -102.1840       18.16400       296.3181    
  -102.2974       48.03170       9.834480    
  -102.1887       47.39600       34.80544    
  -101.9014       47.14900       35.09916    
  -104.3210       47.27350       39.03934    
  -84.47130       44.85850       44.96900    
  -107.4331       33.59640       2030.454    
  -80.94030       32.69360       43.33202    
  -102.1799       18.14390       164.3508    
  -101.8672       47.14690       30.84027    
  -104.7839       46.91490       38.83548    
  -103.3879       44.47540       45.76676    
  -111.4719       33.94410       2027.714    
  -83.29420       32.58040       7.281900    
  -104.1277       46.19840       51.88258    
  -118.2112       46.15450       18.43182    
  -100.3609       43.54810       29.07796    
  -105.0124       36.73630       77.84000    
  -100.6253       21.35840       195.9102    
  -100.6022       21.35770       367.8867    
  -100.6206       21.33770       438.9048    
  -100.5975       21.33710       778.3658    
  -100.5929       21.31640       185.8191    
  -102.4563       47.34740       27.97652    
  -100.1925       47.17570       4.964221    
  -105.6444       47.39720       47.80241    
  -104.4056       46.85710       45.35903    
  -118.1642       46.15040       19.05822    
  -103.6177       44.64190       32.74942    
  -104.3095       44.10980       109.3000    
  -102.4474       28.43070       69.64710    
  -105.2009       21.55840       66.03539    
  -105.6744       48.09380       60.13894    
  -103.8124       47.27220       36.59301    
  -121.3962       42.28000       169.6122    
  -118.9802       37.24500       211.2198    
  -108.9566       25.80930       11.75894    
  -106.0720       49.07030       48.02270    
  -105.7011       48.12910       74.20534    
  -120.6399       45.65250       277.3088    
  -103.7957       42.05270       43.83008    
  -101.2862       41.39850       39.95672    
  -112.2780       36.65320       105.8722    
  -110.8299       32.45510       2465.801    
  -106.0766       25.92950       72.38911    
  -106.1679       47.63140       66.25476    
  -116.5832       41.54230       99.17828    
  -107.3864       40.00210       100.5023    
  -91.15000       30.61940       25.59245    
  -109.0595       26.40340       84.27117    
  -101.4780       46.99280       5.465341    
  -104.2429       46.71730       52.49416    
  -121.7086       42.36450       167.9939    
  -108.6495       50.85330       79.40379    
  -101.4237       46.95700       21.95533    
  -121.8681       42.20540       459.3868    
  -119.3448       40.16670       209.3069    
  -121.8607       38.01520       69.84546    
  -69.25730       18.55920       7.234920    
  -108.0747       51.24320       64.91142    
  -107.4449       50.54160       79.96440    
  -116.8091       41.13640       176.4028    
  -120.1191       39.87090       90.41226    
  -107.5934       35.40700       70.56110    
  -103.5728       18.80090       29.81388    
  -108.7104       51.29480       75.73429    
  -106.9672       48.96540       85.51962    
  -99.88290       46.80050       29.66540    
  -119.9382       47.01170       405.0608    
  -100.4500       45.43790       21.80847    
  -118.2150       36.61920       141.8871    
  -109.0046       26.33530       10.30428    
  -108.2912       51.22410       106.2115    
  -103.6945       44.04130       118.3616    
  -116.2892       41.26490       74.30727    
  -108.9956       26.31300       237.2830    
  -107.1319       48.94350       91.94122    
  -103.6660       45.94700       43.62621    
  -116.1562       41.28280       116.8122    
  -107.2845       35.54040       153.0199    
  -123.7313       51.40470       1365.817    
  -120.9521       37.05330       17.48048    
  -120.8654       42.14850       292.0478    
  -113.3988       38.50670       158.6711    
  -117.8010       38.39590       184.4460    
  -116.8902       40.69500       91.63544    
  -118.1221       39.57800       140.2082    
  -108.4827       51.09370       59.77137    
  -120.7240       42.02170       317.8106    
  -116.6356       40.70320       223.3826    
  -116.9881       38.60250       128.2882    
  -117.5190       47.24350       135.6694    
  -106.1599       40.53270       45.05324    
  -116.9402       40.50430       85.51962    
  -117.3787       39.71210       134.5414    
  -122.2613       38.04660       147.2150    
  -93.95490       33.86190       70.35159    
  -117.3629       41.32070       159.4023    
  -116.6227       40.73010       195.2313    
  -116.4741       40.60740       65.69608    
  -123.1866       40.95530       221.2171    
  -116.5011       40.63720       139.5684    
  -98.14310       50.76710       8.158860    
  -116.6099       40.75700       153.3699    
  -115.9201       40.73210       115.5301    
  -119.8435       39.27680       90.69259    
  -123.3165       41.36060       187.2101    
  -117.3249       39.73530       178.2308    
  -121.5549       37.83280       13.61637    
  -116.6052       40.42310       146.0578    
  -93.27930       30.26510       104.9751    
  -119.8313       39.38430       152.2731    
  -110.8163       32.43040       2558.174    
  -118.5601       34.84170       144.9611    
  -70.34600       18.92870       234.7329    
  -120.3839       36.57070       275.1761    
  -93.89250       18.22320       100.6749    
  -122.5015       38.11860       73.48107    
  -122.9289       39.06310       246.4155    
  -95.42730       33.79100       60.65966    
  -124.8534       49.51720       1530.853    
  -109.6423       30.50830       368.2757    
  -125.3523       52.23670       3768.606    
  -109.2402       33.45120       825.4216    
  -107.4693       24.66870       7.219260    
  -111.4568       33.91870       3573.774    
  -110.8680       32.36160       93.60609    
  -107.4038       33.59480       372.2013    
  -109.2873       33.42950       464.2062    
  -98.98230       19.64850       9.700300    
  -110.8616       33.42080       138.9632    
  -107.4457       33.62140       3997.994    
  -92.16520       18.64900       55.96613    
  -114.9212       32.59680       7.595100    
  -69.19530       18.65820       17.82861    
  -111.1012       32.35070       122.2328    
  -110.7476       32.52230       1466.299    
  -97.35620       29.32430       5.486873    
  -69.19450       18.67790       5.802031    
  -91.57590       14.73630       61.87786    
  -94.92040       29.83510       22.95793    
  -79.30610       48.18440       121.6312    
  -105.4205       19.92530       86.07117    
  -93.42130       30.98170       853.4449    
  -115.0400       32.58000       8.237160    
  -93.41580       30.95840       341.1996    
  -82.79800       29.57420       28.33135    
  -123.4569       51.30360       324.6769    
  -70.91240       19.38210       34.96213    
  -110.7340       32.49760       1044.725    
  -92.48470       17.90260       11.61319    
  -93.37060       30.86470       48.28050    
  -92.48230       17.88280       10.58964    
  -108.9508       26.20160       7.015680    
  -91.25390       43.87510       11.89069    
  -115.0249       32.50700       10.95026    
  -110.7784       32.52400       1261.282    
  -87.21290       15.72580       33.29255    
  -86.42250       15.56370       37.17058    
  -110.7648       32.49930       499.0437    
  -105.1794       19.83670       5.559300    
  -86.82840       35.50890       50.25114    
  -101.2686       31.51680       50.86328    
  -77.93460       21.48490       50.64526    
  -98.16550       21.04760       4.228200    
  -86.91720       34.37540       3.930660    
  -110.7992       32.45340       2939.489    
  -115.0575       32.55700       12.42534    
  -107.5898       30.19860       64.01229    
  -87.19340       15.45560       103.5508    
  -71.36590       49.52200       5691.632    
  -111.4417       33.89330       1674.422    
  -109.3446       33.48120       2469.160    
  -109.3142       33.47950       2364.374    
  -109.3176       33.43120       1474.537    
  -109.3614       33.45790       671.8055    
  -71.36300       49.55720       827.6005    
  -109.3749       33.48290       506.4698    
  -89.59960       30.32960       91.61485    
  -104.8762       21.44470       113.4673    
  -71.79660       46.84890       62.14637    
  -77.94460       34.86690       104.8377    
  -103.5747       18.60020       106.8083    
  -71.39560       49.52170       2752.692    
  -98.88630       21.61900       4.619700    
  -93.14780       18.09140       3.821040    
  -110.3379       38.40910       203.0917    
  -71.12790       49.52430       434.7037    
  -100.9124       30.64220       38.20536    
  -92.57740       18.31900       25.08431    
  -103.5537       18.82040       218.2157    
  -71.00560       49.56080       468.1119    
  -70.97580       49.56110       786.7120    
  -71.33620       49.52230       6317.087    
  -103.4975       18.77870       134.7913    
  -96.84060       37.09220       118.2393    
  -98.14110       21.14910       19.89931    
  -103.7001       18.84450       94.78744    
  -103.5773       18.82110       64.43285    
  -71.33320       49.55750       1171.502    
  -71.09500       49.55990       366.1766    
  -108.9584       26.35520       8.033580    
  -91.23920       48.83420       241.6276    
  -71.39270       49.55690       378.2468    
  -71.24390       49.55840       393.0533    
  -112.7932       38.59850       84.80609    
  -106.4980       36.25540       51.37293    
  -82.45640       31.77050       142.8709    
  -104.9039       19.60530       88.28435    
  -71.12480       49.55960       519.6978    
  -71.15770       49.52400       536.4062    
  -71.00880       49.52550       426.7744    
  -71.38980       49.59220       495.8434    
  -71.30340       49.55780       441.2155    
  -74.74810       49.50480       371.1060    
  -71.30640       49.52250       799.9090    
  -111.6300       30.63540       114.0068    
  -107.0915       26.42880       97.00575    
  -71.50610       49.62640       719.9784    
  -71.33910       49.48710       530.0124    
  -71.53590       49.62620       428.0174    
  -71.15460       49.55930       682.3641    
  -71.30940       49.48730       348.4606    
  -86.32840       31.92510       24.46330    
  -89.38570       31.52360       50.18393    
  -82.77610       30.27630       59.23534    
  -89.38140       31.50020       76.36202    
  -88.79330       30.47140       94.05484    
  -81.88900       29.76680       194.8299    
  -82.05390       29.67830       81.43298    
  -77.54280       21.54450       5.888160    
  -82.25110       30.22440       72.07590    
  -81.91050       29.76700       164.1537    
  -81.90870       29.74440       63.95684    
  -81.88720       29.74420       85.91216    
  -82.07540       29.67850       67.66501    
  -82.07350       29.65590       90.63611    
  -82.05200       29.65570       120.1669    
  -87.69870       21.04450       57.37368    
  -91.10900       17.29130       76.35336    
  -70.91950       49.52650       261.1315    
  -90.94470       46.14720       70.02409    
  -109.0098       40.88130       94.50802    
  -88.09960       19.40260       37.53643    
  -72.59090       18.54560       9.349020    
  -71.36000       49.59250       519.8101    
  -71.06520       49.56020       293.3718    
  -71.03540       49.56050       344.4876    
  -71.24690       49.52310       1092.556    
  -107.4750       33.62290       1259.716    
  -71.12160       49.59480       305.5910    
  -105.0325       37.61750       119.3689    
  -86.20480       15.79310       40.59914    
  -71.15140       49.59450       331.2766    
  -71.27370       49.55810       215.0323    
  -102.4466       37.03970       67.88564    
  -106.5141       36.23090       65.23546    
  -86.43290       15.42890       39.12179    
  -71.26460       49.66400       583.8517    
  -71.21410       49.55870       825.9153    
  -71.18430       49.55900       686.5628    
  -112.1871       36.85340       239.4976    
  -107.7004       35.38790       85.91638    
  -111.4886       33.92060       1851.381    
  -71.03220       49.59580       526.7418    
  -107.4037       33.76520       79.15274    
  -98.21020       21.04870       30.76684    
  -88.17820       19.38370       42.58519    
  -86.44340       15.29430       47.85347    
  -112.3326       36.73390       154.5124    
  -91.15740       18.27620       4.376970    
  -91.49930       17.33640       25.01132    
  -103.4995       19.20140       122.1792    
  -103.3688       18.93600       99.46065    
  -93.01790       44.73140       20.96874    
  -102.7366       36.33680       50.04782    
  -108.3138       33.18300       50.52338    
  -102.7489       18.97970       201.9808    
  -103.5041       19.22170       117.0664    
  -103.7139       18.90520       93.01386    
  -104.7685       21.93760       96.20988    
  -118.5724       34.76760       252.9542    
  -99.61890       17.05330       75.08144    
  -108.5400       39.15050       119.3689    
  -98.36040       21.79020       5.298301    
  -105.8810       36.62990       75.86234    
  -88.49600       20.12830       19.19434    
  -103.6337       18.86280       86.31371    
  -108.3183       32.96620       534.9159    
  -108.2888       32.96460       498.6227    
  -109.7986       27.11930       7.093980    
  -102.7723       18.98030       88.67945    
  -91.77570       17.26210       41.92666    
  -98.73880       16.62180       40.10363    
  -98.71700       16.62140       48.49009    
  -114.8540       39.52440       94.89720    
  -101.6701       22.15130       44.64552    
  -105.1655       19.87700       70.35159    
  -104.8304       26.31560       80.83081    
  -105.6241       23.00960       166.9126    
  -71.62140       18.07650       41.58035    
  -92.86950       15.17770       67.68190    
  -87.94740       49.86400       115.0919    
  -109.6307       30.48450       141.3964    
  -101.4100       23.08000       84.63678    
  -104.8301       19.88730       122.9588    
  -93.36060       18.13460       20.86932    
  -104.0180       35.91990       47.80536    
  -109.9548       36.22680       60.24087    
  -108.9005       25.87220       11.49131    
  -105.1991       22.15940       87.71118    
  -87.16980       15.39760       20.23209    
  -109.8857       32.95480       272.5560    
  -108.9093       25.89440       16.09848    
  -105.2300       22.18130       17.49222    
  -88.47570       20.12800       16.96628    
  -89.19170       16.56230       26.20613    
  -86.07390       15.86910       67.24363    
  -108.3635       35.62650       51.57678    
  -107.8711       33.66840       35.87950    
  -108.8692       35.83240       61.15824    
  -107.4582       33.64640       233.8022    
  -120.8192       35.78320       197.8212    
  -102.7673       26.58620       72.02352    
  -104.8128       31.36820       51.00142    
  -104.9125       29.84560       41.96568    
  -105.2239       22.16030       231.4646    
  -91.47670       17.31640       3.512315    
  -120.7945       35.75600       144.3936    
  -104.7478       28.38950       75.02077    
  -108.7639       33.98560       115.3473    
  -104.8422       20.03000       90.81695    
  -89.95930       37.13450       40.93678    
  -106.2496       27.11860       121.0141    
  -98.12490       23.52760       84.73721    
  -87.28550       15.64940       46.60957    
  -99.95330       36.84210       176.2886    
  -104.3513       22.27690       99.90063    
  -99.99140       36.86960       276.0292    
  -99.96390       36.86830       184.9527    
  -99.98070       36.84340       223.7372    
  -108.1868       35.41530       87.19599    
  -105.1803       22.17960       227.1502    
  -104.5059       19.35090       34.85615    
  -121.1015       35.88020       1029.177    
  -71.21720       49.52340       493.3781    
  -111.9261       39.10250       113.3365    
  -106.6752       34.75840       467.0561    
  -80.77830       36.56690       30.99449    
  -121.1432       35.88330       772.5374    
  -107.5800       28.91940       46.27641    
  -108.9765       26.39980       33.77148    
  -102.3637       27.33910       79.51836    
  -105.0486       22.32090       62.86318    
  -100.8565       19.25210       75.80367    
  -112.0167       33.97630       204.1885    
  -112.9426       33.34790       880.3992    
  -112.9100       33.34600       906.0217    
  -121.1267       35.90750       445.3028    
  -112.3853       33.50940       118.2721    
  -112.9270       33.32270       452.6148    
  -105.4382       20.27230       70.97096    
  -112.8945       33.32080       597.3930    
  -104.1855       21.93940       48.62080    
  -102.2555       34.41320       24.57054    
  -102.2282       34.41190       25.71372    
  -112.9582       33.37320       332.4233    
  -112.9256       33.37120       166.5033    
  -104.5936       19.51520       68.99407    
  -114.9750       32.48000       561.3813    
  -82.03730       27.30560       6.424515    
  -97.92000       21.49140       4.426560    
  -93.11760       17.85400       8.127541    
  -103.2190       20.40980       69.89239    
  -101.9540       18.15830       67.98683    
  -101.9310       18.15770       71.13984    
  -106.7412       26.96290       69.64710    
  -114.9413       32.47790       342.7515    
  -107.1585       42.55130       57.38681    
  -110.7856       32.42870       1022.570    
  -118.3408       34.92670       792.5025    
  -97.53150       47.25480       6.733800    
  -106.8881       42.53360       54.32890    
  -105.7169       41.99790       54.63469    
  -107.6345       42.00640       54.73663    
  -118.3621       34.95320       757.4656    
  -110.8436       32.47980       707.3258    
  -110.8127       32.47800       775.2469    
  -71.18130       49.59420       572.0723    
  -118.3788       34.92930       648.5772    
  -108.3058       32.94150       208.2959    
  -113.5104       32.99410       108.2182    
  -113.4948       32.96900       17.97246    
  -114.9266       32.40510       101.4544    
  -98.18120       45.28200       36.12717    
  -106.4773       42.59390       45.05324    
  -114.5572       38.58750       106.7557    
  -113.4776       32.99210       121.9281    
  -113.4620       32.96710       135.4554    
  -105.3748       36.09240       85.32839    
  -124.1992       51.49040       1014.248    
  -105.0007       41.64010       61.05632    
  -120.0831       35.98450       212.2927    
  -120.1237       35.98740       288.3683    
  -111.4099       33.89150       249.3403    
  -108.9135       26.24380       6.357960    
  -109.8991       46.41750       63.70650    
  -89.95320       37.10850       18.24390    
  -106.5806       26.60470       86.01360    
  -75.74730       20.15090       3.178980    
