  -59.08040       47.87320       117.5323    
  -105.8967       40.71100       3125.408    
  -105.9435       40.68600       5651.012    
  -105.9114       40.68410       5623.203    
  -105.8794       40.68210       6091.278    
  -105.9262       40.65720       6436.429    
  -105.8942       40.65520       4362.417    
  -105.8622       40.65330       4749.781    
  -105.9089       40.62830       8027.412    
  -105.8769       40.62640       11119.13    
  -105.8450       40.62440       4523.152    
  -105.8917       40.59950       7757.015    
  -105.8597       40.59760       10389.86    
  -106.1189       39.89700       1261.184    
  -106.0872       39.89510       7681.826    
  -106.0556       39.89320       10079.86    
  -106.0706       39.86670       7742.607    
  -106.0389       39.86490       12067.21    
  -106.0539       39.83840       12679.86    
  -107.1763       39.66130       2015.352    
  -107.1912       39.63500       4178.309    
  -107.1591       39.63300       2648.441    
  -107.1740       39.60680       7312.779    
  -107.1419       39.60480       1599.005    
  -107.2210       39.58250       1890.980    
  -108.5953       39.53260       3429.247    
  -108.6100       39.50640       10107.43    
  -108.5771       39.50430       3074.328    
  -108.5442       39.50230       6371.594    
  -108.6247       39.48020       8145.748    
  -108.5918       39.47810       13434.94    
  -108.5590       39.47610       3273.661    
  -108.6065       39.45200       9058.629    
  -108.5737       39.44990       2995.685    
  -108.6689       39.40170       1615.637    
  -108.6360       39.39970       3192.874    
  -108.6508       39.37350       7253.859    
  -108.6179       39.37140       8287.295    
  -97.47770       38.61100       264.6011    
  -97.71790       37.05160       57.05983    
  -118.5680       34.71740       4343.116    
  -118.5848       34.69360       7758.709    
  -118.5468       34.69100       6133.745    
  -118.6017       34.66980       4951.211    
  -118.5636       34.66720       6322.325    
  -117.9325       34.22730       6660.914    
  -117.9496       34.20370       6850.524    
  -117.9124       34.20120       10960.83    
  -117.9295       34.17760       1161.409    
  -117.8924       34.17510       614.3285    
  -116.6309       32.14990       979.4315    
  -116.6139       32.12490       438.9939    
  -98.02230       25.92660       189.6305    
  -105.8475       40.68020       6216.967    
  -105.7983       40.64940       2028.840    
  -105.8278       40.59560       4611.096    
  -123.5463       41.18280       2056.581    
  -108.5851       39.36940       4217.218    
  -97.78360       36.43970       33.49048    
  -93.11510       17.83420       243.0892    
  -106.1039       39.92340       3237.076    
  -106.0723       39.92150       3742.461    
  -106.0239       39.89130       8080.837    
  -118.5299       34.71480       2449.668    
  -105.8302       40.65130       6150.154    
  -118.6061       34.72000       3516.337    
  -118.5087       34.68840       3617.328    
  -117.9697       34.22980       1458.998    
  -117.8753       34.19870       3435.579    
  -117.8553       34.17270       616.8986    
  -115.1112       31.58230       170.7198    
  -100.8859       30.34170       1641.666    
  -100.8605       30.34070       782.1935    
  -100.8781       30.31840       1160.473    
  -100.8527       30.31740       561.0860    
  -112.3726       51.46070       245.7135    
  -113.3840       44.94040       495.9021    
  -105.8155       40.67820       4197.803    
  -108.6032       39.39760       1808.886    
  -97.90570       37.34390       143.1307    
  -117.8953       34.22480       5342.178    
  -118.6230       34.69620       4683.752    
  -101.8153       31.75100       145.0945    
  -106.0073       39.86300       4446.090    
  -107.2233       39.63700       3234.435    
  -107.2061       39.60870       6287.417    
  -123.4686       40.44930       466.5519    
  -115.2425       40.62530       249.1791    
  -106.1022       39.86870       3804.801    
  -106.0223       39.83650       8011.245    
  -108.6394       39.45410       1064.692    
  -110.2187       27.31600       30.42895    
  -108.6576       39.48230       1136.587    
  -108.5884       39.42370       1435.967    
  -123.1529       39.76130       884.5404    
  -109.1256       49.85990       251.2585    
  -115.6432       35.32200       14151.14    
  -106.0856       39.84030       1196.918    
  -121.5500       36.39980       685.2328    
  -110.2288       27.33870       280.3961    
  -117.2564       43.53770       357.1335    
  -120.0314       42.33710       414.1432    
  -121.1910       40.31540       917.1388    
  -123.1476       39.87050       599.3582    
  -114.5171       38.93270       297.0048    
  -117.0626       45.64680       333.0474    
  -123.5530       40.81860       508.2596    
  -96.88520       38.53230       89.75250    
  -121.5339       36.42440       602.1378    
  -110.9868       51.04810       251.9516    
  -123.1247       39.62230       841.1866    
  -115.6238       35.29550       4306.166    
  -115.5881       35.29320       6004.480    
  -112.4033       42.86170       298.3911    
  -123.0951       39.97600       564.5751    
  -123.1875       39.21940       426.8623    
  -123.2050       39.00450       1383.713    
  -110.9462       51.00840       292.4995    
  -123.0656       39.83630       532.1581    
  -112.4412       42.86450       196.8222    
  -108.5999       39.34320       7399.038    
  -118.2518       34.77070       394.3419    
  -118.2517       46.18970       61.86953    
  -122.7847       43.04000       781.7922    
  -123.0908       40.08570       500.2144    
  -123.2882       39.69040       776.7909    
  -122.8617       39.65520       647.2982    
  -123.2013       39.19350       903.8089    
  -118.0469       35.00680       680.8823    
  -110.8872       51.62490       218.3349    
  -81.02320       46.49280       59.24265    
  -123.1906       39.98400       762.8625    
  -122.9228       39.44210       648.5024    
  -122.8178       39.27060       676.7329    
  -101.4631       26.88850       287.8043    
  -111.0866       52.05110       34.71509    
  -113.8281       50.72110       46.58850    
  -121.7782       46.60730       1019.359    
  -123.1112       39.45760       1084.193    
  -123.2958       39.20120       1600.913    
  -121.5324       46.83960       571.6737    
  -122.8316       39.24460       1138.643    
  -118.0725       35.08380       736.1796    
  -117.8962       34.99650       674.7381    
  -122.5008       51.45680       983.3923    
  -117.5092       42.73640       452.4320    
  -123.3088       40.57470       606.2202    
  -123.2063       39.65630       1778.113    
  -118.0938       35.11030       487.0626    
  -123.0430       40.08180       501.6342    
  -123.3173       39.82980       1831.703    
  -122.8554       39.76410       486.9637    
  -122.2204       38.44230       528.6770    
  -128.0507       51.65510       1681.421    
  -108.6327       39.34530       4266.806    
  -105.8130       40.62250       1251.246    
  -123.4302       40.64070       721.2174    
  -108.4967       39.52640       206.0162    
  -106.0406       39.91960       1457.263    
  -108.2320       25.38840       21.05800    
  -127.2243       52.96670       1166.828    
  -110.5166       33.44970       495.6271    
  -127.5018       52.77240       2688.340    
  -105.9409       40.63030       3765.765    
  -105.9236       40.60150       6256.411    
  -128.3900       52.57390       1445.748    
  -123.4850       41.20570       1319.338    
  -93.18470       17.89460       160.5248    
  -110.5476       33.45150       266.1529    
  -108.6655       39.34740       1603.286    
  -108.6836       39.37560       1551.732    
  -70.34600       18.92870       331.2065    
  -108.5295       39.52850       5279.090    
  -100.2343       28.45890       107.7812    
  -120.2291       39.74270       3674.764    
  -120.1857       39.73930       9462.677    
  -109.6423       30.50830       1251.415    
  -120.1990       39.71300       8935.825    
  -121.6672       36.56320       6931.409    
  -121.6243       36.55990       4749.540    
  -66.62780       48.04720       84.13519    
  -120.2158       39.76900       2119.605    
  -120.1723       39.76550       1673.678    
  -115.6044       35.26910       9963.836    
  -115.5688       35.26680       1684.174    
  -120.1423       39.73580       2177.111    
  -92.83200       31.35850       1025.993    
  -92.82660       31.33510       261.3278    
  -94.22220       33.41170       856.7776    
  -106.7789       47.28170       1507.551    
  -115.6595       35.29790       2699.322    
  -94.24660       33.41250       293.9683    
  -89.07350       45.38810       79.18021    
  -101.7799       31.37450       128.8657    
  -115.6401       35.27150       15434.42    
  -115.5851       35.24270       2423.059    
  -72.73240       45.40930       42.55616    
  -120.1556       39.70950       10795.95    
  -88.10880       31.21620       248.1102    
  -115.6789       35.32430       8004.934    
  -115.6952       35.30030       7262.004    
  -115.6758       35.27380       2113.087    
  -110.8616       33.42080       333.2099    
  -121.8180       37.85330       7685.366    
  -121.7740       37.84980       6095.450    
  -108.5624       39.53050       465.8519    
  -108.5114       39.50020       2943.214    
  -120.1123       39.70610       9955.112    
  -95.11480       33.90140       18.31061    
  -120.1691       39.68330       1364.945    
  -120.1257       39.67980       22465.12    
  -115.6208       35.24510       9031.742    
  -89.71060       35.93100       16.61213    
  -90.24580       33.31740       16.29267    
  -107.2085       39.66330       2199.765    
  -115.6564       35.24740       6287.073    
  -120.0824       39.67640       18372.89    
  -66.66140       48.18130       84.24774    
  -100.1135       34.68560       163.9245    
  -121.7891       37.82460       5992.539    
  -109.0164       26.09520       79.78021    
  -88.56710       33.44340       183.0499    
  -80.57520       22.76500       15.95190    
  -97.97160       24.25980       132.8108    
  -96.06320       33.52350       197.1946    
  -92.80850       31.35780       379.0651    
  -103.1341       18.50830       171.6093    
  -97.04900       32.45900       41.66024    
  -109.0962       26.42690       218.5603    
  -68.56730       18.40570       145.7027    
  -68.54790       18.40580       191.5505    
  -121.4324       37.50770       3786.190    
  -93.68810       32.84360       236.6073    
  -98.13750       27.47730       26.94147    
  -71.48580       19.67810       31.78667    
  -95.25050       33.51890       30.93476    
  -107.2406       39.66530       924.1386    
  -69.16380       18.48090       16.71862    
  -97.96680       24.23860       19.93988    
  -96.35370       19.50780       163.9117    
  -93.68190       32.81960       181.5866    
  -115.7321       32.14270       569.7292    
  -109.0801       31.22540       724.4497    
  -71.34670       19.79830       155.6070    
  -98.15500       44.42130       31.12112    
  -98.37390       33.03350       184.3717    
  -109.1053       26.44930       277.0448    
  -78.10340       21.16150       34.50211    
  -96.18740       29.82960       28.59203    
  -86.07260       37.08810       68.62284    
  -94.22870       33.43600       67.77824    
  -120.0392       39.67300       4874.554    
  -118.5256       34.66460       1004.609    
  -97.64880       42.87700       27.85992    
  -115.6075       35.31960       16987.61    
  -71.46640       19.67820       20.20610    
  -121.7451       37.82120       4069.199    
  -111.3539       35.47640       246.6858    
  -98.36590       33.00920       171.5489    
  -121.7673       37.48100       3758.175    
  -88.83820       19.91260       178.6014    
  -111.2888       35.42210       384.2880    
  -91.49160       31.92780       21.47508    
  -100.9113       30.34270       783.2141    
  -107.3443       24.53530       39.40056    
  -117.0447       49.81680       2127.462    
  -107.2555       39.63900       3477.742    
  -91.42100       17.17840       88.02293    
  -110.7901       45.07680       548.5475    
  -111.5208       26.25080       687.5850    
  -107.3104       24.51260       240.8789    
  -108.5671       39.34120       650.3607    
  -81.59110       23.04060       180.6414    
  -113.3536       44.90730       732.2884    
  -105.0686       29.03350       213.9277    
  -92.70330       17.15900       21.88328    
  -117.0934       49.85610       768.0159    
  -113.9962       42.28570       636.1976    
  -107.2382       39.61070       1499.925    
  -118.2511       40.08070       423.1539    
  -97.94080       27.80190       318.0988    
  -68.53460       18.70170       103.6224    
  -91.72180       17.14370       50.84772    
  -90.75720       16.01920       73.56690    
  -100.2441       31.26500       132.7338    
  -102.4070       27.16460       226.7746    
  -93.11760       17.85400       42.44508    
  -121.8110       37.48440       618.7902    
  -91.85890       32.22010       23.03469    
  -99.11680       31.17450       200.3136    
  -70.94470       19.60070       19.91326    
  -71.33610       17.97940       109.2830    
  -92.48230       17.88280       15.38752    
  -117.9650       43.83470       4936.517    
  -117.9207       43.83100       5965.048    
  -117.9304       43.80200       3056.836    
  -117.8862       43.79820       3262.537    
  -97.70380       31.21500       199.3668    
  -98.88630       21.61900       29.92313    
  -99.14150       34.44700       726.0502    
  -123.5085       41.15140       1030.559    
  -121.4757       37.51100       8376.520    
  -103.1298       26.40330       256.3781    
  -111.5379       39.02250       3771.555    
  -111.5034       39.02020       992.2541    
  -121.6837       38.32000       2670.627    
  -103.6567       25.40460       222.3061    
  -71.35520       17.97930       121.9903    
  -117.9998       43.86740       1631.216    
  -117.9554       43.86370       1805.248    
  -107.2258       39.69160       3989.222    
  -107.1936       39.68960       1166.041    
  -121.7280       38.32340       813.2109    
  -93.32440       18.01540       17.14457    
  -88.35370       15.02500       79.43990    
  -117.8764       43.82720       1484.089    
  -113.7880       38.34740       441.2609    
  -121.6542       38.29100       114.5278    
  -119.3828       36.34320       121.8450    
  -98.88850       28.56760       18.15620    
  -105.8647       40.70900       1122.406    
  -113.9123       38.19690       9150.983    
  -107.2580       39.69360       840.2776    
  -121.8394       37.51280       697.0294    
  -85.58560       32.23990       47.29301    
  -100.6824       23.53970       168.1260    
  -89.68650       15.42530       69.08488    
  -100.9035       30.31940       1091.347    
  -90.77920       16.03890       20.97814    
  -120.1392       39.65360       1973.206    
  -120.0959       39.65020       16244.67    
  -120.0527       39.64680       4814.729    
  -115.6626       35.34840       2699.988    
  -92.44580       17.05700       102.2202    
  -121.8833       37.51620       1516.484    
  -84.37850       30.38950       370.5917    
  -110.1146       27.33340       52.44867    
  -105.5752       23.66090       211.7892    
  -113.9335       38.22480       7075.040    
  -113.8976       38.22240       1468.728    
  -113.8764       38.19440       1412.543    
  -121.4477       37.48260       21644.30    
  -84.38110       30.41240       316.0658    
  -110.1046       27.31070       69.00423    
  -120.2593       39.77250       1210.892    
  -120.2726       39.74620       175.2526    
  -118.6398       34.67240       858.5037    
  -118.5805       34.64340       766.6485    
  -110.1431       27.33470       36.09943    
  -110.0861       27.33210       32.31911    
  -108.6429       39.50850       2716.308    
  -92.99080       30.00600       216.1675    
  -115.6269       35.34610       4974.846    
  -111.2638       47.62410       306.7086    
  -103.3323       25.39280       394.2158    
  -113.4899       47.64330       1002.491    
  -121.4910       37.48600       4964.737    
  -121.4045       37.47930       2112.827    
  -100.6123       31.74770       827.7980    
  -100.6039       31.72390       1010.634    
  -100.5782       31.72280       704.4215    
  -109.4170       27.83550       338.0811    
  -109.3887       27.83420       300.4704    
  -120.2125       39.68670       1906.694    
  -121.4198       37.45430       2731.200    
  -121.1521       35.93490       640.7956    
  -115.5718       35.31730       5367.215    
  -120.2425       39.71640       1042.925    
  -121.5191       37.51430       1851.875    
  -121.6404       36.53540       854.0099    
  -109.2391       27.35980       272.7684    
  -121.6940       36.59100       1467.751    
  -118.6611       34.69880       481.2848    
  -108.6612       39.53680       676.2596    
  -108.6282       39.53470       1450.165    
  -122.7011       39.77880       7384.402    
  -121.5976       36.53210       1101.310    
  -113.5261       47.67920       2175.799    
  -120.6349       46.50070       1942.704    
  -122.7348       39.80890       2420.496    
  -122.7480       39.78260       3913.564    
  -121.4630       37.45760       1906.110    
  -100.5865       31.74660       1085.198    
  -92.48470       17.90260       18.68864    
  -94.42350       47.79130       85.38348    
  -107.2728       39.66730       1558.377    
  -122.7818       39.81280       2312.723    
  -122.6542       39.77490       1893.254    
  -122.6675       39.74860       2762.571    
  -111.8724       36.09040       390.4321    
  -104.4495       29.32410       379.8195    
  -122.7143       39.75250       1957.320    
  -113.9483       38.19940       1192.260    
  -114.0938       37.76100       112.6399    
  -121.7390       37.45260       790.1427    
  -115.5912       35.34370       4382.813    
  -114.9074       30.42040       433.5070    
  -114.8746       30.41860       668.5940    
  -90.27840       15.81920       14.62435    
  -120.6809       46.53670       191.9979    
  -82.00910       31.95200       54.92504    
  -108.5408       39.44780       420.7279    
  -113.9695       38.22730       726.9745    
  -121.7826       37.45600       1555.408    
  -118.6732       51.06950       708.3148    
  -114.0019       43.78040       869.8740    
  -97.72840       31.21590       256.4569    
  -118.6442       34.72260       659.0591    
  -91.47830       31.97440       88.72022    
  -115.5525       35.29080       8529.152    
  -115.5169       35.28850       2588.259    
  -115.5362       35.31490       7033.329    
  -115.1338       30.68990       916.5938    
  -115.1190       30.66560       954.5757    
  -115.1043       30.64140       900.9542    
  -106.8671       24.04780       478.8278    
  -120.4556       40.58820       410.3248    
  -97.74250       31.26300       199.5260    
  -115.1373       30.64330       810.4678    
  -115.0000       35.78440       649.2377    
  -118.6189       51.06420       537.6004    
  -116.8866       43.83420       355.5740    
  -115.6015       35.21870       2441.736    
  -115.6522       32.66550       152.7038    
  -114.3858       48.92270       476.0793    
  -121.8527       37.56630       1675.676    
  -115.7197       32.76610       90.99400    
  -115.7372       32.74310       426.4225    
  -115.7028       32.74090       175.0663    
  -115.6866       32.66760       193.7549    
  -115.6697       32.64250       1843.242    
  -115.6354       32.64040       1791.854    
  -115.6106       35.37010       5743.404    
  -115.5556       35.34130       13041.52    
  -115.5332       35.26440       1815.427    
  -112.6458       33.01540       415.8464    
  -115.5749       35.36780       5575.720    
  -117.4930       44.91220       559.0067    
  -122.2507       39.52330       160.7436    
  -99.64530       31.87320       156.7044    
  -115.9885       36.28380       365.3241    
  -116.4213       48.90090       53.19076    
  -115.5199       35.33900       3034.509    
  -115.5393       35.36540       2409.712    
  -115.5495       35.24040       2614.983    
  -113.4948       32.96900       26.99471    
  -106.7546       29.33530       200.5224    
  -121.0769       40.55560       358.0000    
  -112.7801       26.79470       273.1349    
  -116.4356       50.03920       558.5580    
  -117.0532       33.09180       248.4859    
  -115.4977       35.26210       972.4495    
  -116.7325       45.68080       553.9668    
  -118.0346       43.90020       1659.865    
  -117.9901       43.89650       4329.269    
  -104.2921       34.95680       143.4772    
