  -93.18470       17.89460       6899.205    
  -107.2838       24.36200       492.6322    
  -70.34600       18.92870       29698.82    
  -98.95430       18.66500       3432.185    
  -78.11000       21.42470       756.8165    
  -88.70850       18.43830       4634.667    
  -97.92200       16.37040       430.6313    
  -107.2502       24.48890       956.1057    
  -107.2427       24.46720       11112.21    
  -102.5815       19.37800       8900.692    
  -103.7461       19.14770       2982.854    
  -90.39630       30.00660       53358.08    
  -98.67890       18.47920       1861.536    
  -103.3569       19.50030       2782.826    
  -98.76290       18.58080       6692.026    
  -93.91620       34.07940       3775.078    
  -93.11510       17.83420       5784.918    
  -90.39210       29.98380       978.0669    
  -81.11950       22.85130       5046.518    
  -92.41030       16.19790       2850.935    
  -92.32460       16.15770       1993.309    
  -82.76330       22.82400       943.4018    
  -92.34710       16.17750       439.6858    
  -93.51690       17.90030       321.5155    
  -103.3995       19.58230       4323.058    
  -101.0684       19.39850       19418.61    
  -92.43280       16.21770       2975.525    
  -81.83880       27.74090       3895.780    
  -71.24930       18.37250       2836.927    
  -109.6423       30.50830       29716.85    
  -110.8616       33.42080       7181.105    
  -101.1850       20.57650       939.3317    
  -102.2042       17.92530       1147.534    
  -70.36530       18.92860       3891.635    
  -104.2835       19.81030       12564.67    
  -104.2445       19.74830       4490.723    
  -99.02160       22.86340       570.1337    
  -88.62880       18.02300       4943.004    
  -104.3166       19.75040       4091.951    
  -104.3216       19.77080       3451.903    
  -103.5400       31.49770       5499.257    
  -80.56580       26.44720       2337.913    
  -80.60600       26.42600       403.6208    
  -104.2014       19.76730       4731.612    
  -81.72230       28.44510       2277.533    
  -104.2354       19.80890       2447.998    
  -77.99890       33.98790       14115.02    
  -79.45060       22.04090       945.3630    
  -81.71430       28.62250       2639.516    
  -80.60720       26.44750       722.8343    
  -81.11060       27.20960       810.6946    
  -81.18410       26.73300       1550.751    
  -78.11150       21.48550       910.0653    
  -69.70120       18.57650       2686.035    
  -78.11200       21.50580       906.9960    
  -80.95020       26.64450       7521.249    
  -99.39490       18.77520       9959.054    
  -79.41510       21.61300       4171.173    
  -83.00890       30.43890       6122.821    
  -81.10920       26.86220       403.6208    
  -82.98710       30.43860       5031.276    
  -103.2387       19.69930       7307.763    
  -103.2339       19.67890       3987.871    
  -71.59520       44.12740       3139.047    
  -81.26660       32.60230       3006.868    
  -81.40180       32.08560       14342.56    
  -84.50460       31.28810       8437.593    
  -99.17250       18.65010       3990.531    
  -82.28850       31.14180       18069.02    
  -90.46860       19.55730       4351.814    
  -82.19260       32.02440       3092.161    
  -78.51430       21.81220       2162.790    
  -111.6412       46.26680       7661.700    
  -80.85940       26.51420       2332.714    
  -80.87880       26.49280       9586.175    
  -80.85810       26.49270       2000.609    
  -71.32210       43.85890       6548.826    
  -81.20370       32.64900       4639.198    
  -84.65020       30.27960       39278.96    
  -78.49450       21.81220       828.0665    
  -79.41590       21.63330       454.7768    
  -75.12590       19.93080       3381.815    
  -96.41350       19.34860       5419.240    
  -80.99080       32.19870       2743.782    
  -85.24190       31.16130       3154.274    
  -102.2230       21.05530       15880.01    
  -101.9414       32.15720       8899.354    
  -80.73260       26.47010       4045.417    
  -80.73140       26.44850       2895.941    
  -98.64710       19.03790       29681.54    
  -92.59560       18.29950       454.7768    
  -79.59210       34.60810       3422.927    
  -77.99990       34.01220       14959.11    
  -82.45440       28.83070       9029.346    
  -99.39120       18.75510       5610.258    
  -79.83100       33.06340       3943.886    
  -82.84030       29.80050       4045.618    
  -92.55320       15.05750       5137.988    
  -80.25830       40.26050       3298.659    
  -78.24230       34.40280       4973.555    
  -78.86690       33.79980       13615.90    
  -82.58560       32.19360       5165.183    
  -102.2181       21.03460       7697.662    
  -98.56000       18.67600       3935.737    
  -98.53790       18.67550       3276.010    
  -97.74380       16.89630       6555.638    
  -82.24340       32.09540       14068.13    
  -86.02520       30.55370       1003.900    
  -78.00290       21.06010       374.4619    
  -81.77800       32.08980       61174.02    
  -83.23520       30.30490       4063.719    
  -104.5222       19.61440       6960.396    
  -80.99260       32.22220       4762.363    
  -82.69470       31.49420       3024.402    
  -82.43300       28.83050       23714.65    
  -78.71530       21.93530       606.1987    
  -78.69560       21.93520       723.7722    
  -80.08820       34.22170       1707.865    
  -80.83810       32.81110       11699.99    
  -82.97430       29.84740       2479.043    
  -82.54140       29.09960       58499.18    
  -80.87320       22.33590       862.7459    
  -102.0173       21.17230       5889.921    
  -90.51860       18.38500       5487.564    
  -81.75590       32.08960       30379.86    
  -84.63100       30.30210       174316.1    
  -80.87220       22.31540       1341.310    
  -92.61630       18.29990       566.2969    
  -80.20520       33.95580       966.8485    
  -81.61850       26.09080       12758.21    
  -115.8142       52.37290       44378.65    
  -77.82580       34.74330       139192.6    
  -77.82490       34.71870       21924.63    
  -82.04740       29.07170       1834.996    
  -82.27330       28.96250       7543.829    
  -96.58850       18.97220       8917.113    
  -79.18910       33.53710       1663.458    
  -83.03070       30.43920       9468.963    
  -80.53670       26.66270       474.2162    
  -102.1994       21.05460       13301.77    
  -110.8009       45.04690       5224.341    
  -88.56080       33.66000       3159.071    
  -84.64760       30.25680       43021.11    
  -82.56470       29.12230       41643.31    
  -82.56280       29.09990       34017.31    
  -77.80210       20.83750       12770.95    
  -63.30880       44.94420       6653.440    
  -81.85480       32.20810       643.1158    
  -82.51130       30.22750       18116.62    
  -77.90780       21.18100       3631.066    
  -101.9575       20.72040       3737.729    
  -72.02740       18.84310       430.4778    
  -82.48960       30.22720       4894.600    
  -78.42930       34.52610       8635.184    
  -85.56150       33.52400       15372.34    
  -79.48710       33.27550       2985.645    
  -81.36810       32.48530       67684.55    
  -81.95190       32.30330       689.0714    
  -86.00310       30.55330       465.6219    
  -82.54330       29.12200       45056.70    
  -79.69880       33.44500       1072.355    
  -81.37010       32.50890       12587.42    
  -82.65150       31.95990       3138.601    
  -94.35680       16.52090       20874.54    
  -84.65360       32.50680       14534.24    
  -83.18950       31.80350       3327.136    
  -84.43230       31.42610       20433.51    
  -82.76040       31.26320       2756.092    
  -84.82810       30.85480       2960.928    
  -82.56670       29.14470       11852.76    
  -81.90890       22.98130       1444.795    
  -103.4020       20.57830       572.4357    
  -77.00090       18.21030       1616.380    
  -81.35070       33.07830       3260.195    
  -84.61050       30.69060       5425.831    
  -84.19560       30.31840       7733.374    
  -82.53940       29.07720       22822.39    
  -107.0433       28.66920       61280.06    
  -99.06080       23.82740       3454.345    
  -80.68900       22.23230       38025.20    
  -84.42960       31.40280       3232.138    
  -82.52970       31.14470       18804.40    
  -74.64470       39.79370       15803.20    
  -87.75050       33.54490       2398.632    
  -84.63110       32.50640       11396.41    
  -83.16300       31.54690       3184.258    
  -85.12400       30.92860       1928.544    
  -81.33930       32.67410       7546.521    
  -81.40280       32.36770       8403.553    
  -87.60010       30.69830       7301.604    
  -84.47110       30.04940       3537.273    
  -81.98550       22.92010       534.8359    
  -77.54790       34.59470       2742.180    
  -81.40480       32.39130       13997.79    
  -82.54520       29.14440       3701.137    
  -79.95480       21.77870       701.3488    
  -79.28060       21.71400       395.9475    
  -101.3983       20.90890       9606.836    
  -94.33120       16.48140       6143.744    
  -84.65060       32.48310       11444.27    
  -94.31040       16.48110       9618.471    
  -79.85570       33.44630       4777.458    
  -85.85820       31.61280       2169.613    
  -83.69310       30.31120       3990.531    
  -82.52190       29.12180       8985.482    
  -78.77460       21.93560       471.8045    
  -99.12930       22.22320       5963.541    
  -77.80310       34.74320       15500.32    
  -77.80210       34.71860       17365.29    
  -103.7414       19.12750       4375.342    
  -70.19320       18.29830       2114.298    
  -99.98180       16.98230       4660.780    
  -77.84860       34.74340       32597.67    
  -80.63320       33.64590       2173.211    
  -81.99180       22.69360       5070.971    
  -103.7713       20.63020       662.9818    
  -88.65690       18.31910       580.1090    
  -81.80000       32.84540       16225.24    
  -84.43970       30.73380       12942.68    
  -83.60110       30.26430       3945.726    
  -106.8414       28.50250       25533.45    
  -78.33880       21.16230       1278.900    
  -83.30880       30.16930       829.8782    
  -82.71550       23.00920       2778.698    
  -81.98050       22.83760       684.4673    
  -101.8954       19.19850       5747.679    
  -84.36490       30.84750       2551.004    
  -84.79690       29.85030       16084.56    
  -103.9000       20.57270       14227.97    
  -81.72960       33.05880       438.9185    
  -83.81180       32.21070       515.2689    
  -83.35850       30.87900       1856.584    
  -84.62830       30.27930       55015.93    
  -84.62570       30.25650       14755.24    
  -80.85040       26.70850       6486.058    
  -92.48230       17.88280       493.1438    
  -84.35160       32.05470       679.0959    
  -81.32250       26.62610       523.0189    
  -79.50940       33.27570       8130.229    
  -82.97640       29.87000       6240.337    
  -99.00040       21.51940       1971.469    
  -102.2336       21.48680       570.9009    
  -99.03890       18.88690       8654.361    
  -74.66900       39.82090       9791.855    
  -84.00760       30.79620       4080.852    
  -93.30780       16.71860       9018.930    
  -94.16190       16.28360       5814.001    
  -83.37270       31.01730       4253.283    
  -82.45620       28.85300       2081.026    
  -106.9698       28.62080       10130.46    
  -106.8686       28.50370       29510.39    
  -80.83920       22.84930       388.6577    
  -93.37890       18.11520       2301.641    
  -93.46990       18.01800       420.5023    
  -93.30310       16.67940       6522.935    
  -94.33360       16.50100       6089.485    
  -82.48630       33.45100       1950.133    
  -85.17930       32.39770       2511.426    
  -83.21340       30.30470       6689.458    
  -82.43490       28.85280       2567.519    
  -107.1487       28.33650       9423.126    
  -77.71790       21.46390       2521.135    
  -102.2387       21.50760       2821.619    
  -78.43040       34.55060       4630.987    
  -106.8593       28.48080       23460.84    
  -78.33820       21.14210       5636.126    
  -93.47790       17.91940       363.7192    
  -94.16430       16.30310       9153.418    
  -82.90930       30.98810       19038.87    
  -83.07430       30.43970       7820.348    
  -83.05250       30.43940       11868.90    
  -82.39240       28.34150       1741.447    
  -78.05860       21.72910       458.1020    
  -78.48410       21.44640       636.8922    
  -96.57350       19.01180       8030.330    
  -79.73730       32.99110       2674.907    
  -93.43090       18.03700       371.3926    
  -84.80010       34.65200       2685.792    
  -79.76750       33.46960       14607.41    
  -106.8321       28.47960       16901.69    
  -81.15840       22.83100       3416.299    
  -99.20750       22.47390       888.0682    
  -77.61770       34.64410       14514.89    
  -82.84590       32.78740       9530.954    
  -81.91020       23.00200       428.1758    
  -80.93610       22.39780       458.1020    
  -98.41520       21.72990       776.5482    
  -94.52780       17.97760       17411.66    
  -82.75820       31.24010       2108.446    
  -83.07400       30.21170       7023.356    
  -106.9792       28.64370       15576.21    
  -81.15730       22.81040       2293.939    
  -104.5805       19.65670       4475.152    
  -105.6393       41.00230       39480.64    
  -80.59790       33.47720       401.0630    
  -85.25400       30.90780       579.5975    
  -83.09570       30.21200       2590.582    
  -81.44470       22.93630       3139.047    
  -81.14280       22.91330       594.9443    
  -90.54120       19.47850       2044.758    
  -71.63480       19.14120       3276.451    
  -96.73660       18.95530       4926.582    
  -78.36690       34.64820       6926.410    
  -84.70670       30.76090       4187.595    
  -83.69070       30.28830       1689.614    
  -84.60640       30.27900       79672.51    
  -106.8958       28.50500       15742.95    
  -80.81610       22.78730       349.3955    
  -81.49320       22.73060       2327.479    
  -78.61530       21.89410       353.9995    
  -78.22520       21.32380       502.6077    
  -78.93780       34.28540       1921.349    
  -84.78030       32.79320       2836.927    
  -87.87940       31.46650       2022.093    
  -81.17070       22.68700       1802.904    
  -80.31300       22.27070       415.8983    
  -80.70890       22.23240       2267.544    
  -78.35780       21.14220       1425.718    
  -81.25260       33.24440       988.3340    
  -83.58910       31.80910       1899.760    
  -84.67080       30.82930       17819.63    
  -82.80640       22.86570       2264.624    
  -78.62090       22.07770       587.7825    
  -99.31200       22.12490       529.4647    
  -78.08130       21.06040       448.8087    
  -94.18500       16.30350       6462.999    
  -84.71770       31.03730       3022.346    
  -83.02670       30.62210       30752.93    
  -107.0528       28.69210       15179.58    
  -80.65110       26.49100       577.0397    
  -98.95760       18.80500       1162.060    
  -98.87290       18.70310       5876.967    
  -77.62530       20.79670       10084.18    
  -101.6978       21.10160       3166.613    
  -93.43350       18.05680       369.0905    
  -120.0378       37.98050       36670.92    
  -85.57880       33.16470       1890.851    
  -98.46020       21.73110       567.8316    
  -99.79330       21.41750       4154.750    
  -98.74790       18.62040       577.0397    
  -81.35270       33.10220       4341.924    
  -85.02620       32.77370       2195.931    
  -84.07470       32.16770       3269.792    
  -82.93280       31.45090       460.4040    
  -82.66810       30.98500       5790.161    
  -107.0707       28.67040       19024.39    
  -77.33350       36.33690       2094.054    
  -83.22370       34.18640       2398.632    
  -115.4929       33.21190       908.5306    
  -96.52840       19.39120       4384.658    
  -79.20720       35.02320       4483.189    
  -80.83340       22.33560       1772.555    
  -80.81340       22.33550       1846.220    
  -80.83230       22.31510       2417.121    
  -80.81240       22.31500       1988.945    
  -98.84820       21.86480       389.8087    
  -98.47850       21.71100       3475.698    
  -77.86810       21.16070       358.7315    
  -69.27740       18.53940       3629.249    
  -93.43610       18.07660       431.2451    
  -79.82950       33.03950       6535.932    
  -83.16730       31.80320       6554.323    
  -115.6347       32.68850       1419.579    
  -100.1249       29.76320       7370.167    
  -107.1003       28.80710       6143.345    
  -81.13950       22.85150       432.4728    
  -98.80700       18.58180       4615.001    
  -93.57660       18.03960       687.5367    
  -83.74150       30.76940       1971.721    
  -106.9597       28.53030       11064.44    
  -84.44240       30.75680       6548.826    
  -106.9518       26.68590       8058.469    
  -115.4945       32.92120       21143.96    
  -106.9503       28.50740       16012.65    
  -98.48280       21.73170       2254.445    
  -92.49440       15.07590       2887.513    
  -82.86250       22.80440       555.5542    
  -96.42200       19.52930       1910.554    
  -69.50870       18.55780       5386.396    
  -92.53290       15.05720       574.4820    
  -82.88270       22.80460       540.2074    
  -93.30550       16.69900       12278.73    
  -84.77770       29.87270       52026.52    
  -84.75590       29.87230       31426.51    
  -81.97420       22.73460       417.6888    
  -78.55850       21.97540       282.3811    
  -96.40850       19.44880       5140.067    
  -92.90170       16.40000       6397.518    
  -84.77510       29.85000       13521.90    
  -106.9776       28.50860       16216.18    
  -84.67930       30.71460       1885.368    
  -106.9869       28.53150       19758.60    
  -104.4824       40.15670       5963.541    
  -107.0127       38.15070       9170.067    
  -107.1456       28.78660       6163.324    
  -90.36680       19.73570       3120.169    
  -90.66820       19.34080       540.2074    
  -69.00740       18.52120       9114.177    
  -84.12780       30.88990       422.0370    
  -106.8633       28.81900       4980.605    
  -107.0613       28.64740       51573.10    
  -107.0339       28.64620       19032.71    
  -83.07550       22.68290       659.9125    
  -79.07110       21.93700       2385.989    
  -98.87090       21.86540       503.3751    
  -93.41270       18.05650       1632.073    
  -78.15560       20.89920       397.4821    
  -92.59810       18.31940       2019.167    
  -100.1622       29.49190       4405.228    
  -99.03920       21.80820       431.2451    
  -103.1820       19.75840       5156.489    
  -112.6362       30.82980       11821.12    
  -82.44400       22.86230       342.2336    
  -77.95760       20.79770       294.6586    
  -95.67670       18.19740       1934.824    
  -79.05130       21.93690       2113.254    
  -79.07040       21.91660       1979.737    
  -98.46880       21.77240       851.3637    
  -90.66590       19.32080       5271.442    
  -93.36060       18.13460       1260.671    
  -120.0649       38.00900       66485.98    
  -99.22070       22.22570       4302.548    
  -102.4914       20.51110       11417.63    
  -99.04260       18.90700       4187.595    
  -98.46470       18.63390       429.7104    
  -81.04040       22.87130       935.6433    
  -81.97300       22.71400       668.0974    
  -80.26260       22.47530       2431.274    
  -96.52500       19.37110       3645.671    
  -107.3828       30.16570       20624.33    
  -106.9255       28.70890       29147.59    
  -81.02040       22.87120       431.2451    
  -80.28250       22.47540       1800.180    
  -103.7477       20.34370       27864.75    
  -72.23780       18.92160       590.8519    
  -82.31040       31.14200       4808.891    
  -90.50670       19.35810       1114.203    
  -94.22650       16.30420       6649.738    
  -98.47180       18.67400       1927.495    
  -94.22890       16.32370       6185.575    
  -113.4607       36.75590       6184.760    
  -99.47560       29.96690       5156.489    
  -106.8982       28.70770       33420.46    
  -98.43010       18.93280       1751.602    
  -98.50170       18.59490       380.6007    
  -99.12480       22.09910       2166.015    
  -78.21200       21.56710       790.8206    
  -78.15080       21.48570       371.3926    
  -98.63830       18.49820       7428.729    
  -92.92220       16.40030       4999.966    
  -83.07400       22.66230       389.0414    
  -96.34860       19.34720       354.5111    
  -93.06560       16.75380       411.2943    
  -106.9349       28.73190       25082.83    
  -106.9076       28.73070       42713.46    
  -90.62720       19.34010       363.7192    
  -92.92440       16.41980       4610.384    
  -106.9690       28.55320       18539.92    
  -79.18690       21.85600       409.2480    
  -98.73860       21.98550       690.6060    
  -101.7008       20.20410       5738.513    
  -98.55290       18.63590       2337.913    
  -80.83290       22.72570       314.6094    
  -108.3301       31.14040       8511.662    
  -80.49580       22.35380       406.6902    
  -78.23160       21.56720       1689.683    
  -108.1367       30.54880       18183.60    
  -106.8455       28.84070       12769.50    
  -108.5323       31.26770       9505.643    
  -106.9528       28.71020       18989.43    
  -98.54220       18.57580       4032.739    
