  -93.18470       17.89460       1.408001    
  -107.2838       24.36200      0.1005372    
  -70.34600       18.92870       73.56590    
  -98.95430       18.66500       29.74561    
  -78.11000       21.42470      0.1544524    
  -88.70850       18.43830       36.86667    
  -97.92200       16.37040      8.7883942E-02
  -107.2502       24.48890      0.1951236    
  -107.2427       24.46720       88.39255    
  -102.5815       19.37800       77.13933    
  -103.7461       19.14770       25.85140    
  -90.39630       30.00660       132.1714    
  -98.67890       18.47920       16.13331    
  -103.3569       19.50030      0.5679236    
  -98.76290       18.58080       57.99756    
  -93.91620       34.07940       30.02903    
  -93.11510       17.83420       1.180596    
  -90.39210       29.98380      0.1996055    
  -81.11950       22.85130       1.029902    
  -92.41030       16.19790       24.70810    
  -92.32460       16.15770      0.4067978    
  -82.76330       22.82400      0.1925310    
  -92.34710       16.17750      8.9731798E-02
  -93.51690       17.90030      6.5615408E-02
  -103.3995       19.58230       34.38796    
  -101.0684       19.39850       48.10115    
  -92.43280       16.21770       25.78789    
  -81.83880       27.74090      0.7950571    
  -71.24930       18.37250      0.5789647    
  -109.6423       30.50830       257.5460    
  -110.8616       33.42080       1.465532    
  -101.1850       20.57650      0.1917003    
  -102.2042       17.92530      0.2341907    
  -70.36530       18.92860       9.639831    
  -104.2835       19.81030       31.12350    
  -104.2445       19.74830       35.72166    
  -99.02160       22.86340      0.1163538    
  -88.62880       18.02300       42.83937    
  -104.3166       19.75040       32.54961    
  -104.3216       19.77080       29.91649    
  -103.5400       31.49770       47.66023    
  -80.56580       26.44720       20.26191    
  -80.60600       26.42600      8.2371600E-02
  -104.2014       19.76730       37.63783    
  -81.72230       28.44510      0.4648027    
  -104.2354       19.80890       21.21598    
  -77.99890       33.98790       34.96382    
  -79.45060       22.04090      0.1929312    
  -81.71430       28.62250      0.5386767    
  -80.60720       26.44750      0.1475172    
  -81.11060       27.20960      0.1654479    
  -81.18410       26.73300      0.3164798    
  -78.11150       21.48550      0.1857276    
  -69.70120       18.57650       23.27896    
  -78.11200       21.50580      0.1851012    
  -80.95020       26.64450       65.18416    
  -99.39490       18.77520       79.21974    
  -79.41510       21.61300       36.15017    
  -83.00890       30.43890       1.249555    
  -81.10920       26.86220      8.2371600E-02
  -82.98710       30.43860       43.60439    
  -103.2387       19.69930       63.33395    
  -103.2339       19.67890       31.72170    
  -71.59520       44.12740       24.96969    
  -81.26660       32.60230       23.91827    
  -81.40180       32.08560       35.52744    
  -84.50460       31.28810       73.12581    
  -99.17250       18.65010       34.58460    
  -82.28850       31.14180       44.75813    
  -90.46860       19.55730       37.71572    
  -82.19260       32.02440       24.59673    
  -78.51430       21.81220      0.4413858    
  -111.6412       46.26680       1.563612    
  -80.85940       26.51420      0.4760641    
  -80.87880       26.49280       83.08018    
  -80.85810       26.49270      0.4082875    
  -71.32210       43.85890       16.22186    
  -81.20370       32.64900       40.20639    
  -84.65020       30.27960       97.29652    
  -78.49450       21.81220      0.1689932    
  -79.41590       21.63330      9.2811607E-02
  -75.12590       19.93080       29.30906    
  -96.41350       19.34860       46.96675    
  -80.99080       32.19870       21.82554    
  -85.24190       31.16130      0.6437294    
  -102.2230       21.05530       137.6268    
  -101.9414       32.15720       77.12773    
  -80.73260       26.47010      0.8255953    
  -80.73140       26.44850      0.5910084    
  -98.64710       19.03790       73.52308    
  -92.59560       18.29950      9.2811607E-02
  -79.59210       34.60810      0.6985565    
  -77.99990       34.01220       37.05468    
  -82.45440       28.83070       1.842724    
  -99.39120       18.75510       48.62224    
  -79.83100       33.06340       31.37182    
  -82.84030       29.80050      0.8256363    
  -92.55320       15.05750       1.048569    
  -80.25830       40.26050       26.23934    
  -78.24230       34.40280       39.56237    
  -78.86690       33.79980       33.72746    
  -82.58560       32.19360       44.76492    
  -102.2181       21.03460       1.570951    
  -98.56000       18.67600      0.8032116    
  -98.53790       18.67550       28.39208    
  -97.74380       16.89630       56.81553    
  -82.24340       32.09540       34.84766    
  -86.02520       30.55370      0.2048776    
  -78.00290       21.06010      7.6420806E-02
  -81.77800       32.08980       151.5320    
  -83.23520       30.30490      0.8293305    
  -104.5222       19.61440       55.36678    
  -80.99260       32.22220       41.27381    
  -82.69470       31.49420      0.6172249    
  -82.43300       28.83050       205.5270    
  -78.71530       21.93530      0.1237140    
  -78.69560       21.93520      0.1477086    
  -80.08820       34.22170      0.3485439    
  -80.83810       32.81110       28.98164    
  -82.97430       29.84740      0.5059273    
  -82.54140       29.09960       506.9929    
  -80.87320       22.33590      0.1760706    
  -102.0173       21.17230       1.202025    
  -90.51860       18.38500       43.65108    
  -81.75590       32.08960       75.25286    
  -84.63100       30.30210       431.7921    
  -80.87220       22.31540      0.2737368    
  -92.61630       18.29990      0.1155708    
  -80.20520       33.95580      0.1973160    
  -81.61850       26.09080       31.60289    
  -115.8142       52.37290       109.9288    
  -77.82580       34.74330       1206.336    
  -77.82490       34.71870       174.4005    
  -82.04740       29.07170      0.3744889    
  -82.27330       28.96250       65.37985    
  -96.58850       18.97220       77.28165    
  -79.18910       33.53710       13.23206    
  -83.03070       30.43920       75.32129    
  -80.53670       26.66270      9.6778803E-02
  -102.1994       21.05460       115.2820    
  -110.8009       45.04690       1.066192    
  -88.56080       33.66000      0.6447085    
  -84.64760       30.25680       106.5661    
  -82.56470       29.12230       331.2536    
  -82.56280       29.09990       270.5923    
  -77.80210       20.83750       110.6815    
  -63.30880       44.94420       16.48100    
  -81.85480       32.20810      0.1312481    
  -82.51130       30.22750       44.87605    
  -77.90780       21.18100      0.7410340    
  -101.9575       20.72040       32.39365    
  -72.02740       18.84310      8.7852605E-02
  -82.48960       30.22720       38.93432    
  -78.42930       34.52610       21.38991    
  -85.56150       33.52400       133.2270    
  -79.48710       33.27550       23.74945    
  -81.36810       32.48530       167.6590    
  -81.95190       32.30330      0.1406268    
  -86.00310       30.55330      9.5024891E-02
  -82.54330       29.12200       358.4055    
  -79.69880       33.44500       8.530099    
  -81.37010       32.50890       109.0910    
  -82.65150       31.95990       24.96614    
  -94.35680       16.52090       51.70757    
  -84.65360       32.50680       125.9634    
  -83.18950       31.80350       26.46586    
  -84.43230       31.42610       177.0905    
  -82.76040       31.26320      0.5624677    
  -84.82810       30.85480      0.6042712    
  -82.56670       29.14470       2.418931    
  -81.90890       22.98130      0.2948561    
  -103.4020       20.57830      0.1168236    
  -77.00090       18.21030       12.85756    
  -81.35070       33.07830      0.6653458    
  -84.61050       30.69060       1.107312    
  -84.19560       30.31840       61.51547    
  -82.53940       29.07720       197.7941    
  -107.0433       28.66920       531.0939    
  -99.06080       23.82740       29.93766    
  -80.68900       22.23230       94.19086    
  -84.42960       31.40280      0.6596202    
  -82.52970       31.14470       46.57970    
  -74.64470       39.79370       39.14554    
  -87.75050       33.54490       19.08003    
  -84.63110       32.50640       98.76888    
  -83.16300       31.54690      0.6498485    
  -85.12400       30.92860      0.3935805    
  -81.33930       32.67410       18.69322    
  -81.40280       32.36770       20.81614    
  -87.60010       30.69830       1.490123    
  -84.47110       30.04940       28.13740    
  -81.98550       22.92010      0.1091502    
  -77.54790       34.59470       21.81280    
  -81.40480       32.39130       34.67342    
  -82.54520       29.14440      0.7553341    
  -79.95480       21.77870      0.1431324    
  -79.28060       21.71400      8.0805607E-02
  -101.3983       20.90890       83.25924    
  -94.33120       16.48140       48.87069    
  -84.65060       32.48310       2.335566    
  -94.31040       16.48110       1.962953    
  -79.85570       33.44630       38.00251    
  -85.85820       31.61280      0.4427781    
  -83.69310       30.31120       34.58460    
  -82.52190       29.12180       1.833772    
  -78.77460       21.93560      9.6286632E-02
  -99.12930       22.22320       1.217049    
  -77.80310       34.74320       3.163330    
  -77.80210       34.71860       138.1330    
  -103.7414       19.12750       37.91963    
  -70.19320       18.29830       16.81828    
  -99.98180       16.98230       37.07438    
  -77.84860       34.74340       80.74654    
  -80.63320       33.64590      0.4435124    
  -81.99180       22.69360       40.33727    
  -103.7713       20.63020      0.1353024    
  -88.65690       18.31910      0.1183896    
  -81.80000       32.84540       40.19097    
  -84.43970       30.73380       32.05984    
  -83.60110       30.26430      0.8052502    
  -106.8414       28.50250       5.210908    
  -78.33880       21.16230      0.2610000    
  -83.30880       30.16930      0.1693629    
  -82.71550       23.00920       22.10328    
  -81.98050       22.83760      0.1396872    
  -101.8954       19.19850       49.81322    
  -84.36490       30.84750      0.5206131    
  -84.79690       29.85030       39.84249    
  -103.9000       20.57270       35.24359    
  -81.72960       33.05880      8.9575209E-02
  -83.81180       32.21070      0.1051569    
  -83.35850       30.87900      0.3788947    
  -84.62830       30.27930       136.2780    
  -84.62570       30.25650       117.3712    
  -80.85040       26.70850       16.06638    
  -92.48230       17.88280      0.1006416    
  -84.35160       32.05470      0.1385910    
  -81.32250       26.62610      0.1067386    
  -79.50940       33.27570       20.13910    
  -82.97640       29.87000       54.08292    
  -99.00040       21.51940       17.08606    
  -102.2336       21.48680      0.1165104    
  -99.03890       18.88690       75.00446    
  -74.66900       39.82090       24.25506    
  -84.00760       30.79620       35.36739    
  -93.30780       16.71860       78.16405    
  -94.16190       16.28360       50.38801    
  -83.37270       31.01730       36.86179    
  -82.45620       28.85300      0.4246993    
  -106.9698       28.62080       2.067440    
  -106.8686       28.50370       6.022529    
  -80.83920       22.84930      7.9317905E-02
  -93.37890       18.11520       18.30851    
  -93.46990       18.01800      8.5816808E-02
  -93.30310       16.67940       1.331211    
  -94.33360       16.50100       48.43909    
  -82.48630       33.45100      0.3979863    
  -85.17930       32.39770      0.5125359    
  -83.21340       30.30470       1.365196    
  -82.43490       28.85280      0.5239836    
  -107.1487       28.33650       1.923087    
  -77.71790       21.46390       21.84983    
  -102.2387       21.50760       24.45403    
  -78.43040       34.55060       40.13522    
  -106.8593       28.48080       4.787926    
  -78.33820       21.14210       48.84642    
  -93.47790       17.91940      7.4228406E-02
  -94.16430       16.30310       1.868045    
  -82.90930       30.98810       47.16050    
  -83.07430       30.43970       62.20731    
  -83.05250       30.43940       94.41170    
  -82.39240       28.34150      0.3553974    
  -78.05860       21.72910      9.3490198E-02
  -78.48410       21.44640      0.1299780    
  -96.57350       19.01180       69.59619    
  -79.73730       32.99110       21.27767    
  -93.43090       18.03700      7.5794414E-02
  -84.80010       34.65200       21.36426    
  -79.76750       33.46960       36.18349    
  -106.8321       28.47960       3.449325    
  -81.15840       22.83100      0.6972040    
  -99.20750       22.47390      0.1812384    
  -77.61770       34.64410       35.95432    
  -82.84590       32.78740       82.60161    
  -81.91020       23.00200      8.7382801E-02
  -80.93610       22.39780      9.3490198E-02
  -98.41520       21.72990      0.1584792    
  -94.52780       17.97760       150.9010    
  -82.75820       31.24010      0.4302951    
  -83.07400       30.21170       1.433338    
  -106.9792       28.64370       134.9938    
  -81.15730       22.81040       19.88081    
  -104.5805       19.65670      0.9132963    
  -105.6393       41.00230       342.1656    
  -80.59790       33.47720      8.1849597E-02
  -85.25400       30.90780      0.1182852    
  -83.09570       30.21200      0.5286903    
  -81.44470       22.93630       24.96969    
  -81.14280       22.91330      0.1214172    
  -90.54120       19.47850       17.72123    
  -71.63480       19.14120      0.6686634    
  -96.73660       18.95530       42.69704    
  -78.36690       34.64820       60.02889    
  -84.70670       30.76090       36.29249    
  -83.69070       30.28830       13.44011    
  -84.60640       30.27900       197.3539    
  -106.8958       28.50500       3.212847    
  -80.81610       22.78730      7.1305208E-02
  -81.49320       22.73060      0.4749956    
  -78.61530       21.89410      7.2244801E-02
  -78.22520       21.32380      0.1025730    
  -78.93780       34.28540      0.3921120    
  -84.78030       32.79320      0.5789647    
  -87.87940       31.46650      0.4126721    
  -81.17070       22.68700       15.62517    
  -80.31300       22.27070      8.4877200E-02
  -80.70890       22.23240      0.4627640    
  -78.35780       21.14220      0.2909628    
  -81.25260       33.24440      0.2017008    
  -83.58910       31.80910      0.3877062    
  -84.67080       30.82930       44.14037    
  -82.80640       22.86570       19.62674    
  -78.62090       22.07770      0.1199556    
  -99.31200       22.12490      0.1080540    
  -78.08130       21.06040      9.1593608E-02
  -94.18500       16.30350       1.318979    
  -84.71770       31.03730      0.6168054    
  -83.02670       30.62210       76.17699    
  -107.0528       28.69210       131.5563    
  -80.65110       26.49100      0.1177632    
  -98.95760       18.80500      0.2371551    
  -98.87290       18.70310       1.199381    
  -77.62530       20.79670       87.39620    
  -101.6978       21.10160      0.6462475    
  -93.43350       18.05680      7.5324602E-02
  -120.0378       37.98050       90.83622    
  -85.57880       33.16470       16.38738    
  -98.46020       21.73110      0.1158840    
  -99.79330       21.41750       36.00784    
  -98.74790       18.62040      0.1177632    
  -81.35270       33.10220      0.8861069    
  -85.02620       32.77370       17.46763    
  -84.07470       32.16770      0.6673043    
  -82.93280       31.45090      9.3960010E-02
  -82.66810       30.98500       1.181665    
  -107.0707       28.67040       3.882530    
  -77.33350       36.33690      0.4273580    
  -83.22370       34.18640       19.08003    
  -115.4929       33.21190      0.1854144    
  -96.52840       19.39120       38.00037    
  -79.20720       35.02320       38.85431    
  -80.83340       22.33560      0.3617460    
  -80.81340       22.33550      0.3767796    
  -80.83230       22.31510      0.4932900    
  -80.81240       22.31500      0.4059072    
  -98.84820       21.86480      7.9552807E-02
  -98.47850       21.71100      0.7093261    
  -77.86810       21.16070      7.3210508E-02
  -69.27740       18.53940       31.45349    
  -93.43610       18.07660      8.8009208E-02
  -79.82950       33.03950       56.64475    
  -83.16730       31.80320       52.13666    
  -115.6347       32.68850      0.2897100    
  -100.1249       29.76320       63.87477    
  -107.1003       28.80710       1.253744    
  -81.13950       22.85150      8.8259764E-02
  -98.80700       18.58180      0.9418370    
  -93.57660       18.03960      0.1403136    
  -83.74150       30.76940      0.4023921    
  -106.9597       28.53030       2.258050    
  -84.44240       30.75680       16.22186    
  -106.9518       26.68590       69.84007    
  -115.4945       32.92120       183.2477    
  -106.9503       28.50740       3.267889    
  -98.48280       21.73170      0.4600908    
  -92.49440       15.07590       22.96885    
  -82.86250       22.80440      0.1133784    
  -96.42200       19.52930      0.3899091    
  -69.50870       18.55780       46.68210    
  -92.53290       15.05720      0.1172412    
  -82.88270       22.80460      0.1102464    
  -93.30550       16.69900       30.41521    
  -84.77770       29.87270       128.8730    
  -84.75590       29.87230       272.3631    
  -81.97420       22.73460      8.5242607E-02
  -78.55850       21.97540      5.7628803E-02
  -96.40850       19.44880       44.54725    
  -92.90170       16.40000       55.44516    
  -84.77510       29.85000       107.5605    
  -106.9776       28.50860       3.309425    
  -84.67930       30.71460      0.3847690    
  -106.9869       28.53150       4.032367    
  -104.4824       40.15670       1.217049    
  -107.0127       38.15070       1.871442    
  -107.1456       28.78660       1.257821    
  -90.36680       19.73570       27.04146    
  -90.66820       19.34080      0.1102464    
  -69.00740       18.52120       78.98953    
  -84.12780       30.88990      8.6130008E-02
  -106.8633       28.81900       1.016450    
  -107.0613       28.64740       446.9669    
  -107.0339       28.64620       3.884228    
  -83.07550       22.68290      0.1346760    
  -79.07110       21.93700      0.4869365    
  -98.87090       21.86540      0.1027296    
  -93.41270       18.05650       12.98240    
  -78.15560       20.89920      8.1118800E-02
  -92.59810       18.31940       16.06155    
  -100.1622       29.49190      0.8990262    
  -99.03920       21.80820      8.8009208E-02
  -103.1820       19.75840       44.68957    
  -112.6362       30.82980       102.4497    
  -82.44400       22.86230      6.9843598E-02
  -77.95760       20.79770      6.0134411E-02
  -95.67670       18.19740       16.76848    
  -79.05130       21.93690      0.4312764    
  -79.07040       21.91660      0.4040280    
  -98.46880       21.77240      0.1737477    
  -90.66590       19.32080       45.68583    
  -93.36060       18.13460       10.02807    
  -120.0649       38.00900       164.6900    
  -99.22070       22.22570       37.28876    
  -102.4914       20.51110       2.330129    
  -99.04260       18.90700       36.29249    
  -98.46470       18.63390      8.7696008E-02
  -81.04040       22.87130      0.1909476    
  -81.97300       22.71400      0.1363464    
  -80.26260       22.47530      0.4961784    
  -96.52500       19.37110       31.59582    
  -107.3828       30.16570       178.7442    
  -106.9255       28.70890       5.948489    
  -81.02040       22.87120      8.8009208E-02
  -80.28250       22.47540      0.3673836    
  -103.7477       20.34370       69.02277    
  -72.23780       18.92160      0.1205820    
  -82.31040       31.14200       41.67706    
  -90.50670       19.35810       8.862981    
  -94.22650       16.30420       57.63107    
  -98.47180       18.67400       16.70496    
  -94.22890       16.32370       53.60831    
  -113.4607       36.75590       53.60126    
  -99.47560       29.96690       44.68957    
  -106.8982       28.70770       6.820503    
  -98.43010       18.93280       15.18055    
  -98.50170       18.59490      7.7673614E-02
  -99.12480       22.09910      0.4420438    
  -78.21200       21.56710      0.1613920    
  -78.15080       21.48570      7.5794414E-02
  -98.63830       18.49820       1.516067    
  -92.92220       16.40030       39.77246    
  -83.07400       22.66230      7.9396211E-02
  -96.34860       19.34720      7.2349198E-02
  -93.06560       16.75380      8.3937600E-02
  -106.9349       28.73190       5.118946    
  -106.9076       28.73070       370.1834    
  -90.62720       19.34010      7.4228413E-02
  -92.92440       16.41980       36.67352    
  -106.9690       28.55320       3.783657    
  -79.18690       21.85600      8.3520010E-02
  -98.73860       21.98550      0.1409400    
  -101.7008       20.20410       49.73378    
  -98.55290       18.63590       20.26191    
  -80.83290       22.72570      6.4206004E-02
  -108.3301       31.14040       73.76775    
  -80.49580       22.35380      8.2998008E-02
  -78.23160       21.56720      0.3448332    
  -108.1367       30.54880       157.5912    
  -106.8455       28.84070       2.606021    
  -108.5323       31.26770       82.38223    
  -106.9528       28.71020       3.875395    
  -98.54220       18.57580      0.8230080    
