  -112.5396       38.34190      0.0000000E+00
  -120.1944       38.71130      0.0000000E+00
  -93.11510       17.83420      0.0000000E+00
  -118.9787       42.19180      0.0000000E+00
  -90.72030       30.40230      0.0000000E+00
  -96.54390       29.20730      0.0000000E+00
  -93.18470       17.89460      0.0000000E+00
  -70.07490       18.37760      0.0000000E+00
  -120.0886       45.63370      0.0000000E+00
  -106.0046       38.48890      0.0000000E+00
  -111.1822       40.00330      0.0000000E+00
  -97.04900       32.45900      0.0000000E+00
  -90.71580       30.37930      0.0000000E+00
  -95.36410       33.40230      0.0000000E+00
  -98.45830       21.93680      0.0000000E+00
  -124.7908       53.41750      0.0000000E+00
  -70.34600       18.92870      0.0000000E+00
  -109.6423       30.50830      0.0000000E+00
  -97.46410       20.50150      0.0000000E+00
  -99.96110       36.12850      0.0000000E+00
  -99.95090       36.10270      0.0000000E+00
  -97.46790       20.52180      0.0000000E+00
  -102.2042       17.92530      0.0000000E+00
  -97.48990       20.52240      0.0000000E+00
  -81.02320       46.49280      0.0000000E+00
  -92.16520       18.64900      0.0000000E+00
  -105.9892       38.46140      0.0000000E+00
  -93.11760       17.85400      0.0000000E+00
  -95.19290       29.23250      0.0000000E+00
  -95.21630       29.23320      0.0000000E+00
  -95.99680       33.71450      0.0000000E+00
  -82.80680       30.14010      0.0000000E+00
  -81.23940       26.62540      0.0000000E+00
  -84.06080       41.74580      0.0000000E+00
  -81.17020       26.84100      0.0000000E+00
  -98.64710       19.03790      0.0000000E+00
  -82.82850       30.14040      0.0000000E+00
  -80.83870       26.51410      0.0000000E+00
  -82.06500       31.83580      0.0000000E+00
  -81.22010       26.64680      0.0000000E+00
  -80.63660       26.59870      0.0000000E+00
  -80.60770       26.81470      0.0000000E+00
  -80.27140       35.47910      0.0000000E+00
  -80.61590       26.59860      0.0000000E+00
  -95.98950       33.69000      0.0000000E+00
  -97.57320       28.72430      0.0000000E+00
  -95.08060       29.72650      0.0000000E+00
  -80.43800       26.74840      0.0000000E+00
  -80.86990       26.68700      0.0000000E+00
  -80.84910       26.68680      0.0000000E+00
  -80.63540       26.57710      0.0000000E+00
  -80.63410       26.55550      0.0000000E+00
  -80.29000       34.81090      0.0000000E+00
  -80.26720       34.81070      0.0000000E+00
  -69.68340       19.05090      0.0000000E+00
  -69.66400       19.05100      0.0000000E+00
  -80.94230       26.51490      0.0000000E+00
  -80.92160       26.51480      0.0000000E+00
  -80.86720       26.64380      0.0000000E+00
  -102.5187       36.09740      0.0000000E+00
  -80.92680       26.60110      0.0000000E+00
  -119.4894       46.11140      0.0000000E+00
  -72.99500       43.57900      0.0000000E+00
  -80.61020       26.85800      0.0000000E+00
  -103.0253       49.06210      0.0000000E+00
  -65.57330       48.07080      0.0000000E+00
  -122.8568       43.81450      0.0000000E+00
  -83.92520       40.06840      0.0000000E+00
  -102.5468       36.09880      0.0000000E+00
  -80.90480       26.57930      0.0000000E+00
  -72.96880       43.57920      0.0000000E+00
  -97.69530       38.19710      0.0000000E+00
  -80.99260       26.32160      0.0000000E+00
  -97.66810       38.19590      0.0000000E+00
  -97.70560       38.22390      0.0000000E+00
  -100.5365       37.90750      0.0000000E+00
  -105.9691       37.61770      0.0000000E+00
  -70.21730       18.73170      0.0000000E+00
  -97.70910       38.30320      0.0000000E+00
  -97.84060       38.57390      0.0000000E+00
  -97.73640       38.30440      0.0000000E+00
  -97.61370       38.19350      0.0000000E+00
  -81.26430       26.36690      0.0000000E+00
  -124.4583       48.03300      0.0000000E+00
  -100.5249       37.88070      0.0000000E+00
  -90.21580       36.75690      0.0000000E+00
  -89.50650       37.74350      0.0000000E+00
  -101.7873       36.36650      0.0000000E+00
  -101.7594       36.36510      0.0000000E+00
  -89.51260       37.76980      0.0000000E+00
  -100.5646       37.90880      0.0000000E+00
  -100.5530       37.88210      0.0000000E+00
  -80.00940       33.06490      0.0000000E+00
  -80.73770       26.55640      0.0000000E+00
  -80.71700       26.55620      0.0000000E+00
  -101.7760       36.34050      0.0000000E+00
  -101.7481       36.33910      0.0000000E+00
  -97.64090       38.19470      0.0000000E+00
  -94.33480       37.74590      0.0000000E+00
  -77.61470       39.88250      0.0000000E+00
  -71.08410       43.86100      0.0000000E+00
  -106.2574       37.71260      0.0000000E+00
  -80.35980       27.20340      0.0000000E+00
  -118.8526       48.45200      0.0000000E+00
  -80.78650       22.19200      0.0000000E+00
  -119.0040       49.72510      0.0000000E+00
  -97.38920       38.23650      0.0000000E+00
  -90.45770       36.63620      0.0000000E+00
  -108.5360       33.99750      0.0000000E+00
  -90.74900       36.41570      0.0000000E+00
  -90.51440       36.35800      0.0000000E+00
  -83.52690       41.11410      0.0000000E+00
  -89.48150       37.74280      0.0000000E+00
  -97.80120       23.07970      0.0000000E+00
  -90.72420       36.41500      0.0000000E+00
  -110.8483       39.95320      0.0000000E+00
  -97.95050       26.29190      0.0000000E+00
  -97.94500       26.27010      0.0000000E+00
  -110.8830       39.95550      0.0000000E+00
  -78.04840       35.16380      0.0000000E+00
  -118.1441       46.24330      0.0000000E+00
  -97.92710       26.29120      0.0000000E+00
  -97.92170       26.26940      0.0000000E+00
  -83.98050       39.60620      0.0000000E+00
  -97.44890       37.32430      0.0000000E+00
  -116.0100       46.78810      0.0000000E+00
  -123.8611       45.26970      0.0000000E+00
  -97.60350       38.16670      0.0000000E+00
  -90.53230       36.53650      0.0000000E+00
  -70.27590       18.71170      0.0000000E+00
  -88.52200       36.60840      0.0000000E+00
  -82.75030       33.81590      0.0000000E+00
  -101.3024       18.54140      0.0000000E+00
  -122.0353       39.20710      0.0000000E+00
  -88.52730       36.63400      0.0000000E+00
  -90.52620       36.51090      0.0000000E+00
  -123.5643       45.36520      0.0000000E+00
  -90.68150       36.23620      0.0000000E+00
  -90.78650       36.16340      0.0000000E+00
  -90.78040       36.13800      0.0000000E+00
  -82.74770       33.79170      0.0000000E+00
  -92.48470       17.90260      0.0000000E+00
  -116.1204       40.91500      0.0000000E+00
  -90.05980       36.93170      0.0000000E+00
  -90.55090       36.51160      0.0000000E+00
  -118.1777       46.08860      0.0000000E+00
  -107.8237       39.40280      0.0000000E+00
  -90.97420       35.41590      0.0000000E+00
  -100.4522       37.90340      0.0000000E+00
  -96.26790       37.01740      0.0000000E+00
  -88.54640       36.60900      0.0000000E+00
  -87.98740       33.57430      0.0000000E+00
  -100.4241       37.90210      0.0000000E+00
  -100.4407       37.87660      0.0000000E+00
  -100.4126       37.87530      0.0000000E+00
  -116.3112       47.36350      0.0000000E+00
  -123.7151       47.27430      0.0000000E+00
  -110.8624       39.92680      0.0000000E+00
  -107.8561       39.40480      0.0000000E+00
  -97.43930       37.29800      0.0000000E+00
  -89.93780       36.72330      0.0000000E+00
  -87.98310       33.55010      0.0000000E+00
  -80.57520       22.76500      0.0000000E+00
  -115.9718       46.75270      0.0000000E+00
  -92.35670       34.91190      0.0000000E+00
  -99.06670       29.18030      0.0000000E+00
  -98.58790       21.26270      0.0000000E+00
  -118.1115       46.39860      0.0000000E+00
  -97.41250       37.29690      0.0000000E+00
  -89.94370       36.74910      0.0000000E+00
  -80.42100       27.18210      0.0000000E+00
  -117.9980       46.48380      0.0000000E+00
  -116.0550       46.79200      0.0000000E+00
  -116.9859       44.20190      0.0000000E+00
  -116.1475       40.94500      0.0000000E+00
  -118.5469       39.58350      0.0000000E+00
  -107.1364       37.78980      0.0000000E+00
  -86.89170       36.54340      0.0000000E+00
  -123.6906       44.52120      0.0000000E+00
  -117.0693       43.81950      0.0000000E+00
  -109.7316       33.64870      0.0000000E+00
  -117.3242       47.25850      0.0000000E+00
  -88.55170       36.63460      0.0000000E+00
  -119.3039       51.86050      0.0000000E+00
  -105.8243       37.34910      0.0000000E+00
  -80.61090       26.51220      0.0000000E+00
  -90.53200       36.63840      0.0000000E+00
  -117.2827       47.22230      0.0000000E+00
  -70.22450       19.08770      0.0000000E+00
  -118.2857       46.25580      0.0000000E+00
  -122.2314       39.19590      0.0000000E+00
  -71.11990       19.58000      0.0000000E+00
  -121.7977       42.66180      0.0000000E+00
  -114.0290       42.49030      0.0000000E+00
  -90.03440       37.03370      0.0000000E+00
  -90.70650       36.13580      0.0000000E+00
  -102.7440       36.10860      0.0000000E+00
  -123.7373       44.55580      0.0000000E+00
  -83.41130       40.49930      0.0000000E+00
  -99.89570       38.72250      0.0000000E+00
  -93.99060       38.04730      0.0000000E+00
  -90.38950       36.65980      0.0000000E+00
  -90.66290       36.26100      0.0000000E+00
  -97.48540       37.35180      0.0000000E+00
  -102.7722       36.11000      0.0000000E+00
  -110.0641       34.08320      0.0000000E+00
  -99.71510       38.10470      0.0000000E+00
  -102.7158       36.10720      0.0000000E+00
  -122.8998       43.84810      0.0000000E+00
  -86.91590       36.54390      0.0000000E+00
  -90.75950       35.53440      0.0000000E+00
  -99.20640       24.14800      0.0000000E+00
  -99.22970       24.14870      0.0000000E+00
  -119.3659       51.90360      0.0000000E+00
  -109.3646       45.46500      0.0000000E+00
  -90.92540       35.41450      0.0000000E+00
  -117.3298       47.22650      0.0000000E+00
  -101.6870       36.38710      0.0000000E+00
  -101.6591       36.38570      0.0000000E+00
  -101.6757       36.36110      0.0000000E+00
  -101.6478       36.35970      0.0000000E+00
  -114.1101       36.82490      0.0000000E+00
  -106.0355       38.49070      0.0000000E+00
  -110.0785       34.10860      0.0000000E+00
  -121.8360       42.69420      0.0000000E+00
  -97.71360       37.75180      0.0000000E+00
  -116.0807       40.91190      0.0000000E+00
  -89.48270       36.32880      0.0000000E+00
  -109.6877       40.87070      0.0000000E+00
  -93.99890       38.07390      0.0000000E+00
  -90.43300       36.63550      0.0000000E+00
  -90.66330       36.15980      0.0000000E+00
  -107.3094       38.08920      0.0000000E+00
  -109.4708       47.15650      0.0000000E+00
  -119.0568       49.73010      0.0000000E+00
  -116.0851       33.44380      0.0000000E+00
  -90.04650       37.08550      0.0000000E+00
  -90.04050       37.05960      0.0000000E+00
  -89.50720       36.32950      0.0000000E+00
  -109.7222       40.87300      0.0000000E+00
  -118.5334       50.34340      0.0000000E+00
  -82.49230       31.21360      0.0000000E+00
  -82.47030       31.21330      0.0000000E+00
  -116.1397       33.56940      0.0000000E+00
