  -124.4641       52.58620       1019.204    
  -101.1152       43.08780       95.08935    
  -99.66600       25.87050       33.96286    
  -93.11510       17.83420       37.94048    
  -111.6797       25.18980       66.68168    
  -93.18470       17.89460       45.50761    
  -94.52780       17.97760       25.50327    
  -125.0003       52.19840       4387.311    
  -81.89520       22.75450       3.407303    
  -96.14000       18.44480       14.33485    
  -110.8616       33.42080       139.5293    
  -70.34600       18.92870       234.4270    
  -92.41030       16.19790       17.28883    
  -93.51940       17.92010       8.215610    
  -102.2042       17.92530       11.77461    
  -92.16520       18.64900       32.97738    
  -89.71060       35.93100       23.84064    
  -104.2404       19.82930       40.45974    
  -70.36530       18.92860       29.48383    
  -92.30640       16.17690       6.060420    
  -114.7779       51.97550       522.1273    
  -92.28610       16.17660       7.797741    
  -92.48470       17.90260       5.501329    
  -94.59030       37.00410       56.60026    
  -101.9423       32.22830       31.64531    
  -95.73510       29.06920       20.23929    
  -92.48230       17.88280       11.47926    
  -98.64710       19.03790       230.4010    
  -113.9204       49.67160       87.48483    
  -118.1748       46.56320       532.5778    
  -94.68820       32.44820       12.64592    
  -92.47780       16.25720       6.424045    
  -97.83160       41.78940       5.568852    
  -92.44140       16.29560       26.66923    
  -77.95420       37.75270       17.94367    
  -85.07190       38.52880       26.20721    
  -78.18540       37.62400       23.95561    
  -78.67300       38.67830       23.75590    
  -97.71610       32.22330       29.55243    
  -77.42110       26.77470       104.3279    
  -77.90220       38.69970       19.83248    
  -78.26970       38.80840       18.02237    
  -77.74120       38.32810       22.58699    
  -78.44490       38.91630       22.42959    
  -77.89110       38.46100       17.87120    
  -77.76640       38.35470       14.79566    
  -77.88750       38.38170       18.93050    
  -77.85870       38.27610       14.71696    
  -77.74240       38.35450       19.28158    
  -77.95060       37.67460       14.00866    
  -94.60530       33.30420       33.22158    
  -98.00450       34.94250       87.63094    
  -98.46370       34.64020       55.48887    
  -77.98490       39.91200       22.42959    
  -98.43770       34.63910       69.33917    
  -80.30050       22.43450       3.232224    
  -77.67360       38.99170       25.94740    
  -97.57660       32.17080       62.56743    
  -92.09310       30.09530       5.279300    
  -102.4619       20.18460       26.47192    
  -77.45360       38.32660       17.93435    
  -97.56930       32.14700       73.51600    
  -87.30240       30.64650       29.28347    
  -75.82420       20.03100       33.85623    
  -98.51390       36.21670       25.68442    
  -78.13550       20.87900       3.124484    
  -92.18770       30.96950       6.307326    
  -87.28000       30.64600       36.60658    
  -90.44400       16.09260       6.114291    
  -82.18380       31.44140       48.01228    
  -77.12120       39.12280       33.62999    
  -110.3037       40.71720       34.62576    
  -84.27230       33.79070       7.393309    
  -93.96010       30.79000       31.03479    
  -102.4572       20.16410       30.42218    
  -87.61950       15.67210       17.74261    
  -110.2689       40.71480       50.71139    
  -95.68100       31.58740       4.117719    
  -80.78850       22.23290       4.915675    
  -97.57600       34.43230       71.94707    
  -92.39950       31.09110       7.400445    
  -102.9515       34.59380       83.58395    
  -92.26260       30.99470       9.844816    
  -95.67460       31.56380       44.29767    
  -92.11130       30.07300       4.417373    
  -91.46930       16.30090       10.57732    
  -83.16390       42.30190       9.668900    
  -96.59460       42.21800       9.494658    
  -91.54480       30.53790       25.03863    
  -80.92970       22.66470       4.013345    
  -101.4631       26.88850       32.90588    
  -92.03680       29.93450       4.818034    
  -76.81910       20.41280       8.489975    
  -120.7870       51.49810       148.1751    
  -92.24300       32.87100       25.42020    
  -91.43920       30.58100       4.040280    
  -115.3987       49.04650       3436.821    
  -92.17260       30.89990       11.90199    
  -91.51980       29.85290       7.178231    
  -99.08060       19.81220       29.89211    
  -98.01520       26.27220       113.6716    
  -80.76890       22.64300       4.888739    
  -80.87520       22.37690       4.969545    
  -106.3460       41.69510       25.85974    
  -95.04970       38.11380       31.03169    
  -91.79420       29.97360       4.296165    
  -97.77470       26.04850       27.63888    
  -76.83850       20.41290       8.236374    
  -97.99890       26.20680       5.966147    
  -96.77220       36.06850       27.26231    
  -80.75840       26.55650       59.41203    
  -82.72720       22.88550       35.62508    
  -81.32960       22.66760       2.410701    
  -102.4012       20.32520       29.37049    
  -97.05580       46.35680       13.49453    
  -92.26770       31.01800       3.663188    
  -91.74070       30.81900       6.915613    
  -97.98640       26.24970       64.15950    
  -119.1631       49.84440       1387.043    
  -95.80300       31.94300       8.013223    
  -91.88640       30.08980       3.803250    
  -90.92400       29.81510       5.615990    
  -95.32670       28.92190       100.1548    
  -97.98980       26.07670       15.42714    
  -97.79800       26.04920       31.25381    
  -98.57140       18.61640       12.36382    
  -87.51590       15.59390       15.40838    
  -80.76100       26.59970       5.440911    
  -97.79260       26.02750       19.40681    
  -97.76940       26.02680       187.0875    
  -115.0214       32.65100       96.11261    
  -94.84930       31.60670       32.64682    
  -122.4075       41.48080       107.9096    
  -97.62680       42.23780       7.333108    
  -92.25540       30.85600       42.18361    
  -91.79190       30.84340       5.306234    
  -93.12470       29.98700       37.70477    
  -80.86590       26.62220       7.447584    
  -120.2499       50.02000       689.1060    
  -119.5740       45.71190       92.78827    
  -90.53220       30.00990       39.21560    
  -80.97500       26.70950       25.38594    
  -98.05110       26.23000       19.87818    
  -98.02770       26.22930       12.84809    
  -97.99520       26.09850       13.31946    
  -97.98450       26.05490       11.50133    
  -91.48340       29.78390       7.013253    
  -80.82450       26.62180       11.54173    
  -114.8324       32.20800       83.60090    
  -91.07260       30.11430       4.767531    
  -80.85940       26.51420       8.282575    
  -80.85810       26.49270       8.269107    
  -97.80860       26.09280       19.47415    
  -97.80330       26.07100       78.27965    
  -91.52180       30.53730       4.403905    
  -90.98700       29.90750       5.404997    
  -124.9305       52.19080       1014.282    
  -95.63350       42.63710       10.38352    
  -98.93790       28.90560       23.96509    
  -92.15250       30.80710       74.86976    
  -80.95020       26.64450       46.95854    
  -110.4476       43.12820       52.42077    
  -91.68110       30.86350       71.90347    
  -98.07450       26.23080       28.89072    
  -91.94670       15.84170       18.21227    
  -92.15750       30.83030       13.15785    
  -120.1960       50.04960       506.6247    
  -96.36720       46.25810       10.23538    
  -121.8896       39.57580       187.4622    
  -77.01470       20.47340       79.11307    
  -108.8971       41.23840       43.12880    
  -97.27580       46.24060       12.04901    
  -91.86840       30.66130       75.14745    
  -92.06620       15.82400       30.11784    
  -122.2633       39.22550       98.19227    
  -122.2314       39.19590       475.4684    
  -99.36870       36.38110       27.15412    
  -99.33850       36.30350       101.6190    
  -91.90120       30.70820       6.013284    
  -97.03130       31.07500       31.11448    
  -110.4111       43.12550       40.67431    
  -98.79630       18.52180       38.38817    
  -98.09100       34.74820       65.06373    
  -80.67300       26.51270       10.00643    
  -96.94570       46.38310       8.639466    
  -110.2853       44.15680       195.1469    
  -92.51470       15.07620       3.481375    
  -94.81120       41.20130       20.29567    
  -112.9247       44.59890       41.02495    
  -96.56530       38.38620       10.19497    
  -93.11760       17.85400       4.888739    
  -109.9719       43.71490       169.1617    
  -101.4139       26.88680       10.36763    
  -113.7598       44.33130       46.37222    
  -99.83380       25.70350       15.47153    
  -92.53690       15.09580       13.07187    
  -108.8072       25.97720       5.741687    
  -94.28390       37.66580       46.55620    
