  -103.8368       51.61920       467.3571    
  -104.6916       50.87370       2586.994    
  -100.7023       50.24030       622.6729    
  -102.9140       50.24430       2605.341    
  -96.11430       48.78630       752.3940    
  -96.75030       48.64910       255.9471    
  -102.6234       48.32110       1578.105    
  -102.5879       48.31880       13872.52    
  -118.2855       34.72300       17151.40    
  -102.5801       32.66060       5103.658    
  -83.10520       32.05970       650.2889    
  -93.27930       30.26510       2120.438    
  -83.07420       22.95080       122.8997    
  -109.7187       23.14050       7494.935    
  -105.5724       22.75620       15972.29    
  -104.9308       19.80900       792.5200    
  -103.3316       18.87470       1453.013    
  -102.7313       18.57780       20692.38    
  -100.5301       18.40270       1608.200    
  -102.6905       18.27670       11361.73    
  -101.4585       18.18590       3099.502    
  -101.5300       18.08800       4021.618    
  -101.4302       17.92630       1428.183    
  -101.3581       17.90470       1116.204    
  -101.2972       17.82370       3780.737    
  -101.4486       17.78760       2577.259    
  -101.1119       17.68030       4671.077    
  -100.9999       17.32100       25311.53    
  -99.91890       17.25710       6786.486    
  -100.4020       17.22840       2346.167    
  -100.3797       17.22790       2422.976    
  -98.93610       16.90100       3898.305    
  -99.25530       16.84860       22969.31    
  -98.22930       16.82750       214.7925    
  -93.72040       16.72530       1333.461    
  -98.97290       16.72480       1131.143    
  -98.31310       16.67210       1306.340    
  -98.54900       16.65720       1813.201    
  -98.47760       16.61650       552.4813    
  -98.30430       16.47580       1356.302    
  -93.00740       16.07080       4188.951    
  -100.1995       50.10170       633.9481    
  -103.2547       49.38860       333.7459    
  -100.9054       48.95870       798.6600    
  -100.8829       48.92300       752.6196    
  -96.27030       48.52170       334.3097    
  -101.9454       48.78540       504.5652    
  -106.1739       48.33060       1644.227    
  -104.1922       39.29580       1761.357    
  -111.5095       33.38520       3015.604    
  -94.17940       32.24260       1612.103    
  -115.7226       30.39720       2516.558    
  -80.91290       25.67840       18629.19    
  -80.89240       25.67830       10613.68    
  -88.05260       21.31330       151.3132    
  -75.74770       20.21090       569.4540    
  -104.9944       20.34030       3124.731    
  -102.6961       18.73730       2271.264    
  -100.0017       18.33030       1367.214    
  -102.6208       18.27490       5355.454    
  -93.18470       17.89460       2702.722    
  -100.9916       17.51880       3621.917    
  -100.5505       17.31080       1402.434    
  -98.31620       16.69180       4063.586    
  -98.30390       16.61300       3600.650    
  -93.91440       16.45500       5463.775    
  -102.2199       51.46780       867.3448    
  -124.0388       52.50280       10757.45    
  -98.30380       48.76880       556.0083    
  -100.0141       48.59650       814.6332    
  -97.63790       48.25660       585.7466    
  -95.67360       46.67250       397.4508    
  -105.8559       45.74630       2792.485    
  -81.03290       22.72710       242.9806    
  -79.86620       22.51390       177.5844    
  -109.7264       23.16190       8563.405    
  -80.86040       22.47930       283.2126    
  -103.3198       19.23680       3332.121    
  -101.4814       18.18650       7485.390    
  -102.1609       18.16340       1089.416    
  -101.3044       17.62530       3110.675    
  -99.58880       16.87540       1192.452    
  -98.90140       16.82160       2185.566    
  -98.66410       16.69880       6763.751    
  -98.12460       16.57030       1875.112    
  -99.38470       48.76320       394.8199    
  -97.05650       48.49540       436.9140    
  -104.5141       42.38360       1798.052    
  -88.05040       21.29300       1295.527    
  -102.1125       19.24450       1593.784    
  -102.5976       18.27430       2955.511    
  -100.5497       17.42940       1876.042    
  -98.78940       16.93730       2405.588    
  -98.47130       16.71450       1117.349    
  -93.70790       16.45170       506.8654    
  -100.3482       47.05460       2092.292    
  -117.2050       45.81520       3732.159    
  -100.4963       18.92190       2158.828    
  -102.7137       18.27730       7055.851    
  -102.6862       18.25660       10446.53    
  -100.7099       17.57180       2220.903    
  -98.04770       16.49030       1658.325    
  -96.17480       16.35720       2968.784    
  -96.57350       15.87680       3716.510    
  -107.6022       44.32740       2520.943    
  -123.0082       45.12850       1173.185    
  -98.93060       22.96500       954.0685    
  -105.5031       22.69110       1918.985    
  -98.70090       18.47970       574.5842    
  -102.6673       18.27610       5549.959    
  -100.2499       17.62060       27193.93    
  -100.3303       17.32560       1387.666    
  -98.91820       17.05810       2988.570    
  -93.57580       16.72290       2147.333    
  -98.19530       16.74820       1213.910    
  -98.39690       16.65410       158.9099    
  -98.29180       16.53440       250.3095    
  -96.17750       16.37680       589.4619    
  -92.54280       15.15380       430.2616    
  -96.21290       48.79150       404.1032    
  -96.73810       48.75080       711.0423    
  -95.90150       47.43290       3625.024    
  -103.6128       19.38620       599.2092    
  -101.6546       18.37030       674.1103    
  -100.9877       17.61790       3460.853    
  -83.65450       14.98350       499.7509    
  -86.91090       14.74190       5380.905    
  -96.75510       48.34390       1286.500    
  -107.5282       41.45880       1592.561    
  -109.9540       32.47860       5418.419    
  -109.7458       23.14150       8099.903    
  -103.8981       19.19230       1638.500    
  -100.5003       18.94200       2253.090    
  -102.6295       18.09540       1158.732    
  -100.4692       17.96310       4725.060    
  -100.6127       17.52990       3674.598    
  -98.95870       17.03920       1623.751    
  -97.96610       16.94010       853.8347    
  -99.44020       16.77390       1579.435    
  -99.41810       16.77340       1435.210    
  -93.79700       16.33610       1618.547    
  -104.3468       50.66780       683.2771    
  -104.3359       48.60540       5357.614    
  -121.2331       44.26780       5638.178    
  -80.91420       25.69980       14922.63    
  -80.89360       25.69960       15484.27    
  -81.73480       22.75320       203.5173    
  -81.03390       22.74770       215.3563    
  -100.7094       19.30880       2665.084    
  -103.0837       19.33110       7903.053    
  -103.5611       19.16280       6006.941    
  -98.96950       17.23660       892.6575    
  -99.32880       17.02740       1680.856    
  -93.52980       16.68310       1177.125    
  -119.2309       47.33420       3527.118    
  -107.6770       44.15160       2293.434    
  -101.5449       18.04850       656.6677    
  -98.57430       16.95250       2056.392    
  -99.40370       16.95020       872.3389    
  -98.87630       16.80140       1039.724    
  -98.52730       16.79420       1980.151    
  -98.17390       16.61040       7338.281    
  -124.1069       52.51020       7272.938    
  -107.2967       44.97670       2568.646    
  -117.5164       45.68610       3669.975    
  -112.2501       43.61560       2311.821    
  -107.9472       41.31660       1886.120    
  -87.85720       21.00620       4306.243    
  -103.0791       19.31080       1857.650    
  -101.4341       17.94630       18783.29    
  -100.9962       17.30120       5859.082    
  -99.33220       17.04710       1172.527    
  -99.84540       16.95970       1343.233    
  -119.6445       47.69870       4142.859    
  -103.1381       18.94990       3351.637    
  -103.1202       18.22780       4002.037    
  -93.85480       16.47360       1782.547    
  -99.41960       49.66520       2763.129    
  -111.2691       42.80720       2335.857    
  -121.6889       42.82690       7225.426    
  -104.0600       19.17670       8701.452    
  -103.6254       18.72190       1833.661    
  -98.03100       16.94140       1397.471    
  -95.81360       16.17520       3154.333    
  -118.2260       47.08070       3148.427    
  -80.87310       25.69940       17607.01    
  -80.87180       25.67810       7126.692    
  -99.28940       17.18420       1935.586    
  -98.98060       17.03970       3212.718    
  -98.54910       16.79470       3571.405    
  -98.14910       48.48770       360.8064    
  -119.2051       47.52710       4005.253    
  -112.1774       43.69930       266.6585    
  -100.6466       17.47130       16497.09    
  -98.97510       17.13810       5838.492    
  -98.75800       16.87760       3557.585    
  -114.1007       43.84780       2689.914    
  -105.5479       22.92300       1163.330    
  -105.5721       22.58890       2541.294    
  -100.2463       17.60080       26866.05    
  -96.34650       46.80270       266.6585    
  -103.4239       19.17920       1421.929    
  -103.2556       18.95310       5297.242    
  -99.06750       18.18940       664.8760    
  -101.5018       17.82860       1259.891    
  -101.1157       17.70020       1448.415    
  -98.95310       17.13760       5526.968    
  -97.56440       50.05090       429.8670    
  -96.14720       48.78810       775.0291    
  -123.1229       44.62030       2242.301    
  -121.0664       42.77300       5329.941    
  -121.7190       42.74220       4851.071    
  -105.5470       22.58810       2059.230    
  -101.0893       17.67980       4145.361    
  -98.84780       17.29320       559.1935    
  -102.0406       48.72330       580.6729    
  -119.5698       47.46310       2979.629    
  -112.6897       44.45920       3284.198    
  -123.0702       44.61550       924.0026    
  -104.2205       19.74760       10439.05    
  -104.1964       19.74690       9035.536    
  -98.11200       16.62880       5057.120    
  -93.92850       18.02610       132.4836    
  -101.5169       17.78920       1177.125    
  -100.7172       17.61160       1797.665    
  -98.99480       17.25680       2078.764    
  -98.97290       17.25640       3334.420    
  -98.19830       16.76790       819.4698    
  -119.2135       47.46260       5487.729    
  -121.3624       45.16160       10417.69    
  -100.8125       17.27720       1260.048    
  -99.10020       17.10130       3289.903    
  -120.2139       52.21190       13430.55    
  -121.0191       42.76890       7048.953    
  -80.34130       22.45530       116.1346    
  -104.4103       19.44920       179.8394    
  -103.5701       19.40520       1328.863    
  -102.1379       18.16280       1080.564    
  -98.97180       17.11830       3608.128    
  -120.7193       50.41720       8703.826    
  -122.2601       45.36710       15101.56    
  -120.9718       42.76490       9318.093    
  -121.3825       42.71300       7136.930    
  -80.23900       22.39310       757.5916    
  -100.2928       17.36430       2418.623    
  -103.4948       19.18110       1676.337    
  -99.05080       17.19880       3242.863    
  -99.94190       25.57780       556.5239    
  -87.90750       21.29090       248.2423    
  -100.5209       17.27060       734.6469    
  -98.49000       16.83280       1957.360    
  -95.81100       16.15560       1818.566    
  -96.82780       15.88140       2287.576    
  -85.64080       14.82640       213.6651    
  -101.3424       48.84920       429.0213    
  -98.88080       17.09670       1964.637    
  -97.18460       16.00480       3303.500    
  -99.94770       25.59950       345.0606    
  -99.04750       17.17900       2265.118    
  -98.54590       16.63750       1197.693    
  -98.79980       17.13440       1544.056    
  -97.97330       16.56730       20011.29    
  -104.8590       49.64020       367.5715    
  -99.29360       16.94780       1103.554    
  -120.4202       42.68850       4917.951    
  -83.80590       22.21810       1207.264    
  -93.11510       17.83420       2492.580    
  -100.4917       17.96360       1286.658    
  -120.2709       42.70490       3872.940    
  -98.23270       21.93090       504.8132    
  -121.0128       42.65210       6031.208    
  -102.5994       48.69180       346.1487    
  -99.33550       17.06690       668.1006    
  -122.4680       45.14000       5028.646    
  -105.1151       21.51430       2589.904    
  -105.1093       21.49350       2744.178    
  -102.0871       36.05100       1778.365    
  -88.01830       21.37380       7630.762    
  -102.2548       18.28560       1374.845    
  -103.2285       50.48060       2926.961    
  -100.7847       17.61310       2500.520    
  -98.96300       17.19700       842.7919    
  -98.13950       16.80600       1855.490    
  -101.0029       17.93590       2558.879    
  -102.7210       18.63770       2139.271    
  -100.7135       17.59170       1646.135    
  -98.49980       17.02970       2584.346    
  -102.0759       36.02510       1314.954    
  -101.4844       18.08690       1753.620    
  -98.12390       16.98260       1955.840    
  -99.05140       16.80500       621.2111    
  -85.23160       15.07230       1370.285    
  -100.2619       21.78000       3042.699    
  -104.4534       19.43020       2080.827    
  -100.1887       17.02630       1121.947    
  -97.95720       16.74350       2611.508    
  -98.12080       16.96290       2670.450    
  -77.12770       26.55780       9250.992    
  -100.7811       17.59320       2685.442    
  -97.78740       16.75970       3168.121    
  -98.13010       17.02210       1659.094    
  -100.4681       17.34850       4142.645    
  -110.8616       33.42080       1667.674    
  -85.23050       15.05310       1505.564    
  -98.49660       17.00990       494.5528    
  -71.23110       18.33320       1824.776    
  -97.80660       16.60320       12919.17    
  -109.6423       30.50830       6603.328    
  -96.48960       48.19510       463.4107    
  -97.37460       25.62730       834.0089    
  -100.7733       17.67240       1724.712    
  -97.78510       16.60280       10150.08    
  -102.8916       18.78260       1517.387    
  -98.15810       17.06200       724.3865    
  -98.09910       16.96240       773.1235    
  -104.9360       19.82950       6430.205    
  -103.9600       19.15370       757.9059    
  -96.64260       16.07290       2891.065    
  -99.26740       17.18370       21948.11    
  -98.06880       16.62800       1651.750    
  -96.63990       16.05340       5246.978    
  -101.0187       17.30170       8232.330    
  -102.2042       17.92530       357.7088    
  -93.31440       16.60150       548.1381    
  -97.75690       16.70030       2538.189    
  -97.75390       16.68060       1920.226    
  -100.6088       18.34470       9402.827    
  -92.48230       17.88280       886.4814    
  -99.51860       17.11030       2092.155    
  -92.48470       17.90260       918.2242    
  -93.00520       16.05130       2274.312    
  -71.38680       18.25400       1356.452    
  -104.5122       19.57360       1138.944    
  -100.8671       17.81350       3057.141    
  -100.6105       17.27260       535.5946    
  -104.2304       19.78840       2353.150    
  -103.1478       18.24850       1259.297    
  -95.91530       16.92020       1742.169    
  -104.1774       19.76660       1338.060    
  -95.91800       16.93990       1985.863    
  -93.89250       18.22320       1214.086    
  -98.45890       16.77320       611.1112    
  -98.64710       19.03790       853.1575    
  -69.41200       18.55830       191.9603    
  -100.5613       17.37040       1062.171    
  -100.6385       18.26570       1781.780    
  -94.90440       17.66860       598.3010    
  -103.7934       19.24990       1833.195    
  -100.1971       18.65430       1386.340    
  -92.13910       15.74750       1154.134    
  -75.90280       20.17110       341.3003    
  -81.12720       26.81900       1462.206    
  -80.80370       26.62170       785.2049    
  -80.92290       26.53630       1877.511    
  -79.65030       22.08280       337.5795    
  -103.7696       19.24920       683.5193    
  -102.9964       19.04670       5908.121    
  -97.80600       16.74050       1759.625    
  -97.78210       16.58310       10651.79    
  -101.2784       30.68000       1646.426    
  -80.91000       26.66570       674.9617    
  -79.64950       22.06240       206.3362    
  -71.22800       18.45130       171.9468    
  -98.39090       17.02740       2318.450    
  -92.89060       16.30240       1393.237    
  -97.46510       16.02950       892.0397    
  -81.04270       26.79660       442.8335    
  -80.58950       26.85780       1049.408    
  -80.91140       26.68740       1008.567    
  -71.22750       18.47100       1169.346    
  -80.59070       26.87950       798.0023    
  -80.61020       26.85800       653.9616    
  -80.56870       26.85760       593.0754    
  -80.74280       26.64280       524.0149    
  -92.87300       16.14650       825.6362    
  -79.28630       35.57000       738.4805    
  -81.18130       26.68970       1238.457    
  -80.78300       26.62150       639.3038    
  -80.76230       26.62130       1164.728    
  -80.76100       26.59970       672.2839    
  -104.5936       19.51520       955.2463    
  -103.4953       19.08040       1807.070    
  -100.7510       18.72780       1108.152    
  -100.4130       18.14080       979.7551    
  -100.3905       18.14030       1198.564    
  -80.79980       26.55690       637.2367    
  -80.77910       26.55670       553.0485    
  -81.08270       22.91290       1165.064    
  -97.91400       16.74260       489.4226    
  -100.3618       19.03890       1719.440    
  -100.2047       17.24370       2272.849    
  -100.7550       18.74790       1195.517    
  -93.13170       16.44250       624.7846    
  -70.69830       45.33170       1448.363    
  -103.3173       18.49310       1770.285    
  -97.78810       16.62240       24930.50    
  -68.99990       18.69880       711.8818    
  -80.80500       26.64330       856.3515    
  -88.26860       21.23530       1293.997    
  -87.84960       21.12770       343.0762    
  -71.60020       19.75740       204.6449    
  -100.6978       18.68650       5002.323    
  -83.82650       14.98480       655.0259    
  -97.88270       27.49110       226.9351    
  -82.87420       22.68090       790.3919    
  -101.1723       17.52310       2251.203    
  -92.16520       18.64900       1795.974    
  -100.6751       18.68590       1736.565    
  -102.6694       18.17630       1149.887    
  -95.95110       47.01000       627.7468    
  -95.93560       46.97670       659.8811    
  -69.52730       18.57740       2492.194    
  -100.3613       18.45850       1503.593    
  -96.23480       18.36720       732.2360    
  -103.1417       18.32830       3088.113    
  -97.81200       16.77990       3589.706    
  -93.17730       16.48220       1988.697    
  -93.77220       16.47220       2249.400    
  -113.8653       45.13250       2653.045    
  -89.20490       21.18880       1409.086    
  -100.3973       19.44180       2202.510    
  -69.57160       18.93270       1223.106    
  -100.4817       18.50130       1399.368    
  -83.08980       22.60070       602.2084    
  -100.2258       18.21600       1862.248    
  -88.04170       21.21160       2055.604    
  -88.62560       21.13920       153.3427    
  -88.60520       21.13890       172.7924    
  -97.29740       20.90400       4811.176    
  -70.36410       19.54360       763.0605    
  -101.0456       18.95560       1402.434    
  -101.4114       17.94570       20361.40    
  -100.5388       17.36980       2066.507    
  -95.44060       45.39420       558.6862    
  -89.20720       21.20920       1588.891    
  -90.40780       19.73640       2229.551    
  -103.4235       19.28000       1144.882    
  -85.45850       14.67160       566.9217    
  -88.61670       43.93580       224.1886    
  -103.6698       19.32720       218.7389    
  -103.1047       19.00940       1398.937    
  -97.76350       16.60230       9093.462    
  -97.80370       16.58350       8382.449    
  -96.10880       47.01790       593.4631    
  -81.15220       26.88420       4043.159    
  -81.13140       26.88400       7439.994    
  -88.96530       21.24590       121.2084    
  -100.3316       18.53770       1273.686    
  -83.82750       15.00390       5077.175    
  -102.9296       47.05160       752.9014    
  -82.82790       31.72860       1319.082    
  -81.15080       26.86250       3296.383    
  -81.13000       26.86230       7494.184    
  -100.8559       17.87280       3007.592    
  -92.71480       16.55300       1236.900    
  -92.25520       16.07900       2299.072    
  -98.03610       49.40920       390.1219    
  -93.55550       43.39860       689.9637    
  -98.46920       24.04190       423.1582    
  -78.14410       21.22230       856.7460    
  -77.55160       20.03420       357.9876    
  -102.2693       18.46580       1754.192    
  -98.01610       49.37320       517.6022    
  -75.21930       42.74950       1357.830    
  -111.2412       28.30390       3497.589    
  -78.12450       21.22220       270.0411    
  -97.89240       16.74220       2101.775    
  -94.19080       16.51810       652.9325    
  -96.12410       47.31270       533.8807    
  -77.33410       20.89670       502.9252    
  -89.18320       20.82370       2268.665    
  -102.2735       18.48590       1879.923    
  -93.27330       16.60080       2253.090    
  -92.77520       16.18390       2209.126    
  -106.7578       25.00560       4166.970    
  -98.44620       24.04130       2590.582    
  -80.26870       22.16820       169.9519    
  -88.27520       21.29630       919.9210    
  -96.53830       19.19110       1966.473    
  -100.3433       17.14810       2262.286    
  -81.16050       26.68950       1028.251    
  -106.9273       25.11990       2437.016    
  -83.09130       22.62130       429.5851    
  -77.31450       20.89660       299.3565    
  -104.7849       20.74280       7309.827    
  -96.54230       18.55250       1692.117    
  -92.99730       16.87000       3485.393    
  -94.10790       16.51680       995.2618    
  -94.44110       16.36620       1259.891    
  -96.00580       16.35420       2139.315    
  -85.77230       14.77000       245.5175    
  -96.73310       48.17430       572.9493    
  -70.05330       45.24540       724.6573    
  -88.34860       21.03370       2205.366    
  -96.94720       15.82510       3823.037    
  -96.75050       48.20880       242.9805    
  -80.87060       25.65680       2674.246    
  -99.07520       22.59460       1526.752    
  -88.82590       20.91940       1457.607    
  -66.54760       18.06630       269.4773    
  -93.13850       16.50110       1481.414    
  -69.88990       45.24730       634.0751    
  -110.9700       44.90620       3066.121    
  -88.86460       21.08200       2259.418    
  -103.4122       18.81660       2377.240    
  -103.1444       18.44850       3540.199    
  -103.0275       18.44540       1531.182    
  -91.11340       17.70370       126.8460    
  -98.32060       48.97550       298.2290    
  -80.91540       25.72110       15387.39    
  -106.4502       23.94710       26892.35    
  -88.07740       21.35430       322.5334    
  -89.08530       20.86270       2641.912    
  -100.8233       19.31160       1738.098    
  -103.0956       18.96890       3888.880    
  -96.96260       49.24500       451.0080    
  -106.4431       23.92560       9270.258    
  -82.24560       22.90170       139.8125    
  -89.12910       21.06590       1333.856    
  -89.08300       20.84240       4294.161    
  -89.06250       20.84210       3330.419    
  -89.46020       20.38400       2632.268    
  -103.1002       18.98910       2768.266    
  -101.3884       18.40370       2693.019    
  -100.6680       17.94790       3577.276    
  -92.36390       17.05570       2357.565    
  -96.78630       48.71920       991.3251    
  -88.49350       21.42160       331.4909    
  -88.13650       21.33490       793.6332    
  -89.00870       21.26690       1033.566    
  -89.13140       21.08620       1867.349    
  -100.9892       19.23540       2837.054    
  -96.21410       18.64520       233.9604    
  -100.1662       18.37410       2707.157    
  -102.2424       18.22530       6737.341    
  -100.3468       17.16790       1720.887    
  -93.16890       16.93140       1494.397    
  -98.73710       49.58950       312.0411    
  -88.15700       21.33520       666.7402    
  -100.9664       19.23480       3437.112    
  -103.2846       18.87340       1710.509    
  -100.4008       18.77930       2653.895    
  -101.3655       18.40310       2400.143    
  -100.5675       18.36370       2620.942    
  -100.5449       18.36320       3082.069    
  -100.9994       17.43980       4047.285    
  -99.70050       17.27210       33683.30    
  -100.1308       17.20260       950.8051    
  -100.1496       17.18330       2938.870    
  -98.86550       17.13580       560.2196    
  -93.18190       16.52130       1807.070    
  -92.98480       16.05100       2963.503    
  -80.87430       25.72080       5813.886    
  -80.93470       25.69990       12932.18    
  -80.93350       25.67860       18587.13    
  -107.3817       24.49400       1373.802    
  -82.83650       23.01040       4133.071    
  -98.13540       21.78430       398.2964    
  -87.71970       21.24760       4014.178    
  -89.45930       19.46180       862.9023    
  -100.8819       19.59520       3007.186    
  -102.0805       19.20340       2323.595    
  -102.2194       18.22480       6798.815    
  -102.5915       18.13440       1188.158    
  -100.1531       17.20310       8528.359    
  -93.65300       16.50930       2279.673    
  -92.79720       16.37890       3122.139    
  -98.03940       48.82220       535.2251    
  -96.76830       48.68410       1416.165    
  -80.89490       25.72100       25996.46    
  -88.15920       21.35550       246.3631    
  -88.13870       21.35520       362.6856    
  -88.13430       21.31450       493.8537    
  -88.13940       21.17250       2080.603    
  -102.1037       19.20400       2331.259    
  -102.2465       18.24540       2935.914    
  -102.2383       18.20530       5171.925    
  -102.2598       18.08610       1438.056    
  -102.2367       18.08550       6535.832    
  -93.86640       16.90380       1965.246    
  -93.82300       16.55110       1159.560    
  -93.79280       16.47260       411.5448    
  -83.29440       15.03860       1387.093    
  -85.44030       14.69060       856.3192    
  -107.2016       44.33010       2161.332    
  -117.7883       36.71770       3911.909    
  -80.87550       25.74210       31805.75    
  -80.85500       25.74200       3952.780    
  -80.85380       25.72060       11872.49    
  -87.74010       21.24780       3408.850    
  -101.9260       19.01830       1099.918    
  -103.5747       18.60020       2967.335    
  -100.0710       17.24070       8150.103    
  -99.29810       17.10550       2706.833    
  -92.78330       16.43710       1632.341    
  -97.51440       47.22110       608.0151    
  -82.85660       23.01060       4994.452    
  -80.61620       22.78590       146.5776    
  -88.72590       21.30320       1968.005    
  -88.05560       21.15100       1681.957    
  -88.03520       21.15070       1680.628    
  -88.05340       21.13070       1126.595    
  -88.03300       21.13040       2056.267    
  -89.21120       21.06720       1802.472    
  -103.4290       19.09870       3908.422    
  -103.4054       19.09810       4225.694    
  -102.7590       18.91970       2216.022    
  -100.8472       18.87040       2712.904    
  -100.7438       18.22840       1003.470    
  -93.18730       17.91430       392.3769    
  -100.5424       17.38970       4015.018    
  -92.53900       16.25810       907.0222    
  -85.78270       14.94260       391.8132    
  -83.26900       14.90430       3409.818    
  -96.07820       47.73940       716.9149    
  -75.17310       44.44740       1540.031    
  -80.93600       25.72130       8381.853    
  -98.15780       21.78490       474.6859    
  -98.13110       21.76360       405.3434    
  -88.12990       21.27380       334.9280    
  -88.10950       21.27350       334.1688    
  -89.50210       20.74790       1788.678    
  -102.7546       18.57840       5381.455    
  -102.7270       18.55770       3312.001    
  -102.8004       18.35950       4965.228    
  -94.94730       16.74610       282.3310    
  -92.29170       16.04070       1761.862    
  -85.85480       15.48140       1163.399    
  -85.46400       15.09340       2594.193    
  -85.76340       14.94240       2471.627    
  -97.08230       49.28630       1225.199    
  -102.8991       49.32980       515.8404    
  -77.12210       26.29950       6838.945    
  -88.11170       21.29390       296.8196    
  -88.64180       20.91660       2291.544    
  -101.8670       18.95650       4297.643    
  -100.1324       18.19390       2878.438    
  -101.4199       18.10520       5077.130    
  -99.86900       17.84990       2110.548    
  -99.94770       17.04070       2105.517    
  -93.28260       16.67910       2766.799    
  -93.28020       16.65950       411.1924    
  -98.82310       16.74140       53657.38    
  -95.53040       16.09230       1808.603    
  -84.11040       15.29390       1207.679    
  -96.83470       49.62190       370.8131    
  -98.89970       49.18140       403.1511    
  -80.89110       25.65690       12414.80    
  -82.94590       21.65860       2482.413    
  -88.13210       21.29420       256.5108    
  -88.23710       21.13340       730.5428    
  -89.47860       21.07150       1730.908    
  -89.47620       21.05110       2163.733    
  -89.17660       20.94510       2216.777    
  -100.8699       18.87100       1816.266    
  -100.8431       18.85030       3129.037    
  -100.7765       18.62840       3121.590    
  -100.5307       18.52250       1267.199    
  -100.7943       18.48890       2257.688    
  -93.42040       18.11590       620.6584    
  -90.66980       17.91360       2135.761    
  -90.92310       17.81890       554.0634    
  -94.96820       16.74640       253.6920    
  -93.30310       16.67940       2023.726    
  -93.17960       16.50180       1730.482    
  -93.79460       16.31660       1765.027    
  -96.83930       49.93950       432.4039    
  -98.87900       49.14570       568.2701    
  -95.67410       48.86650       410.7931    
  -77.20220       26.21380       8801.591    
  -107.6719       25.51680       1097.179    
  -106.4760       23.94810       4166.485    
  -89.44660       20.44430       2546.130    
  -90.84740       19.12440       2605.365    
  -101.1035       19.23830       4073.955    
  -101.9217       18.99810       1097.456    
  -102.7545       18.89940       2048.857    
  -101.5756       18.08910       2532.198    
  -93.16400       17.89420       2138.719    
  -100.2695       17.48250       5250.200    
  -92.85580       16.88730       157.2890    
  -93.44970       16.70130       3283.074    
  -93.30080       16.65980       2710.605    
  -111.2706       28.30540       3768.570    
  -83.38820       22.83020       1541.188    
  -83.08840       22.58020       409.2897    
  -88.55340       20.85450       2422.220    
  -89.46110       20.74720       2558.857    
  -88.24070       19.40450       775.7549    
  -102.1017       18.32160       1695.815    
  -102.9231       18.28270       2435.866    
  -95.15990       17.98940       179.8394    
  -95.70690       17.38800       734.8794    
  -98.17690       17.18050       6850.812    
  -99.92550       17.04020       6476.517    
  -93.06790       16.42200       2345.053    
  -96.14560       16.29810       6286.837    
  -96.12450       16.29770       3994.253    
  -85.42200       15.03550       6370.261    
  -84.38690       14.72070       2169.492    
  -102.8403       46.24260       1652.944    
  -120.7734       46.60890       5712.728    
  -98.32970       23.42860       1738.678    
  -83.10990       22.60090       441.4241    
  -98.27290       21.58240       1141.971    
  -98.26870       21.56180       324.7257    
  -87.72190       21.26790       2438.087    
  -87.78220       21.06590       181.5307    
  -88.36540       20.81130       607.2242    
  -89.46710       20.44460       1744.995    
  -103.3999       19.27930       2345.053    
  -101.1429       19.09860       3056.069    
  -101.5448       18.94820       1441.591    
  -102.7573       18.69880       8108.591    
  -102.7074       18.13730       1870.525    
  -99.72430       17.15420       2579.473    
  -85.29460       15.80420       1265.498    
  -101.7939       48.60540       833.5756    
  -95.82280       47.26480       1631.009    
  -88.29310       21.45920       136.4299    
  -87.91620       21.37230       1449.450    
  -89.45870       20.72700       1743.922    
  -102.9919       19.02640       2034.453    
  -103.1146       18.94930       2950.037    
  -101.3000       18.30170       1043.971    
  -100.1548       18.19450       2680.717    
  -93.44910       18.01760       136.4299    
  -101.8164       18.15480       3415.076    
  -101.5096       17.86860       5010.045    
  -99.74650       17.15470       5467.192    
  -99.72090       17.13440       1309.231    
  -93.95430       16.61190       2711.322    
  -93.09290       16.46140       2231.052    
  -106.2432       51.61410       720.2973    
  -96.42900       47.55870       1827.710    
  -96.41250       47.52480       4116.490    
  -69.70430       45.97180       775.7549    
  -106.5648       24.29180       5809.018    
  -102.7530       18.67860       5409.715    
  -91.51860       18.22250       453.2631    
  -101.8393       18.15540       4415.750    
  -93.40670       16.85700       160.1078    
  -94.67890       16.60450       1952.171    
  -96.94990       15.84460       3492.687    
  -87.93660       21.37260       2005.379    
  -88.05870       20.98890       2634.560    
  -89.99010       20.87720       224.1886    
  -100.8938       19.21290       4271.675    
  -100.8710       19.21230       4375.593    
  -101.1523       18.69770       1417.554    
  -101.1295       18.69720       719.2563    
  -102.7340       18.69820       4828.050    
  -91.52090       18.24230       1547.616    
  -102.1058       18.34170       1880.641    
  -101.5638       18.02910       1735.033    
  -100.5353       17.35000       7531.106    
  -100.1086       17.20210       4708.499    
  -93.07300       16.98860       2188.716    
  -97.57660       46.35190       459.7866    
  -97.54500       46.35030       2378.049    
  -105.8943       23.39780       3274.394    
  -89.48160       20.74750       1915.476    
  -101.2595       19.22220       4813.360    
  -101.2366       19.22160       1337.960    
  -102.9720       19.14670       2897.454    
  -102.3093       18.32690       1776.318    
  -96.10050       18.04720       639.7152    
  -95.75250       17.11350       1254.978    
  -93.79230       16.29710       843.6655    
  -98.41070       48.84330       277.9337    
  -96.80430       48.75440       1138.513    
  -96.44460       47.52640       2006.234    
  -92.55260       44.71250       366.4440    
  -98.15250       24.05390       217.6114    
  -106.5575       24.27020       1225.096    
  -103.1914       19.59680       5264.874    
  -102.2008       18.90490       2147.333    
  -93.73000       16.80370       2069.944    
  -94.86110       16.72500       255.3833    
  -96.81970       49.90300       474.9678    
  -96.67910       49.82460       914.7946    
  -97.62200       48.83320       394.3501    
  -98.39100       48.80800       438.6053    
  -101.6248       48.29040       551.4982    
  -110.6507       29.22600       3136.605    
  -109.0991       26.09880       3388.111    
  -106.8238       24.60070       3037.824    
  -103.3906       19.23870       1548.809    
  -101.0100       19.11530       2257.114    
  -101.3948       18.88420       2509.054    
  -103.3040       18.43260       2524.892    
  -101.6344       18.27000       1062.981    
  -102.2152       18.20470       3247.822    
  -102.6462       18.17570       2887.634    
  -100.6642       17.92790       2469.203    
  -99.70390       17.29190       11487.01    
  -92.08450       15.99880       1607.252    
  -92.06430       15.99850       292.5915    
  -91.98720       15.84220       149.3964    
  -97.49740       47.18750       549.8852    
  -80.47600       27.05210       4007.031    
  -109.0902       26.07660       3066.788    
  -103.4088       20.98780       2004.790    
  -71.45940       19.20130       246.6450    
  -100.8609       19.49390       7074.645    
  -100.8567       19.47360       5867.230    
  -101.3719       18.88360       3103.747    
  -93.40480       18.15520       289.7726    
  -103.0950       18.32710       4771.973    
  -100.8905       18.17210       1910.528    
  -99.94420       17.02090       16979.18    
  -100.5538       49.42050       346.1487    
  -95.60860       48.86310       8164.061    
  -95.99340       48.54130       700.1899    
  -70.96350       19.62050       237.3430    
  -103.1632       19.47470       2542.773    
  -101.5407       18.92800       5239.031    
  -102.2841       18.64640       751.0636    
  -100.1851       18.47430       1505.892    
  -100.1399       18.35350       1623.144    
  -103.1184       18.32770       4506.180    
  -101.7998       48.30150       511.0887    
  -97.69020       47.99100       526.5518    
  -92.99530       43.08100       221.5577    
  -80.47730       27.07380       3464.683    
  -80.45520       27.05190       3928.347    
  -105.1939       22.05540       293.1552    
  -98.83500       21.80270       287.7995    
  -71.67250       19.18070       1328.357    
  -100.2302       19.05570       1678.322    
  -100.6695       18.88610       1922.024    
  -96.19530       17.96990       534.3974    
  -101.7615       17.99410       5106.697    
  -95.69280       17.58470       592.1331    
  -97.01210       16.13820       757.2198    
  -80.45650       27.07370       1654.800    
  -81.73400       26.86790       1088.170    
  -102.7641       25.05050       1399.035    
  -105.0892       19.67160       3129.803    
  -105.0649       19.67090       2919.821    
  -102.7413       18.83880       3327.523    
  -103.5142       18.53840       2743.229    
  -103.2806       18.43200       1981.800    
  -103.0993       18.34720       3349.747    
  -101.7575       17.97410       3798.066    
  -101.7228       17.91350       668.9801    
  -99.86830       17.47340       3529.075    
  -99.84610       17.47290       6827.718    
  -99.73300       17.33210       4363.433    
  -97.74800       16.21060       300.4841    
  -81.73240       26.84620       833.4789    
  -80.91170       25.65710       2743.343    
  -101.0988       25.63770       1629.365    
  -104.7095       21.00710       2561.304    
  -101.0059       19.09510       3016.382    
  -100.2820       18.27710       2340.455    
  -102.9484       18.18340       8601.608    
  -98.55040       17.20800       2597.951    
  -81.71310       26.86770       3113.015    
  -81.71160       26.84600       4611.500    
  -102.9891       19.42950       4922.312    
  -102.9845       19.40910       4516.143    
  -104.8000       19.37960       1830.061    
  -101.1055       19.13780       972.6889    
  -101.2289       17.58390       3195.709    
  -100.6061       17.37140       2633.816    
  -99.33020       16.77150       4969.927    
  -95.85350       48.84140       334.5916    
  -68.96450       45.91850       919.7572    
  -80.89610       25.74230       29516.63    
  -79.45680       21.67420       282.2558    
  -100.5075       18.40220       2393.946    
  -101.6587       18.39040       1827.762    
  -101.5598       18.00910       3140.532    
  -97.95390       49.43940       503.8477    
  -97.58790       49.07190       627.9346    
  -96.75320       48.71750       1382.903    
  -97.65730       47.98920       705.8275    
  -97.56200       46.44710       259.8933    
  -107.5139       25.22950       100690.8    
  -106.9181       24.19870       1872.758    
  -80.56040       22.45670       578.4882    
  -101.7815       18.43350       2009.389    
  -98.85840       49.10990       510.3155    
  -98.45640       47.86670       557.9344    
  -69.90230       46.19190       592.2679    
  -80.35620       26.76940       4546.736    
  -80.33550       26.76920       2487.497    
  -80.31470       26.76910       3576.589    
  -80.35500       26.74780       1593.186    
  -80.33430       26.74760       18797.58    
  -80.31360       26.74740       6821.425    
  -108.3766       26.92310       5372.705    
  -82.99780       22.72330       2834.684    
  -80.36500       22.53750       487.6927    
  -108.3857       26.94550       4779.617    
  -80.87680       25.76350       3446.174    
  -80.95530       25.70010       10516.47    
  -107.0033       24.67190       2461.443    
  -106.4689       23.92660       5217.201    
  -104.7717       19.45970       2642.288    
  -71.64100       18.88390       238.4705    
  -77.72860       18.17270       1135.741    
  -97.87200       49.05330       390.6856    
  -98.87900       48.97330       643.2501    
  -101.7852       48.43550       619.0085    
  -95.32270       45.32640       648.6059    
  -95.72530       40.93180       351.7862    
  -80.52870       27.59750       3453.229    
  -80.43860       27.48750       1705.687    
  -80.54860       27.22660       666.9281    
  -82.87680       23.01080       5058.877    
  -80.44180       22.47650       290.9001    
  -82.96580       21.65880       614.3105    
  -84.25490       14.75800       1085.554    
  -84.38790       14.73980       2533.577    
  -83.75420       14.67790       2303.124    
  -97.67540       48.02370       490.1893    
  -118.7049       38.27720       11196.48    
  -118.6644       38.27420       2335.977    
  -118.6790       38.24870       22149.97    
  -118.6385       38.24570       14109.79    
  -80.52340       27.86060       5223.491    
  -80.56930       27.57600       2839.066    
  -81.78580       27.30310       4945.897    
  -80.52780       27.22650       4057.095    
  -80.54730       27.20490       2098.600    
  -81.14110       26.71100       981.8444    
  -81.32670       26.69100       757.2236    
  -81.30600       26.69080       2995.470    
  -81.13980       26.68930       1036.416    
  -80.89740       25.76370       4554.790    
  -80.47940       25.63240       3364.926    
  -83.45260       15.15480       4948.998    
  -83.65080       14.90690       650.2135    
  -83.60980       14.84910       3188.174    
  -83.59070       14.84900       395.7595    
  -83.60890       14.83000       2854.943    
  -83.58980       14.82980       1208.679    
  -100.3357       51.01130       1686.770    
  -100.2991       51.00900       2757.914    
  -96.83930       49.69240       425.6388    
  -97.70830       48.02550       819.1433    
  -95.42700       45.36240       266.0947    
  -80.52480       27.88250       1792.498    
  -80.54440       27.86070       2337.468    
  -80.53000       27.61940       1593.445    
  -80.54970       27.59770       581.5185    
  -80.54830       27.57580       2093.613    
  -80.52740       27.57560       421.1287    
  -80.56800       27.55410       1929.719    
  -80.52650       27.20470       399.7058    
  -81.12040       26.71080       2416.996    
  -81.11900       26.68910       572.4044    
  -81.32530       26.66940       2967.714    
  -108.0416       26.62250       2005.379    
  -80.50110       25.65390       5148.301    
  -80.48060       25.65370       6517.022    
  -80.49990       25.63260       2708.087    
  -80.42190       22.47630       303.8666    
  -83.52720       15.11690       1549.990    
  -85.09540       14.70700       2633.009    
  -85.07620       14.70680       2879.493    
  -97.35250       49.54530       428.4576    
  -98.19380       48.86520       485.8201    
  -101.7976       48.40250       1392.487    
  -101.7624       48.40030       1070.016    
  -97.78120       48.16360       562.3104    
  -73.23020       42.81140       778.0775    
  -84.45730       31.44970       1841.894    
  -81.78740       27.32490       3149.011    
  -81.76640       27.32470       3396.835    
  -81.76490       27.30290       4543.431    
  -81.78420       27.28130       2187.896    
  -81.75480       26.86810       4108.804    
  -81.16190       26.71110       2860.045    
  -81.30450       26.66920       630.2837    
  -80.85250       25.69930       35881.45    
  -88.16140       21.37590       188.2959    
  -87.42450       21.14190       1647.028    
  -88.49840       21.09670       680.4583    
  -88.17240       20.90960       1973.843    
  -88.49440       20.87390       2221.323    
  -96.83430       49.86840       725.4578    
  -97.45180       47.28330       628.0286    
  -98.42970       46.14270       493.2900    
  -81.80680       27.30330       395.7595    
  -81.75330       26.84640       2323.594    
  -82.13730       22.77710       235.6517    
  -80.55940       22.43620       436.0684    
  -87.96330       21.04830       1605.103    
  -88.48500       20.97490       2418.157    
  -88.19930       20.58680       619.7301    
  -89.19420       20.56130       2077.396    
  -89.17380       20.56100       5298.473    
  -88.84680       20.55600       4269.732    
  -89.19190       20.54110       3656.651    
  -89.17150       20.54080       2486.836    
  -89.43070       20.48430       4613.470    
  -85.65770       15.42190       1775.996    
  -85.26560       14.99580       967.2598    
  -83.77330       14.67800       1475.071    
  -83.60160       14.67680       1932.814    
  -98.06420       49.34120       270.0410    
  -99.22510       49.33930       440.4375    
  -97.89150       49.08890       498.9276    
  -96.15870       47.77680       633.1025    
  -97.46890       47.31700       720.9363    
  -82.35670       27.63670       4173.751    
  -80.54050       22.45660       588.2836    
  -87.88280       21.24990       2347.742    
  -88.22400       21.01160       8064.956    
  -88.20360       21.01130       4308.133    
  -88.22180       20.99130       1306.666    
  -88.62140       20.91630       1816.299    
  -88.60090       20.91600       3671.836    
  -88.61910       20.89600       5792.458    
  -88.59870       20.89570       5150.011    
  -88.59650       20.87540       1264.085    
  -88.50820       20.81340       1099.918    
  -88.84900       20.57620       2586.185    
  -89.29870       20.40170       3456.379    
  -90.64220       19.64010       1311.174    
  -85.13640       15.09070       3855.230    
  -96.00760       48.44020       442.5516    
  -96.17170       47.15140       531.6257    
  -93.56640       43.42870       1285.373    
  -115.3618       42.73880       6370.243    
  -82.37610       27.61500       373.7729    
  -82.35330       27.59290       399.1421    
  -81.57680       22.79310       338.2560    
  -87.88490       21.27020       379.4105    
  -87.97190       21.12950       1506.573    
  -88.24440       21.01190       4368.603    
  -78.21380       20.87920       3112.943    
  -69.57090       18.95250       759.2720    
  -91.30260       18.12040       315.3297    
  -90.57690       17.99100       642.1530    
  -83.47170       15.15490       3627.781    
  -83.43350       15.15460       1523.434    
  -85.11710       15.09050       1883.470    
  -85.00040       14.72540       4054.027    
  -98.51560       49.43680       619.9105    
  -97.15310       47.56340       996.3765    
  -96.18750       47.18490       464.5382    
  -87.86460       21.26990       2818.172    
  -87.86240       21.24960       2796.154    
  -87.99220       21.12980       3819.969    
  -78.21590       20.95990       1747.294    
  -88.86230       20.87950       2784.931    
  -93.11880       17.02850       2029.230    
  -95.64130       48.86480       661.9670    
  -96.01510       47.86930       519.4832    
  -96.46100       47.56030       1257.749    
  -96.39690       47.55700       1178.822    
  -96.38050       47.52310       7800.825    
  -95.86990       47.36560       310.8197    
  -95.28510       45.79390       448.7530    
  -82.86540       22.84560       1948.501    
  -88.33880       21.31760       161.2354    
  -88.40730       21.19680       2648.311    
  -88.38680       21.19650       1073.241    
  -88.40500       21.17640       5860.063    
  -88.38460       21.17610       504.6457    
  -87.96970       21.10920       2978.709    
  -88.08560       21.05010       2061.992    
  -88.06520       21.04980       1781.263    
  -89.45120       20.48460       1442.829    
  -89.41020       20.48400       1093.541    
  -91.30040       18.10060       334.0278    
  -90.31700       17.82970       2927.210    
  -90.97430       17.54440       1786.931    
  -90.55670       17.42060       1128.470    
  -92.03650       17.22690       1574.484    
  -83.57900       15.00220       156.1615    
  -83.67170       14.94530       4011.216    
  -83.65260       14.94520       3410.965    
  -83.67080       14.92620       1921.085    
  -85.15090       14.66910       2611.782    
  -96.14230       47.74270       267.9269    
  -104.9450       27.37390       1117.522    
  -80.93220       25.65730       2078.769    
  -81.37650       22.79150       248.0544    
  -88.08340       21.02980       1547.273    
  -89.43300       20.50450       2061.164    
  -90.96810       17.85890       188.2959    
  -91.28060       17.74560       311.8720    
  -90.72890       17.52120       3633.098    
  -95.23680       17.33990       201.2623    
  -95.57200       16.87470       2896.020    
  -89.70690       16.10260       2439.315    
  -83.27440       15.01930       1610.871    
  -83.55350       14.86790       2597.988    
  -83.53440       14.86780       3134.554    
  -85.17010       14.66930       2798.867    
  -97.33460       49.75490       745.4786    
  -96.82470       49.72670       624.5208    
  -96.09890       48.81980       430.7126    
  -98.24530       48.66310       279.0612    
  -97.95060       48.24020       345.7728    
  -81.09140       22.31700       2915.223    
  -91.01260       18.07640       204.1751    
  -93.82150       18.00440       152.7790    
  -90.99940       17.95790       769.5323    
  -90.74910       17.52150       2416.306    
  -95.95950       16.78380       5204.328    
  -95.04940       16.72830       2248.492    
  -95.87450       16.00080       1990.996    
  -98.27890       48.66500       410.9811    
  -101.8203       48.43770       1380.648    
  -95.75910       47.32720       3204.744    
  -96.20340       47.15300       599.4648    
  -83.01080       22.62050       1427.433    
  -98.43570       21.93620       429.3032    
  -98.47220       21.89600       979.2511    
  -98.46780       21.87530       1586.421    
  -98.44530       21.87470       462.2832    
  -88.10510       21.23290       451.7596    
  -89.12730       21.22820       1080.979    
  -88.96140       18.56040       2299.929    
  -95.92310       18.28160       320.7794    
  -95.74650       18.23840       247.4907    
  -95.05200       16.74790       2852.361    
  -93.20240       16.52160       188.8596    
  -96.05330       16.08190       1526.584    
  -83.27080       14.94260       2088.044    
  -83.55440       14.88700       1801.416    
  -98.26130       48.86910       540.0820    
  -96.28290       46.92910       652.2308    
  -89.01450       38.97080       165.1817    
  -81.00430       22.17310       1494.960    
  -88.41440       21.07520       2772.510    
  -88.39390       21.07490       3592.338    
  -87.76180       21.06560       432.6858    
  -91.50710       18.12360       187.1683    
  -93.47510       18.05760       204.0811    
  -91.16720       17.82260       251.0611    
  -92.03880       17.24660       1017.729    
  -92.86940       16.65300       1782.240    
  -98.81990       16.72160       3243.502    
  -98.34100       16.71190       2454.990    
  -98.33790       16.69220       2667.412    
  -98.05020       16.64720       5363.862    
  -93.67130       16.49010       1962.613    
  -98.30190       16.31910       2130.238    
  -97.05830       48.87080       578.2925    
  -96.21930       47.18650       876.6468    
  -82.62380       22.84330       195.6247    
  -80.36590       22.55810       280.7525    
  -80.38490       22.53770       323.0345    
  -80.34500       22.53740       409.8535    
  -79.47660       21.67430       272.3900    
  -88.08660       20.86790       1342.749    
  -88.06630       20.86760       3694.801    
  -70.15320       19.46510       1645.424    
  -70.09170       19.00910       691.5531    
  -95.75250       18.27820       1439.219    
  -90.60300       17.28400       5638.212    
  -90.60090       17.26440       1549.736    
  -99.72270       17.27260       5536.286    
  -100.5138       17.23090       9480.744    
  -100.4914       17.23040       8412.468    
  -99.86420       16.94040       4541.100    
  -98.37290       16.35970       1631.719    
  -92.49300       16.02420       3670.468    
  -92.49090       16.00470       2445.107    
  -83.69930       15.11810       1201.014    
  -85.30570       14.68950       2197.629    
  -102.0755       48.93060       767.5592    
  -96.72080       47.70620       481.4434    
  -97.64000       46.35530       272.8599    
  -80.82320       22.13090       808.2715    
  -87.57930       21.26580       1178.924    
  -88.10730       21.25320       425.0750    
  -98.65820       21.38740       191.1147    
  -102.2511       20.28030       3186.513    
  -68.98060       18.69890       1146.717    
  -96.31730       18.21010       1271.500    
  -101.7705       18.15370       1650.691    
  -101.7476       18.15310       788.0012    
  -101.8839       18.03690       902.6901    
  -100.1145       17.85560       1781.781    
  -101.5930       17.83080       6158.286    
  -90.97000       17.50510       1171.459    
  -100.5641       17.50900       1962.122    
  -90.62320       17.28430       3661.070    
  -90.62110       17.26470       2961.764    
  -99.72610       17.29240       6408.112    
  -100.0399       17.06240       2461.859    
  -98.80130       16.74090       9098.188    
  -98.79810       16.72120       2425.520    
  -90.38950       16.15010       1759.875    
  -84.17610       15.44820       1617.473    
  -83.45170       15.13560       3249.354    
  -98.70050       48.48520       579.7332    
  -96.32680       45.90720       471.3033    
  -95.89520       45.88610       840.6788    
  -87.55680       21.24520       306.9673    
  -88.07060       20.32320       996.5812    
  -90.27940       19.33460       4048.994    
  -102.9850       19.30830       2918.646    
  -103.0425       19.14860       15581.63    
  -103.0190       19.14790       23741.54    
  -103.0379       19.12830       9023.090    
  -103.2412       18.99290       2515.184    
  -103.2891       18.89370       2925.952    
  -102.7369       18.81860       3358.735    
  -100.2520       18.23660       3977.394    
  -101.4388       18.08580       3774.309    
  -101.0934       17.46180       1422.366    
  -101.0708       17.46120       3144.712    
  -99.28600       17.16440       1316.670    
  -99.85560       17.01900       3077.931    
  -98.95100       16.72430       1433.213    
  -99.11980       16.68850       2073.829    
  -98.05320       16.66690       793.9294    
  -98.56770       16.63800       989.1057    
  -98.56460       16.61830       925.4909    
  -92.14950       16.03860       439.7328    
  -92.12920       16.03830       2441.227    
  -83.66010       15.09860       2686.567    
  -85.28650       14.68940       2542.181    
  -98.65830       48.58460       326.9808    
  -106.4483       24.09580       6032.161    
  -106.1455       23.55470       4489.558    
  -106.1387       23.53330       6708.709    
  -88.02050       21.39410       523.1693    
  -87.62990       21.16510       1090.171    
  -104.4656       20.81490       2216.375    
  -102.2418       20.03630       2331.964    
  -102.2372       20.01590       5031.964    
  -102.9278       19.46820       13741.91    
  -104.1803       19.48310       2561.166    
  -103.0879       19.45240       4347.667    
  -96.42840       18.51030       777.7407    
  -103.3569       18.35400       1823.930    
  -95.26970       17.87280       1111.857    
  -90.56460       17.30310       2020.498    
  -90.54440       17.30280       1351.477    
  -100.7415       17.25580       2791.072    
  -99.80450       16.97850       4990.420    
  -99.78240       16.97800       5298.050    
  -99.23330       16.84820       7572.750    
  -93.65540       16.52890       378.6588    
  -92.86300       16.41890       1784.628    
  -98.39410       48.63750       434.6590    
  -96.30390       47.81750       1379.521    
  -95.93330       47.43450       626.9011    
  -96.34440       45.81350       392.7998    
  -96.10060       40.47540       321.9070    
  -107.5166       25.38070       2477.687    
  -104.5919       21.82830       6010.333    
  -88.31000       21.05340       1942.937    
  -88.28960       21.05310       2785.070    
  -88.28740       21.03280       1541.117    
  -89.01480       20.96280       311.1955    
  -103.9247       19.90130       5106.238    
  -102.8007       19.52530       3959.001    
  -100.6085       19.14540       2956.695    
  -95.84060       18.43880       262.7121    
  -91.74150       17.32040       1504.626    
  -100.7379       17.23600       2639.334    
  -99.25860       16.86840       2469.203    
  -99.25210       16.82890       3561.813    
  -93.75220       16.64760       1644.610    
  -98.31930       16.71150       2401.380    
  -98.87900       16.54620       3023.244    
  -85.01960       14.72550       2060.801    
  -97.15410       49.35980       1525.647    
  -98.36280       48.87490       291.4639    
  -98.52630       48.81570       630.6595    
  -96.27170       47.81580       1371.543    
  -96.20180       45.96420       299.5820    
  -86.32210       39.30390       1019.457    
  -88.76450       21.10080       1287.480    
  -102.2745       20.28100       5071.673    
  -96.67330       19.35420       353.1956    
  -96.79340       19.29670       1842.086    
  -102.9615       19.30760       6575.468    
  -101.0807       19.01670       1497.154    
  -103.2746       18.93350       3199.158    
  -103.3416       18.81470       1761.089    
  -91.24610       17.98140       1949.482    
  -90.77360       17.56110       2867.270    
  -90.77150       17.54140       4645.034    
  -92.62120       17.15770       1229.205    
  -99.31140       17.18470       2491.587    
  -95.74970       17.09380       5333.018    
  -94.66810       16.68250       2600.250    
  -92.88910       16.10780       3401.093    
  -86.01080       15.19420       312.8868    
  -83.72910       14.94570       2222.052    
  -98.06940       48.99560       405.3434    
  -102.9683       48.47870       550.2298    
  -89.50390       38.79790       133.0473    
  -107.4156       25.24710       10582.07    
  -105.5727       22.84000       5442.194    
  -88.34640       21.01340       1461.637    
  -88.68490       20.93750       2316.369    
  -88.66450       20.93720       3071.560    
  -89.43970       20.38370       742.8553    
  -101.0497       18.97580       2584.157    
  -91.00590       18.01720       192.8059    
  -90.79390       17.56140       3369.830    
  -90.79180       17.54170       2015.125    
  -92.07960       17.24720       1321.922    
  -99.73620       17.09530       3027.615    
  -99.71410       17.09480       1919.146    
  -84.17500       15.42900       4779.073    
  -96.16470       48.82320       975.8687    
  -92.56380       43.44770       201.8261    
  -105.9426       23.23100       8957.563    
  -105.8523       23.10160       5536.164    
  -104.6982       22.89370       7385.687    
  -99.42180       22.10730       3691.389    
  -98.49040       21.87590       672.0019    
  -88.38950       21.03430       4273.044    
  -89.86290       21.01690       1493.879    
  -104.0076       19.15500       4112.272    
  -103.0433       19.04790       5576.398    
  -91.08740       18.01840       267.7860    
  -90.51400       17.97040       4277.438    
  -90.49370       17.97010       4917.516    
  -90.49160       17.95030       1953.327    
  -90.72050       17.44250       2937.083    
  -101.4406       17.62850       1246.387    
  -95.56050       17.24750       1473.337    
  -95.74800       17.23130       2855.900    
  -93.76980       16.45270       562.3038    
  -83.66290       15.15620       3378.459    
  -98.93520       49.35690       2384.332    
  -98.87980       49.31890       504.5652    
  -97.68400       49.00830       386.1756    
  -95.65840       48.90000       459.4644    
  -98.64670       49.02860       510.7665    
  -107.5218       25.25140       8925.636    
  -107.5059       25.20760       5204.132    
  -105.8589       23.12290       6044.259    
  -104.8236       22.56350       5915.739    
  -99.41720       22.08650       6317.295    
  -98.49480       21.89660       528.2431    
  -88.16500       21.03100       1982.494    
  -98.50520       20.85220       803.0804    
  -101.4956       20.52390       2109.959    
  -101.5102       20.28020       291.4639    
  -102.9043       19.46750       7883.693    
  -104.5646       19.49410       4460.453    
  -100.9415       19.33480       4372.833    
  -101.1077       19.03750       4194.232    
  -101.0848       19.03690       9573.334    
  -68.92660       18.60060       2837.742    
  -100.0913       18.33240       5121.395    
  -93.46210       18.11660       218.7389    
  -100.6258       17.23340       2438.166    
  -93.53220       16.70270       2148.489    
  -98.82630       16.76110       6066.270    
  -86.00960       15.17500       364.1890    
  -97.17330       49.39560       2893.216    
  -97.12040       49.35790       1526.944    
  -97.10130       49.32210       1814.555    
  -98.91420       49.32090       715.9752    
  -95.97140       48.95050       527.5541    
  -92.55360       43.41770       193.9334    
  -105.9493       23.25230       3926.814    
  -87.31490       20.85700       510.4982    
  -89.36700       20.46320       554.0634    
  -104.7554       20.06810       2422.976    
  -96.53170       19.41130       1356.452    
  -70.85260       18.78810       1167.928    
  -90.83760       18.86560       3301.467    
  -103.0388       19.02770       11276.96    
  -103.0907       18.30700       2328.605    
  -102.9526       18.20350       4119.936    
  -95.75950       18.04050       272.2961    
  -91.87300       17.93210       413.7998    
  -102.8426       18.12080       2625.540    
  -102.1095       18.02260       2738.194    
  -101.4368       17.60860       720.2823    
  -90.06270       17.31560       1681.154    
  -99.47980       17.01090       3522.068    
  -93.22980       16.58060       1223.106    
  -98.29890       16.29950       3827.668    
  -83.71180       15.36790       4456.221    
  -83.69260       15.36770       6410.986    
  -83.69160       15.34850       9088.777    
  -98.81750       49.21120       385.0481    
  -97.62150       49.07380       453.8268    
  -101.5454       48.21820       750.8156    
  -95.66160       45.96960       391.2495    
  -107.8867       26.15620       4401.417    
  -107.4421       25.24820       8938.368    
  -107.5405       25.23060       4453.920    
  -105.9680       23.23190       7203.667    
  -105.4414       22.98220       2554.027    
  -104.8226       22.81420       5158.990    
  -104.8974       21.61060       5574.956    
  -87.61160       21.18510       233.1147    
  -87.66430       21.10480       1757.314    
  -88.46680       20.99490       1235.356    
  -88.10490       20.84790       1087.606    
  -87.90140       20.84500       3206.110    
  -89.13520       20.76230       5900.775    
  -103.4684       20.84610       2588.754    
  -103.0198       19.04730       6460.391    
  -90.89330       17.91690       2145.034    
  -90.50550       17.89150       5194.371    
  -90.50340       17.87170       4577.255    
  -90.89860       17.40590       2481.784    
  -99.80110       16.95870       2574.960    
  -83.57070       14.82970       3361.242    
  -97.28540       49.05520       691.7335    
  -95.65700       48.83130       604.4634    
  -102.2661       48.70390       3724.537    
  -98.51280       48.44060       336.8868    
  -102.3061       48.19960       483.7061    
  -100.4171       47.78140       402.5247    
  -97.40710       37.42620       474.1222    
  -83.16160       22.47820       658.4717    
  -87.72280       21.47110       2468.137    
  -89.57670       21.03250       361.9339    
  -90.17960       19.17360       1187.980    
  -103.1140       18.30760       3292.271    
  -91.99840       17.95380       141.5038    
  -90.61530       17.40180       2070.415    
  -99.30580       16.88900       4762.497    
  -98.02990       16.37250       1218.508    
  -90.11670       16.22420       1838.762    
  -91.80310       15.82020       337.6922    
  -83.55990       15.00210       792.6157    
  -86.60950       14.87330       1631.240    
  -98.29840       48.70020       272.8599    
  -95.67930       48.08640       380.2561    
  -95.64710       48.08480       435.9274    
  -97.70520       47.59300       1665.815    
  -107.4793       25.20650       4077.138    
  -83.16020       22.45760       2513.074    
  -89.17960       21.14780       2414.766    
  -88.58490       20.95620       3242.048    
  -89.13290       20.74210       2676.941    
  -88.35050       20.28690       833.1472    
  -96.16760       18.48510       130.7923    
  -95.19720       18.24750       246.3631    
  -101.4774       18.16640       1265.909    
  -91.34520       17.41250       187.1683    
  -100.6612       17.55080       2197.912    
  -100.6503       17.49110       5857.528    
  -101.0482       17.46070       3783.249    
  -99.27070       17.20350       1499.759    
  -100.0433       17.08220       3858.588    
  -100.0211       17.08180       1398.973    
  -99.20570       16.94600       2082.579    
  -99.18380       16.94550       223.8127    
  -92.61480       16.57100       2786.474    
  -92.68180       16.26030       2255.769    
  -98.32060       16.29990       2816.949    
  -97.62210       16.22770       941.3946    
  -86.60820       14.85410       2228.728    
  -97.06770       49.32020       1326.809    
  -97.59770       49.21070       728.6034    
  -98.73420       48.48710       346.4708    
  -96.33720       47.88580       1613.904    
  -96.25100       47.05760       676.1361    
  -80.95650       25.72150       2904.038    
  -107.4235       25.26900       8346.067    
  -104.7044       22.91490       4462.069    
  -105.1480       22.32420       8273.302    
  -79.47730       21.69460       208.5912    
  -89.18190       21.16820       2999.609    
  -88.32820       21.03340       1609.413    
  -97.30130       20.92440       25592.90    
  -90.58690       19.51920       1190.267    
  -72.75320       19.21730       2303.290    
  -102.9324       19.48850       7770.862    
  -103.2404       19.09350       1945.015    
  -91.02870       17.48630       208.0275    
  -90.87540       16.99440       1773.310    
  -99.90850       16.94130       8880.724    
  -99.30500       16.75140       2215.228    
  -93.91680       16.47460       370.7584    
  -98.06120       16.29480       1338.060    
  -96.84400       49.76300       463.2227    
  -96.64290       49.50630       398.0146    
  -97.04870       49.28440       1160.782    
  -97.96520       48.20730       264.9672    
  -95.83820       47.36400       1133.045    
  -95.80650       47.36240       10039.83    
  -95.82250       47.33040       1124.137    
  -87.95310       38.59560       152.7790    
  -81.57510       26.36970       1054.296    
  -88.08690       21.25290       529.9344    
  -88.08470       21.23260       508.5115    
  -88.95830       21.18490       1308.149    
  -88.78500       21.10110       1006.443    
  -88.01370       20.94780       673.0844    
  -90.28160       19.35460       2917.522    
  -95.84980       18.35950       930.4949    
  -100.0689       18.33190       3066.992    
  -102.9378       18.24310       1241.499    
  -101.4427       18.10580       3223.299    
  -90.02640       17.35430       1029.057    
  -99.67840       17.27160       4933.420    
  -99.30910       16.90880       495.8269    
  -99.28380       16.88860       5512.806    
  -93.93750       16.47490       3192.460    
  -93.93510       16.45540       3816.459    
  -98.47830       16.34220       2251.235    
  -83.27530       15.03850       2213.919    
  -83.72440       14.84990       1518.060    
  -101.8100       48.36960       1121.882    
  -96.49450       46.07370       282.4437    
  -97.32340       20.92490       15224.94    
  -96.06360       18.50290       1800.851    
  -99.68180       17.29140       2832.456    
  -91.26760       16.88270       1637.198    
  -99.93060       16.94180       2722.101    
  -97.10010       16.15930       5097.327    
  -84.00530       14.73700       896.7617    
  -96.63030       50.10560       462.8470    
  -98.54620       48.85110       335.4372    
  -96.66250       46.88360       362.4977    
  -87.94510       21.06830       4400.688    
  -87.92470       21.06800       5432.370    
  -87.94290       21.04800       5331.176    
  -87.92260       21.04770       5301.558    
  -101.8168       20.30890       4853.380    
  -90.52680       19.17900       1694.311    
  -102.3560       19.08990       379.9224    
  -90.40250       18.62080       272.2961    
  -90.48310       17.87140       1951.534    
  -100.5103       17.21110       5311.795    
  -95.59910       17.07140       3955.666    
  -99.90510       16.92150       2495.642    
  -99.28710       16.90830       317.9607    
  -93.81060       16.27790       1731.461    
  -96.65550       49.71750       586.2352    
  -95.70840       48.93690       417.7462    
  -101.8555       48.44000       631.4112    
  -95.63910       45.37240       826.7540    
  -95.60870       45.37100       590.1315    
  -95.18230       42.12610       205.7724    
  -91.78770       38.68310       856.4783    
  -106.6094       24.27220       6498.175    
  -106.6021       24.25060       7869.076    
  -78.97020       21.87530       211.9737    
  -98.75610       20.87900       1292.078    
  -102.1633       19.26600       1841.812    
  -69.18310       18.48080       1108.152    
  -91.31180       18.02190       162.9266    
  -90.85720       17.01360       2193.680    
  -85.57890       15.71020       875.9074    
  -84.19420       15.42910       2807.094    
  -99.65030       48.20310       1943.818    
  -96.70400       47.67210       555.8673    
  -96.28120       45.87340       332.0546    
  -91.47520       38.38120       131.9198    
  -80.91670       25.74250       6008.030    
  -91.03250       18.43240       1410.587    
  -91.14900       17.84200       408.7260    
  -100.9737       17.30070       5331.545    
  -100.9925       17.28130       418.2160    
  -95.67070       17.13160       5217.030    
  -98.30700       16.63270       1750.349    
  -85.57770       15.69090       591.1032    
  -84.17400       15.40970       3201.173    
  -84.31940       15.25700       2467.321    
  -88.53030       15.02690       921.5836    
  -97.15830       48.87620       633.1830    
  -97.50700       48.86110       458.3881    
  -101.8327       48.40480       2060.543    
  -96.75860       47.01840       309.5042    
  -96.17090       45.96270       633.1024    
  -72.49700       45.22370       1056.792    
  -94.91120       42.80920       249.1819    
  -77.22270       26.21390       8000.112    
  -106.6281       24.25150       8364.258    
  -88.32960       20.08580       1676.584    
  -100.3679       17.28690       4064.796    
  -99.86080       16.92060       2506.925    
  -98.49320       16.57760       1498.251    
  -80.93720       25.74260       1949.758    
  -87.93870       21.00740       3624.459    
  -89.13320       20.92410       1593.698    
  -101.4543       20.33960       990.7190    
  -89.94160       19.94940       2209.868    
  -97.03650       19.70370       1227.704    
  -103.1208       19.49370       8031.424    
  -103.0986       19.19040       6064.950    
  -95.76740       18.51680       1305.873    
  -98.63480       18.47820       164.6179    
  -90.48520       17.89120       4121.789    
  -92.71270       17.74860       2003.544    
  -91.08010       17.58530       318.5244    
  -99.23660       16.86790       1069.137    
  -98.13420       16.49200       304.9941    
  -98.37590       16.37930       3092.484    
  -84.33860       15.25720       4720.724    
  -98.66810       48.89240       438.7932    
  -102.1720       48.56190       477.1665    
  -96.03030       47.77020       739.9351    
  -97.13610       47.52950       639.7267    
  -96.10850       47.08300       410.4172    
  -77.20270       26.23530       12080.11    
  -90.17730       19.15370       1977.509    
  -68.94600       18.60050       1957.690    
  -96.44670       18.49080       1042.460    
  -94.79410       18.08140       230.5778    
  -102.3141       18.12740       4087.749    
  -102.2910       18.12680       1382.879    
  -90.61160       17.55870       1782.931    
  -100.3582       17.60330       3215.747    
  -100.6294       17.25330       258.7659    
  -99.27820       16.98690       2386.436    
  -94.85850       16.70540       203.7993    
  -99.32690       16.75180       2317.464    
  -90.65760       16.23140       1732.632    
  -85.75880       14.86570       211.4100    
  -92.24510       14.80280       1632.341    
  -97.04440       49.21480       396.6051    
  -97.50610       49.10190       301.6116    
  -96.68130       48.07080       342.4842    
  -97.52780       47.12390       454.9543    
  -96.14000       45.96120       1103.278    
  -102.0319       42.93440       867.0629    
  -91.10340       38.60750       180.4032    
  -81.12640       28.08580       986.0073    
  -106.6353       24.27310       4674.998    
  -87.93650       20.98710       274.7390    
  -97.32720       20.94540       15092.48    
  -97.30510       20.94490       9835.049    
  -90.19630       19.85320       3813.436    
  -88.72190       19.77080       900.0890    
  -103.4205       18.95760       3448.607    
  -102.3100       18.10730       3407.224    
  -102.2869       18.10670       352.3500    
  -101.3878       17.70670       3100.748    
  -90.90070       17.42550       1722.260    
  -97.42050       49.97180       352.3500    
  -97.06330       49.25050       976.4323    
  -95.77430       47.82380       2009.023    
  -84.93460       39.95150       136.9937    
  -117.2429       35.96170       4673.819    
  -115.1121       30.75870       3179.410    
  -105.0967       21.88620       1574.864    
  -87.64600       21.12480       950.1160    
  -76.82220       20.63370       194.7791    
  -103.4659       19.36190       3909.211    
  -95.87420       18.37980       1387.812    
  -101.4105       17.70720       523.8941    
  -101.4066       17.68730       3711.851    
  -101.3839       17.68670       3632.022    
  -98.51490       16.57800       972.6889    
  -98.11260       16.49160       2177.845    
  -98.03580       16.41180       3537.505    
  -98.03280       16.39210       3206.055    
  -83.25620       15.03830       2830.130    
  -96.03150       47.90350       2231.794    
  -96.04670       47.80430       1100.178    
  -95.99830       47.76860       852.9689    
  -96.07370       46.14810       590.3193    
  -87.68250       21.08480       3865.102    
  -87.61530       21.02310       2194.996    
  -77.78210       20.81730       305.9916    
  -90.19190       20.33530       1284.082    
  -71.78930       19.14070       231.1416    
  -103.4422       19.36120       3940.608    
  -104.3324       19.12380       1680.064    
  -69.40970       18.61750       1675.968    
  -90.38810       17.92910       1480.445    
  -102.2408       18.10560       2886.303    
  -91.04940       17.86020       831.7791    
  -91.08320       17.42820       308.4707    
  -98.43490       16.34130       1405.416    
  -92.70960       16.14400       3696.907    
  -92.68920       16.14370       2653.129    
  -84.09020       15.27450       2798.867    
  -98.54030       48.78230       279.0612    
  -96.30500       47.88410       1155.257    
  -96.21930       47.12120       1010.568    
  -96.12430       47.11640       918.0833    
  -106.0155       32.87150       13282.31    
  -80.85130       25.67790       3648.573    
  -105.1991       22.15940       1803.891    
  -88.82160       21.24370       497.0405    
  -103.1161       19.47340       5824.315    
  -98.17160       19.32760       642.3030    
  -98.49110       18.53480       599.2092    
  -91.66670       18.26440       3090.107    
  -101.4734       18.14640       3721.895    
  -91.33690       17.88430       184.2086    
  -101.6158       17.83140       2814.064    
  -94.15800       16.42000       947.6772    
  -98.09170       16.35410       1609.186    
  -98.32360       16.31950       1831.078    
  -90.60430       16.09480       2379.284    
  -97.38640       49.54720       422.8200    
  -96.96210       48.93420       517.9075    
  -98.56020       48.81770       404.7797    
  -95.64870       48.28670       296.6787    
  -101.6948       48.29490       470.7396    
  -95.80710       47.95890       682.7133    
  -78.65350       43.88870       1215.625    
  -105.9871       32.87000       8611.745    
  -105.3095       22.95660       5500.982    
  -88.08910       21.27320       435.2227    
  -88.06860       21.27290       461.7195    
  -91.74870       18.26580       1177.301    
  -100.7394       17.73110       545.8550    
  -100.2329       17.40250       2542.773    
  -98.79260       16.95700       3732.810    
  -98.51870       16.32340       1037.330    
  -84.33960       15.27640       494.9813    
  -84.32040       15.27630       3798.066    
  -95.79080       47.92470       676.7625    
  -96.54350       45.91800       459.3839    
  -116.2816       46.01780       1066.822    
  -99.07690       22.90660       1723.530    
  -82.88730       21.67840       1439.219    
  -90.92410       18.90670       2556.990    
  -99.94960       18.16980       1425.424    
  -91.08220       17.60490       239.5980    
  -98.80440       16.76060       5037.110    
  -99.06960       16.64820       1983.882    
  -98.13120       16.47240       277.9337    
  -97.98480       16.21520       163.4904    
  -98.32900       48.87290       528.6742    
  -101.7873       48.33440       582.3641    
  -117.2214       35.93480       4682.482    
  -82.82220       21.59650       508.9174    
  -87.67690       21.22660       280.9498    
  -96.40330       18.35080       1114.283    
  -91.10350       17.42850       1426.559    
  -98.89150       16.62490       4664.193    
  -98.86970       16.62450       6579.349    
  -94.52560       16.54330       729.3025    
  -98.88840       16.60520       5541.003    
  -98.86650       16.60480       3016.240    
  -98.10960       16.47200       2579.558    
  -98.30490       16.33870       2257.688    
  -97.80960       16.19220       2866.914    
  -84.10940       15.27470       5238.870    
  -97.65630       49.31810       547.7492    
  -97.54480       47.15740       392.3770    
  -83.30540       31.64190       1088.057    
  -82.84220       21.59670       1025.386    
  -89.35800       20.56390       1384.041    
  -100.1213       18.37300       2568.063    
  -92.50290       17.88310       278.6572    
  -90.61320       17.38210       2257.523    
  -97.82840       48.67380       519.5988    
  -87.40000       37.94900       1011.592    
  -81.90520       22.91940       152.7790    
  -105.2051       22.18040       4842.869    
  -87.67900       21.24700       1356.429    
  -88.26480       21.01220       4635.984    
  -88.00950       20.90720       619.7301    
  -103.1443       19.49440       6368.428    
  -103.1397       19.47400       5425.809    
  -100.1250       18.39300       3767.019    
  -96.26530       18.14950       777.1746    
  -91.31630       18.06140       173.0743    
  -95.59850       16.91440       3828.814    
  -97.87800       16.50660       4054.919    
  -90.68260       16.07640       572.5321    
  -86.91220       14.76100       1093.954    
  -96.90800       49.45090       308.3767    
  -97.55510       47.48590       372.8332    
  -91.05210       38.60590       166.3092    
  -89.04690       21.06460       832.9182    
  -88.11770       20.96950       2083.107    
  -91.23270       18.57420       1797.491    
  -96.37250       18.29060       1123.467    
  -90.81510       16.60320       714.6974    
  -96.82860       48.55110       281.8800    
  -102.1589       48.79920       984.6069    
  -96.89650       48.18290       289.7727    
  -115.5456       31.65550       1560.959    
  -87.94930       21.10890       1566.060    
  -89.04140       19.91560       3065.427    
  -103.0601       19.33050       3834.852    
  -91.23500       18.59410       4203.238    
  -91.21220       18.57390       3710.844    
  -98.48130       16.36180       2193.680    
  -83.57250       14.86800       4346.389    
  -97.76550       49.81450       682.7133    
  -98.19740       48.69450       313.4505    
  -97.25150       48.43820       407.8803    
  -97.59380       46.44880       315.5176    
  -96.49120       46.32810       555.3035    
  -91.01230       38.55150       315.4162    
  -89.21770       20.94570       1029.121    
  -90.55450       17.97100       1508.032    
  -98.45100       17.26510       2954.231    
  -98.16750       17.12130       1545.633    
  -98.45960       16.36140       1019.887    
  -86.09300       14.96450       714.6974    
  -96.06220       48.68110       555.5854    
  -95.88550       47.53100       683.5027    
  -96.02890       47.50530       450.5852    
  -96.31540       47.38810       282.2558    
  -96.23510       47.15460       1257.185    
  -95.65470       44.02730       201.2623    
  -106.7120       24.57500       1986.466    
  -99.01930       23.15530       4818.854    
  -98.37770       22.72080       3126.503    
  -89.22000       20.96600       2618.481    
  -76.86120       20.63380       358.1755    
  -95.89810       16.02070       880.2692    
  -93.06340       15.47040       863.7477    
  -86.13780       14.75400       2924.419    
  -96.64520       49.82270       765.8680    
  -97.63060       47.32560       932.1068    
  -99.01460       23.13430       4524.573    
  -88.14130       20.80800       1777.122    
  -104.6128       19.49550       299.3565    
  -104.4094       19.24710       1636.120    
  -95.94130       18.40100       1448.611    
  -91.17880       16.99870       816.7972    
  -99.18230       16.67020       157.8528    
  -98.40720       16.30160       5344.539    
  -98.38550       16.30120       1989.498    
  -97.23340       48.40330       452.4174    
  -98.01100       48.41230       307.8130    
  -96.06080       47.50690       847.9655    
  -97.52270       47.48420       2609.968    
  -97.59820       47.32390       1045.399    
  -97.51260       47.15570       504.5652    
  -96.03020       46.98140       374.7125    
  -105.5791       22.86120       5458.536    
  -87.56520       21.32660       572.5322    
  -87.72400       21.28820       1058.649    
  -78.05870       20.93920       868.4470    
  -89.91000       20.02920       1538.472    
  -91.25450       18.93190       3455.337    
  -91.25320       18.57460       1411.835    
  -95.77650       18.57660       131.3561    
  -95.70690       18.25740       684.6538    
  -90.49580       17.98980       2405.376    
  -91.38040       17.17780       1456.201    
  -95.58230       16.79650       629.9905    
  -99.69260       16.83820       1236.900    
  -97.83700       16.23190       882.3971    
  -97.54000       47.51810       1025.902    
  -110.3647       32.31000       2068.696    
  -77.90170       20.91850       399.7998    
  -89.90760       20.00910       677.0818    
  -94.37350       18.07360       129.1010    
  -91.24380       17.96170       164.0542    
  -101.5379       18.12800       2768.082    
  -95.35430       17.87440       609.4696    
  -99.83210       17.39350       4147.566    
  -91.47550       17.12050       1179.520    
  -100.0656       17.08270       1847.904    
  -90.83720       16.62300       1249.377    
  -96.18760       47.11960       1637.723    
  -105.8327       23.03790       2142.191    
  -88.26700       21.03250       523.1693    
  -90.18840       20.47630       226.3496    
  -90.30120       19.87490       2133.539    
  -95.95660       18.36160       1376.357    
  -99.66010       18.04380       1440.752    
  -100.8224       17.57440       3108.672    
  -91.55600       17.29800       599.1636    
  -98.47030       48.53980       337.6922    
  -115.4648       35.58750       22674.61    
  -115.4291       35.58510       24163.94    
  -88.17890       20.97040       744.2527    
  -98.75570       18.54080       2731.164    
  -98.60130       18.53730       1526.584    
  -95.95050       18.32180       1292.648    
  -95.06260       17.14020       555.1247    
  -98.18350       16.53220       1665.950    
  -93.81290       16.29740       1255.639    
  -91.34400       16.26020       862.4732    
  -96.90950       48.52150       382.7931    
  -96.01340       47.14350       1210.997    
  -114.9840       35.80870       21272.17    
  -114.7729       33.60560       21791.68    
  -114.7389       33.60340       23028.64    
  -114.7559       33.58010       46620.30    
  -114.7219       33.57800       42986.22    
  -88.26720       20.26560       2505.159    
  -105.0473       20.07690       1241.220    
  -91.91880       18.48630       1009.292    
  -96.25010       18.32780       878.2929    
  -101.5339       18.10800       3103.747    
  -100.9203       17.49740       2255.694    
  -98.95090       17.25590       3594.557    
  -99.68860       17.07450       1698.248    
  -99.65510       16.87680       674.1103    
  -97.60220       16.38380       1897.129    
  -98.11110       48.41790       2223.142    
  -92.66210       40.75340       134.1749    
  -115.0034       35.83530       11328.78    
  -114.9486       35.80630       10040.64    
  -90.82660       18.23150       1298.240    
  -95.74420       17.05440       4055.750    
  -98.90100       16.68400       1757.258    
  -93.76740       16.43310       351.3165    
  -97.75270       16.38670       1095.814    
  -98.32960       16.35880       1484.684    
  -101.4273       48.71800       958.9557    
  -97.49090       48.28230       271.3565    
  -102.0426       48.51970       666.3643    
  -96.25110       47.25360       298.7928    
  -96.27720       46.06290       495.2319    
  -107.0353       38.70950       1577.883    
  -114.9646       35.78200       30895.37    
  -115.3612       35.63110       35528.96    
  -115.4929       33.26050       4617.508    
  -105.0230       20.07610       1118.387    
  -101.0951       19.19790       2294.473    
  -98.75930       18.56080       701.8135    
  -103.2997       18.41250       1974.136    
  -90.56310       18.04990       1045.178    
  -91.15440       16.95930       1305.801    
  -90.83530       16.60350       2418.774    
  -98.22370       16.51340       2670.451    
  -98.33260       16.37840       3696.907    
  -101.6757       48.63180       5453.398    
  -100.6336       47.43120       5241.964    
  -97.72550       47.26520       656.1603    
  -115.0194       35.81100       9460.552    
  -115.0000       35.78440       11266.54    
  -114.9292       35.77970       10795.65    
  -114.9453       35.75540       6355.375    
  -115.3807       35.65770       15013.40    
  -115.3968       35.63350       21544.29    
  -115.3256       35.62880       19206.88    
  -115.3417       35.60460       18204.52    
  -107.5639       29.00930       1269.645    
  -87.74650       21.30880       506.8654    
  -87.55470       21.22490       2334.858    
  -96.41380       19.08840       1416.228    
  -91.15650       16.97880       1777.059    
  -95.01860       16.49310       1249.748    
  -93.76910       16.10200       1689.165    
  -85.96610       15.40540       2470.605    
  -118.4414       34.78360       90073.58    
  -96.09710       18.30490       233.9604    
  -100.5862       18.34420       3471.598    
  -99.12300       16.70830       265.5309    
  -97.26720       15.98680       3705.523    
  -113.5786       46.23270       3089.714    
  -92.57360       40.55580       116.6983    
  -110.6759       41.27490       2172.341    
  -107.9633       39.87400       2231.052    
  -114.5379       39.82870       2931.926    
  -106.8473       38.75160       1519.984    
  -118.4626       34.81000       54408.84    
  -118.4246       34.80740       29403.21    
  -118.4794       34.78620       49310.31    
  -118.4034       34.78100       28525.37    
  -118.4582       34.75980       16606.44    
  -118.4202       34.75720       44574.35    
  -118.3233       34.72560       16855.61    
  -109.3786       27.29960       2106.290    
  -88.29250       20.89110       1042.136    
  -101.0443       17.91710       2896.830    
  -100.1566       17.22290       3101.448    
  -96.20890       15.98720       1361.050    
  -96.54960       47.99700       4059.680    
  -96.34740       47.38970       386.5984    
  -96.02910       47.17690       1276.916    
  -118.6019       39.56050       14374.24    
  -108.8632       36.18710       2917.501    
  -118.5769       34.81790       21510.17    
  -118.5387       34.81530       87561.28    
  -118.5006       34.81260       36613.79    
  -118.5556       34.79140       17673.49    
  -118.5174       34.78880       68563.41    
  -118.3822       34.75460       28654.63    
  -98.83490       23.04570       2153.993    
  -71.28680       18.41170       1831.078    
  -103.3657       18.39420       714.1261    
  -97.50760       47.51630       831.1075    
  -98.10700       47.08990       211.4100    
  -96.03820       45.73560       451.2899    
  -118.5605       39.55730       10303.94    
  -118.5741       39.53110       17445.29    
  -118.5328       39.52790       7605.124    
  -120.0749       35.37480       100982.2    
  -118.4962       34.76240       10279.50    
  -115.3928       33.79120       29777.01    
  -91.89480       18.28790       1554.926    
  -96.33580       18.32960       168.5642    
  -90.81630       17.95520       163.4904    
  -100.3056       17.18670       1646.135    
  -99.34320       16.85050       1613.948    
  -96.57480       44.40300       269.7591    
  -107.0038       38.70760       1842.086    
  -109.3660       36.47220       3322.709    
  -120.0984       35.40170       82353.55    
  -120.0583       35.39880       76878.71    
  -120.1151       35.37760       57963.29    
  -120.0348       35.37190       66159.17    
  -120.0916       35.35070       49249.18    
  -120.0515       35.34790       92435.88    
  -115.4630       33.84470       7194.821    
  -115.3581       33.78900       41141.73    
  -115.3235       33.78690       5793.542    
  -109.1656       33.03590       2729.825    
  -104.6374       24.09330       1262.544    
  -104.6798       21.43840       1590.957    
  -95.07870       17.25840       724.3056    
  -91.30040       17.00050       905.8343    
  -97.82710       16.30990       1680.856    
  -102.1838       49.14390       1532.300    
  -96.01450       47.80270       532.7532    
  -110.8240       43.86660       1970.519    
  -106.4553       38.70170       1717.323    
  -96.73750       36.04180       1027.458    
  -120.1386       35.40460       42325.09    
  -120.0182       35.39600       15937.49    
  -119.9948       35.36910       15905.50    
  -120.0115       35.34500       48149.43    
  -120.0682       35.32380       12621.18    
  -120.0281       35.32100       16516.53    
  -101.5148       20.30060       3017.293    
  -96.40640       18.37070       1020.788    
  -90.61010       18.10980       1128.470    
  -93.45690       18.07700       114.4433    
  -97.87310       16.33030       2241.141    
  -96.69850       48.10530       1087.493    
  -96.07690       47.54070       844.5125    
  -92.35180       43.23250       370.3903    
  -105.0876       42.70890       1765.027    
  -106.4241       38.69980       1820.069    
  -106.9875       38.67990       1772.366    
  -120.1100       36.39610       365.3165    
  -120.1220       35.42870       12510.28    
  -87.84320       21.06680       219.3027    
  -91.27460       17.13710       1498.159    
  -95.06500       16.84600       421.1287    
  -98.22140       16.35670       1963.407    
  -85.20790       14.99530       994.1281    
  -95.81510       49.67270       350.6587    
  -106.5037       38.83810       2785.016    
  -109.0968       36.58410       3672.468    
  -116.0250       31.58930       2708.499    
  -98.57140       18.61640       1054.772    
  -103.1210       18.44790       1857.650    
  -91.27670       17.15670       1670.929    
  -98.94430       17.21630       3534.527    
  -99.81460       17.03780       3074.292    
  -95.06760       16.86570       413.2361    
  -97.56010       16.67680       2466.710    
  -97.57090       16.46150       682.6607    
  -97.93010       16.13590       185.4771    
  -96.71580       48.13980       1449.991    
  -96.56660       48.03130       1349.078    
  -116.4567       46.85900       4466.438    
  -104.7617       45.61040       1541.188    
  -99.90810       41.43880       210.8463    
  -107.6512       41.35380       1610.908    
  -105.8377       22.89120       2760.035    
  -96.67830       18.99410       1108.152    
  -95.80400       18.47780       1633.938    
  -96.20110       18.28710       619.7301    
  -98.39980       17.87680       1310.010    
  -100.3456       17.28640       2084.318    
  -99.15950       17.06320       4038.420    
  -95.96770       16.84270       1788.678    
  -97.90640       16.40920       843.2609    
  -97.78990       16.34830       2257.688    
  -95.74210       47.68930       394.8199    
  -98.18940       47.12700       382.7931    
  -107.8172       40.13900       504.5652    
  -83.11280       22.64210       114.4433    
  -87.95360       21.14950       1049.824    
  -96.13380       18.26590       239.0343    
  -98.87440       17.05710       2191.781    
  -98.45580       16.75350       461.7195    
  -85.37890       14.95840       2806.272    
  -97.56380       47.25650       768.4049    
  -116.3980       46.91820       3560.657    
  -95.64860       18.43490       155.3159    
  -103.1167       18.42770       3781.100    
  -90.68270       18.03200       1727.696    
  -91.38250       17.19740       1851.103    
  -94.73070       16.68360       2094.454    
  -97.83400       16.21230       1397.836    
  -96.97430       16.02050       4140.706    
  -96.20400       47.41530       356.2963    
  -97.64680       46.74090       386.1756    
  -110.2480       40.68560       2524.612    
  -107.2691       40.21450       252.0007    
  -96.09720       39.30120       1860.434    
  -108.8403       35.72960       3034.672    
  -107.5959       34.14230       1875.111    
  -96.09100       18.26510       124.0272    
  -101.3465       17.84480       1471.406    
  -100.3116       17.34490       1192.196    
  -100.3421       17.26650       2283.323    
  -94.91870       16.68690       151.0877    
  -97.91820       16.48780       951.6425    
  -97.86330       16.40840       847.5117    
  -96.88620       15.84350       1434.621    
