  -124.7922       51.51740       24.12971    
  -117.0654       45.46060       19.98622    
  -117.9901       43.89650       9.426524    
  -117.9554       43.86370       9.494817    
  -105.9435       40.68600       148.2919    
  -105.9114       40.68410       209.6985    
  -105.8794       40.68210       171.8609    
  -105.8475       40.68020       143.2150    
  -105.9262       40.65720       211.2130    
  -105.8942       40.65520       172.1541    
  -105.9409       40.63030       8.012695    
  -105.9089       40.62830       147.2870    
  -105.9236       40.60150       126.4025    
  -105.8917       40.59950       119.1750    
  -107.2728       39.66730       84.11994    
  -108.5953       39.53260       4.040521    
  -108.5624       39.53050      0.8321725    
  -108.6100       39.50640       239.2247    
  -108.5771       39.50430       4.787331    
  -108.5918       39.47810       396.8909    
  -108.6360       39.39970       53.26817    
  -108.6032       39.39760       44.89310    
  -108.6179       39.37140       17.35512    
  -108.5851       39.36940       133.5220    
  -108.5999       39.34320       246.7369    
  -120.2291       39.74270       20.95970    
  -120.1990       39.71300       461.0881    
  -120.1556       39.70950       236.4845    
  -120.1691       39.68330       14.83684    
  -120.1257       39.67980       367.2592    
  -120.0824       39.67640       236.2020    
  -120.0959       39.65020       407.2206    
  -120.0527       39.64680       29.74188    
  -111.5379       39.02250       46.73241    
  -113.9335       38.22480       35.06120    
  -113.9483       38.19940       52.82001    
  -113.9123       38.19690       70.90927    
  -121.7891       37.82460       182.8668    
  -121.4757       37.51100       550.3911    
  -121.4910       37.48600       839.0868    
  -121.4477       37.48260       487.3502    
  -121.6672       36.56320       265.8407    
  -121.6243       36.55990       228.2780    
  -115.5749       35.36780       13.97264    
  -115.5393       35.36540       154.0348    
  -115.5912       35.34370       7.632775    
  -115.5556       35.34130       111.7487    
  -115.5199       35.33900       6.669986    
  -115.5718       35.31730       9.382257    
  -115.5362       35.31490       154.1405    
  -115.5881       35.29320       161.1075    
  -115.5525       35.29080       401.3138    
  -115.5169       35.28850       178.6686    
  -115.6044       35.26910       70.56627    
  -115.5688       35.26680       18.34465    
  -115.5332       35.26440       151.6754    
  -115.5851       35.24270       10.65599    
  -115.5495       35.24040       43.96055    
  -115.5140       35.23800       3.985479    
  -117.9325       34.22730       555.0262    
  -100.6123       31.74770      0.9805704    
  -93.18470       17.89460       1.254165    
  -118.6732       51.06950       20.09389    
  -117.4905       44.03400       2.446330    
  -121.7673       37.48100       105.8072    
  -118.9850       36.44290       22.25173    
  -93.11510       17.83420       1.085325    
  -113.9619       43.77730       24.03077    
  -123.5131       43.22240       30.41641    
  -120.1929       39.90420       13.74516    
  -121.8527       37.56630       5.852693    
  -121.6940       36.59100       337.3938    
  -121.6511       36.58780       284.2624    
  -118.5848       34.69360       532.9856    
  -120.2140       51.04260       27.34035    
  -115.3773       46.03520       14.49835    
  -123.1020       43.18560       31.55649    
  -115.6106       35.37010       59.76582    
  -115.4977       35.26210       53.27464    
  -107.4352       24.64590      0.2223720    
  -121.4849       52.60540       29.53447    
  -105.6804       38.92360       7.083531    
  -121.1345       35.83170       12.97333    
  -118.5636       34.66720       243.7970    
  -120.7222       41.45200       2.346438    
  -106.0556       39.89320       337.6720    
  -123.3353       40.41030       9.322335    
  -120.2338       39.47040       17.19377    
  -122.4571       38.19470       2.201697    
  -121.8180       37.85330       129.6881    
  -121.8110       37.48440       45.89546    
  -121.4630       37.45760       593.1362    
  -121.4198       37.45430       533.0234    
  -121.7826       37.45600       170.5002    
  -121.7390       37.45260       36.59859    
  -117.4776       34.32070       11.05945    
  -115.9825       49.44190       19.72441    
  -118.9395       36.13210       13.89286    
  -118.6230       34.69620       156.4152    
  -120.7385       53.21030       31.81462    
  -120.8960       52.65670       55.34754    
  -115.9344       49.43750       21.03766    
  -122.6691       40.66000       23.14573    
  -121.1449       39.29830       92.99741    
  -84.46210       30.16290       26.65008    
  -121.2020       52.91570       41.68812    
  -119.6751       51.24090       25.14624    
  -118.1137       47.16750       18.70662    
  -115.9843       46.11830       16.66534    
  -123.8044       43.87070       40.93525    
  -120.7102       41.82040       1.645157    
  -120.0230       39.61710       14.44449    
  -120.1100       51.57510       37.96674    
  -126.4489       50.09810       40.60588    
  -113.2105       45.88760       1.486145    
  -108.5590       39.47610       6.569160    
  -108.6065       39.45200       384.8680    
  -123.1458       53.31400       49.75471    
  -120.9666       52.70180       41.81718    
  -124.7785       50.94120       32.89016    
  -122.3942       49.81690       32.45216    
  -117.8749       47.43800       2.748044    
  -115.0012       46.28760       21.14522    
  -120.3361       42.16120       10.79606    
  -120.2903       42.15740       146.7409    
  -120.3013       42.12960       10.47101    
  -120.2557       42.12570       197.1015    
  -120.9443       40.73970       24.73754    
  -108.6247       39.48020       371.6385    
  -123.1112       39.45760       35.19184    
  -121.2835       39.03880       2.215967    
  -122.3173       37.26170       72.36145    
  -120.0552       51.13460       26.86712    
  -117.8700       47.47010       3.188383    
  -117.1459       46.69520      0.3097548    
  -116.3180       46.24160      0.2856384    
  -115.9803       44.57160       15.44483    
  -122.6971       43.47360       38.91322    
  -124.0422       42.59810       41.42999    
  -120.0390       41.84990       12.70466    
  -118.2492       40.80120       14.56313    
  -122.9753       40.32460       26.47992    
  -122.3478       38.72010       8.043422    
  -117.9429       34.64990       10.22161    
  -115.8089       49.80680       18.58542    
  -123.8629       50.07090       11.22052    
  -122.2178       49.79910       44.46733    
  -126.1339       49.85710       35.38543    
  -125.1238       49.64810       36.75675    
  -123.5024       43.42770       23.83408    
  -118.7817       42.11810       20.79359    
  -122.4592       38.86340       53.28919    
  -121.5237       51.35580       25.03869    
  -123.5799       50.25100       47.22739    
  -122.4718       50.03300       33.86234    
  -122.8709       43.25320       27.87813    
  -120.7103       40.94410       3.471750    
  -123.6021       39.96330       43.89629    
  -122.1787       38.59940       15.51873    
  -119.6294       37.50220       17.27325    
  -116.9505       33.94040       1.441296    
  -121.5900       52.54140       31.92217    
  -119.5181       51.33380       23.34025    
  -116.3049       49.09430       20.49989    
  -117.6456       47.35220       38.59230    
  -116.0653       46.15670      0.3557952    
  -117.9069       41.76100       2.215967    
  -122.5226       38.92230       71.45921    
  -123.0961       52.58850       35.47147    
  -121.1674       51.68290       25.36512    
  -115.8021       49.91070       21.95613    
  -123.0065       50.50810       34.85402    
  -123.0779       50.12960       31.67786    
  -126.3585       49.98450       33.60003    
  -123.7254       39.91870       21.12370    
  -122.8350       39.70770       123.4207    
  -122.8013       39.67760       178.8954    
  -123.5873       39.30650       41.23639    
  -121.5816       36.55670       42.02380    
  -115.7536       49.90630       27.59849    
  -112.8774       46.01790       23.96314    
  -116.2111       39.97970       10.08451    
  -120.0661       39.62050       173.9621    
  -91.59370       36.92680       3.535221    
  -119.0513       52.73100       30.13677    
  -123.3610       52.61690       24.07457    
  -118.1921       51.09450       23.42537    
  -115.9476       40.84580       1.592153    
  -121.0427       39.31730       16.27128    
  -120.9030       53.15100       38.22487    
  -123.4154       52.58530       27.31884    
  -122.4059       49.95680       56.72424    
  -123.9799       48.01830       39.60157    
  -123.6348       44.09440       25.01718    
  -123.8798       42.75790       38.87019    
  -123.7924       42.25800       38.05278    
  -120.7692       41.34280       34.08403    
  -121.7740       37.84980       149.5351    
  -123.4277       52.62410       28.93216    
  -123.0821       50.16490       28.59310    
  -117.8670       47.83010       39.92423    
  -119.8640       41.49420       17.86116    
  -122.3619       41.59030       3.508445    
  -120.7281       41.11390       15.92928    
  -120.1626       39.87430       28.14721    
  -116.3551       38.58280       10.29778    
  -123.2170       38.62900       20.70807    
  -122.9046       50.63890       28.91299    
  -115.3481       46.50760       16.43433    
  -123.9783       42.47650       66.94193    
  -120.3345       42.04630       2.385171    
  -120.7734       41.11770       1.857172    
  -120.1098       39.97990       3.308661    
  -122.2182       39.49350       2.197980    
  -122.0527       49.92120       32.46238    
  -122.0918       49.64840       40.63409    
  -124.4931       49.00400       8.961348    
  -115.6175       41.83680       1.068231    
  -120.8253       41.43230       2.858129    
  -121.9547       41.49890       33.04094    
  -121.4606       41.40060       24.93113    
  -120.7855       41.09060       20.62596    
  -126.2996       51.13960       27.38966    
  -121.9441       50.01450       29.24813    
  -122.0897       49.61380       41.62962    
  -117.9156       47.83460       44.76419    
  -119.9830       42.10290       1.983566    
  -120.4928       41.65980       2.366824    
  -119.8172       41.60380       1.834747    
  -120.7574       41.37000       20.54291    
  -106.0539       39.83840       152.7549    
  -120.9240       39.90800       15.65659    
  -122.5237       50.49380       34.28837    
  -123.3845       50.16100       43.33750    
  -121.4826       42.05740       15.41620    
  -122.3252       41.55880       11.96227    
  -120.6663       40.63330       2.697079    
  -108.6327       39.34530       29.14941    
  -123.4438       39.48500       29.68504    
  -121.1507       41.12080       2.156847    
  -121.2447       39.55100       10.49250    
  -121.3673       39.31610       18.32689    
  -121.4911       42.28810      0.3996432    
  -122.4282       41.79520       1.893867    
  -107.3025       39.61470       52.96124    
  -117.9124       34.20120       475.9023    
  -72.39980       48.61140      0.1280988    
  -108.5737       39.44990       11.57799    
  -122.5199       42.20410       22.24227    
  -108.6429       39.50850       133.6007    
  -108.6508       39.37350       8.560477    
  -108.5671       39.34120       4.863100    
  -120.2085       41.89260       16.90757    
  -108.6147       39.31710       169.4858    
  -108.5819       39.31510       130.5519    
  -122.7841       51.01790       43.14601    
  -122.2507       39.52330       3.276593    
  -107.1912       39.63500       135.2018    
  -107.1591       39.63300       13.65569    
  -125.8347       50.03320       33.58927    
  -107.2555       39.63900       95.52247    
  -79.24470       38.20710       7.202040    
  -79.24290       38.18070       6.411197    
  -118.6017       34.66980       148.1781    
  -121.5976       36.53210       142.8207    
  -117.9650       43.83470       8.323780    
  -105.8967       40.71100       152.3005    
  -105.8647       40.70900       75.41721    
  -108.6655       39.34740       6.106796    
  -123.4356       41.20150       30.20130    
  -123.4850       41.20570       28.02870    
  -122.7011       39.77880       432.5458    
  -89.77260       35.88240      0.7845045    
  -122.7879       39.70380       93.18523    
  -107.2085       39.66330       10.59939    
  -120.2158       39.76900       16.73697    
  -120.5788       46.52720       69.36569    
  -108.6394       39.45410       14.71165    
  -108.6542       39.42790       204.5753    
  -108.6213       39.42580       135.3530    
  -120.2628       46.27640       45.97766    
  -120.1857       39.73930       93.28808    
  -120.2726       39.74620       6.502353    
  -120.2425       39.71640       26.12496    
  -120.2127       46.27180       1.112551    
  -120.2125       39.68670       191.5202    
  -97.81050       22.27050      0.1706199    
  -108.6576       39.48230       84.70907    
  -108.5884       39.42370       53.77725    
  -120.2860       39.71990       13.20610    
  -118.5680       34.71740       504.5006    
  -81.02320       46.49280      0.3308643    
  -109.6423       30.50830       28.97494    
  -118.0094       43.83840       5.642109    
  -120.0874       46.70490       2.978180    
  -120.5279       46.52250       69.67859    
  -110.7461       33.53570       68.67226    
  -122.7480       39.78260       426.8377    
  -122.7818       39.81280       129.9301    
  -122.7348       39.80890       87.18208    
  -122.7143       39.75250       278.0606    
  -122.6675       39.74860       374.4259    
  -107.1419       39.60480       107.0938    
  -121.4045       37.47930       194.7504    
  -110.7773       33.53750       68.07669    
  -121.3766       37.45100       445.2787    
  -83.35370       30.83290       2.350191    
  -120.5839       46.49590      0.5014333    
  -71.24980       18.35280       11.70884    
  -82.09030       32.11700      0.4960242    
  -71.25030       18.33320      0.4749956    
  -121.6571       44.79050       63.79509    
  -92.48470       17.90260      0.1586199    
  -77.97670       24.64430      0.4913046    
  -74.86130       41.45760       2.119150    
  -88.10880       31.21620       27.33783    
  -88.08620       31.21570       21.45855    
  -88.11270       31.23940       17.75502    
  -88.09010       31.23890       19.14084    
  -71.44640       19.69820       1.182393    
  -71.42700       19.69830      0.2270700    
  -71.46580       19.69810      0.1653696    
  -120.1378       46.70950       4.024212    
  -85.09490       30.51500       5.308393    
  -92.48230       17.88280      0.1495636    
  -87.58140       31.57650       5.563753    
  -93.13320       31.64700       5.630512    
  -79.30470       21.83620      8.5503608E-02
  -98.81790       27.72040      0.7221990    
  -121.7370       36.59420       30.48814    
  -121.6404       36.53540       36.67372    
  -121.6083       36.58450       61.00977    
  -121.7101       36.56640       59.66091    
  -80.93180       26.34260      0.4592997    
  -85.08610       31.85600       15.32167    
  -87.92300       34.76580      0.6006508    
  -79.04950       44.22370      0.4405752    
  -81.20920       28.06450       7.942674    
  -81.20770       28.04250      0.3362426    
  -109.5519       26.86500      0.1481436    
  -87.13170       36.93210      0.8268623    
  -99.92630       32.61810      0.9296052    
  -93.51690       17.90030      9.8658010E-02
  -118.6611       34.69880       71.33230    
  -94.27110       33.41330       10.02560    
  -86.35920       31.20420       5.528627    
  -86.33690       31.20380      0.9747727    
  -99.88530       29.23260      0.3354720    
  -99.86050       29.23170       2.257758    
  -94.19300       18.12970      0.8062527    
  -92.81610       32.29500       8.603797    
  -99.89230       29.25550       2.032492    
  -99.86760       29.25450       1.239474    
  -108.7676       25.67090      0.1042956    
  -90.40600       31.36250       4.481730    
  -94.27760       33.43760       14.68121    
  -88.03500       35.73690       4.848170    
  -86.94540       33.98650      0.6344284    
  -122.3268       38.50420       40.05312    
  -118.6442       34.72260       36.51094    
  -118.6398       34.67240       96.22726    
  -86.00170       15.65620      7.2662413E-02
  -84.02130       32.28450      0.4029795    
  -123.0529       50.40720       86.05222    
  -121.5476       46.36360       22.39285    
  -97.77070       38.81050       1.137543    
  -118.5468       34.69100       690.3079    
  -81.38220       27.21210       3.002086    
  -114.9121       32.33240       11.79065    
  -98.75120       28.67470      6.5772004E-02
  -81.40310       27.21230       3.102252    
  -99.16170       50.97420      0.2126059    
  -72.11700       41.35370      0.2121220    
  -88.03020       35.71170       2.575787    
  -121.3919       37.42600       968.3731    
  -93.27100       16.23040       2.940046    
  -102.9429       25.07820       9.292375    
  -118.5087       34.68840       73.48476    
  -81.40160       27.19050      0.8312186    
  -111.2414       24.54500       2.940046    
  -93.51940       17.92010      7.2114296E-02
  -118.6061       34.72000       326.4015    
  -118.5299       34.71480       9.915790    
  -91.78440       32.62000      0.6564571    
  -98.13750       27.47730      0.1572264    
  -99.44960       21.71640       4.548878    
  -120.1884       46.71420       52.00684    
  -96.58980       37.93960       1.306748    
  -118.5256       34.66460       67.06238    
  -91.23510       32.25000       8.754508    
  -91.21160       32.24930      0.2647236    
  -84.48140       30.14050       6.080791    
  -92.82240       15.87380      0.3436487    
  -120.1329       46.74100       227.6424    
  -95.85970       37.80500       1.037040    
  -84.63470       32.17660       4.409291    
  -99.19770       50.97640      0.2292624    
  -93.98360       37.52470      0.1511973    
  -121.5191       37.51430       556.0723    
  -71.91820       18.54750      0.1456380    
  -84.75380       31.15330      0.8987735    
  -84.73170       31.15290       1.317320    
  -97.53440       31.46510       1.172200    
  -99.18540       51.01220      0.1938708    
  -94.53830       44.70470      0.1343628    
  -105.8072       43.63730       3.260074    
  -121.7223       44.73550       30.81078    
  -120.1392       39.65360       369.5245    
  -94.44440       33.78130       10.63978    
  -99.25460       29.32260      0.1865106    
  -92.42770       33.64410       10.54725    
  -99.23000       29.32170      0.9516426    
  -81.38070       27.19030      0.2846988    
  -107.8844       25.09350       8.831992    
  -107.8577       25.09250       7.762278    
  -68.59190       18.72110       3.098944    
  -76.94010       17.95510      0.1769580    
  -83.92090       40.20540      8.3624408E-02
  -98.30420       27.30680      0.1049220    
  -105.8277       43.66840       1.961141    
  -107.1740       39.60680       106.0432    
  -97.58980       38.27160       27.51115    
  -86.29750       32.93980       13.29301    
  -115.0249       32.50700      0.3163320    
  -114.9912       32.50500       15.55838    
  -78.10340       21.16150      9.3020402E-02
  -93.97560       37.49840      0.1199556    
  -121.5038       37.53940       144.7742    
  -121.4324       37.50770       282.5188    
  -120.0824       46.73640       12.76384    
  -97.62730       38.29960       2.670577    
  -97.60000       38.29850       7.544888    
  -97.57280       38.29730      0.2627748    
  -97.61700       38.27280       7.777290    
  -97.56250       38.27040      0.8140068    
  -97.60680       38.24600      0.2555712    
  -97.57960       38.24480      0.9054613    
  -84.45040       30.82580       10.52099    
  -91.70320       38.84010       5.140067    
  -97.98850       37.14050      0.3292428    
  -97.96160       37.13940      0.4708022    
  -115.6564       35.24740       19.89265    
  -98.42850       26.52400       1.433142    
  -102.8116       26.41330       1.489596    
  -110.9434       48.63090       2.976368    
  -117.9747       43.80570       3.033449    
  -117.9304       43.80200       22.77394    
  -106.0872       39.89510       188.8553    
  -97.46040       26.55900       1.332018    
  -113.6928       47.72620       18.46288    
  -106.0706       39.86670       130.2301    
  -106.0389       39.86490       133.9493    
  -95.44480       35.01680       6.823316    
  -105.8597       40.59760       46.67865    
  -107.2258       39.69160       244.0156    
  -88.83820       19.91260       6.773908    
  -111.3053       35.49860       1.723022    
  -91.77370       32.57220      0.2499336    
  -84.31250       32.10100      0.3921120    
  -113.4345       44.91370       224.1959    
  -97.97870       37.11430      0.2612088    
  -97.95180       37.11320      0.3885560    
  -84.10530       32.42720      0.1114992    
  -91.76830       32.54840      0.1799856    
  -98.44640       26.50280       1.260879    
  -113.2530       44.14090       1.728740    
  -97.97710       39.19500      0.2976444    
  -97.81520       38.78580       1.957623    
  -97.80460       38.75860       2.325258    
  -84.07850       31.81640      9.6778803E-02
  -99.41800       29.05770      0.8235977    
  -113.3940       44.91050       398.6697    
  -113.4040       44.88070       161.3555    
  -121.5625       37.51770       293.0245    
  -121.5343       37.48930       825.4374    
  -111.6271       24.73380       16.86337    
  -121.5472       37.54280       124.9933    
  -105.7517       29.56320       5.194590    
  -103.5710       25.20790       8.317437    
  -90.69090       44.03490      0.1165104    
  -99.61730       38.52290       4.588907    
  -97.78650       36.95160      0.3882636    
  -97.77690       36.92540      0.3563520    
  -120.2390       46.71890       10.29361    
  -84.16050       40.29250      0.3965177    
  -99.62880       38.55000       2.175195    
  -99.64540       38.52430       2.750082    
  -111.3378       35.50050       1.703771    
  -111.2889       35.47240       8.942006    
  -89.14830       19.77700      0.8439838    
  -98.09360       37.55980      0.6784695    
  -98.06650       37.55860      0.8867319    
  -98.00940       36.62780      0.6820367    
  -97.98270       36.62670       3.839464    
  -121.5063       37.46090       1267.578    
  -84.61270       31.08170      0.3774452    
  -103.2257       26.62520       7.235866    
  -113.4750       44.91700       51.04536    
  -121.8394       37.51280       19.39222    
  -104.2349       30.52820       22.07472    
  -94.19450       17.83330      7.0783198E-02
  -116.2511       46.33080       1.368513    
  -117.9998       43.86740       7.332364    
  -121.4351       37.42930       528.5309    
  -115.6758       35.27380       3.104393    
  -115.6921       35.24980       19.28549    
  -96.05270       48.92030      0.5264892    
  -120.1934       46.68270       6.199408    
  -106.0723       39.92150       71.68938    
  -97.56340       36.91640      0.3811645    
  -97.53670       36.91530      0.3024468    
  -94.43760       33.75690       8.277887    
  -105.3670       32.40940       9.200974    
  -116.2887       46.36580       6.454686    
  -83.24310       43.68210      0.1280988    
  -113.3636       44.87750       222.3480    
  -98.07660       37.58510       2.034531    
  -98.08350       37.53330      0.3908736    
  -98.05640       37.53210       2.631843    
  -121.7451       37.82120       61.51002    
  -90.41060       31.38590       5.829789    
  -84.63480       31.08210      0.2320812    
  -99.74410       28.68740      0.8582540    
  -111.7099       24.99640       2.168217    
  -111.6812       24.99520       14.41080    
  -111.7392       24.93290       2.047894    
  -111.7105       24.93160       12.18672    
  -96.07030       48.95570      0.6767358    
  -96.67570       45.48510      0.2887704    
  -108.8488       38.05060       1.437219    
  -121.5777       37.49260       218.3723    
  -89.99080       33.67170       5.213966    
  -84.61540       31.10490       1.922376    
  -113.2905       31.80810       1.549758    
  -104.9530       27.39640       3.435426    
  -97.22590       20.63790      7.4541599E-02
  -102.9238       45.49250       1.946191    
  -97.48760       38.42580       37.49677    
  -97.75020       36.92430       1.844940    
  -121.6059       37.52100       45.57088    
  -121.5496       37.46430       441.3936    
  -121.4783       37.43260       503.5301    
  -117.9527       34.25340       160.9194    
  -117.9697       34.22980       192.5958    
  -117.8953       34.22480       94.51691    
  -102.9438       45.52500      0.2947212    
  -120.1785       46.77720       10.41136    
  -120.1279       46.77250       14.70932    
  -120.0371       46.70020       51.29087    
  -116.2960       46.33470       1.037632    
  -97.01970       38.24700       2.243488    
  -97.03680       38.22130       2.224121    
  -97.00980       38.22020       3.828506    
  -117.9899       34.25590       97.42391    
  -91.79950       32.47820       1.761199    
  -84.82240       31.71150       9.427256    
  -111.6525       24.99390       7.357733    
  -105.3625       43.69780       1.344462    
  -107.2406       39.66530       4.209486    
  -97.51490       38.42700       2.598206    
  -97.50460       38.40000      0.3385692    
  -97.47740       38.39880       7.023005    
  -89.71060       35.93100      0.1265328    
  -121.3488       37.42270       1008.137    
  -113.3715       36.44170       11.05945    
  -85.89020       31.52030      0.9957001    
  -113.3197       31.85730       5.540566    
  -111.2699       30.56970       1.471875    
  -104.4950       29.03150      0.9275667    
  -111.5945       25.05620       8.286970    
  -111.6045       25.01340       8.180337    
  -111.5951       24.99140       10.77001    
  -111.6145       24.97060       12.23242    
  -111.5858       24.96940       10.63291    
  -98.00690       38.92800      0.2410857    
  -97.75440       37.07890      0.5542074    
  -97.74470       37.05270      0.4478760    
  -97.75980       36.95040      0.3103812    
  -118.0272       34.25840       40.02027    
  -117.9155       34.25090       70.06443    
  -117.9496       34.20370       93.69631    
  -98.56960       21.28270      0.1382778    
  -116.3033       46.30360      0.7956848    
  -116.2585       46.29980       1.080644    
  -116.2587       46.11030      0.7557516    
  -121.5138       39.57260       60.77213    
  -97.68040       36.58830      0.3813732    
  -86.27460       32.93930       9.715261    
  -116.1696       31.40860       26.30301    
  -111.7857       25.10790       1.792810    
  -107.2210       39.58250       23.29179    
  -97.63670       37.33230      0.2364660    
  -97.62700       37.30600      0.6902928    
  -97.60010       37.30480      0.2668464    
  -117.8753       34.19870       17.56884    
  -107.6456       26.49590       11.49837    
  -124.6379       50.89070       91.15016    
  -106.0223       39.83650       41.15035    
  -116.1354       31.40660       8.543993    
  -100.6645       28.58660      0.7705938    
  -117.9457       43.89280       5.079192    
  -107.2580       39.69360       5.178677    
  -97.64600       38.69830       7.805258    
  -97.63550       38.67120       2.277125    
  -91.80490       32.50200       1.728034    
  -116.5781       32.17050       9.380563    
  -113.4899       47.64330       72.51723    
  -121.1840       47.06360       71.16112    
  -107.1763       39.66130       13.54063    
  -97.23830       36.51890      0.3680100    
  -120.0753       36.98770      0.4434913    
  -91.82850       32.50270       1.769644    
  -91.82310       32.47890      0.6264001    
  -90.84750       30.70360       2.218818    
  -116.1057       31.31030       17.62505    
  -108.3631       25.52370      0.1387476    
  -81.20740       22.99630      9.3738921E-02
  -113.5261       47.67920       182.9855    
  -118.9867       46.66810       1.009757    
  -118.9437       46.63230       47.20831    
  -106.0239       39.89130       60.32612    
  -97.71050       39.20980       1.331639    
  -98.25640       37.56690      0.2317680    
  -97.27380       36.54590       2.073264    
  -97.24740       36.54480       1.180742    
  -97.26470       36.52000       4.548135    
  -94.04810       35.26510      0.6380843    
  -116.0716       31.30830       134.6159    
  -118.2466       36.95750       27.14592    
  -103.3537       30.95280       19.77296    
  -92.12210       37.40800      0.7896608    
  -103.3893       30.97760       12.61326    
  -103.3628       30.97640       38.39579    
  -103.3802       30.95400       29.67467    
  -103.3272       30.95160       18.37148    
  -103.3323       25.39280       2.444291    
  -103.3074       25.39190       1.812323    
  -107.1936       39.68960       17.65125    
  -97.69970       39.18240       1.298228    
  -120.9505       39.85520       21.16681    
  -107.1035       33.50620       2.500693    
  -113.3536       44.90730       9.553325    
  -107.3199       39.64300       43.18997    
  -97.55620       37.32890      0.3435804    
  -97.54650       37.30250       1.724662    
  -97.79830       37.05500      0.2872044    
  -97.77150       37.05390      0.4200012    
  -97.78860       37.02880      0.3698892    
  -97.76190       37.02770      0.4057506    
  -121.3335       37.44770       53.93157    
  -107.1158       33.53110       34.12028    
  -97.80600       37.57330      0.3362724    
  -97.77900       37.57210      0.4839723    
  -97.93000       37.26720      0.3956969    
  -111.6935       24.75830       11.63832    
  -111.6649       24.75700       11.47075    
  -98.89350       22.90150       4.481610    
  -113.4245       44.94360       7.329907    
  -121.4605       37.53610       70.05874    
  -111.2891       35.52270       9.399010    
  -111.2728       35.49660       9.581809    
  -92.32450       31.06580      0.1738260    
  -103.5957       30.22380       4.920388    
  -99.39810       24.36540       8.013906    
  -107.2501       24.33930      0.2034234    
  -107.2431       39.71990       39.79517    
  -120.4876       40.61870       9.070448    
  -97.42000       38.74160       1.595372    
  -87.13650       36.95790      0.5972242    
  -97.93980       37.29350      0.4760640    
  -111.2726       35.44620       7.403432    
  -118.7334       34.43000       41.59597    
  -92.32960       31.08910       3.128817    
  -113.3051       31.83270       2.190677    
  -113.1035       27.09860       8.545938    
  -97.60980       37.33110       1.816400    
  -87.95190       32.71280       2.198664    
  -114.3792       47.42410       5.025169    
  -114.3353       47.42040       3.477866    
  -97.97630       37.03690      0.4026186    
  -121.3058       37.41940       65.91054    
  -121.3211       37.39440       216.0727    
  -87.95600       32.73660       4.245942    
  -120.7864       40.28240       120.0493    
  -112.3809       37.93470       1.257821    
  -118.7926       34.45890       23.66402    
  -85.91250       31.52070      0.4919757    
  -97.96680       37.29470      0.4132152    
  -97.21140       38.75910      0.8399066    
  -97.18410       38.75790      0.2615220    
  -97.66170       36.53650      0.1324836    
  -121.3641       37.39770       480.0187    
  -84.33490       32.10130      0.6788566    
  -106.5631       44.98760       8.228842    
  -96.84030       38.26570       1.021343    
  -105.9336       37.87750       1.196663    
  -97.95690       37.26840      0.2796877    
  -115.5944       35.39430       61.64501    
  -78.20940       39.96800      0.6035880    
  -96.58650       37.78240      0.8921459    
  -113.3695       31.83640       12.75036    
  -98.91640       22.90210       3.525191    
  -121.5216       37.43590       148.7433    
  -116.0557       31.28380       27.82440    
  -112.8967       50.63810      0.9250363    
  -120.7697       48.03520       53.84465    
  -120.8183       40.31260       139.1067    
  -121.1144       39.26880       52.93777    
  -84.77600       31.15360      0.6131339    
  -113.3021       31.88000       10.90711    
  -116.0376       31.30630       11.36726    
  -98.89820       22.92240      0.1302912    
  -112.8507       50.63400      0.9062965    
  -112.8423       47.42550       41.33257    
  -96.59600       37.80890      0.9616670    
  -118.6186       34.64610       24.45227    
  -118.7163       34.45370       85.69315    
  -116.0217       31.28170       1.884693    
  -117.0934       49.85610       32.69764    
  -110.7917       33.56270       19.10693    
  -110.7605       33.56090       19.83305    
  -120.7418       40.27880       89.32761    
  -121.4073       37.40100       162.4571    
  -97.75590       38.70320      0.1619244    
  -118.6953       34.42740       24.96754    
  -119.1309       51.33150       40.21818    
  -97.40970       38.71450       2.693001    
  -97.38230       38.71330       2.709990    
  -97.56520       36.99360      0.5656393    
  -121.3365       37.36940       95.64491    
  -121.2935       37.36610       16.11097    
  -115.0194       35.81100       42.79062    
  -115.0354       35.78670       30.34493    
  -115.0000       35.78440       16.50588    
  -114.9806       35.75780       4.921202    
  -120.7165       48.03010       127.0434    
  -97.57470       37.01980      0.6608521    
  -97.54800       37.01860      0.4159296    
  -97.53850       36.99250      0.5966461    
  -115.7028       32.74090      0.6470712    
  -115.6866       32.66760      0.5659524    
  -115.6522       32.66550      0.8039845    
  -92.33700       29.62500       6.969532    
  -102.0963       49.72950      0.1703808    
  -97.65240       36.51060      0.1929312    
  -113.5063       42.68260       21.70760    
  -97.24330       39.05470       1.810284    
  -106.5051       44.95290       11.41417    
  -105.1749       40.47320       1.987643    
  -105.5463       49.27300       2.784436    
  -97.54620       36.94140       1.107474    
  -118.7755       34.48260       55.61563    
  -106.5279       44.98520       7.033198    
  -106.5403       44.95530       10.21699    
  -98.41280       37.62600       1.035613    
  -106.4824       44.92070       12.13685    
  -115.4192       43.80380       1.722624    
  -97.19770       38.65200       1.104926    
  -97.85110       38.60100       1.449492    
  -115.5587       35.39190       9.481565    
  -119.9951       34.89130       5.417138    
  -113.4948       32.96900      0.1757052    
  -111.8906       49.60000      0.3739608    
  -106.5175       44.92310       7.343067    
  -97.08170       38.91370       1.120725    
  -120.2202       39.49650       20.30629    
  -117.1423       49.89560       106.0707    
  -117.0433       49.85150       153.3013    
  -117.0447       49.81680       140.2618    
  -115.2328       43.84840       1.735535    
  -98.27900       38.86010      0.1387476    
  -120.2139       39.25170       31.40591    
  -121.3795       37.37270       51.38425    
  -108.6723       39.45610       48.51862    
  -121.4504       37.40430       20.43084    
