  -112.2745       44.94500       5888.621    
  -110.3180       34.88880       5392.624    
  -107.0935       28.26680       15667.55    
  -105.1283       24.85750       4996.555    
  -81.65110       22.69070       25136.79    
  -98.96170       22.79930       655.3083    
  -84.38500       22.16300       530.3017    
  -78.65550       21.91470       490.3303    
  -98.17060       21.84690       667.5858    
  -78.17930       21.06070       427.6642    
  -76.76810       20.95580       945.0837    
  -77.60820       20.91760       4910.722    
  -77.83980       20.77720       361.8008    
  -76.04060       20.41160       646.7581    
  -89.85090       19.32800       15606.79    
  -89.82390       19.26780       4899.725    
  -93.36320       18.15450       2353.112    
  -93.18470       17.89460       8248.740    
  -92.06880       17.85640       315.6325    
  -99.29170       17.83690       24226.13    
  -96.72110       16.77830       8618.685    
  -91.93470       15.72520       5234.307    
  -111.0231       42.93530       1146.406    
  -79.79340       22.67780       403.6208    
  -68.94520       18.62020       12927.72    
  -96.10100       18.74250       4378.804    
  -96.62200       18.51430       5238.599    
  -77.13420       18.15160       1893.623    
  -91.73460       18.14700       15001.06    
  -90.56950       18.10920       3153.557    
  -92.88350       16.41920       11617.42    
  -116.9099       35.58360       10564.36    
  -98.71950       22.83410       4949.573    
  -80.65120       22.27290       2958.710    
  -99.30290       22.18670       6137.927    
  -96.78980       19.01640       3833.004    
  -70.80050       18.59100       5171.086    
  -95.56050       18.41330       461.9387    
  -88.71520       18.30010       419.4792    
  -77.00070       18.19060       2024.398    
  -88.76020       18.14290       19193.07    
  -93.43090       18.03700       481.8895    
  -90.87340       16.97480       2548.690    
  -91.07850       15.19190       6874.953    
  -118.2092       36.00370       6003.496    
  -108.7934       35.22440       7586.937    
  -78.13700       20.93940       2162.148    
  -77.62780       20.91760       8664.804    
  -95.75830       18.45700       1741.447    
  -96.30220       18.38850       4202.500    
  -109.9970       43.30180       6742.696    
  -114.3577       41.74030       8485.005    
  -98.93010       21.82580       607.7333    
  -98.45060       21.79250       745.3430    
  -78.24440       21.30360       27916.84    
  -71.99750       19.33840       394.4128    
  -89.82170       19.24790       4164.744    
  -96.55510       19.03140       6322.447    
  -98.56780       18.59640       3825.856    
  -90.67920       18.36760       1663.458    
  -88.81740       18.32120       4454.441    
  -96.70430       18.35700       10799.07    
  -88.68690       18.00400       760.4340    
  -87.62860       15.26750       461.9387    
  -113.5254       44.64620       6003.496    
  -98.71480       22.81320       13177.73    
  -99.01120       22.61360       751.2258    
  -80.63130       22.27280       2279.511    
  -76.63160       20.97580       769.1305    
  -77.60780       20.89740       6473.558    
  -77.97670       20.77770       8546.018    
  -96.66930       18.67460       5317.103    
  -95.49000       18.65050       422.8043    
  -96.13680       18.28580       1964.140    
  -114.8090       33.95080       5742.992    
  -98.98990       22.92500       755.0626    
  -79.52440       21.89850       382.1353    
  -87.82060       21.43190       8722.858    
  -103.7713       20.63020       540.2074    
  -90.58690       19.51920       1103.741    
  -88.58550       18.19980       2390.520    
  -95.62470       18.27570       5501.350    
  -95.83480       18.26000       1729.616    
  -93.11510       17.83420       6181.928    
  -92.96540       16.42040       4168.301    
  -121.9158       43.34520       44924.23    
  -113.2269       42.22770       5524.016    
  -106.7187       37.68690       5534.194    
  -80.75510       22.76630       1443.060    
  -80.65210       22.29340       3233.571    
  -80.34360       22.06650       528.5438    
  -99.36690       21.96130       6141.806    
  -77.84030       20.79740       331.4909    
  -96.18640       18.60480       1568.741    
  -95.81050       18.23960       1691.074    
  -96.16130       18.16730       2511.426    
  -118.0264       41.99910       7591.776    
  -107.1209       37.81510       4125.531    
  -116.5716       37.46240       9810.311    
  -81.13230       22.33780       23994.27    
  -99.31660       22.14570       6240.337    
  -103.7049       20.36280       2687.998    
  -96.34200       18.36940       1590.330    
  -88.47980       18.13920       1616.380    
  -88.77450       18.08400       420.5023    
  -91.68900       18.10670       343.7683    
  -88.66880       18.02350       325.3522    
  -93.51940       17.92010       2632.190    
  -88.78820       17.37700       3881.819    
  -89.93810       17.27470       7034.846    
  -117.9728       42.57100       12247.65    
  -114.5704       33.34930       2900.569    
  -88.59190       18.47630       4829.732    
  -96.18320       18.58490       3785.128    
  -96.17960       18.28670       1839.549    
  -96.03920       18.20450       3547.139    
  -95.13470       18.10760       2217.598    
  -89.93620       17.25510       7250.169    
  -89.91610       17.25480       5429.780    
  -91.93670       15.74460       20884.82    
  -84.25600       15.50650       7008.063    
  -118.0160       42.57460       9277.142    
  -78.25400       21.66880       281.6138    
  -103.6497       20.52440       5314.244    
  -68.94430       18.63990       3254.475    
  -96.44360       18.47090       2762.988    
  -93.51690       17.90030       2841.695    
  -88.66860       17.37550       3489.078    
  -82.74590       22.86510       332.2582    
  -81.13340       22.35830       24135.34    
  -99.19780       22.12180       564.7623    
  -72.39190       18.92120       314.6094    
  -96.67830       18.99410       5681.991    
  -96.51190       18.63150       4409.291    
  -95.22800       18.16880       6008.778    
  -96.28080       18.38800       4269.704    
  -95.78280       18.33830       6535.932    
  -95.83780       18.27990       5057.957    
  -96.16440       18.18720       1590.330    
  -88.77270       18.06420       2171.961    
  -88.68850       17.37580       3018.288    
  -92.76700       16.65140       1345.659    
  -118.4380       41.15260       7540.533    
  -119.0623       37.88040       7032.382    
  -80.75610       22.78690       1905.305    
  -80.77500       22.76640       1893.795    
  -76.76900       21.01640       422.8634    
  -103.9259       20.67570       5383.272    
  -103.9207       20.65510       547.8808    
  -95.94750       18.30190       3378.614    
  -81.65230       22.71130       7296.763    
  -76.67870       20.09210       3349.774    
  -88.54420       18.39660       1072.355    
  -96.17670       18.40580       6601.620    
  -96.23170       18.34730       2684.131    
  -96.03910       18.34340       1605.025    
  -96.25920       18.10980       1935.741    
  -87.81840       21.41150       7276.763    
  -93.46470       18.13650       296.1932    
  -95.96910       18.16350       2871.130    
  -95.64950       18.15720       389.8087    
  -102.2042       17.92530       803.7579    
  -87.86760       15.32770       3517.423    
  -99.00220       21.95140       3362.484    
  -89.85310       19.34800       12810.19    
  -104.4550       19.63270       3770.709    
  -96.53350       19.03090       10168.46    
  -96.50880       18.61150       1978.917    
  -103.7661       20.60960       379.0660    
  -96.16150       18.44520       402.0862    
  -96.35420       18.31010       1655.094    
  -95.91710       18.24180       4301.896    
  -96.02710       18.12500       1539.957    
  -78.93470       21.99750       454.6489    
  -103.9240       20.57340       8161.705    
  -96.44670       18.49080       2271.953    
  -96.29290       18.32870       1928.544    
  -96.18270       18.30660       1956.811    
  -99.07150       22.78160       2367.228    
  -78.89120       21.87500       924.6447    
  -88.59570       18.51590       1495.092    
  -96.06960       18.40360       1842.192    
  -96.05750       18.18500       3289.874    
  -99.16170       22.47260       5378.185    
  -79.01380       21.99790       724.7100    
  -96.38850       18.52940       3091.651    
  -93.28010       18.15300       323.8175    
  -78.17980       21.08090       710.3010    
  -96.64160       19.03320       5681.991    
  -96.13390       18.40490       389.8087    
  -96.14000       18.44480       6555.612    
  -78.60690       21.60930       839.1630    
  -104.2254       19.76800       14824.42    
  -96.33870       18.21050       2480.826    
  -96.18580       18.18760       365.2538    
  -110.8929       33.42260       6707.774    
  -78.14720       21.34380       526.3953    
  -90.63740       19.60000       5140.067    
  -90.45220       19.41720       7606.047    
  -103.3758       19.58170       3520.981    
  -88.63390       18.49660       418.2003    
  -96.12160       18.32520       616.9414    
  -96.78810       19.13640       4171.173    
  -95.69730       18.47560       406.6902    
  -96.08180       18.34430       1655.094    
  -94.52780       17.97760       10801.16    
  -99.22620       22.55740       2367.228    
  -76.33390       20.55250       352.9764    
  -71.76910       19.18040       2948.625    
  -96.24130       18.54630       1899.760    
  -96.70510       18.49620       3990.531    
  -104.0926       20.57850       4339.321    
  -88.60150       18.57530       2433.188    
  -95.93830       18.38110       1719.859    
  -95.74950       18.25830       701.3488    
  -95.87140       18.22100       2219.985    
  -96.12770       18.36510       2806.961    
  -93.47250       18.03780       2541.729    
  -97.28320       27.89130       935.0277    
  -104.0964       19.82510       4716.654    
  -96.41580       18.43050       2662.543    
  -96.19500       18.10850       2103.389    
  -97.81510       22.93430       677.8170    
  -96.15520       18.26640       4323.058    
  -90.47040       19.39750       4429.042    
  -102.6877       19.01830       2400.208    
  -78.91090       21.87510       328.4215    
  -103.4375       19.64410       2917.712    
  -104.6384       21.37530       12336.16    
  -104.1014       19.84550       3289.866    
  -96.63160       18.57420       7045.013    
  -99.01220       22.82150       1138.221    
  -96.21330       18.22780       1647.898    
  -87.87640       21.18890       641.4963    
  -96.75030       18.77600       6864.371    
  -96.41000       18.52980       2631.068    
  -80.11660       21.86110       1637.303    
  -77.24190       20.09330       359.7290    
  -96.05180       17.13870       6363.502    
  -103.9018       20.67500       3684.115    
  -81.15220       22.33790       5830.351    
  -98.53520       18.53580       2327.479    
  -87.68440       15.22950       529.4647    
  -98.41340       21.50400       397.4821    
  -81.27330       23.10010       3694.937    
  -98.37010       21.72870       374.4619    
  -104.1634       19.80680       10953.43    
  -99.24910       22.55800       627.6841    
  -96.43840       19.36920       4893.738    
  -95.98890       16.84310       6190.762    
  -87.86620       15.30840       714.6494    
  -98.09890       21.82450       2971.567    
  -87.88570       15.30860       5094.996    
  -87.86470       15.28920       4721.932    
  -96.56380       18.55290       4006.954    
  -89.78840       16.76470       1429.132    
  -94.12770       16.34150       15740.76    
  -92.96310       16.40090       5304.254    
  -90.64850       19.52020       2886.873    
  -89.02400       19.17640       3681.898    
  -70.34600       18.92870       10175.95    
  -92.16520       18.64900       1135.127    
  -78.66960       21.73150       1476.190    
  -90.01620       19.71010       1464.680    
  -87.87850       21.20920       695.2100    
  -89.02610       19.19640       2076.708    
  -92.32460       16.15770       4040.589    
  -91.75520       18.14730       20140.35    
  -101.5743       19.08960       4581.721    
  -81.34440       22.93550       1480.434    
  -92.26360       16.15680       7767.578    
  -98.95430       18.66500       9360.507    
  -98.76290       18.58080       1981.712    
  -99.27310       17.85630       4351.814    
  -90.19780       19.51300       13817.03    
  -90.17730       19.51270       22465.66    
  -98.64710       19.03790       6463.675    
  -104.1724       19.74620       6464.195    
  -98.57570       18.51680       5501.350    
  -98.46830       18.65400       3096.646    
  -98.71940       18.46020       6812.194    
  -104.1774       19.76660       8629.730    
  -87.93070       15.38610       2575.599    
  -92.65850       15.09750       754.2953    
  -81.08290       26.77530       1744.931    
  -81.08150       26.75370       10506.25    
  -81.06080       26.75350       21207.03    
  -81.18270       26.71130       2888.019    
  -80.52690       26.49000       1214.699    
  -81.14940       26.84090       425.8737    
  -76.15760       20.43180       308.9823    
  -80.52810       26.51160       334.5602    
  -98.47620       18.57430       6043.274    
  -80.41720       26.74820       4403.990    
  -80.57940       26.68470       640.7289    
  -76.06120       20.55210       422.0370    
  -88.60500       17.98330       2484.726    
  -83.70360       29.99290       7359.738    
  -81.02190       26.79640       1131.059    
  -80.41600       26.72660       4130.540    
  -69.95780       44.29480       5690.993    
  -78.64990       21.73140       1329.033    
  -79.79170       22.63670       1696.273    
  -78.24490       21.32390       3200.086    
  -91.18460       18.33590       339.1643    
  -69.59850       49.61330       16928.65    
  -69.49460       45.37690       6716.208    
  -80.70010       26.62080       2483.112    
  -80.67930       26.62070       2220.682    
  -96.25860       18.92530       1863.780    
  -98.76050       22.81450       1342.845    
  -75.96340       20.49180       26954.08    
  -97.69010       16.54210       5181.122    
  -84.28320       30.31970       2187.603    
  -80.29870       22.39350       652.8529    
  -96.76860       18.75640       5796.944    
  -96.72220       18.73550       4253.282    
  -62.38330       50.82620       18804.40    
  -82.66330       29.75310       888.5798    
  -79.79080       22.61620       17849.16    
  -75.96330       20.47170       3462.727    
  -76.64290       20.33230       857.1188    
  -91.33700       18.41740       12125.97    
  -92.48470       17.90260       1218.770    
  -69.47210       44.08910       2618.225    
  -84.28570       30.34250       6492.966    
  -80.61590       26.59860       14744.03    
  -75.98270       20.47170       3517.679    
  -66.20580       50.21050       22790.37    
  -75.69430       39.44160       666.0512    
  -80.57450       26.59820       2376.729    
  -75.96370       20.53200       515.1409    
  -92.51270       15.05690       2374.700    
  -91.35750       18.41780       12066.59    
  -88.58730       18.21950       701.3488    
  -95.95380       18.20280       556.9184    
  -67.49690       48.06350       7846.038    
  -72.18050       45.07070       2266.759    
  -80.53470       26.98750       2193.058    
  -80.51390       26.98730       10808.48    
  -80.53340       26.96570       8095.570    
  -80.51260       26.96560       8728.696    
  -82.92210       29.28340       26804.47    
  -81.31370       27.12440       3556.515    
  -80.86990       26.68700       1325.964    
  -77.41790       20.15380       1991.247    
  -78.09550       18.29160       6178.245    
  -80.89060       26.68720       8743.354    
  -96.60370       18.53380       5714.835    
  -92.54920       15.01890       3274.208    
  -64.93230       50.27810       5517.772    
  -75.59760       39.52260       2314.173    
  -84.51850       31.21890       2795.670    
  -80.70520       26.70730       8287.606    
  -88.49840       18.33670       11490.34    
  -89.33620       17.05160       2115.642    
  -68.01240       50.35300       19085.76    
  -84.75910       30.83070       13802.56    
  -82.73750       30.09380       9906.769    
  -82.50460       29.90950       5286.029    
  -80.62220       26.70660       1299.362    
  -80.84390       26.60040       664.5165    
  -81.67230       22.71150       11187.67    
  -96.73990       18.97540       8621.519    
  -96.22260       18.42660       1971.721    
  -99.64050       18.30200       4383.823    
  -82.30600       27.52680       3196.851    
  -81.55230       26.95290       15902.39    
  -80.61470       26.57700       32778.74    
  -80.46850       26.55420       1414.975    
  -80.44780       26.55410       18458.26    
  -79.77180       22.63660       1565.374    
  -97.89120       32.22980       2846.916    
  -82.04270       28.20510       6912.317    
  -81.87990       26.86930       2341.069    
  -79.81160       22.63680       12694.16    
  -78.28420       21.32400       1684.887    
  -77.57450       21.18000       2126.044    
  -104.1394       19.80610       4690.483    
  -96.37970       18.60880       5091.148    
  -92.51210       16.19940       15112.87    
  -79.81080       22.61630       916.2040    
  -79.77090       22.61600       1068.137    
  -98.54600       22.55930       336.0949    
  -78.28470       21.34430       5332.281    
  -78.30380       21.32410       868.1174    
  -75.76750       20.27100       629.2188    
  -96.36040       18.34990       1799.016    
  -91.78980       18.26640       1412.371    
  -91.04730       17.84050       358.7315    
  -74.40960       48.22890       8243.570    
  -84.49910       31.24170       4423.780    
  -81.67110       22.69090       22324.46    
  -98.85260       21.88550       653.7737    
  -70.96670       18.84690       8120.649    
  -96.61650       18.61370       4630.987    
  -90.89640       18.48970       2471.576    
  -96.34820       18.40930       10044.00    
  -101.5940       18.40880       4516.034    
  -75.38670       47.99260       18804.40    
  -75.51670       46.80410       4246.661    
  -82.04600       27.69920       17133.82    
  -81.58410       27.41020       773.4788    
  -78.32400       21.34440       3086.561    
  -71.47130       18.72650       6632.816    
  -82.73550       30.07110       12370.17    
  -82.06380       28.20530       46248.17    
  -80.56740       26.83600       1002.146    
  -81.69230       22.71160       1692.752    
  -77.57490       21.20020       1929.668    
  -77.59410       21.18000       1509.029    
  -77.43730       20.15380       2282.069    
  -101.5981       18.42890       3695.996    
  -90.47120       16.57900       2309.710    
  -92.49840       15.11460       3324.581    
  -67.78590       50.24910       20070.53    
  -82.02490       27.69900       13770.08    
  -79.37440       22.12220       461.9387    
  -77.59450       21.20030       1390.036    
  -77.57410       21.15980       1095.761    
  -77.82210       20.85770       693.6754    
  -96.23510       18.50640       7925.299    
  -82.85290       29.93640       4495.131    
  -81.96660       29.92600       7266.651    
  -82.06700       27.69940       7745.361    
  -82.04430       27.67720       11215.06    
  -81.58560       27.43200       661.4471    
  -81.87840       26.84760       1828.502    
  -99.05370       18.84720       5337.131    
  -96.46570       18.61060       5780.523    
  -68.08730       50.64200       23634.46    
  -85.77940       31.03200       2700.922    
  -84.60440       31.01240       7303.658    
  -84.58230       31.01210       2910.807    
  -84.76190       30.85370       4158.430    
  -82.16150       27.83200       3641.208    
  -81.85910       26.86910       1334.733    
  -82.01180       22.69370       10441.62    
  -80.12410       22.49500       842.7950    
  -79.64870       22.04190       756.5973    
  -76.86000       20.55340       2206.507    
  -103.5892       19.28460       2814.290    
  -96.58220       18.53340       7537.671    
  -98.73800       18.44070       4910.160    
  -93.55570       18.03920       388.2741    
  -90.10540       17.14000       3605.519    
  -92.57340       15.05780       6699.533    
  -65.32640       50.30380       19836.06    
  -69.55340       44.33010       2001.676    
  -80.90150       27.86380       2729.763    
  -96.88360       19.31870       4959.426    
  -95.75250       18.27820       6306.026    
  -88.47120       15.27640       4372.753    
  -90.36230       14.75960       6399.083    
  -67.24090       48.37260       7720.501    
  -81.28310       27.60410       3763.380    
  -81.88150       26.89100       9984.539    
  -81.85750       26.84740       8136.187    
  -80.75970       26.57810       897.7878    
  -80.14400       22.49510       922.3426    
  -80.14310       22.47460       899.3225    
  -80.12320       22.47440       845.6086    
  -82.84740       21.67810       440.4532    
  -77.85740       21.54550       12948.70    
  -75.20420       20.41100       3305.993    
  -75.18470       20.41100       5617.305    
  -76.03970       20.29130       534.0687    
  -93.04960       16.44120       6843.843    
  -64.23680       50.58650       22884.15    
  -82.92000       29.26100       16477.78    
  -80.76100       26.59970       1217.001    
  -81.10050       22.87180       2110.185    
  -81.09940       22.85120       848.6780    
  -81.95420       22.73440       1574.709    
  -78.15920       21.04040       844.0740    
  -76.87950       20.55350       758.6436    
  -89.85530       19.36800       6352.504    
  -69.69220       49.82440       3626.072    
  -82.35410       47.85940       7846.038    
  -69.21890       45.16280       7092.819    
  -81.70150       31.97180       34576.33    
  -84.73700       30.83030       6302.551    
  -83.70970       30.67720       21785.86    
  -84.09200       30.56810       7532.622    
  -82.75920       30.09410       5254.807    
  -82.75710       30.07130       5773.640    
  -81.72640       26.75960       4154.750    
  -77.91390       21.44430       7570.514    
  -77.89430       21.44420       14582.68    
  -77.91350       21.42400       1101.133    
  -77.89380       21.42390       17741.17    
  -90.36060       14.74040       3227.639    
  -67.62580       50.46890       22133.86    
  -67.84700       50.42850       19390.57    
  -63.22960       45.63080       3626.815    
  -81.69950       31.94840       6511.077    
  -82.94150       29.26120       15099.97    
  -79.91860       21.85990       10295.19    
  -91.06000       18.67060       10079.08    
  -96.36660       18.38980       5025.114    
  -90.10730       17.15960       2144.711    
  -81.72530       27.04140       3127.888    
  -81.95540       22.75500       1346.639    
  -88.94880       20.92130       4894.698    
  -98.85850       18.62290       8230.332    
  -98.83630       18.62240       1327.498    
  -98.85490       18.60290       8572.252    
  -78.07630       18.29160       6809.000    
  -105.9262       39.77620       6092.539    
  -85.13060       31.50710       468.0774    
  -85.10830       31.50670       2437.066    
  -84.78390       30.85410       6207.203    
  -84.09460       30.59110       2957.581    
  -81.28460       27.62600       6687.835    
  -80.39540       22.76380       1103.222    
  -81.97420       22.73460       1083.484    
  -80.98120       22.50070       5573.962    
  -78.38800       21.52710       1741.052    
  -78.32450       21.36470       3058.894    
  -77.84120       20.83770       785.9753    
  -91.08050       18.67100       3384.458    
  -91.80000       17.83240       2173.597    
  -91.81820       17.81300       989.8687    
  -90.93230       17.15170       3917.218    
  -74.30060       47.82550       6925.436    
  -89.22740       32.15160       9415.245    
  -81.67940       31.97160       39828.44    
  -81.67740       31.94810       9655.295    
  -84.73980       30.85340       5320.507    
  -82.06870       27.72130       1935.741    
  -82.27550       27.13390       6999.176    
  -82.25460       27.13360       42864.51    
  -83.30680       22.54120       1337.218    
  -83.46190       22.46060       1017.600    
  -78.35810       21.87270       1343.766    
  -79.93840       21.86000       10141.56    
  -78.51540       21.85300       615.4067    
  -78.34420       21.36470       2114.534    
  -77.01000       20.17280       692.9080    
  -95.99950       18.22360       3058.326    
  -95.99650       18.20370       3065.522    
  -62.64070       50.59880       19273.33    
  -106.1819       40.31280       19038.87    
  -79.76910       33.49360       2827.153    
  -80.50380       26.44670       11407.64    
  -80.48310       26.44660       11275.48    
  -83.28670       22.54100       1060.464    
  -79.57990       21.79690       845.6086    
  -79.57910       21.77660       744.3198    
  -96.80660       18.85700       3745.942    
  -90.77400       18.48780       3540.497    
  -82.70860       47.73250       16975.54    
  -84.25480       31.42330       3862.320    
  -84.52120       31.24210       5723.953    
  -84.80600       30.85440       6077.589    
  -84.28310       30.70850       4836.261    
  -86.07990       30.30330       1633.506    
  -97.49410       29.30630       3825.856    
  -82.06560       28.22750       9624.564    
  -77.87750       21.56590       37974.36    
  -77.85780       21.56580       11089.92    
  -77.87700       21.54560       39858.24    
  -105.3469       21.72870       546.3460    
  -78.01960       20.93900       1282.609    
  -77.31490       20.91680       518.2103    
  -90.42680       19.89700       8063.172    
  -100.1064       18.05410       6169.176    
  -91.70680       17.73250       764.5265    
  -83.39250       15.09680       352.4649    
  -69.82390       49.22440       17819.63    
  -84.80880       30.87750       960.2712    
  -80.39630       22.35320       1101.133    
  -80.45410       22.31260       2356.139    
  -78.88920       21.81390       5139.847    
  -78.86950       21.81380       5174.395    
  -78.50430       21.46670       976.0565    
  -78.48460       21.46670       1058.162    
  -78.03920       20.93910       12196.03    
  -78.03870       20.91890       8949.957    
  -78.01910       20.91890       15206.72    
  -91.75280       18.12750       1408.965    
  -91.73230       18.12720       6192.971    
  -99.68260       16.77900       7045.013    
  -78.37790       21.87280       1385.816    
  -77.55490       21.17990       772.7114    
  -101.7889       20.28780       5397.438    
  -101.7656       20.28720       3705.985    
  -99.23540       18.63160       3300.795    
  -90.88290       18.37080       4118.831    
  -90.88070       18.35100       6290.036    
  -90.93020       17.13210       2238.869    
  -90.79060       16.95410       626.9168    
  -86.69980       15.06600       3886.635    
  -86.69850       15.04680       16269.72    
  -77.38120       35.70790       9179.864    
  -77.35820       35.70780       3414.741    
  -79.31570       22.14230       487.2609    
  -78.34360       21.34450       2256.043    
  -76.69050       20.99600       985.2645    
  -99.08710       18.90800       1147.941    
  -90.31490       15.12450       5858.375    
  -92.57940       15.11570       6764.298    
  -90.00350       14.96680       533.5571    
  -83.70730       30.65420       23920.94    
  -81.54890       27.80390       858.1931    
  -83.01790       22.72350       718.2303    
  -78.86880       21.79340       8063.171    
  -76.54610       20.37220       629.2188    
  -72.36480       19.33730       681.3979    
  -104.4442       19.49070       12891.22    
  -90.86030       18.35060       3349.298    
  -88.59750       16.34130       3933.516    
  -83.73170       30.67750       13153.97    
  -78.42720       26.62770       10380.16    
  -78.84640       22.32410       687.2809    
  -78.35760       21.85230       8752.895    
  -88.70530       21.12010       2905.386    
  -78.05920       20.95940       10760.94    
  -75.92520       20.59220       771.5602    
  -99.09080       18.92810       4631.852    
  -84.20430       30.59270       23944.90    
  -82.30770       27.54860       2856.836    
  -81.76950       23.00080       869.6520    
  -78.88860       21.79350       2971.973    
  -78.05970       20.97950       1328.010    
  -78.04010       20.97950       7931.409    
  -78.03960       20.95930       1063.022    
  -90.41380       14.89480       7366.882    
  -67.86540       50.31970       22852.89    
  -78.19440       48.37710       11089.07    
  -82.27720       27.15560       12102.97    
  -82.25620       27.15540       18001.32    
  -80.74870       22.23270       2586.984    
  -78.28030       21.91320       8348.569    
  -104.8178       21.58730       21519.31    
  -75.98290       20.49180       1802.717    
  -89.83080       20.22890       4420.805    
  -90.22260       19.19420       7023.433    
  -90.43130       19.05810       1741.924    
  -88.57650       17.23740       1145.589    
  -92.98590       16.42080       6253.226    
  -84.65180       30.66830       8528.461    
  -83.19510       29.44410       3568.679    
  -78.44780       26.62780       41624.40    
  -99.31160       27.01100       7840.124    
  -82.65640       23.02930       25228.84    
  -81.67350       22.73210       844.0740    
  -81.69110       22.69110       805.7070    
  -79.88070       21.90050       2306.872    
  -79.93750       21.83960       1134.786    
  -79.91780       21.83950       1101.900    
  -78.36830       21.52710       5075.356    
  -78.36770       21.50680       1347.854    
  -98.93030       20.96500       8995.469    
  -89.79420       19.36710       3715.742    
  -89.79200       19.34710       5591.276    
  -89.77170       19.34680       2843.605    
  -90.24300       19.19450       12717.34    
  -92.48230       17.88280       802.6163    
  -96.16670       16.90520       5310.914    
  -68.67750       50.59510       17444.48    
  -78.40760       21.52720       2045.900    
  -88.04750       21.45550       570.9009    
  -76.69080       21.01620       1373.539    
  -88.93740       20.63810       6184.321    
  -89.91760       20.27050       1778.541    
  -90.20980       19.79330       4480.146    
  -90.22040       19.17430       4797.304    
  -71.51370       18.56850       2000.784    
  -90.89420       18.46990       4718.729    
  -90.47470       17.79260       6001.723    
  -79.40850       34.95080       5337.131    
  -81.70360       27.32410       6512.278    
  -80.81670       26.49230       1694.287    
  -80.81540       26.47080       2751.681    
  -80.23080       22.20880       340.6990    
  -84.36490       22.16270       5898.611    
  -78.30010       21.91320       1412.827    
  -78.29950       21.89290       8713.637    
  -78.27980       21.89280       1719.916    
  -82.78240       21.59610       4185.467    
  -88.04530       21.43520       566.2969    
  -77.82120       20.81740       7718.312    
  -90.22490       19.21420       4087.810    
  -90.24080       19.17460       5402.818    
  -71.39320       18.76620       8342.346    
  -89.56040       18.50940       6345.296    
  -100.6804       18.36640       6437.400    
  -67.98180       50.35360       18945.08    
  -80.22540       22.08610       6895.703    
  -76.82100       20.55340       1180.425    
  -88.91700       20.63780       5122.887    
  -88.90360       20.51650       6309.250    
  -103.9051       20.59330       3608.240    
  -103.7934       19.24990       28436.23    
  -92.70150       18.32110       620.7780    
  -90.47680       17.81230       2908.437    
  -92.98360       16.40120       8522.987    
  -68.22810       50.53020       19742.27    
  -88.77600       48.87860       10461.38    
  -80.52840       26.87900       2493.088    
  -81.15330       22.35840       29402.38    
  -79.91940       21.88030       5094.482    
  -83.00840       21.69990       9153.038    
  -82.98840       21.69970       7706.316    
  -78.34810       21.50670       1606.085    
  -89.06930       20.53920       15776.01    
  -89.58790       19.52360       5807.112    
  -89.58570       19.50360       34258.65    
  -89.56530       19.50330       5214.010    
  -103.7696       19.24920       6335.994    
  -91.57770       18.20370       1178.273    
  -91.55720       18.20340       831.0293    
  -91.57540       18.18390       9130.599    
  -85.53720       32.21560       7307.763    
  -84.25210       31.40010       9110.131    
  -84.24940       31.37680       5726.866    
  -84.48720       30.57410       3693.755    
  -80.52970       26.90070       10953.43    
  -77.74210       21.66700       8917.113    
  -82.98710       21.67930       10976.86    
  -76.95930       20.67430       1042.048    
  -89.05790       20.61970       13338.72    
  -90.65570       16.21190       4561.759    
  -80.47330       26.64060       2016.186    
  -80.47210       26.61900       2626.221    
  -78.90440       21.67150       1546.958    
  -77.89670       21.54570       23661.87    
  -78.34860       21.52700       830.7735    
  -77.02950       20.17290       702.8835    
  -75.70860       20.17090       1450.784    
  -90.44160       18.42340       4435.890    
  -96.22860       18.32740       801.1030    
  -96.22550       18.30750       1015.958    
  -99.68480       17.68710       13928.43    
  -68.40750       50.16590       17256.90    
  -62.06750       50.22050       20258.11    
  -81.16060       22.87220       544.8115    
  -80.74990       22.66340       903.9265    
  -80.74890       22.64280       1244.626    
  -78.26060       21.91310       814.1478    
  -77.85690       21.52520       13051.22    
  -88.90580       20.53670       7635.083    
  -88.88320       20.51620       4552.148    
  -89.82850       20.20870       3693.755    
  -90.18860       19.43300       2139.480    
  -97.27780       19.08700       9107.991    
  -97.27440       19.06700       27740.03    
  -90.90140       18.17340       8333.983    
  -90.88110       18.17310       5762.942    
  -90.88130       17.62160       5337.131    
  -91.57390       15.54610       4265.352    
  -68.40190       50.20190       3412.815    
  -60.37310       46.00420       9268.785    
  -84.56840       31.45140       4657.695    
  -98.91170       22.88110       792.4065    
  -78.12350       21.18180       6867.561    
  -78.24010       21.14170       666.0512    
  -76.66780       20.75410       585.4805    
  -89.08970       20.53950       10889.94    
  -75.59180       20.09080       2547.498    
  -89.93220       19.68880       2835.203    
  -89.53840       19.44300       1480.373    
  -96.42350       18.74920       7110.700    
  -91.60280       18.24360       4529.248    
  -90.29920       16.45990       7342.381    
  -99.76580       35.76630       3855.823    
  -84.19000       30.66120       13400.30    
  -82.04440       28.22720       8103.647    
  -77.89720       21.56600       13591.94    
  -77.87650       21.52530       13233.67    
  -89.04880       20.53890       4367.947    
  -89.08740       20.51930       6955.238    
  -89.06700       20.51900       10550.47    
  -103.2192       20.79780       4717.446    
  -90.27680       20.01490       4907.061    
  -90.25630       20.01460       6502.955    
  -90.08190       19.39140       6134.783    
  -90.07520       19.33150       6238.242    
  -96.42030       18.72920       4434.116    
  -90.40520       16.51970       4946.176    
  -90.65760       16.23140       3264.145    
  -90.66630       16.11500       3823.863    
  -90.64630       16.11470       9335.873    
  -83.71180       15.36790       9278.885    
  -68.63810       50.45050       7113.741    
  -66.47020       45.42740       6046.680    
  -83.58310       30.72130       1712.663    
  -80.57570       26.61980       990.6360    
  -83.13150       22.62170       1157.469    
  -79.93670       21.81930       1786.368    
  -88.44350       21.33950       503.3751    
  -76.95350       20.29280       16391.81    
  -90.00840       20.17140       4798.816    
  -90.27070       19.61410       7096.471    
  -90.07970       19.37140       7967.730    
  -90.06170       19.21170       12695.40    
  -90.04130       19.21130       11941.51    
  -91.63920       18.20470       7598.367    
  -91.63680       18.18490       801.1030    
  -89.92480       16.72750       6800.077    
  -90.27920       16.45960       4430.658    
  -79.78690       33.42170       2374.700    
  -81.21070       28.08660       4717.390    
  -80.49280       26.61920       1296.805    
  -80.71880       22.43730       1298.297    
  -80.31390       22.29120       1010.246    
  -79.10850       21.87600       773.4788    
  -77.91640       21.54570       114799.7    
  -77.89620       21.52540       22364.86    
  -104.8591       21.38230       4360.684    
  -77.86070       20.83770       1378.015    
  -89.49880       20.36450       3538.586    
  -102.4685       20.61250       5412.360    
  -90.17730       19.15370       5891.203    
  -91.61870       18.20440       6167.503    
  -71.39600       17.88120       3274.177    
  -90.48660       17.71410       9081.871    
  -73.51280       47.46180       5837.452    
  -67.67490       45.65530       7302.046    
  -75.62090       39.41450       7176.388    
  -84.48540       31.12590       4113.531    
  -81.48830       22.99850       9211.004    
  -81.46830       22.99840       14902.91    
  -80.49200       22.27190       1825.459    
  -77.94370       21.03970       8736.473    
  -89.51930       20.36480       2746.283    
  -90.06390       19.23160       2568.422    
  -90.04350       19.23130       10189.81    
  -87.68560       15.76940       3224.991    
  -68.83640       50.55610       23587.56    
  -79.77060       33.51760       2511.426    
  -83.98740       30.61240       13849.17    
  -82.66420       30.00210       22688.74    
  -78.00780       25.02400       3525.432    
  -82.95180       22.64050       873.6166    
  -82.93170       22.64030       1029.259    
  -80.43420       22.31240       531.7667    
  -80.22450       22.06570       2892.744    
  -78.22520       21.32380       1289.833    
  -78.27990       21.16210       1041.643    
  -77.92410       21.03960       2719.014    
  -77.90450       21.03960       19806.77    
  -89.19330       19.81770       5168.884    
  -90.06150       19.39110       2165.635    
  -90.05930       19.37110       3368.765    
  -89.83050       19.32770       4555.232    
  -90.17960       19.17360       3898.964    
  -71.02240       18.92580       3356.627    
  -103.5518       19.12220       9721.789    
  -96.12480       18.48420       475.7508    
  -86.47760       14.92960       5430.272    
  -84.16040       30.59200       4304.702    
  -82.08670       28.22770       10165.18    
  -81.68260       27.32390       5130.995    
  -81.74620       27.04160       2964.777    
  -81.54970       23.01970       9524.726    
  -80.00890       22.12570       741.2505    
  -78.34090       21.24320       7361.524    
  -87.63350       21.00310       4892.027    
  -90.26840       19.59410       5412.317    
  -89.83270       19.34770       5574.058    
  -96.14470       18.88300       3615.581    
  -88.27260       18.05780       26663.06    
  -87.30470       14.82230       468.0774    
  -68.60200       50.48740       18898.19    
  -83.52200       31.59840       3648.403    
  -82.66630       30.02480       24132.35    
  -82.08500       28.20560       6688.870    
  -82.06210       28.18330       5411.438    
  -81.48710       22.97790       10246.51    
  -82.64390       22.84350       7831.517    
  -79.66770       22.02160       9595.887    
  -77.47410       21.05840       1688.148    
  -77.47370       21.03830       1089.842    
  -89.26010       20.42120       3090.679    
  -75.72800       20.17090       1842.383    
  -90.14420       19.93260       4222.188    
  -96.54340       19.09110       5156.489    
  -88.63260       18.89270       25458.96    
  -91.80320       18.20730       679.3517    
  -91.69560       17.98840       1158.875    
  -86.87340       14.76070       9519.688    
  -86.85400       14.76050       19897.55    
  -86.87210       14.74150       30311.16    
  -86.85270       14.74130       5775.026    
  -83.54720       31.83190       2022.093    
  -82.64580       29.79810       4576.695    
  -82.62420       29.79780       7937.256    
  -82.64380       29.77540       1104.970    
  -82.62220       29.77520       6760.700    
  -82.66400       22.84370       837.4238    
  -79.97010       22.61720       1283.206    
  -80.20460       22.06560       4258.301    
  -77.69340       21.24100       1278.133    
  -77.67380       21.24100       999.4604    
  -78.28040       21.18230       772.7114    
  -77.49370       21.05850       1632.900    
  -77.49330       21.03830       994.9843    
  -77.99670       20.79790       1301.004    
  -91.59820       18.20400       9623.257    
  -88.27440       18.07750       3243.221    
  -91.69790       18.00820       838.2423    
  -91.71610       17.98880       866.1733    
  -89.27130       16.56330       2432.416    
  -68.80030       50.59310       27901.79    
  -67.78580       50.06970       21727.44    
  -80.91400       47.86890       8494.644    
  -79.65310       47.61870       2216.387    
  -84.16810       30.66090       14363.72    
  -82.81590       30.00400       8630.651    
  -81.50840       22.99870       945.3629    
  -81.46710       22.97770       6456.743    
  -82.31420       22.71690       5107.223    
  -79.97100       22.63780       1491.644    
  -77.99620       20.77770       45166.56    
  -77.09620       20.69470       1380.913    
  -90.19320       20.17430       4682.428    
  -92.22290       18.11540       374.4619    
  -93.22760       15.66650       572.8193    
  -83.39350       15.11600       376.7639    
  -91.44650       14.85000       6618.042    
  -83.79010       30.40380       13503.13    
  -82.64250       22.82290       9212.708    
  -82.13480       22.73590       1304.478    
  -82.11470       22.73580       1568.443    
  -77.69380       21.26130       778.0828    
  -76.63340       21.11710       542.7652    
  -77.11570       20.69470       927.7142    
  -90.25850       20.37670       11598.00    
  -71.61350       19.22060       7324.185    
  -89.29780       19.27990       4245.254    
  -88.48780       18.43530       1187.437    
  -100.5526       18.40320       5764.193    
  -88.25270       18.05750       6566.337    
  -91.71840       18.00850       689.8387    
  -93.46480       17.97840       517.1872    
  -90.91470       17.36690       5383.452    
  -92.37380       16.23620       4515.109    
  -80.05890       33.13690       20708.07    
  -84.19370       31.46880       8789.021    
  -81.94500       29.92580       9552.782    
  -81.08280       27.10060       4683.154    
  -80.71980       22.45780       910.0653    
  -80.31300       22.27070       1176.880    
  -77.91590       21.52540       21345.61    
  -90.23800       20.37630       924.3890    
  -89.98490       19.97010       3125.767    
  -88.45260       17.62760       2474.264    
  -94.98860       17.67020       2633.039    
  -83.64250       14.73450       4586.282    
  -81.96840       29.94870       19295.78    
  -78.16270       21.18190       908.9691    
  -99.26960       17.83640       12617.52    
  -90.81620       17.58130       1715.769    
  -90.76100       17.44310       2113.325    
  -68.48480       50.05710       14818.43    
  -119.5598       36.45880       4793.087    
  -81.81310       27.39060       5086.243    
  -102.7917       25.63200       3219.116    
  -77.93600       21.54580       44502.64    
  -77.93550       21.52550       19002.12    
  -77.77140       21.22100       709.3013    
  -77.09720       20.75500       4729.261    
  -90.01080       20.19150       4909.295    
  -90.90360       18.19320       8143.892    
  -67.63980       50.03670       20117.43    
  -84.81130       32.15600       10033.80    
  -81.50720       22.97800       13997.33    
  -82.31550       22.73750       3276.451    
  -80.33380       22.29130       1175.126    
  -80.33290       22.27080       1055.860    
  -77.83260       21.32240       440.8916    
  -78.18180       21.16170       810.3110    
  -78.16220       21.16170       1413.440    
  -77.09750       20.77520       5929.848    
  -76.21650       20.49210       318.4461    
  -88.89910       20.47620       12495.04    
  -99.69140       20.29290       3891.635    
  -101.9242       20.16960       4055.606    
  -89.61180       19.18500       9178.574    
  -90.88330       18.19290       2521.343    
  -90.60390       17.67650       12124.22    
  -90.58360       17.67620       10326.96    
  -84.25850       30.68520       7775.789    
  -82.68800       30.02510       21700.78    
  -82.68590       30.00240       17991.95    
  -79.89960       21.88020       6986.794    
  -78.63200       21.79240       930.7835    
  -77.85640       21.50490       10904.17    
  -89.97400       20.57370       4844.752    
  -75.65180       20.45140       3682.625    
  -75.63230       20.45140       5992.113    
  -90.43700       19.63670       3581.057    
  -90.69750       19.24150       5593.279    
  -88.48970       18.45510       1898.854    
  -71.28880       18.33300       873.2330    
  -70.19190       18.33760       644.5657    
  -88.49100       18.25770       805.0931    
  -90.93700       17.38680       3190.911    
  -90.91680       17.38650       6537.506    
  -90.93490       17.36720       2730.583    
  -81.06820       32.34060       4669.942    
  -102.2271       25.28920       4509.087    
  -88.34430       20.99310       3781.710    
  -88.34210       20.97280       7061.435    
  -77.97710       20.79780       1477.692    
  -88.89690       20.45600       4631.852    
  -90.20450       19.21390       2364.849    
  -91.56190       18.24300       2599.808    
  -93.11760       17.85400       873.2330    
  -82.64260       30.00190       14375.68    
  -81.94690       29.94840       4786.367    
  -81.08420       27.12240       2439.465    
  -80.56120       26.72770       3230.502    
  -80.56000       26.70610       787.2908    
  -98.26770       24.64980       506.4444    
  -78.37670       21.83210       805.7070    
  -77.97140       21.38370       446.5919    
  -88.65070       21.36300       3997.364    
  -77.78560       20.97860       2475.651    
  -103.3342       20.49470       14339.65    
  -90.60180       17.65680       8942.698    
  -90.58150       17.65650       5528.418    
  -92.60450       16.29810       8063.266    
  -92.58410       16.29770       20684.80    
  -79.58000       48.32290       5586.379    
  -117.5348       46.88990       2240.271    
  -82.64460       30.02460       8668.172    
  -80.56240       26.74940       1120.316    
  -80.58190       26.72790       3542.042    
  -80.54040       26.72760       1169.426    
  -83.17610       22.68390       1008.285    
  -83.24060       22.45840       970.8768    
  -78.39650       21.83210       802.6376    
  -77.75180       21.22100       819.5192    
  -77.90400       21.01940       910.0652    
  -77.88440       21.01930       2814.279    
  -103.3291       20.47410       8599.068    
  -89.31810       19.28020       9279.948    
  -100.7884       18.68870       8124.489    
  -95.55500       18.23460       524.8607    
  -93.13420       16.81350       13170.39    
  -78.43810       50.05250       20914.62    
  -68.22850       49.95440       6841.745    
  -83.68540       30.65390       3914.658    
  -78.00470       24.91830       3640.562    
  -82.02190       22.85860       818.2402    
  -98.89860       21.78380       2698.523    
  -77.90350       20.99920       8991.013    
  -77.88400       20.99910       5401.385    
  -91.88660       17.87320       1022.097    
  -91.86380       17.85310       4821.361    
  -88.89890       17.28060       2695.730    
  -90.54640       17.12660       1942.153    
  -93.13190       16.79390       9344.084    
  -98.37550       27.30910       3725.964    
  -80.93400       22.35680       558.6236    
  -77.93650       21.56610       9179.865    
  -77.91680       21.56600       20108.09    
  -77.65590       21.32190       492.6322    
  -90.07090       20.35350       3209.438    
  -103.7233       20.62870       977.5912    
  -75.12610       20.09060       788.4419    
  -89.63300       19.56420       4933.362    
  -88.66660       17.57150       11225.00    
  -90.67590       17.40270       3613.527    
  -84.48780       31.51980       3546.159    
  -85.03680       30.21740       12825.14    
  -79.99000       22.61730       1075.811    
  -77.95570       21.54590       1447.203    
  -77.95520       21.52560       13006.17    
  -78.38740       21.50680       4543.906    
  -77.93500       21.50520       7493.780    
  -77.91540       21.50510       10476.39    
  -75.10670       20.09060       879.3716    
  -75.12610       20.07060       940.7589    
  -72.36520       19.31740       440.4532    
  -69.55530       18.85370       6568.776    
  -78.13350       18.27210       4591.087    
  -98.44360       17.87780       13085.00    
  -86.55860       15.27610       449.6613    
  -80.07980       22.39220       2060.180    
  -77.72240       21.66700       2407.392    
  -77.87610       21.50500       7821.528    
  -78.42620       21.48670       3714.309    
  -102.1342       20.37880       9376.928    
  -90.12290       19.21260       1156.051    
  -88.96720       18.81800       1244.978    
  -70.74450       18.53210       1919.778    
  -89.18920       18.42510       1789.003    
  -90.90160       17.62190       3011.273    
  -88.66840       17.59110       14631.95    
  -88.64840       17.59090       7574.491    
  -88.64660       17.57120       9771.512    
  -74.47140       39.98480       22180.93    
  -85.01490       30.21700       5984.266    
  -80.21200       22.68040       1033.607    
  -80.21110       22.65980       1011.354    
  -80.92030       22.47970       497.2364    
  -79.93980       22.37080       2542.267    
  -78.58190       22.09800       1892.215    
  -75.10670       20.07060       10395.09    
  -90.14660       19.95260       8972.160    
  -90.40390       19.87660       5633.407    
  -90.12090       19.73180       7741.614    
  -71.53620       19.22090       580.1091    
  -93.46740       17.99820       573.9704    
  -90.62410       17.67680       7479.855    
  -114.1938       47.67020       30367.11    
  -83.95610       30.72660       4351.814    
  -83.68780       30.67690       2548.605    
  -83.79250       30.63250       4232.151    
  -83.78520       30.35810       1744.273    
  -80.52470       26.81400       1072.741    
  -80.52340       26.79230       916.9714    
  -83.15890       22.72490       3185.680    
  -80.05160       22.65880       479.5132    
  -79.86710       22.53450       508.7465    
  -78.60170       22.09810       2025.246    
  -78.42670       21.50700       1592.145    
  -78.40650       21.48660       15604.95    
  -76.87690       20.37280       2950.385    
  -76.11730       20.27140       994.7795    
  -102.1389       20.39930       4245.401    
  -90.16710       19.95300       12431.41    
  -78.13390       18.29180       5467.567    
  -93.60780       18.11920       1950.133    
  -91.71360       17.79160       2735.814    
  -90.60600       17.69620       11115.47    
  -80.09970       22.39230       1970.785    
  -76.11740       20.29140       1304.478    
  -89.54450       19.68290       6338.088    
  -88.42750       18.85030       4210.957    
  -92.96840       18.30590       4975.847    
  -86.69190       15.23890       2113.325    
  -91.21580       50.16540       16553.50    
  -83.79500       30.65550       7217.442    
  -98.34590       27.28620       12756.18    
  -81.80600       22.93920       6910.635    
  -78.76190       22.16010       686.7693    
  -78.17150       21.52630       450.4286    
  -89.92160       20.12980       6602.609    
  -103.5017       20.11260       4115.280    
  -89.86180       19.78780       34761.96    
  -89.35330       19.42030       6652.246    
  -90.15470       19.13340       5076.451    
  -88.42560       18.83040       4000.102    
  -89.40540       17.97430       6780.169    
  -90.67800       17.42230       2155.173    
  -83.43440       15.17380       8879.343    
  -98.35170       27.30830       8830.436    
  -84.22230       22.14070       3085.943    
  -78.44590       21.48680       1222.833    
  -89.86410       19.80790       6993.932    
  -90.00500       19.79000       6103.971    
  -89.98450       19.78970       5974.494    
  -89.84140       19.78750       11337.92    
  -89.56480       19.68320       2986.902    
  -88.49060       18.67280       5762.423    
  -93.61820       18.04030       4300.674    
  -88.48330       17.96200       2911.965    
  -88.75030       17.82780       3613.527    
  -91.72950       17.75250       1113.958    
  -91.70910       17.75220       5471.546    
  -96.90590       16.58590       13165.74    
  -82.04200       22.85870       415.8983    
  -78.40710       21.50690       5097.236    
  -88.25030       21.25530       776.5482    
  -88.22990       21.25500       788.0582    
  -89.42550       17.97460       7794.071    
  -91.93270       15.70580       647.6349    
  -83.62430       14.75350       1832.220    
  -98.54480       26.70180       4935.622    
  -80.39060       22.66100       1254.018    
  -80.12970       22.16730       7948.220    
  -79.49100       22.06150       1243.496    
  -79.21090       21.97840       2595.655    
  -88.51860       21.27970       669.1205    
  -78.23910       21.10130       6516.476    
  -87.50580       21.14310       1945.933    
  -89.88230       19.78810       9041.487    
  -90.95420       16.97590       5402.082    
  -90.49790       50.27940       21336.66    
  -83.13440       22.66290       12152.24    
  -83.13300       22.64230       1100.366    
  -80.51670       22.37440       398.2495    
  -79.49950       22.28640       3188.063    
  -78.60110       22.07770       1671.267    
  -89.91930       20.10960       13537.84    
  -88.48870       18.65290       3379.227    
  -91.35280       18.37810       9261.975    
  -92.17460       18.05530       358.3478    
  -99.58450       16.71790       15361.81    
  -89.20630       16.50410       1297.288    
  -96.92730       16.58630       20152.86    
  -92.07700       15.34040       19428.81    
  -90.75190       49.86130       17960.31    
  -81.13620       22.78960       5287.865    
  -80.41060       22.66110       1275.319    
  -78.52080       22.03650       428.1758    
  -79.19110       21.97830       3041.736    
  -79.21020       21.95800       1953.648    
  -78.42560       21.46640       930.0161    
  -102.4216       21.10200       6023.475    
  -89.89880       20.10930       10904.17    
  -71.94250       19.19970       716.6957    
  -86.41330       14.83310       17347.96    
  -85.36010       32.23590       10168.46    
  -81.92160       29.90290       3638.515    
  -80.81500       22.76670       432.7798    
  -83.20040       22.45800       1839.549    
  -79.51080       22.06160       1363.307    
  -79.49020       22.04110       2309.182    
  -97.60180       21.79120       5474.280    
  -78.23860       21.08110       14653.85    
  -88.95100       20.94150       6174.649    
  -89.37960       20.92800       9918.853    
  -104.3767       20.75080       8472.289    
  -89.90110       20.12950       18885.23    
  -89.61270       19.56390       4100.567    
  -90.83900       16.83760       1783.772    
  -83.41440       15.15450       7833.266    
  -85.39930       32.02530       5763.756    
  -84.23270       31.42300       4914.676    
  -85.78160       31.37900       10554.41    
  -83.86050       30.45040       6601.468    
  -80.07890       22.37170       1298.084    
  -78.25870       21.10140       6140.160    
  -90.22390       19.91380       4408.754    
  -91.35510       18.39790       6746.532    
  -91.59590       18.18430       14358.25    
  -91.59350       18.16450       851.3637    
  -93.50890       17.99890       2871.229    
  -99.58780       16.73770       31562.27    
  -96.92440       16.56660       20425.27    
  -96.90310       16.56620       12316.66    
  -98.55050       26.72380       3061.683    
  -98.04700       21.67930       395.9475    
  -77.68480       20.83720       1333.317    
  -76.95810       20.59380       699.0468    
  -90.18230       19.73280       1529.564    
  -89.43320       18.44830       5379.229    
  -90.70540       16.30970       9432.269    
  -79.95460       22.71990       8227.393    
  -83.15450       22.66310       1077.345    
  -83.21060       22.60190       982.4509    
  -80.91300       22.33620       540.6796    
  -102.2336       21.48680       643.0309    
  -77.70430       20.83720       1277.900    
  -102.2602       21.01540       17091.49    
  -76.99460       20.43330       5326.183    
  -98.62260       18.65750       4516.034    
  -78.24860       18.27250       1391.446    
  -97.98080       16.33240       2727.307    
  -119.4226       47.41690       10109.05    
  -85.06070       31.83220       12765.15    
  -79.95550       22.74050       458.8693    
  -83.23070       22.60210       911.6000    
  -79.98900       22.12560       3457.921    
  -77.69830       21.46390       3955.715    
  -76.72070       20.33240       704.4182    
  -89.83500       19.36770       4907.061    
  -71.94300       19.17980       852.1311    
  -90.21810       19.15430       12825.53    
  -81.26640       22.97620       4948.640    
  -80.05990       22.39200       1028.236    
  -79.90130       21.92100       3254.023    
  -78.28690       21.42530       758.1320    
  -77.70390       20.81710       1378.143    
  -77.68430       20.81700       1281.458    
  -90.61300       16.99060       3019.498    
  -83.61050       30.35560       2162.020    
  -83.15160       22.62190       1120.316    
  -80.54240       22.49770       3156.581    
  -80.08070       22.41270       1333.637    
  -84.20210       22.14050       360.6498    
  -69.74670       18.91200       1847.998    
  -88.65270       18.89300       17979.22    
  -91.77750       17.45840       3908.247    
  -89.89210       17.21540       3911.451    
  -88.62720       16.45820       1969.631    
  -77.28810       37.05080       6579.347    
  -80.70230       22.91010       3076.667    
  -80.45320       22.29210       1251.532    
  -78.58630       22.24110       6468.992    
  -84.31090       22.24410       2816.949    
  -77.94890       21.26210       368.3232    
  -88.87430       21.34610       12009.67    
  -88.89250       21.32610       11363.98    
  -88.87190       21.32580       1022.864    
  -77.02330       21.01690       2004.103    
  -75.90570       20.59220       379.8333    
  -89.07600       20.59980       3517.926    
  -75.72950       20.43140       3936.438    
  -90.88050       17.42520       1276.364    
  -82.20190       31.88410       2518.622    
  -80.39160       22.68150       1246.160    
  -80.38970       22.64040       6401.984    
  -80.93300       22.33630       2521.500    
  -77.99910       20.89860       3796.844    
  -90.72620       18.78440       620.0108    
  -92.67780       18.45940       8611.094    
  -91.78860       17.73380       560.1582    
  -88.29000       15.71800       7510.562    
  -78.81030       21.81350       721.5358    
  -77.47770       21.24040       726.3641    
  -71.55700       19.16130       3298.927    
  -88.63060       18.87290       11731.15    
  -81.43310       22.73020       382.9027    
  -78.58690       22.26160       3951.620    
  -77.99950       20.91880       2622.897    
  -89.33620       19.26060       3361.734    
  -89.61400       19.20490       8980.429    
  -88.63460       18.91260       15371.47    
  -89.26610       18.18920       5440.506    
  -92.17080       18.19350       611.7618    
  -101.0486       17.34190       6306.025    
  -91.02730       17.09430       5391.460    
  -91.83760       15.76260       5011.037    
  -85.71510       31.21570       2201.596    
  -81.17950       22.85180       362.9519    
  -76.97760       20.59390       751.9932    
  -75.74890       20.43140       7373.451    
  -101.5747       20.46500       14279.84    
  -70.87760       18.59060       2528.464    
  -96.02390       18.24390       3156.581    
  -100.1116       16.96540       3612.827    
  -117.1190       48.76160       32262.91    
  -77.50810       20.79640       557.0889    
  -71.04280       18.88610       9114.177    
  -90.62620       17.69650       14579.21    
  -80.62320       22.93020       2152.351    
  -80.82880       22.64340       728.9730    
  -80.47400       22.31270       2234.494    
  -77.59960       21.44330       563.2276    
  -98.54190       21.69210       1143.337    
  -78.22470       21.30350       2573.965    
  -89.63430       19.20520       7240.510    
  -88.61240       18.89250       8942.520    
  -96.15030       18.78340       7706.982    
  -88.81210       17.84830       4288.202    
  -89.44350       16.48770       3711.359    
  -84.50490       14.77900       6381.444    
  -78.58130       22.07760       1769.998    
  -79.66850       22.04200       455.8000    
  -78.21740       21.02050       3462.499    
  -78.17620       20.93960       4231.390    
  -77.48850       20.79630       2957.581    
  -76.97730       20.57380       1669.732    
  -90.07740       19.35140       7832.512    
  -88.65470       18.91290       10393.70    
  -88.65070       18.87310       8747.907    
  -90.80230       17.64010       1365.291    
  -101.5354       17.65060       3042.735    
  -94.10700       16.34120       5675.637    
  -94.12530       16.32200       7576.793    
  -90.86010       15.42060       4580.979    
  -82.80230       21.59630       4038.213    
  -77.93760       20.77750       551.9733    
  -90.04410       19.95100       6647.424    
  -89.56750       19.52330       5474.673    
  -71.21330       19.00410       4023.375    
  -95.73690       18.45660       4778.475    
  -77.30570       18.09310       1721.000    
  -83.45350       15.17400       6039.169    
  -86.87980       14.85660       3842.794    
  -80.82980       22.66400       622.3128    
  -80.81650       22.39700       5030.587    
  -77.60000       21.46360       1068.905    
  -89.31870       21.10950       13712.32    
  -89.31640       21.08910       7476.901    
  -76.85540       20.23250       573.6635    
  -90.29360       20.15590       6055.702    
  -90.96890       17.68190       3587.899    
  -92.52060       15.13420       3281.404    
  -96.41520       38.11620       3669.358    
  -81.34120       32.69780       12708.21    
  -80.14040       22.41300       2246.004    
  -78.26400       21.30370       1295.270    
  -89.63220       19.18530       8496.596    
  -92.11390       18.23220       3722.674    
  -91.31800       16.78580       2771.012    
  -86.04650       31.03680       4910.160    
  -81.20410       22.56390       328.4215    
  -80.16030       22.41320       2644.254    
  -80.15940       22.39260       2406.378    
  -80.13950       22.39250       3778.382    
  -89.33960       20.40230       1568.380    
  -91.02930       17.11390       4509.123    
  -80.47210       22.27170       1736.431    
  -79.00840       21.83480       340.6990    
  -78.23700       21.02050       796.4990    
  -90.20000       19.17390       3739.836    
  -88.59220       17.84540       3694.937    
  -90.96240       17.05430       2082.263    
  -90.44590       16.92970       2249.966    
  -97.15930       37.10540       9379.840    
  -80.47120       22.25130       1497.464    
  -78.31200       21.62840       371.3926    
  -99.16120       18.70980       2850.934    
  -90.19710       16.43910       5545.233    
  -82.55010       22.94580       399.0168    
  -80.07150       22.65890       461.9387    
  -76.27610       20.61270       1998.921    
  -95.70690       18.25740       2784.876    
  -81.59110       26.90990       2576.190    
  -97.82520       24.61570       6542.913    
  -81.77610       22.77410       566.2969    
  -98.10310       21.84520       397.4821    
  -98.63920       18.37870       22103.93    
  -83.45260       15.15480       3243.843    
  -86.87850       14.83740       6047.380    
  -89.20650       21.02660       2092.401    
  -78.23250       18.41010       1874.037    
  -93.53760       18.21690       2314.298    
  -93.53500       18.19700       3466.842    
  -118.2718       37.11510       9692.724    
  -77.74520       20.91800       1391.239    
  -76.29560       20.61270       3270.075    
  -76.27590       20.59260       1485.570    
  -95.49030       18.51130       394.4128    
  -88.81360       18.28170       1056.662    
  -93.63390       18.15920       300.7973    
  -120.0582       34.57100       12201.50    
  -82.57160       22.96660       423.5717    
  -77.15370       18.17130       1921.349    
  -121.0830       47.02190       48300.58    
  -81.84370       22.89830       2748.330    
  -96.39170       18.54940       2792.303    
  -77.93710       20.75740       465.0081    
  -95.86210       18.30020       633.8228    
  -95.73120       18.27780       369.8579    
  -76.76840       20.97600       416.9214    
  -89.50650       19.52240       2559.104    
  -98.04940       16.21640       554.0195    
  -115.0019       52.48370       55177.72    
  -109.2678       44.05300       40938.25    
  -77.66560       20.85730       8770.500    
  -77.66520       20.83710       1385.049    
  -89.03510       20.78100       4545.076    
  -76.29540       20.59260       2088.700    
  -71.24680       18.47100       4326.286    
  -88.75530       18.30070       2401.030    
  -104.6971       45.01700       5753.767    
  -96.71570       18.69550       7866.110    
  -88.56320       17.96310       1710.659    
  -88.50600       15.21900       4209.375    
  -98.14170       23.19330       375.9966    
  -76.73130       21.11730       534.0686    
  -71.96050       19.25910       404.3882    
  -92.94510       18.28570       2625.963    
  -77.13390       18.13200       967.7353    
  -88.61620       18.10160       681.3979    
  -95.69500       18.17790       498.0036    
  -89.21650       16.83530       1960.531    
  -90.02120       16.68980       4926.582    
  -82.21890       22.79840       478.0528    
  -81.17180       22.70760       4406.554    
  -90.00780       19.99060       3180.159    
  -89.20060       19.31840       2255.251    
  -96.21470       18.78470       512.5832    
  -82.21760       22.77780       682.9327    
  -98.95620       22.57060       4305.336    
  -98.55050       21.73340       615.4067    
  -98.81750       21.71990       438.9185    
  -102.5049       19.65870       3041.485    
  -92.52900       15.01860       380.6007    
  -97.88290       36.06330       722.8343    
  -99.39890       22.91580       8424.454    
  -99.39410       22.89480       782.6868    
  -98.12140       21.82510       476.5182    
  -77.86030       20.81760       1068.905    
  -89.35550       19.44030       2916.770    
  -88.74890       18.02450       2205.597    
  -92.50880       15.01830       3087.111    
  -90.49800       14.72280       3812.627    
  -105.4144       25.64330       4737.588    
  -82.93320       22.66090       527.0092    
  -76.71170       21.11720       357.5804    
  -93.35150       30.17580       768.2506    
  -89.11710       20.78230       2440.862    
  -77.11540       20.67460       6245.810    
  -89.17620       20.76300       10091.28    
  -71.76820       19.22000       372.9273    
  -71.48220       19.06250       7953.692    
  -98.64270       18.39870       8293.079    
  -95.85910       18.28030       1957.329    
  -92.79220       16.51520       4548.878    
  -92.47420       15.07570       3824.707    
  -98.42270       21.87410       732.0424    
  -80.23200       22.68050       458.8693    
  -80.90890       22.25420       3454.955    
  -79.51830       21.73550       1819.363    
  -78.30490       21.36460       2406.378    
  -71.76860       19.20020       386.7394    
  -91.04630       18.19540       392.8781    
  -93.49800       16.76070       3497.873    
  -81.03370       22.35750       334.5602    
  -79.51760       21.71520       2771.633    
  -76.19930       20.73330       2147.674    
  -102.5009       19.53730       5859.238    
  -88.62440       18.39760       506.4444    
  -95.74320       18.35740       1648.998    
  -96.28670       18.15000       1648.998    
