  -119.2124       51.01470       150.0027    
  -117.4923       50.63300       191.4778    
  -119.3227       49.58300       157.4938    
  -120.9516       49.46640       856.4469    
  -112.0829       38.44400       611.0521    
  -112.0631       38.41610       2031.071    
  -93.27930       30.26510       82.05929    
  -112.0285       38.41380       1228.989    
  -123.5070       51.52590       782.5800    
  -70.34600       18.92870       78.85703    
  -112.0483       38.44170       337.1981    
  -110.8616       33.42080       246.9040    
  -99.01280       22.92560       25.76101    
  -93.11510       17.83420       80.17553    
  -93.18470       17.89460       84.01063    
  -92.48470       17.90260       45.29303    
  -119.5365       38.47340       146.4345    
  -76.79980       36.36010       41.87742    
  -89.99490       31.00500       184.9221    
  -80.61220       26.53380       54.61269    
  -83.18220       31.73340       42.28179    
  -80.51970       26.72740       26.70280    
  -80.59770       26.64160       8.302305    
  -80.54290       26.77090       31.67747    
  -81.11900       26.68910       12.51234    
  -84.90780       30.42060       58.27759    
  -80.64420       26.72840       14.71058    
  -81.08560       27.14410       47.10850    
  -80.59640       26.62000       43.59446    
  -80.67810       26.59910       21.81563    
  -80.46240       26.81350       105.6749    
  -80.98550       28.50450       100.3272    
  -80.96430       28.50430       81.80527    
  -81.10920       26.86220       14.35239    
  -83.25140       32.39090       51.89309    
  -84.75660       31.17640       45.14133    
  -80.98400       28.48230       100.2872    
  -80.43430       26.68350       40.73790    
  -83.29830       30.28300       138.4576    
  -80.96290       28.48210       88.46208    
  -80.86720       26.64380       13.74885    
  -80.71700       26.55620       23.12329    
  -83.01300       32.45840       91.66313    
  -83.83880       32.44670       47.35009    
  -82.11470       22.73580       8.812613    
  -87.94590       32.00490       14.34073    
  -80.86850       26.66540       171.5081    
  -80.70330       22.93080       144.2367    
  -82.25500       33.16070       32.56937    
  -87.82480       32.09620       19.57911    
  -86.36250       31.22740       461.8633    
  -80.80370       26.62170       65.62354    
  -80.78300       26.62150       57.01210    
  -80.80240       26.60010       45.79517    
  -80.54880       26.51170       24.78915    
  -82.56390       32.87870       22.37868    
  -83.33000       31.87550       60.98500    
  -80.92950       26.64430       25.46629    
  -80.77780       26.53510       26.03218    
  -85.98050       31.84840       48.14236    
  -79.69150       35.42390       382.2223    
  -82.46120       32.28610       42.87506    
  -80.78170       26.59990       62.70890    
  -80.68330       22.93060       57.70775    
  -81.72940       26.80290       26.25261    
  -82.74100       32.85730       137.1308    
  -85.16380       30.53900       124.9812    
  -85.19920       30.99900       80.61938    
  -112.3607       46.80300       32.60253    
  -105.8921       39.66520       69.94463    
  -82.93430       34.25530       59.97238    
  -116.3752       31.91940       259.7109    
  -82.26220       26.95990       45.08629    
  -86.27550       30.92570       53.46540    
  -87.50350       30.65050       325.3153    
  -82.28310       26.96020       221.1707    
  -86.85020       31.05180       393.0409    
  -86.82780       31.05140       408.2503    
  -90.73410       29.76510       12.27681    
  -82.97080       32.48140       46.65986    
  -85.51290       33.02020       51.53634    
  -87.50700       30.67350       345.7311    
  -87.48110       30.65000       354.9263    
  -90.71140       30.35630       43.56470    
  -92.02330       29.97960       8.743917    
  -81.93890       27.39190       296.1336    
  -80.31310       33.25870       13.26772    
  -81.79700       32.56100       39.90936    
  -84.85170       31.40960       98.01830    
  -84.45570       30.87190       54.88760    
  -81.95990       27.39210       313.2560    
  -81.95830       27.37020       260.8856    
  -81.93730       27.37000       165.1675    
  -80.42870       32.68850       30.10959    
  -84.27900       31.81950       90.24815    
  -85.41190       14.86280       27.47841    
  -86.12070       31.57110       43.84402    
  -83.60740       31.15900       54.52224    
  -85.38150       34.02810       11.60331    
  -86.45750       32.94290       63.41997    
  -86.11750       31.54780       72.40707    
  -82.91640       31.72980       71.09058    
  -82.18380       31.44140       106.1802    
  -86.64340       31.16330       58.76627    
  -80.20940       34.95790       21.57481    
  -90.81180       15.96170       36.99656    
  -84.98920       31.97130       36.34887    
  -91.71240       30.13080       18.80362    
  -80.44930       32.66500       87.45579    
  -85.65310       32.07670       89.23983    
  -86.64000       31.14020       49.92696    
  -97.86950       26.24610       22.32104    
  -82.91210       33.84240       39.52066    
  -83.86910       31.93010       16.54573    
  -83.33270       30.62610       64.50947    
  -91.03690       29.93140       10.51037    
  -91.96490       15.82250       22.13948    
  -84.39150       32.38450       94.88870    
  -91.18660       30.11720       14.83816    
  -86.46120       32.96680       92.67514    
  -114.8352       32.66380       222.6362    
  -83.69160       31.53100       37.96289    
  -98.05450       26.05710       188.6301    
  -98.03110       26.05640       177.9424    
  -83.55050       32.06600       36.94255    
  -83.86650       31.90670       18.20030    
  -83.05770       32.45900       104.8052    
  -85.43990       31.48910       48.52349    
  -97.84620       26.24540       231.3922    
  -85.63470       33.23750       22.72741    
  -83.52820       32.06570       176.8651    
  -84.28180       31.84290       44.42042    
  -85.47740       15.63220       28.24741    
  -86.14280       32.81780       82.11761    
  -83.05520       32.43530       64.54678    
  -84.13610       32.30980       56.86234    
  -86.72230       31.39650       14.22172    
  -84.70130       30.71490       227.0443    
  -84.70400       30.73790       116.6615    
  -83.96470       30.20110       16.45388    
  -84.39440       32.40820       82.83773    
  -83.22140       32.10820       200.2543    
  -84.56910       30.71290       45.81055    
  -83.13200       33.36400       33.46364    
  -83.10490       32.48320       61.84500    
  -91.42080       16.22240       7.448523    
  -91.49070       30.72020       30.08850    
  -80.77270       26.44890       60.51056    
  -85.21520       31.29970       56.62683    
  -74.62000       39.82100       54.45950    
  -81.05940       26.73190       74.33826    
  -82.67950       33.79080       34.46661    
  -93.16400       17.89420       77.75723    
  -83.21890       32.08470       229.0761    
  -85.21220       31.27650       55.02895    
  -120.1861       49.73590       215.2148    
  -123.8709       44.23610       204.9059    
  -80.75460       26.49180       37.41071    
  -97.89120       26.33340       35.18176    
  -97.86780       26.33270       330.2906    
  -97.86240       26.31090       288.2102    
  -97.77470       26.04850       46.89919    
  -82.68210       33.81500       242.7970    
  -83.24120       32.08500       720.1397    
  -85.44290       31.51240       64.81193    
  -85.16660       30.56200       109.1676    
  -111.8145       25.10920       111.0926    
  -80.72150       34.20360       22.99283    
  -83.75650       31.71820       46.38103    
  -93.17080       18.42830       28.33648    
  -119.9135       49.70930       269.3691    
  -97.85870       26.20250       99.07228    
  -80.56240       26.74940       46.45758    
  -100.1427       20.50770       40.84796    
  -83.69420       31.55430       37.27266    
  -85.69660       31.07670       36.39837    
  -111.8433       25.11050       109.9090    
  -88.77910       17.49450       27.25872    
  -78.14960       34.86810       51.62954    
  -84.10530       32.61620       17.97055    
  -88.36120       17.27380       51.44447    
  -83.38660       31.57320       54.43189    
  -101.5618       21.01580       52.98177    
  -102.3167       18.02770       72.81214    
  -80.57570       26.61980       22.34557    
  -123.8249       44.20180       140.9695    
  -81.37450       37.39490       18.58095    
  -83.24370       32.10850       314.4897    
  -90.38500       29.82470       96.81282    
  -80.65610       26.57730       33.03258    
  -80.63540       26.57710       33.29755    
  -84.20120       31.72490       40.44773    
  -80.56370       26.77100       23.67040    
  -92.48230       17.88280       6.035364    
  -115.7819       47.21970       229.5589    
  -80.21780       34.76100       56.16069    
  -84.58770       31.24310       37.41071    
  -80.49040       26.57600       31.06005    
  -80.50990       26.55460       29.55856    
  -80.48920       26.55440       60.64805    
  -115.7431       47.18390       160.5479    
  -83.38240       32.15740       20.24446    
  -102.4069       19.11140       34.43841    
  -115.5811       32.85410       46.86085    
  -98.68500       21.40860       8.896028    
  -99.16600       22.38980       16.04524    
  -88.82130       18.36080       16.94933    
  -102.2042       17.92530       17.71021    
  -97.54480       16.28490       66.33096    
  -116.9859       44.20190       70.26047    
  -94.37350       18.07360       5.888160    
  -84.54230       15.47030       9.178030    
  -116.7138       42.75920       174.6896    
  -106.9533       44.07210       92.51263    
  -98.80350       18.56180       64.20432    
  -98.79990       18.54180       30.64205    
  -88.79160       18.26170       10.31934    
