  -99.45030       50.99200       14.17857    
  -98.36890       37.23460       142.5386    
  -111.0813       36.68000       257.1398    
  -101.1416       35.80390       940.5004    
  -101.0823       35.72570       577.0280    
  -100.7379       34.46690       559.9662    
  -113.2017       33.46070       1663.688    
  -98.88870       31.46870       67.51871    
  -116.4565       31.54420       2695.607    
  -116.4221       31.54210       1079.935    
  -116.4402       31.51950       2236.587    
  -116.4057       31.51740       3016.659    
  -116.1557       31.33690       334.7286    
  -115.6419       31.09440       252.2651    
  -98.02230       25.92660       170.5633    
  -108.3446       25.89210       233.9839    
  -111.4700       25.09400       197.4249    
  -107.7752       24.93850       12.99467    
  -100.3347       24.56420       238.4309    
  -107.4005       24.47340       14.06581    
  -88.59990       17.27680       369.2753    
  -115.8666       41.74210       176.8696    
  -121.9657       38.39550       1068.521    
  -101.6657       35.70280       1436.005    
  -112.0335       33.44000       23.77479    
  -113.6356       27.21380       290.8564    
  -108.0891       25.36090       12.40272    
  -115.2536       42.00870       446.4402    
  -114.6978       41.88020       379.8195    
  -101.0929       35.75130       440.4704    
  -100.7646       34.46800       142.0094    
  -107.4081       24.49500       208.7063    
  -102.2746       19.97640       126.6408    
  -119.2178       44.45250       483.8128    
  -115.8142       41.76650       383.4755    
  -106.9348       39.61930       241.7033    
  -101.1477       35.75390       176.1357    
  -101.6381       35.70150       777.1953    
  -101.7799       31.37450       258.5926    
  -116.4384       31.56680       719.8289    
  -108.8171       25.93400       20.29536    
  -108.4019       25.76410       166.7785    
  -94.52780       17.97760       294.4097    
  -107.0012       41.48150       118.5247    
  -107.5782       41.09580       111.5526    
  -106.9712       39.73040       167.3643    
  -107.7540       39.29030       106.9658    
  -101.1309       35.77820       401.4427    
  -101.1203       35.75260       363.2065    
  -101.1097       35.72690       657.0842    
  -108.5733       33.29360       1651.272    
  -111.8522       25.45790       220.1734    
  -117.5881       37.30010       455.7833    
  -100.9037       35.61690       426.9357    
  -109.6423       30.50830       895.6569    
  -111.8619       25.48010       249.8278    
  -106.8879       39.64360       256.1920    
  -106.9988       39.62320       120.7264    
  -117.4955       37.31950       152.2840    
  -101.7713       31.35080       157.6149    
  -111.8716       25.50230       190.5191    
  -107.2426       24.31770       116.0398    
  -110.5712       41.94880       144.9450    
  -110.7213       41.78810       125.8637    
  -106.8251       39.17960       32.78669    
  -113.1781       37.93550       121.6437    
  -101.1690       35.80520       1165.075    
  -101.1583       35.77950       438.2949    
  -116.0046       30.69350       280.2946    
  -108.8282       25.82560       16.97320    
  -111.9101       25.46060       140.4528    
  -99.77420       23.53320       180.4650    
  -88.56420       18.39680       6.285924    
  -117.1080       49.54560       601.2297    
  -118.6833       44.49700       226.9582    
  -123.9964       43.76900       638.4220    
  -107.4209       38.22780       248.3218    
  -114.9633       36.47040       486.6564    
  -114.5559       35.35130       420.4419    
  -114.5721       35.32720       359.1021    
  -107.4031       29.20600       97.60857    
  -113.3608       27.37830       240.4846    
  -113.9695       42.25490       227.4169    
  -115.6083       41.04400       205.4917    
  -112.0607       40.28400       135.4043    
  -106.9518       39.64750       98.89289    
  -115.6266       37.99950       331.8850    
  -114.5745       35.37760       404.1929    
  -113.2176       33.48600       332.2912    
  -113.1848       33.48410       343.9363    
  -113.1689       33.45880       684.1829    
  -113.1859       33.43540       585.5312    
  -116.4746       31.52160       1205.089    
  -110.8493       41.59810       322.9481    
  -116.2708       41.48950       362.3518    
  -115.5690       41.04100       231.7286    
  -117.1783       39.69690       231.5451    
  -101.0655       35.75000       336.3092    
  -101.0549       35.72440       200.7214    
  -101.8153       31.75100       196.9321    
  -115.3794       30.51720       158.5370    
  -97.73690       37.38840       11.50070    
  -97.72710       37.36210       17.40609    
  -118.8788       37.76140       365.8047    
  -101.1797       35.83090       1020.352    
  -113.5934       34.51620       164.3884    
  -112.5333       45.64570       167.6959    
  -115.7520       41.53430       200.5379    
  -101.1965       35.80650       242.0032    
  -105.5430       41.30540       105.3145    
  -97.93580       38.47200       66.15237    
  -117.5121       37.42520       328.6352    
  -115.4938       30.54710       117.5770    
  -113.3246       47.59660       392.0576    
  -117.5005       39.55770       434.6597    
  -115.3259       37.53160       151.3667    
  -118.9592       37.34780       571.8672    
  -119.5013       37.15310       814.5084    
  -101.1522       35.82960       1101.258    
  -117.0898       33.14270       58.34015    
  -115.8777       31.86540       258.3585    
  -110.3427       41.73320       125.4967    
  -114.8820       41.92290       161.4578    
  -110.7687       41.53570       119.6255    
  -106.5767       40.80860       13.47386    
  -116.0746       37.63660       149.1650    
  -119.5266       37.18110       856.1305    
  -101.2071       35.83220       254.6629    
  -116.1700       35.88820       419.6294    
  -117.4437       34.36800       254.7025    
  -115.9878       33.87820       167.3141    
  -107.2501       24.33930       12.47319    
  -115.3449       41.61650       226.4996    
  -115.2080       41.37940       185.8599    
  -115.3385       41.36110       183.2913    
  -115.9664       41.15560       488.2813    
  -121.8607       38.01520       172.7675    
  -111.9007       25.17800       200.2684    
  -93.11510       17.83420       116.5500    
  -107.3511       42.88420       119.8090    
  -112.2232       42.55740       145.4955    
  -113.1862       41.88070       318.0734    
  -111.3596       40.42870       102.1954    
  -111.8570       39.83040       133.2027    
  -117.0336       39.57690       156.8709    
  -117.0870       34.17120       321.0779    
  -108.5655       33.39010       1080.901    
  -115.3211       33.15270       158.5373    
  -115.4205       30.63630       279.0759    
  -111.9392       25.20140       86.19926    
  -112.1857       42.55470       146.5963    
  -114.1445       42.03840       209.5281    
  -114.9885       41.50420       161.8247    
  -118.1809       39.06750       868.9131    
  -118.2106       38.93510       476.9114    
  -118.1842       38.90620       838.4464    
  -119.2774       38.32050       597.3524    
  -118.8984       37.65760       135.5878    
  -117.4699       33.80230       354.6336    
  -113.2619       45.57920       312.0801    
  -113.1572       44.40480       294.5124    
  -113.6571       42.05890       446.8464    
  -106.8374       40.57450       87.60918    
  -106.2056       38.52720       230.9840    
  -118.1101       39.27830       413.7355    
  -118.2511       38.93810       522.0324    
  -118.2530       38.85760       504.4172    
  -117.5082       33.34000       220.9859    
  -113.8242       45.12920       137.7895    
  -112.3845       42.36680       174.8514    
  -110.6931       41.38900       139.9912    
  -114.2083       40.63200       130.6340    
  -121.4196       38.37920       750.2281    
  -121.3903       38.35020       920.5073    
  -121.3612       38.24150       346.9507    
  -118.4633       37.96780       558.7838    
  -118.4328       34.68320       464.1935    
  -117.1248       39.72010       501.6866    
  -118.2370       38.96400       566.1428    
  -105.6880       37.96860       218.9547    
  -112.4187       36.76520       134.8539    
  -113.2187       33.43740       1036.541    
  -123.1222       44.19760       36.60682    
  -116.9383       39.76060       521.1229    
  -117.9341       39.29200       643.8651    
  -117.9565       38.86210       541.0904    
  -118.8369       38.04850       149.6236    
  -119.3563       38.03460       279.3919    
  -114.5154       36.82630       343.8686    
  -93.18470       17.89460       96.56436    
  -122.7200       44.73520       897.8130    
  -107.7571       41.41710       100.5442    
  -110.7870       40.83390       259.5075    
  -117.0022       34.28920       255.1087    
  -112.4808       45.42380       129.5332    
  -112.5728       41.86400       140.7251    
  -114.8304       41.94750       229.7104    
  -106.9456       40.74810       93.02169    
  -115.7649       40.97180       350.1651    
  -119.3679       38.08840       172.3985    
  -116.0522       37.60880       300.6058    
  -117.6990       34.33550       125.9884    
  -112.3909       45.44770       291.2157    
  -116.1892       41.03230       175.2184    
  -115.8943       40.78590       171.1819    
  -117.2298       38.75410       402.0092    
  -117.0386       34.29160       239.2659    
  -108.5525       33.36510       670.4409    
  -117.3050       33.76700       402.9742    
  -114.1165       47.01240       436.8003    
  -110.9609       41.06980       97.60857    
  -112.6799       40.02470       261.6083    
  -117.6358       39.45920       298.7736    
  -111.8215       40.46080       103.3589    
  -116.6504       39.60250       319.6983    
  -117.1478       38.82850       209.5893    
  -101.1629       35.85530       325.4842    
  -113.2780       45.39410       106.0484    
  -113.5930       45.32660       373.0420    
  -117.3222       44.71450       208.2438    
  -111.8014       42.81700       97.97551    
  -111.9124       42.30340       142.5598    
  -116.2165       41.06250       145.4955    
  -118.1159       37.57380       159.8065    
  -114.8875       32.59480       358.6958    
  -115.6513       42.24060       326.6041    
  -116.0714       41.10740       116.1395    
  -116.8707       39.89230       356.2585    
  -116.3330       39.74240       116.6899    
  -117.5142       39.53160       301.8245    
  -117.6761       39.46230       218.3312    
  -111.6950       45.70450       130.2671    
  -116.3194       39.76870       341.6344    
  -113.1175       45.50540       244.4068    
  -116.8304       39.97160       219.3610    
  -107.4540       33.69480       632.6976    
  -113.7710       49.76280       396.4746    
  -121.6720       45.40570       3211.406    
  -124.2230       40.70830       573.8248    
  -92.16520       18.64900       78.43434    
  -108.1124       25.21060       122.6797    
  -124.4373       53.22550       2271.809    
  -124.0251       53.37150       1199.104    
  -108.2134       25.40930       9.753047    
  -108.2320       25.38840       15.68193    
  -70.34600       18.92870       114.6531    
  -119.8423       47.78280       291.7248    
  -101.6121       28.84690       49.56471    
  -108.2987       25.56440       11.13426    
  -119.8938       47.78760       411.5338    
  -111.2102       31.95200       1315.467    
  -111.1794       31.95030       1531.092    
  -105.3299       42.03110       198.9172    
  -105.3117       42.00130       265.1544    
  -97.56370       50.22910       24.91084    
  -104.6802       39.75760       83.66447    
  -93.92850       18.02610       5.693977    
  -110.8616       33.42080       101.7931    
  -92.48470       17.90260       28.70597    
  -78.10990       41.35520       63.57450    
  -116.3713       31.51540       2170.145    
  -92.48230       17.88280       25.38251    
  -76.77060       36.13250       152.1621    
  -93.11760       17.85400       6.004044    
  -86.25940       30.64960       53.57462    
  -80.98800       23.01530       97.65580    
  -107.7965       39.15800       168.7513    
  -88.62500       17.98360       142.3220    
  -98.56000       18.67600       55.95980    
  -77.32270       17.95590       7.667137    
  -86.28480       30.67300       121.7508    
  -97.77220       21.07860       10.43661    
  -70.49600       19.66240       42.03088    
  -109.7212       26.93890       36.51951    
  -109.7115       26.91640       22.23093    
  -108.5863       33.31850       679.4050    
  -96.72150       17.07280       14.88148    
  -88.65210       18.47710       8.738280    
  -108.0750       25.25230       14.15038    
  -88.65020       18.45730       118.6016    
  -87.58410       15.45960       47.22168    
  -108.6031       33.29520       742.7283    
  -85.72270       30.43410       154.6831    
  -116.3876       31.54000       2237.746    
  -108.1206       25.23260       21.50745    
  -108.0937       25.23150       14.51682    
  -90.15690       19.15340       163.7815    
  -108.3632       25.87120       186.5532    
  -100.1135       34.68560       89.53566    
  -107.9833       25.07600       25.67927    
  -114.8352       32.66380       279.8884    
  -70.49540       19.68230       80.58476    
  -99.84040       31.48230       136.8757    
  -109.0952       25.75000       153.0179    
  -71.57710       18.33200       218.3454    
  -112.2030       38.61190       166.4116    
  -94.90740       31.00410       186.8007    
  -70.94520       46.30810       79.92882    
  -108.0531       25.12190       18.12489    
  -109.3230       28.18930       246.1844    
  -105.6544       43.15430       103.3421    
  -105.6210       43.15220       125.1909    
  -107.8871       25.02900       475.0019    
  -74.98770       39.63060       135.4769    
  -93.33700       36.44780       154.5852    
  -106.8628       34.62000       236.0162    
  -107.3630       24.51470       92.43973    
  -107.3554       24.49300       34.38231    
  -107.2164       24.31670       29.62246    
  -116.1398       31.31240       163.2913    
  -109.9452       27.39220       12.52957    
  -107.3893       24.51570       27.46451    
  -107.3367       24.51360       42.75180    
  -107.3291       24.49190       21.84570    
  -69.25570       18.59860       19.61885    
  -97.75590       38.70320       30.55016    
  -97.65150       38.43300       96.50771    
  -108.4868       30.51970       189.3004    
  -107.2239       24.33830       100.6494    
  -98.19680       37.20120       250.9934    
  -98.18690       37.17500       493.8039    
  -98.15990       37.17380       161.6140    
  -98.21380       37.17610       142.0094    
  -116.3551       31.49070       2484.276    
  -81.10370       28.99510       215.8580    
  -80.52340       27.86060       180.8603    
  -90.71280       33.73950       8.089956    
  -82.05200       29.65570       71.06478    
  -81.10530       29.01740       123.6474    
  -81.12500       28.99530       220.9036    
  -81.56900       28.37710       51.81838    
  -98.19970       37.27890       85.49921    
  -90.25800       17.25960       97.30576    
  -82.77610       30.27630       29.07796    
  -98.16980       37.20010       26.80679    
  -98.14290       37.19890       30.07660    
  -103.3198       45.29970       175.2112    
  -97.74530       38.67610       142.2177    
  -105.5699       37.80440       170.4493    
  -111.4973       33.67660       483.4066    
  -116.3895       31.49280       4294.161    
  -98.33110       37.62230       98.34245    
  -98.46010       37.47190       145.3898    
  -97.93970       35.71290       87.42570    
  -101.6490       35.72710       378.8589    
  -111.5141       33.65320       484.6252    
  -88.64880       18.02320       49.36163    
  -106.1720       37.39470       185.4930    
  -111.4824       33.65130       437.0970    
  -84.30210       32.57200       106.2319    
  -98.13750       27.47730       10.24986    
  -103.3534       45.30180       239.0217    
  -101.6766       35.72850       255.3305    
  -91.62290       34.08070       9.795331    
  -99.84830       31.50600       173.9695    
  -96.12790       18.08730       7.216128    
  -92.40060       44.28020       15.96380    
  -105.5482       37.48970       112.6535    
  -84.32460       32.57240       14.65776    
  -102.2905       28.33510       157.6149    
  -93.59160       44.26820       21.87389    
  -93.00410       44.06280       25.35511    
  -100.8764       35.61560       131.1844    
  -93.08260       44.67290       22.35309    
  -105.4136       38.00570       263.8367    
  -108.2525       32.72250       206.7680    
  -94.03350       44.89720       13.49642    
  -93.20660       44.46450       35.53098    
  -93.17760       44.46330       35.93970    
  -108.6863       37.98790       357.4772    
  -107.6279       36.06480       108.2501    
  -113.3168       31.90460       197.4136    
  -113.3021       31.88000       305.8867    
  -113.3197       31.85730       161.3256    
  -96.17230       42.77790       9.245665    
  -106.1979       37.00760       97.60857    
  -114.0714       35.32000       477.7195    
  -106.9307       24.00760       231.2938    
  -93.25420       18.11300       8.362440    
  -94.76080       17.84360       110.7058    
  -89.41250       16.58450       76.18241    
  -102.9202       48.40800       192.5698    
  -95.49290       44.96300       15.92622    
  -114.0896       35.34630       488.2813    
  -95.24040       32.70400       118.6759    
  -108.2216       25.43120       10.00674    
  -103.2018       25.04450       146.2406    
  -88.44840       19.66690       113.0975    
  -101.8086       40.86530       18.70744    
  -99.55590       36.72140       315.2096    
  -99.52860       36.72020       396.0761    
  -98.44990       37.44550       176.5826    
  -98.87160       35.97910       96.55207    
  -116.3370       31.51330       2809.186    
  -99.96310       23.64390       93.93906    
  -98.58400       17.54430       47.51995    
  -87.71900       15.69250       27.39143    
  -99.53900       36.74620       170.6315    
  -114.9718       32.07310       128.0654    
  -116.4910       31.54630       4719.341    
  -105.6625       27.00620       77.05939    
  -93.33210       18.07480       6.201361    
  -98.86200       35.95340       95.22340    
  -116.0310       31.44760       792.2994    
  -115.9970       31.44560       2690.453    
  -108.0522       30.05970       233.1726    
  -95.80640       44.45760       10.28862    
  -108.8926       38.37070       284.7630    
  -106.3557       28.81880       100.1772    
  -88.38160       17.94110       81.31829    
  -94.75810       17.82380       36.71093    
  -98.40750       45.85690       15.98260    
  -107.7185       38.77750       126.4141    
  -100.9069       21.88080       264.4518    
  -89.00050       17.08630       88.98399    
  -96.68070       38.33820       136.6275    
  -113.3695       31.83640       350.0297    
  -113.3051       31.83270       179.3832    
  -88.94360       17.96810       94.88130    
  -88.04690       15.36810       67.05193    
  -97.49100       38.29370       75.84264    
  -94.15200       36.98800       97.05814    
  -101.6214       35.72580       180.9061    
  -88.66510       17.98410       73.48424    
  -88.64500       17.98380       11.89534    
  -108.6803       39.32130       386.3191    
  -114.5795       38.61570       132.1018    
  -116.6497       32.07930       604.0551    
  -107.3484       24.62110       18.07321    
  -100.0186       22.02070       69.16998    
  -116.6148       32.07720       199.2536    
  -116.3207       31.48870       3821.005    
  -100.4777       21.10840       84.42870    
  -90.62320       19.47980       129.4524    
  -114.2257       41.33360       101.6450    
  -97.50120       38.32060       70.47939    
  -110.6020       34.95540       179.0713    
  -109.6488       38.17970       296.5435    
  -103.1771       25.04360       159.2398    
  -111.6834       45.02200       179.6218    
  -112.3703       40.33340       149.1650    
  -97.46380       38.29250       52.58471    
  -99.87370       31.50700       99.62678    
  -109.1367       31.62790       381.0381    
  -84.13190       30.13530       928.0634    
  -92.81270       18.38240       8.597342    
  -97.47400       38.31940       39.51958    
  -102.0706       21.87380       119.5032    
  -88.60170       17.29640       71.81624    
  -107.3297       24.64180       383.0647    
  -107.3221       24.62010       22.39067    
  -88.02110       19.42150       106.1517    
  -106.6745       46.49930       97.24162    
  -109.7104       26.78400       25.56652    
  -107.3561       24.64280       135.4621    
  -102.8485       32.67270       70.93132    
  -102.8388       32.64840       393.5295    
  -84.15370       30.13560       433.6786    
  -84.11010       30.13500       411.6000    
  -84.12940       30.11250       934.3762    
  -109.7009       26.76150       152.3340    
  -88.11980       19.40290       55.82795    
  -102.8657       32.64960       140.5535    
  -84.13440       30.15810       130.4543    
  -102.0471       23.79340       149.8967    
  -118.9174       38.42630       217.7845    
  -98.17370       21.97050       116.8712    
  -98.16940       21.94980       91.55389    
  -93.32440       18.01540       7.667137    
  -98.12310       37.14640       39.18132    
  -98.14010       37.12130       73.28881    
  -98.11320       37.12010       111.9064    
  -98.08630       37.11900       78.08077    
  -98.13030       37.09510       54.51559    
  -98.10340       37.09390       1272.214    
  -98.07650       37.09280       30.33029    
  -116.0129       31.47020       1020.435    
  -115.9810       31.42100       994.4364    
  -98.40620       29.31510       17.01146    
  -98.39960       29.29220       100.4181    
  -107.1902       24.46520       87.51745    
  -102.2950       21.73600       8.259085    
  -88.58730       18.21950       10.54231    
  -97.06940       38.38120       204.9413    
  -97.04230       38.38000       197.0519    
  -118.9319       38.40080       454.9709    
  -91.86610       36.73050       8.005392    
  -99.74410       28.68740       66.96828    
  -110.4057       35.29360       413.9423    
  -107.6422       24.93310       377.7744    
  -107.6343       24.91130       19.56247    
  -98.98530       19.54790       63.48225    
  -88.66320       17.96440       8.963784    
  -110.5212       43.04540       406.5990    
  -108.6771       39.26700       342.4469    
  -116.3532       31.53800       565.5746    
  -100.7427       29.37790       35.41062    
  -97.48090       38.26690       98.73997    
  -111.6504       32.30980       338.7909    
  -117.0324       32.39040       775.2495    
  -89.22390       16.69900       66.31207    
  -110.5235       51.19030       114.8580    
  -112.9426       33.34790       1838.222    
  -98.19190       21.95040       174.9159    
  -98.18770       21.92970       113.4511    
  -116.9277       50.43730       744.9655    
  -98.81890       38.64490       102.9293    
  -97.61460       37.48700       17.11012    
  -109.3842       36.85850       385.1004    
  -112.9100       33.34600       2317.711    
  -116.3389       31.46610       2051.127    
  -89.22220       16.67950       59.84686    
  -107.2423       39.31280       302.0130    
  -112.9582       33.37320       679.1050    
  -112.9256       33.37120       339.4282    
  -112.9270       33.32270       906.9966    
  -112.8945       33.32080       1097.008    
  -101.6598       35.75280       89.71915    
  -115.1087       36.07110       101.6802    
  -112.9752       33.34990       574.4007    
  -112.8775       33.34410       657.6766    
  -117.0149       32.36530       581.7128    
  -116.9970       32.38820       261.8512    
  -109.0744       31.78990       349.3527    
  -116.3732       31.46810       1358.694    
  -116.7326       32.39580       507.9154    
  -110.1458       31.56320       214.1609    
  -116.4729       31.56890       616.2418    
  -88.46170       18.15870       26.96321    
  -106.3869       39.31510       248.3218    
  -114.9142       39.33880       130.8175    
  -109.6090       35.64850       265.6705    
  -116.7500       32.42080       409.8801    
  -88.51850       18.33700       34.23928    
  -114.4106       38.57710       151.5216    
  -116.3045       31.46400       1150.788    
  -107.1927       25.49740       144.3082    
  -115.9629       31.44360       723.0787    
  -115.9470       31.41900       684.9044    
  -104.1673       21.42220       61.94217    
  -111.1503       44.73640       168.0628    
  -113.5104       32.99410       3535.109    
  -113.4776       32.99210       3963.392    
  -113.4948       32.96900       335.6063    
  -113.4620       32.96710       4358.885    
  -88.46350       18.17840       30.53003    
  -113.5261       33.01920       854.8985    
  -113.4932       33.01730       361.7425    
  -113.5432       32.99610       3039.165    
  -113.4448       32.99020       268.1078    
  -113.5276       32.97100       2298.141    
  -113.5119       32.94590       1056.182    
  -113.4791       32.94390       4936.638    
  -113.4464       32.94200       1240.608    
  -110.1758       31.56480       483.2441    
  -105.3629       43.04760       93.20516    
  -115.3581       33.78900       372.5193    
  -113.5589       33.02120       326.6041    
  -110.2473       27.31740       24.93699    
  -123.5859       41.83840       548.6570    
  -97.80580       28.62010       48.98775    
  -94.59750       50.17770       237.6954    
  -106.9138       39.48220       444.0710    
  -110.6117       35.93620       279.0759    
  -116.4239       31.49490       646.2775    
  -106.4033       39.34310       343.9593    
  -93.89250       18.22320       25.96479    
  -93.88270       45.47940       56.30551    
  -105.1886       38.78830       287.4717    
