  -98.92020       48.87280       21.36024    
  -99.45320       48.76730       7.140960    
  -96.10240       48.30980       22.67373    
  -95.64640       47.68450       7.595100    
  -99.77220       47.51160       34.34042    
  -96.55660       46.07680       28.08708    
  -96.52550       46.07530       27.04012    
  -114.5273       38.37230       34.36655    
  -117.8004       36.38410       57.12526    
  -120.1164       35.80860       26.67538    
  -112.0039       33.85300       93.53788    
  -104.9521       21.09700       4.871289    
  -103.6360       20.56480       44.39911    
  -100.9625       19.43600       17.49484    
  -93.18470       17.89460       88.05372    
  -100.8648       17.31790       10.72900    
  -99.90850       16.94130       75.97474    
  -98.89500       16.78210       29.86561    
  -98.07530       16.53010       5.809860    
  -113.2346       50.48960       19.49670    
  -97.50760       47.51630       14.54031    
  -99.19080       46.98750       11.94075    
  -110.9163       40.23260       58.91577    
  -99.76470       35.21560       43.24980    
  -109.6423       30.50830       75.82392    
  -81.82740       26.71730       3.986911    
  -107.4737       24.75460       8.111880    
  -101.9194       20.25080       28.94823    
  -104.6086       19.57640       14.89310    
  -99.04660       18.68710       15.41473    
  -93.95700       17.92780       5.548860    
  -92.48230       17.88280       3.836700    
  -93.11510       17.83420       70.32411    
  -96.74700       49.82830       11.52576    
  -98.12040       48.55400       7.234920    
  -98.43150       48.46980       129.2461    
  -96.53600       46.68320       10.75395    
  -111.2228       47.62080       101.3188    
  -96.44400       46.35760       6.514560    
  -98.44650       46.17540       58.66076    
  -99.77440       35.24090       57.12737    
  -104.2133       20.58210       62.96894    
  -90.59640       19.59930       42.79440    
  -101.1066       19.58090       41.94698    
  -90.73850       19.24220       3.680100    
  -100.6702       19.22730       37.17928    
  -100.6475       19.22670       34.57366    
  -69.33390       18.57850       9.546620    
  -99.04290       18.66710       23.69139    
  -93.57140       18.00000       5.520150    
  -98.51790       16.73510       21.33393    
  -98.09040       16.62840       4.384533    
  -98.21120       16.57200       2.025810    
  -97.91820       16.48780       25.55336    
  -103.4329       19.72500       49.19616    
  -98.25420       16.71020       2.188725    
  -95.99200       48.47330       19.10716    
  -102.6110       48.55670       28.93111    
  -97.77990       46.94210       8.738280    
  -111.1164       47.71100       43.95344    
  -96.96140       46.41590       13.33841    
  -112.4850       47.13580       68.42187    
  -112.0397       41.93940       19.82373    
  -113.9885       38.78810       103.0516    
  -102.9926       23.65580       20.81221    
  -100.2897       21.80140       97.82770    
  -104.9868       20.21770       48.58953    
  -69.31460       18.57860       11.43180    
  -100.3715       17.30670       43.05082    
  -99.01020       17.21770       40.97602    
  -99.00690       17.19790       10.17053    
  -99.25300       16.96670       23.54630    
  -98.27890       16.73030       7.797929    
  -97.88480       16.40880       7.889132    
  -97.32290       48.20580       12.34400    
  -97.41030       46.89000       11.12173    
  -112.1479       42.46500       74.30727    
  -120.0029       35.85130       29.86559    
  -120.0520       35.77850       32.57917    
  -106.4181       24.15850       3.659680    
  -104.9749       22.23510       44.03290    
  -101.8913       20.33130       16.35083    
  -100.3056       17.18670       20.77923    
  -99.03670       16.98180       39.75286    
  -98.98890       16.82340       4.631852    
  -98.98570       16.80370       14.38562    
  -98.72030       16.77850       8.768600    
  -113.2440       50.38390       99.12731    
  -99.32450       48.99960       12.49472    
  -108.4246       48.60000       99.17828    
  -99.86260       47.78150       9.335969    
  -111.2589       47.98700       93.26632    
  -109.5416       47.75130       53.81925    
  -97.74770       46.94040       13.01150    
  -96.75750       46.30960       6.698565    
  -111.8876       42.70690       73.79762    
  -114.0173       38.60290       32.86353    
  -117.8230       36.41130       99.78987    
  -100.2944       21.82210       52.41883    
  -105.1285       20.93820       3.136558    
  -101.7286       20.22520       17.41389    
  -101.1145       20.04620       32.63472    
  -90.60440       19.31980       1.078773    
  -98.96490       18.84510       9.848522    
  -93.45690       18.07700       3.210300    
  -98.61440       16.79600       10.02833    
  -98.27380       48.59660       9.552601    
  -114.4835       38.44900       23.56099    
  -117.6998       38.07000       102.6353    
  -108.1903       25.90740       48.74792    
  -101.5749       20.36320       1.976227    
  -101.2281       20.25220       10.86038    
  -101.0206       19.82110       3.102464    
  -90.63430       19.40010       6.300540    
  -101.9533       19.03910       28.81503    
  -95.77410       47.55850       27.31887    
  -110.9364       47.76240       89.69875    
  -96.93050       46.15920       64.63223    
  -106.0035       36.25360       18.03635    
  -104.1133       22.20680       17.51674    
  -104.0350       20.82230       7.140960    
  -90.59400       19.57930       1.347865    
  -101.7918       19.03490       2.280807    
  -101.5240       18.84740       19.34501    
  -97.41340       16.26290       43.93200    
  -112.9773       50.78850       111.2061    
  -96.21930       47.18650       13.17006    
  -117.3488       36.97100       75.70031    
  -100.8921       19.53500       1.990394    
  -100.3021       17.16690       12.21792    
  -113.7686       48.49730       57.30934    
  -97.66200       46.70940       14.96872    
  -117.6427       38.38420       32.23079    
  -101.1895       20.59700       6.418280    
  -98.90930       17.13670       4.327867    
  -113.0568       50.40280       12.52800    
  -98.72870       48.99900       12.07778    
  -110.8955       47.75920       76.44781    
  -122.8295       46.10560       132.1725    
  -119.8793       45.67700       16.80318    
  -122.0787       43.98330       88.05702    
  -114.8354       38.36740       51.57678    
  -103.9429       20.55350       10.35815    
  -69.25730       18.55920       25.10298    
  -69.23800       18.55930       128.0246    
  -112.7936       49.53860       11.99556    
  -96.96710       48.32140       15.32070    
  -111.7020       48.69340       64.01229    
  -109.2352       44.50350       65.84703    
  -113.6922       38.58030       32.21357    
  -104.0403       20.84290       30.17057    
  -92.16520       18.64900       1.544078    
  -99.49980       17.12960       15.45852    
  -113.0503       50.47330       93.92886    
  -95.74220       47.55690       36.19026    
  -111.4557       48.23610       73.74665    
  -111.0682       47.90520       103.0516    
  -115.9847       39.63460       64.74782    
  -117.2879       36.94070       29.37000    
  -103.7421       20.60880       12.29832    
  -69.50870       18.55780       8.933536    
  -114.9044       52.55000       40.77021    
  -96.98480       48.35620       14.51682    
  -113.5989       49.29800       48.75699    
  -97.73420       46.29640       75.29259    
  -96.36910       46.13090       89.16219    
  -96.04740       45.95660       10.81062    
  -121.2708       44.69480       21.33941    
  -115.9710       39.66090       89.08717    
  -116.4948       34.20650       11.56570    
  -102.9442       20.44260       1.749563    
  -101.5935       20.34340       2.039977    
  -99.71430       17.35140       15.37641    
  -111.0685       49.28910       88.57753    
  -112.9873       48.86940       86.53892    
  -110.6429       47.77200       73.08410    
  -110.7732       47.74940       63.45167    
  -114.0536       38.60550       103.4594    
  -101.0959       20.06600       8.409420    
  -99.68190       18.88200       11.21071    
  -93.39190       18.05610       25.40650    
  -119.2379       35.74570       37.04763    
  -99.39140       18.87510       16.42194    
  -99.41250       16.87160       31.70036    
  -111.7127       47.85830       65.84703    
  -103.7233       20.62870       7.845661    
  -111.8412       50.65320       16.53696    
  -113.0045       48.76910       65.03159    
  -111.9192       48.47530       95.25396    
  -115.3703       39.07460       56.67329    
  -111.8823       50.69260       12.24612    
  -113.4680       49.59720       73.38989    
  -111.5572       47.97800       65.54125    
  -114.8723       38.37000       45.25710    
  -101.7973       31.35190       27.08702    
  -103.5476       20.39900       2.137738    
  -104.8544       19.88800       17.86707    
  -111.5392       49.08810       105.8547    
  -97.00860       46.38630       7.913521    
  -112.0174       46.67910       103.5613    
  -115.0207       40.11100       35.82896    
  -108.9524       26.07060       21.78986    
  -101.2512       20.25280       25.81710    
  -98.77070       16.95650       16.90365    
  -111.2152       49.19820       106.6192    
  -111.3620       49.10750       85.51962    
  -104.9083       21.38380       8.472060    
  -103.9983       19.41720       3.716263    
  -115.1556       52.49830       49.60933    
  -109.0045       47.94130       67.68179    
  -115.0319       40.16680       68.70110    
  -101.2467       20.23240       16.44384    
  -97.43350       16.10700       35.55809    
  -112.3617       50.95020       123.2339    
  -108.0149       48.33290       62.58527    
  -111.4929       48.07240       109.4733    
  -117.0300       38.81980       79.60764    
  -119.2642       35.16630       17.47656    
  -101.9432       20.65870       1.834562    
  -102.9450       19.02520       38.42192    
  -98.89950       17.07740       19.54502    
  -112.9595       49.03730       72.47251    
  -116.2589       39.57330       59.32350    
  -117.0692       38.82270       115.1489    
  -119.6319       36.41260       8.221500    
  -116.6575       34.24180       41.55672    
  -98.93450       17.15690       3.710444    
  -104.7161       21.21290       12.30551    
  -102.4813       20.36820       25.33825    
  -103.3663       19.54100       2.266641    
  -103.7507       19.47090       18.87428    
  -104.6120       19.39430       36.72852    
  -96.72470       48.40990       17.65926    
  -115.0454       40.14030       73.89954    
  -115.8736       39.92700       50.55748    
  -108.9613       26.09290       6.527590    
  -101.6025       20.58800       4.351996    
  -96.14020       47.08460       35.57952    
  -96.12450       47.05120       38.45313    
  -96.09290       47.04960       34.43634    
  -103.7167       20.79220       34.29200    
  -101.2050       20.25150       24.98325    
  -104.7406       19.72220       13.19594    
  -98.93360       17.01900       27.26638    
  -98.82600       16.62360       2.284349    
  -96.10850       47.08300       48.71827    
  -105.1530       20.93890       2.287890    
  -104.0538       20.80240       7.485230    
  -103.6600       20.56550       2.468513    
  -116.0852       39.75120       56.97910    
  -110.8616       33.42080       68.34335    
  -104.0108       20.82150       22.57470    
  -114.5601       38.85520       18.93004    
  -104.6440       21.39600       16.09772    
  -104.6384       21.37530       18.67943    
  -70.34600       18.92870       36.46307    
  -98.62680       16.73730       9.459038    
  -103.7666       20.32390       13.37364    
  -104.7308       21.35760       21.31176    
  -104.0034       20.69850       6.138720    
  -103.9018       20.67500       1.706113    
  -99.17160       17.00430       11.64863    
  -97.70380       16.34660       4.159924    
  -103.6318       19.36650       17.51674    
  -114.5857       52.21870       11.22822    
  -103.7388       20.69050       17.38536    
  -122.4608       47.34680       62.21813    
  -84.16580       22.44750      0.5963342    
  -103.7439       20.71110       83.50403    
  -103.7491       20.73170       2.902430    
  -103.9618       20.53370       73.89954    
  -110.4432       33.37270       22.85011    
  -103.6155       20.76870       5.362022    
  -103.7713       20.63020       23.42736    
  -101.8100       21.08430       46.37833    
  -104.0087       20.71910       3.059965    
  -104.3820       19.52940       11.11572    
  -101.5846       20.91410       59.11964    
  -104.4824       19.45130       37.31065    
  -100.3728       18.51870       49.77301    
  -100.3767       18.53880       83.74467    
  -100.4097       18.35990       67.31277    
  -100.4404       18.52030       14.62648    
  -101.5198       18.82720       76.22411    
  -101.3438       18.06350       70.81224    
  -101.5532       18.98860       32.66869    
  -109.6413       36.92570       16.93954    
  -107.0690       32.20810       64.06153    
  -103.9935       19.39690       11.96173    
  -101.5490       18.96840       17.64811    
  -100.7549       17.57280       46.80220    
  -100.0733       17.37910       62.41268    
  -89.35010       32.43740       1.152864    
  -101.1243       18.09810       44.09869    
  -104.9141       19.64620       176.2810    
  -100.5630       18.80330       72.07351    
  -104.3356       19.73060       12.69851    
  -104.4600       19.65310       31.49650    
  -101.5281       18.86750       26.62303    
  -104.0874       20.55790       2.309140    
  -104.0444       20.57700       51.06713    
  -62.03600       50.22150       24.81498    
  -103.7440       20.42510       12.52447    
  -103.8058       20.38620       62.80850    
  -104.1204       19.82580       3.170936    
  -104.3306       19.71020       14.91698    
  -104.4691       19.59260       17.16640    
  -103.7920       20.71260       20.03477    
  -104.1115       20.55860       4.854600    
  -102.2042       17.92530       10.52375    
  -103.9915       19.88300       55.65191    
  -103.7187       20.32250       2.370528    
  -104.2975       19.77010       9.998771    
  -104.5313       19.55390       13.92581    
  -100.8710       17.95270       50.17480    
  -100.3168       18.57730       10.24729    
  -103.9965       19.90340       50.50002    
  -100.2164       17.18470       42.53299    
  -103.5954       20.40040       6.527590    
  -103.2765       19.65980       14.17409    
  -94.25830       16.22670       4.592765    
  -98.14570       31.30100       43.00072    
  -98.15290       31.32450       50.60278    
  -104.1444       19.82650       10.16447    
  -100.7512       17.55290       16.45207    
  -100.7371       17.35460       28.56688    
  -97.33900       36.06610       48.10332    
  -103.7288       20.36350       8.364696    
  -90.75840       19.06320       10.47541    
  -97.31280       36.06500       57.47651    
  -84.34380       15.35330       4.595947    
  -83.81890       15.21490       20.79380    
  -80.74410       26.66440       10.74276    
  -76.40410       17.89540      0.6303357    
  -101.1385       17.46280       10.99175    
  -99.63350       49.57310       14.81436    
  -101.3993       17.76650       15.68783    
  -104.2233       19.46410       9.097584    
  -104.3198       19.56810       15.05613    
  -100.9560       19.29490       13.04997    
  -85.50150       15.70950       2.667499    
  -100.2191       18.53500       27.36990    
  -102.2111       18.18460       85.68024    
  -102.0459       18.16050       65.94891    
  -94.14120       16.28330       4.690484    
  -99.86620       49.62230       23.52132    
  -110.2307       29.36470       61.36211    
  -105.1245       20.46680       9.257528    
  -105.1001       20.46610       50.90930    
  -101.5151       18.12750       19.47298    
  -94.52780       17.97760       27.38396    
  -99.41640       17.28560       61.16254    
  -103.3442       20.04710       46.68525    
  -101.4585       18.18590       17.48389    
  -85.48210       15.70930       2.870520    
  -103.2954       19.53900       15.72312    
  -77.34120       17.91670       15.37250    
  -100.7147       17.35410       5.022026    
  -96.15160       29.78300       32.93556    
  -105.0946       20.44550       26.23131    
  -96.63730       48.23650       12.59064    
  -97.05740       46.67770       37.00906    
  -102.9728       20.46380       93.41060    
  -100.5807       48.86990       16.64267    
  -97.02570       46.67600       38.32002    
  -96.63060       46.75250       14.87387    
  -97.51260       47.15570       9.474300    
  -97.51640       47.28670       24.76237    
  -96.14110       46.88960       24.29366    
  -78.49810       21.93440       6.639841    
  -77.36040       17.91680       14.57320    
  -99.89650       17.00020       3.031632    
  -97.05230       49.59870       23.27389    
  -98.38190       21.89360       8.921382    
  -104.5602       20.89990       36.21716    
  -104.8967       19.38240       17.56053    
  -95.88500       17.45040       1.944017    
  -99.79120       17.41240       8.682280    
  -99.89990       17.02000       4.122452    
  -97.21420       47.43480       37.34519    
  -96.43230       46.07060       14.47506    
  -105.0654       20.24040       10.15029    
  -104.1369       19.40100       18.44731    
  -103.4639       18.83810       35.85457    
  -100.2817       49.47320       10.71144    
  -96.15590       47.31430       38.55492    
  -97.54330       45.34210       33.55715    
  -83.55630       31.50590       102.6540    
  -101.6351       20.62970       8.118851    
  -101.4160       18.08520       69.94090    
  -93.09520       16.48090       20.62596    
  -85.55840       15.69070       1.874838    
  -97.84880       49.19020       32.43578    
  -96.12410       47.31270       44.11422    
  -97.54870       47.28840       23.49522    
  -100.6040       31.13970       134.0338    
  -104.0964       19.82510       38.14233    
  -65.82270       18.13150       47.80536    
  -95.81340       18.25950       3.445200    
  -96.05750       18.18500       1.998394    
  -85.39600       14.92020       1.569385    
  -97.00670       48.83370       35.42814    
  -96.97340       48.83190       33.58443    
  -96.95510       48.79670       50.84803    
  -103.8880       20.42940       19.33751    
  -69.50020       19.27000       24.91756    
  -94.59050       16.56390       29.35596    
  -85.37670       14.92000       2.010986    
  -97.21770       46.81520       8.519040    
  -97.20130       46.78200       11.47878    
  -105.0222       21.53200       15.63369    
  -103.4594       18.81790       9.874053    
  -103.4358       18.81720       46.94485    
  -98.89140       18.68360       8.804564    
  -84.32460       15.35320       100.6757    
  -98.79940       48.66070       24.79499    
  -100.2355       19.19630       42.39051    
  -96.08340       18.90170       13.69225    
  -69.50950       18.53810       43.01463    
  -96.16740       18.34600       6.029100    
  -100.2224       17.95740       14.49510    
  -101.1311       17.42300       102.4346    
  -96.98830       48.79850       49.82230    
  -99.42620       48.83410       9.638730    
  -89.33740       20.38210       8.481957    
  -67.04870       18.49530       9.920610    
  -71.39690       17.84200       25.72044    
  -99.81460       17.67020       15.15198    
  -86.41610       15.75650      0.6381822    
  -71.28980       50.41510       23.12852    
  -95.69680       48.25540       20.26404    
  -96.49270       46.20070       12.85686    
  -95.94220       45.85680       43.11415    
  -97.55860       45.37390       30.63329    
  -78.61780       21.97570       7.822170    
  -86.12830       15.81170       2.625253    
  -98.06940       48.99560       15.17454    
  -97.03850       48.46060       10.98810    
  -97.73250       46.97210       17.86336    
  -95.99120       45.76470       17.77969    
  -99.63690       28.32580       50.07161    
  -101.9053       20.29100       2.401222    
  -98.65420       48.92590       13.14098    
  -97.24650       47.43650       36.19026    
  -95.92640       18.16260       3.288600    
  -97.79760       46.29980       31.67496    
  -97.76590       46.29810       22.77591    
  -104.5548       20.87920       66.89948    
  -103.9481       20.57410       3.775373    
  -103.2907       19.51860       21.19526    
  -102.0976       18.30160       20.71354    
  -102.2424       18.22530       20.75733    
  -98.62990       16.75700       8.561774    
  -94.10070       16.45810       3.032638    
  -97.74960       47.00550       22.92624    
  -100.5728       18.62340       19.77202    
  -94.37880       16.36520       11.72113    
  -98.25450       48.56150       23.12598    
  -95.85380       47.46350       17.91817    
  -102.4808       18.81190       17.07882    
  -95.99040       18.16390       6.237901    
  -100.6494       17.72900       6.816772    
  -99.88350       17.43420       37.57340    
  -101.2802       51.51530       38.77627    
  -103.0307       32.99220       5.022726    
  -89.35110       20.50320       1.145589    
  -104.6702       19.43650       3.708476    
  -98.47280       17.26550       13.11381    
  -93.44230       16.46690       21.83753    
  -93.00830       15.89600       14.24695    
  -98.21680       48.72970       10.87195    
  -97.26500       46.78530       23.40909    
  -98.15390       29.10330       6.783391    
  -101.3665       18.06410       87.30338    
  -101.4231       18.00570       4.346848    
  -93.20010       16.50210       44.49252    
  -98.83330       48.66270       16.31060    
  -97.11440       47.29820       20.19357    
  -103.0833       21.20380       256.4003    
  -102.3728       20.10080       6.253978    
  -101.1296       19.58150       2.630540    
  -101.1741       19.13960       20.40700    
  -103.3226       18.83430       15.72127    
  -103.3847       18.37470       62.97843    
  -98.64610       49.37470       30.66377    
  -96.16250       48.75460       26.77860    
  -97.14650       47.29990       25.15779    
  -100.5960       31.11610       92.93587    
  -103.0594       21.20300       142.4130    
  -103.0781       21.18310       209.5554    
  -101.8447       20.33000       12.57636    
  -101.8401       20.30960       59.98091    
  -103.3382       18.69410       24.17310    
  -100.4179       18.51980       8.872830    
  -101.5748       17.96960       32.35814    
  -85.12000       14.80290       1.734685    
  -97.46900       49.93910       12.31268    
  -97.04720       48.97330       15.91839    
  -97.01390       48.97140       18.66672    
  -96.19540       48.75640       26.79426    
  -99.33560       21.71330       10.35815    
  -102.9787       20.58640       46.88798    
  -96.69540       49.54420       40.10526    
  -97.96620       49.57990       32.33007    
  -98.66690       49.41080       31.81799    
  -97.69020       49.32000       13.56156    
  -103.7199       20.71040       7.954278    
  -103.1481       18.88990       30.92799    
  -103.5537       18.82040       4.869736    
  -100.5611       18.56320       15.34174    
  -101.5585       17.77040       35.61372    
  -99.29600       16.82980       44.40768    
  -96.72910       49.54600       30.59964    
  -103.6085       19.16410       26.75681    
  -84.37490       15.21910       100.5864    
  -97.30020       46.98160       29.09237    
  -97.28360       46.94820       44.81265    
  -97.28140       46.81850       27.36585    
  -96.56830       46.49190       36.69054    
  -95.94420       45.79390       21.08880    
  -92.42580       35.08730       12.38476    
  -100.6296       31.14070       70.53131    
  -105.3263       20.30960       60.71127    
  -101.1867       18.97920       15.06439    
  -102.7763       18.67920       8.570736    
  -101.6621       17.95180       44.97422    
  -101.2745       17.82320       90.24974    
  -101.5358       17.76980       28.72745    
  -84.73590       15.49110       2.493911    
  -97.33220       46.98330       26.11566    
  -97.31560       46.94990       54.00439    
  -96.35110       46.28910       16.70609    
  -97.72130       36.41160       30.78298    
  -100.5785       31.13860       52.02528    
  -100.6215       31.11710       64.41623    
  -107.6104       25.49270       3.846206    
  -107.5272       25.33800       30.00183    
  -98.35930       21.89300       9.507579    
  -96.35370       19.50780       31.28393    
  -104.5879       19.39370       55.88929    
  -101.1389       19.29960       22.55280    
  -100.4342       18.72010       24.72487    
  -101.5813       17.77090       15.21150    
  -85.25710       15.82310       1.847608    
  -84.82970       15.78090      0.6198738    
  -84.75620       15.51050       3.457358    
  -98.48840       48.33780       15.86358    
  -102.1263       20.74560       16.26137    
  -103.8422       20.24460       68.88481    
  -100.7670       18.34850       49.12501    
  -93.18730       17.91430       30.16630    
  -101.6425       17.85190       39.42142    
  -99.29930       16.84960       14.96717    
  -84.73700       15.51030       2.176096    
  -98.50770       48.37260       13.87998    
  -89.30530       21.17010       48.31501    
  -89.08330       21.02460       1.201306    
  -89.21770       20.94570       5.648124    
  -103.3953       21.02840       26.62705    
  -102.0127       20.45680       16.37815    
  -91.15770       18.63250       23.62570    
  -102.6884       18.15680       5.772851    
  -101.1874       17.72180       10.82720    
  -101.0102       17.61840       6.938007    
  -96.52020       46.71460       28.70478    
  -97.58280       46.73750       29.81776    
  -107.6022       25.47070       102.3105    
  -105.2781       22.93460       15.58989    
  -104.4839       20.03960       95.43786    
  -102.5568       19.57920       20.70260    
  -102.8099       18.62000       18.78670    
  -93.89250       18.22320      0.5283312    
  -96.17970       18.14780       26.28765    
  -102.7433       18.19810       80.83081    
  -95.75950       18.04050       3.609630    
  -97.08620       49.60060       17.15814    
  -96.53590       46.74770       28.59125    
  -96.99400       46.67440       24.03071    
  -103.8472       20.26510       23.94409    
  -102.1081       19.22420       19.76472    
  -100.0131       18.51010       14.40752    
  -101.1912       17.74170       9.996593    
  -102.0364       50.75940       161.3049    
  -99.23450       48.61800       13.36146    
  -98.46160       31.28940       31.47950    
  -100.6121       31.16330       43.11656    
  -109.8542       27.05550       9.098460    
  -105.7700       23.56220       32.05108    
  -97.94900       21.63570       5.809860    
  -103.7879       21.53410       53.54365    
  -102.8051       20.74470       73.38989    
  -102.5654       20.22820       6.749460    
  -102.5606       20.20770       23.42967    
  -100.9836       19.53740       7.016181    
  -103.3803       18.35460       29.86604    
  -98.48440       48.50670       12.77543    
  -96.83320       47.67890       18.35352    
  -96.55170       46.71620       24.44004    
  -96.48050       45.97800       19.21482    
  -107.6289       25.47180       38.10553    
  -104.3439       20.34100       53.42332    
  -100.2981       18.59680       42.60690    
  -100.3422       18.35830       25.66202    
  -96.53840       46.29850       12.05298    
  -104.9621       22.27630       62.24602    
  -101.1161       19.29900       3.074131    
  -102.9654       18.26380       17.91087    
  -101.8771       18.11650       23.03451    
  -96.62050       17.82000       1.665329    
  -100.7659       17.63250       23.38485    
  -99.05990       49.39910       14.78826    
  -96.85010       47.71290       19.99782    
  -97.13770       46.77870       18.16038    
  -96.22100       45.80740       12.43404    
  -107.5941       25.44870       4.887444    
  -98.37760       21.87290       8.080561    
  -102.8942       19.83140       29.16537    
  -72.75320       19.21730       16.20834    
  -96.54330       19.35140       14.13008    
  -102.5535       18.17330       4.200707    
  -102.1840       18.16400       33.77811    
  -102.5179       18.11260       30.61050    
  -101.5976       17.97020       134.9110    
  -101.6386       17.83190       64.74229    
  -100.6742       17.25430       40.73484    
  -97.11340       50.38280       14.79870    
  -98.16260       49.10430       12.05820    
  -97.76920       46.49010       106.6192    
  -107.1154       29.10200       37.61232    
  -69.66320       19.07080       19.88150    
  -104.2424       19.44440       6.823202    
  -95.89280       18.22140       15.15198    
  -100.3643       18.00040       10.73925    
  -101.0632       17.89760       22.99072    
  -96.40340       17.79600       19.82588    
  -100.9051       17.53660       71.50418    
  -98.44960       16.71410       10.24675    
  -98.76550       48.65880       20.96874    
  -96.74140       46.79050       8.487720    
  -97.78570       46.52300       19.16653    
  -96.20480       45.83810       24.43482    
  -107.5699       25.38290       32.61729    
  -97.97160       24.25980       39.95672    
  -104.1941       19.34200       13.15791    
  -101.8841       19.03730       15.26146    
  -102.5577       18.19340       64.78871    
  -102.5345       18.19280       4.486192    
  -101.4270       18.02570       12.00294    
  -99.32870       50.29740       17.86023    
  -97.15130       47.49730       11.11860    
  -96.56750       46.74930       30.19248    
  -96.23560       45.83960       15.69915    
  -96.19020       45.80590       21.14100    
  -107.5256       25.61920       5.907433    
  -107.5619       25.36100       3.067048    
  -104.8974       22.73310       86.27947    
  -104.7554       20.90590       21.72075    
  -100.9210       19.45510       17.86707    
  -101.1630       18.63800       39.53559    
  -98.92600       16.70420       18.87428    
  -98.86030       16.56540       14.67027    
  -98.80550       48.72930       27.13878    
  -97.51840       47.35240       15.95754    
  -96.69530       46.24270       12.41316    
  -100.8976       24.73120       17.30514    
  -98.78100       24.19880       69.41460    
  -99.69430       23.48890       79.70957    
  -99.85770       23.01240       57.18295    
  -99.18460       22.47320       70.43390    
  -104.4145       21.08010       93.85178    
  -102.3496       19.89730       23.99793    
  -68.76090       18.40450       7.035611    
  -102.6263       18.73550       35.23274    
  -101.1670       18.65810       28.42091    
  -102.7719       18.65910       50.27304    
  -96.63640       49.68130       10.58616    
  -99.48900       48.94060       13.71033    
  -98.22090       48.55970       11.98773    
  -104.1164       19.90690       44.69992    
  -100.9878       18.89400       27.72024    
  -102.1609       18.16340       43.93969    
  -102.7539       18.13850       12.96239    
  -97.74520       47.36460       23.61528    
  -103.9247       19.90130       29.34053    
  -70.13860       18.77160       1.131749    
  -69.68260       18.55680       5.481000    
  -66.45370       18.00820       4.596210    
  -98.38660       49.15160       8.033580    
  -98.49830       48.88260       22.08060    
  -97.25160       46.94650       27.20142    
  -101.3292       46.85410       121.7823    
  -96.28270       45.81050       49.78314    
  -103.1864       20.47000       73.69772    
  -103.4815       19.01960       110.3841    
  -103.4578       19.01890       56.98911    
  -98.86720       48.66470       11.35350    
  -98.53610       48.30680       26.59460    
  -97.55090       46.73580       47.46155    
  -96.29740       45.84270       21.93183    
  -96.31350       45.81200       19.16001    
  -96.25180       45.80890       32.94864    
  -109.8500       27.36560       24.77412    
  -104.9501       22.23430       4.308135    
  -104.8837       21.38310       12.33194    
  -104.4622       19.26880       17.68461    
  -77.71420       18.42820       5.708071    
  -71.39360       17.97920       4.651396    
  -97.30980       48.61110       11.54142    
  -97.59950       46.77060       28.68129    
  -97.56750       46.76890       35.14104    
  -66.52920       18.04680       8.346781    
  -84.89330       15.87790       7.131751    
  -84.89210       15.85860       6.701684    
  -85.11360       15.68690       20.63509    
  -84.36160       15.68070       3.551059    
  -84.36190       15.33420       63.18758    
  -84.34270       15.33410       49.42295    
  -85.26100       15.24540       2.529950    
  -84.37600       15.23830       38.53682    
  -84.39410       15.21920       20.04400    
  -84.37390       15.19980       5.019055    
  -84.96100       15.05090       2.969628    
  -85.13090       14.99470       1.582720    
  -97.85770       49.08700       11.43963    
  -97.68550       46.19830       7.297560    
  -103.5375       34.13070       63.40071    
  -99.41550       30.01040       20.14133    
  -80.54860       27.22660       19.96650    
  -66.50980       18.04700       7.767361    
  -84.91260       15.87810       4.473225    
  -85.71930       15.48020       3.000061    
  -85.70000       15.48000       12.42445    
  -86.16070       14.81170       1.245769    
  -96.66220       46.75410       10.22076    
  -97.66930       46.16570       9.077580    
  -80.52780       27.22650       33.30370    
  -69.28720       19.25140       1.357445    
  -69.41130       18.57800       24.74239    
  -84.32350       15.33390       48.74033    
  -84.39310       15.20000       26.65961    
  -98.77160       48.72730       17.17511    
  -97.08360       47.36220       22.39902    
  -80.54730       27.20490       14.87274    
  -109.8217       27.36430       21.41505    
  -70.16130       18.67280       6.879376    
  -97.10050       47.39590       20.76814    
  -97.51090       47.09040       25.95019    
  -97.89920       32.01780       25.58453    
  -89.26660       21.18980       6.060420    
  -89.09880       18.32500       1.229285    
  -84.91150       15.85880       3.924906    
  -85.38710       15.41950       2.326414    
  -84.83610       14.87730       3.995142    
  -97.24160       49.15640       30.15072    
  -97.20800       49.15450       23.83452    
  -97.01770       48.35790       12.11693    
  -96.19710       48.17990       19.43406    
  -97.31940       47.70470       7.970940    
  -84.95990       15.03170       1.297288    
  -97.02680       46.80520       15.80387    
  -95.42700       30.90520       17.60432    
  -77.82120       20.81740       54.12510    
  -90.67760       19.42080       22.45646    
  -88.56550       19.22970       3.558268    
  -90.89240       18.98580       57.53405    
  -91.79690       18.32590       58.45708    
  -90.98740       18.21420       1.823004    
  -85.66120       14.84570       1.258056    
  -97.34760       46.95160       57.17662    
  -97.05860       46.80690       9.944101    
  -89.44230       20.58540       4.338697    
  -84.73920       15.54890       4.035185    
  -84.71990       15.54870       2.330411    
  -85.40610       15.09290       1.465593    
  -85.28490       14.99600      0.6094117    
  -98.67590       48.79010       42.81590    
  -97.71270       47.36290       53.41845    
  -97.31230       46.75550       39.01297    
  -98.68750       37.30050       6.608520    
  -105.5356       33.57130       59.01771    
  -88.49480       19.32830       1.025276    
  -91.79450       18.30600       1.516991    
  -90.84030       18.17250       2.668100    
  -91.36620       18.14110       30.35404    
  -84.74030       15.56810       1.804695    
  -85.27700       15.51480       2.468923    
  -97.73520       49.46190       23.55786    
  -98.53220       48.88460       37.92069    
  -98.51230       48.84920       32.12845    
  -98.47840       48.84720       38.75850    
  -98.65590       48.75480       30.70926    
  -98.45080       48.50480       38.49228    
  -97.73010       47.39670       58.01248    
  -97.29690       46.78700       25.02859    
  -97.28040       46.75380       25.21260    
  -88.06030       36.72420       1.081074    
  -108.2688       29.68010       25.95935    
  -101.5039       28.82030       70.33567    
  -88.07480       20.94860      0.6931077    
  -89.06240       19.15710      0.9049633    
  -90.91290       18.98610       12.56659    
  -90.73140       18.28940       2.298498    
  -90.84260       18.19230       4.644247    
  -90.82220       18.19200       70.53584    
  -90.82000       18.17220       1.203130    
  -91.34580       18.14080       73.42056    
  -90.84320       18.01470       9.462556    
  -95.62850       17.13080       2.588397    
  -84.31940       15.25700       19.21440    
  -97.05610       47.55830       15.61302    
  -97.02380       47.55660       16.03584    
  -97.32870       46.78870       28.32111    
  -89.96200       20.47260       1.578515    
  -96.50160       19.87300       19.36086    
  -90.63370       19.22060       31.42065    
  -90.27550       18.75770       16.38738    
  -90.27330       18.73780       37.01870    
  -95.99970       18.64080       28.34367    
  -91.23460       18.06010       7.485481    
  -96.69720       18.03930       49.41785    
  -99.35150       50.33460       32.55871    
  -97.02830       49.49240       26.53117    
  -98.62550       49.33880       30.00456    
  -98.59110       49.33680       36.29988    
  -97.36420       46.98500       27.26406    
  -97.67600       46.61360       18.73284    
  -98.04150       23.04460       6.342300    
  -97.91080       22.74970       7.119428    
  -98.06720       20.65820       5.089500    
  -97.17430       20.59610       9.221503    
  -88.93240       20.03430       5.008644    
  -88.33520       19.74530      0.5100226    
  -69.61670       19.26930       5.833788    
  -90.97900       17.95760      0.8343447    
  -95.64880       16.97410       3.015718    
  -98.36900       16.61430       2.854550    
  -98.46870       16.42030       20.40700    
  -98.44700       16.41990       3.775373    
  -91.96490       15.82250       7.830000    
  -85.16060       14.84160       1.040331    
  -98.64200       48.78820       33.71598    
  -98.39790       48.46790       8.785260    
  -97.83020       47.46790       26.62722    
  -97.06830       47.39420       18.32533    
  -96.68280       47.37410       15.31548    
  -96.70060       45.79970       22.04216    
  -91.13470       18.43400       1.610265    
  -89.41300       18.25040       1.286826    
  -95.68560       18.25700       6.498900    
  -95.66430       18.25660       7.755615    
  -91.69330       17.96870       11.85775    
  -91.67280       17.96830       15.92457    
  -85.64190       14.84550       1.294673    
  -98.41720       48.50290       41.21712    
  -96.86860       48.31620       8.722621    
  -98.50270       48.30490       16.55784    
  -97.84790       47.50180       32.79518    
  -95.85490       47.20090       18.32220    
  -81.68260       29.87760       5.778415    
  -104.5139       28.87430       46.68412    
  -87.61320       21.00280       6.410327    
  -98.43800       20.85050       15.67748    
  -90.20100       19.89330       5.019855    
  -88.97220       19.45470       1.270981    
  -90.87200       18.98540       1.137743    
  -89.34100       18.92250       5.261719    
  -89.32080       18.92220       3.052289    
  -89.33890       18.90260       7.275107    
  -89.31870       18.90230       5.614903    
  -100.2262       19.03550       21.50909    
  -91.69560       17.98840       12.18870    
  -91.67510       17.98810       15.56213    
  -100.5998       17.21310       27.12905    
  -94.10310       16.47770       31.70529    
  -97.31720       47.63830       8.012701    
  -97.19400       47.26960       12.38706    
  -97.63780       47.03200       17.62690    
  -97.73080       46.90710       8.309196    
  -98.10190       21.94810       13.57547    
  -88.16930       21.07150       3.348795    
  -87.51560       20.83960       1.579316    
  -90.63600       19.24050       63.60457    
  -88.76130       19.17270       2.825471    
  -101.1451       19.21930       44.34654    
  -100.1086       18.89230       6.208470    
  -100.0860       18.89180       4.977502    
  -101.6158       18.84970       26.18752    
  -100.4411       18.64020       24.74239    
  -101.4042       18.02520       112.4414    
  -101.5930       17.83080       4.451824    
  -101.5702       17.83030       37.66098    
  -101.2972       17.82370       36.17206    
  -101.2707       17.80320       29.77845    
  -100.6097       17.39120       48.00980    
  -100.9359       17.33930       128.9785    
  -98.40020       16.53650       72.39970    
  -86.18410       15.77360       6.648166    
  -85.38300       15.66990      0.7951123    
  -85.96370       15.36690       2.229623    
  -92.71530       15.05970       20.95440    
  -84.81690       14.87710       1.702691    
  -96.88290       46.31600       12.12606    
  -108.3013       31.13900       81.13660    
  -108.2899       31.11500       48.05630    
  -76.82270       20.67400       9.787500    
  -102.0080       20.43630       56.07042    
  -88.91210       20.03400       2.489957    
  -90.18050       19.89300       2.774474    
  -88.38180       19.80590       2.795678    
  -102.1146       19.46630       7.376853    
  -101.1222       19.21870       41.07675    
  -90.25360       18.55910       1.252825    
  -90.91910       18.50990       22.48365    
  -89.24600       18.18890       2.491508    
  -100.3197       18.35780       19.88150    
  -100.2558       18.25660       24.91756    
  -102.1963       18.22420       35.82173    
  -102.2367       18.08550       29.52446    
  -102.0716       18.06150       22.80095    
  -97.69770       47.39490       73.38668    
  -97.26820       46.97990       24.22759    
  -103.7591       23.95640       38.73355    
  -104.8419       23.29750       17.82328    
  -102.0033       20.41580       21.10767    
  -89.89880       20.10930       16.90365    
  -103.5227       19.40390       70.34808    
  -103.4990       19.40320       85.34511    
  -101.5428       18.82780       7.531812    
  -102.1958       18.44390       6.096319    
  -89.20830       18.01100       4.807621    
  -101.1282       18.11810       14.77962    
  -96.77700       18.00130       53.46250    
  -101.5181       18.02800       42.11107    
  -101.4220       17.76710       16.24080    
  -99.79470       17.43220       5.135358    
  -100.0675       17.22090       6.346594    
  -95.75530       17.13320       3.432617    
  -85.38420       15.68920      0.5361776    
  -85.33730       15.55390       1.689303    
  -96.46190       47.62650       23.44066    
  -96.44540       47.59250       24.96204    
  -106.3967       24.09380       11.22459    
  -106.3896       24.07230       77.86607    
  -106.3638       24.07130       42.63733    
  -98.35320       22.07840       6.639841    
  -99.50870       21.88270       26.29804    
  -98.42190       21.54520       7.657740    
  -104.5837       21.62110       28.32536    
  -103.2350       21.14670       32.96845    
  -88.35820       20.16650       1.511814    
  -102.3560       19.08990       12.22007    
  -101.4489       18.92570       13.50859    
  -88.98590       18.40250       3.548657    
  -88.96580       18.40220       59.58779    
  -91.70070       18.20570       1.630892    
  -101.4745       18.26610       19.91982    
  -90.89330       17.91690       17.10802    
  -102.5915       18.13440       10.34838    
  -96.59300       17.77990       7.184704    
  -100.9134       17.33880       41.22425    
  -100.2283       17.12580       2.960799    
  -85.05450       15.66710      0.5466397    
  -97.86850       49.22590       10.57050    
  -100.4378       49.34370       19.73943    
  -98.88620       48.87080       8.174520    
  -97.74760       47.43050       36.45648    
  -97.71510       47.42870       27.49896    
  -96.66370       47.07860       30.99114    
  -96.89860       46.34870       10.19466    
  -96.41440       46.22860       12.83315    
  -81.70410       29.87790       16.33436    
  -101.5114       28.84300       63.67337    
  -101.4788       28.81930       31.09221    
  -102.9626       28.83270       6.198852    
  -102.9229       28.20350       12.59295    
  -106.6136       24.20840       3.821414    
  -106.3709       24.09290       47.80123    
  -98.45440       20.70840       2.379041    
  -90.45830       19.81730       2.445085    
  -88.37970       19.78590       1.807311    
  -103.2812       19.68020       50.80948    
  -101.4447       18.90550       29.25295    
  -100.3439       18.71790       7.400540    
  -96.19840       18.54540       39.76191    
  -99.36150       18.59460       5.999515    
  -101.2176       17.64310       2.545574    
  -100.9396       17.35920       5.398619    
  -100.9171       17.35870       91.58447    
  -98.60810       16.61920       16.15919    
  -86.16460       15.77340       5.807912    
  -92.12490       15.80540       18.78670    
  -85.13490       14.72640      0.7401868    
  -97.49400       47.05690       16.72773    
  -96.09370       46.91960       57.02850    
  -96.06220       46.91810       83.16087    
  -101.5291       28.82120       40.84027    
  -107.5756       25.46960       41.94633    
  -106.8015       24.53560       18.12259    
  -106.4154       24.07330       4.051620    
  -105.0347       23.11500       48.44254    
  -88.13100       19.92260       1.823004    
  -104.9515       19.89090       47.56524    
  -104.7980       19.66300       23.13669    
  -104.7536       19.58060       2.493305    
  -99.36520       18.61470       8.613001    
  -90.72480       18.23000       8.911918    
  -102.7520       18.45820       30.38059    
  -91.70300       18.22550       1.416339    
  -102.0121       18.21960       15.16293    
  -102.0946       18.06210       74.70441    
  -64.77590       17.70930       9.514434    
  -99.02140       17.41530       20.88871    
  -99.73450       17.21360       5.247309    
  -98.45270       16.73380       9.419492    
  -92.21630       15.90370       27.21663    
  -86.18540       15.79290       4.528122    
  -91.78290       15.82000       6.882570    
  -85.48100       15.05520      0.7218783    
  -85.30570       14.68950      0.5832567    
  -97.73160       47.82660       16.62447    
  -96.63620       47.47040       31.38264    
  -97.17870       47.30150       9.505621    
  -97.16190       47.26790       9.470386    
  -96.69550       47.08020       21.12534    
  -96.64750       47.04520       30.14159    
  -96.10920       46.95290       49.02755    
  -96.07770       46.95130       59.35453    
  -97.08340       45.13270       17.78976    
  -107.3817       24.49400       27.69011    
  -103.8349       20.69340       64.13205    
  -104.9464       19.87040       5.978265    
  -103.2103       19.67820       16.40366    
  -89.66120       19.26540       20.77159    
  -90.83760       18.86560       15.58989    
  -100.5269       18.96270       64.03580    
  -100.5856       18.80380       74.93628    
  -90.80810       18.42900       5.354969    
  -102.2000       18.46400       21.79120    
  -91.36850       18.16090       9.121951    
  -100.3983       18.29980       26.60680    
  -102.9126       18.34240       18.45097    
  -90.91080       18.07490       28.03086    
  -90.82720       18.05390       60.03701    
  -102.0986       18.08210       35.66116    
  -94.91870       16.68690       11.03247    
  -93.64600       16.45070       30.19447    
  -92.00740       15.84250       5.543641    
  -96.86400       49.55330       12.63240    
  -97.08140       49.53030       29.26071    
  -97.04760       49.52840       44.71244    
  -97.06210       49.49420       25.16562    
  -97.43420       49.02890       23.50253    
  -98.48350       48.27010       16.11414    
  -96.61960       47.43660       39.63333    
  -97.09810       45.16430       11.61972    
  -97.93340       22.75030       14.21045    
  -104.9284       22.75510       128.0882    
  -104.9222       22.73390       12.13364    
  -88.46190       21.13670       6.175261    
  -103.4005       21.04910       22.83745    
  -87.97340       20.36200       1.984784    
  -103.5274       19.42420       23.33663    
  -104.3420       19.16440       21.67696    
  -103.2685       19.11450       18.17362    
  -90.99170       18.43180       1.679425    
  -92.48470       17.90260       7.642080    
  -101.5032       18.06740       36.19834    
  -95.91600       17.37220       3.303468    
  -98.46440       48.23530       28.48554    
  -101.6937       22.15210       11.57738    
  -104.5894       21.64200       23.56001    
  -88.00730       20.88700       1.820389    
  -89.08410       19.55610       22.19152    
  -104.2184       19.44370       3.952455    
  -91.36390       18.12130       11.52576    
  -101.4705       18.24600       3.562876    
  -102.1176       18.06260       22.55280    
  -85.39030       15.15040       21.70324    
  -98.67410       49.48090       17.88894    
  -98.85210       48.86880       14.11488    
  -98.92750       48.77050       21.35801    
  -96.97850       48.59320       41.64255    
  -96.96050       48.55820       33.12403    
  -96.65170       47.43830       42.37454    
  -97.81600       47.07410       29.95982    
  -101.5365       28.84400       36.43829    
  -103.1901       27.12820       9.140040    
  -98.38250       22.53410       6.154380    
  -87.97580       20.58360       8.110628    
  -102.9066       20.48230       78.73122    
  -101.5703       20.34280       16.85986    
  -88.92270       19.75360       1.496066    
  -88.72550       19.61080       4.020370    
  -89.23700       19.27900      0.6015652    
  -90.42290       18.62110       2.133519    
  -90.21080       18.53870       18.02612    
  -90.19050       18.53840       17.07303    
  -90.91680       18.49000       6.303150    
  -101.4954       18.02740       45.00050    
  -92.19600       15.90340       18.78670    
  -84.94400       15.08910       2.635285    
  -97.15800       47.07170       10.57050    
  -97.79890       47.04070       21.00319    
  -97.08970       46.74390       15.09233    
  -96.50430       45.57030       8.511210    
  -102.6548       26.14660       26.07958    
  -103.8074       25.64740       25.91710    
  -103.5212       25.20610       12.06485    
  -97.83660       21.96180       8.182288    
  -87.92790       21.29120       1.989007    
  -88.22920       20.87000      0.8474223    
  -98.46870       20.66810       4.185413    
  -101.0744       20.49200       9.325706    
  -89.01900       19.89520       19.68462    
  -88.99860       19.89490       15.42510    
  -88.70530       19.61060       3.781710    
  -88.72340       19.59080       3.177834    
  -88.70320       19.59050       3.853788    
  -90.32480       19.37520       1.964135    
  -90.20870       18.51890       28.25011    
  -90.18840       18.51860       12.08777    
  -90.93950       18.51020       1.237132    
  -95.86840       18.20110       7.360199    
  -89.37500       18.07240       4.008968    
  -102.6356       18.23530       23.42864    
  -102.0081       18.19950       33.20788    
  -101.3465       17.84480       46.31847    
  -91.22890       17.64650       21.84519    
  -99.39440       17.28520       33.30370    
  -84.84790       15.76180       1.280592    
  -84.86060       14.97330       1.507238    
  -83.30810       14.92370       1.320431    
  -99.31600       50.33240       33.34014    
  -97.41520       48.99340       29.95758    
  -97.60060       47.81940       81.00527    
  -106.2277       28.43050       20.18933    
  -101.9342       26.75230       27.74511    
  -104.1117       24.79880       15.07091    
  -98.25540       22.57220       8.521045    
  -101.6023       21.77730       11.82112    
  -104.7722       21.42070       39.40536    
  -100.1679       20.73230       33.22931    
  -98.44640       20.66760       6.382628    
  -88.49390       20.10820       4.685092    
  -89.03710       19.87550       40.39068    
  -89.01680       19.87520       3.608722    
  -88.77650       19.71150       3.868204    
  -104.9383       19.64690       5.806560    
  -90.54060       19.29880       2.091873    
  -88.87440       18.89610      0.8343447    
  -95.82130       17.44920       39.57834    
  -101.1537       17.42360       27.32611    
  -90.90970       16.93620       2.801445    
  -85.76570       14.98080      0.6224892    
  -85.68950       14.67350       1.132512    
  -98.61180       49.37270       8.174520    
  -97.69400       49.14690       6.937380    
  -96.94550       48.59140       35.30547    
  -96.92750       48.55640       23.09067    
  -97.63330       47.82120       26.54370    
  -97.58280       47.78520       52.22610    
  -97.68030       47.36110       32.40837    
  -97.22620       47.27130       12.29981    
  -96.64640       46.72100       13.50414    
  -98.32990       23.93260       7.133130    
  -106.4225       24.09480       7.116731    
  -103.9807       23.79490       12.22734    
  -97.94680       23.43880       6.956954    
  -88.00520       20.86670       2.275273    
  -87.95140       20.54300       2.294494    
  -98.05610       20.25220       9.283249    
  -96.78660       19.25650       7.524317    
  -103.6369       19.18500       18.89618    
  -89.30830       18.20950       2.575599    
  -90.80400       18.21140       2.832679    
  -90.78370       18.21110       2.205597    
  -90.80180       18.19170       12.49428    
  -90.78150       18.19140       5.662955    
  -101.7112       18.31180       97.35687    
  -102.1744       18.00430       27.44654    
  -84.67060       15.35590       8.589448    
  -85.16500       14.91830       1.386307    
  -97.18550       47.56520       8.769601    
  -96.33810       46.12940       36.01800    
  -97.96470       22.15070       4.588380    
  -104.5015       19.43160       8.409420    
  -104.1269       19.05760       5.675456    
  -104.1222       19.03730       12.45256    
  -98.72890       18.75970       2.889967    
  -90.79960       18.17190       11.82330    
  -95.26750       18.14980       8.991450    
  -102.2342       18.18520       75.19915    
  -91.65240       17.96800       10.13985    
  -102.2070       18.16460       14.41933    
  -96.58980       18.03720       32.96971    
  -101.8879       18.05690       23.38485    
  -101.8650       18.05640       8.716482    
  -100.2332       17.02720       30.97543    
  -85.17820       15.47550       2.811055    
  -100.1616       51.44190       22.19022    
  -97.16610       49.01420       14.53248    
  -96.66820       47.47200       27.85914    
  -109.0104       25.87690       9.904950    
  -105.3620       24.80190       20.67680    
  -88.43730       20.14750       35.12106    
  -105.3209       20.28910       5.683584    
  -100.8254       19.21110       17.02043    
  -100.5229       18.94260       11.30407    
  -101.5323       18.88770       6.158318    
  -100.4450       18.66030       6.926819    
  -77.67110       18.17250      0.8134208    
  -100.9850       18.19430       14.14476    
  -91.81160       17.93110       7.203599    
  -100.1649       17.14410       19.18082    
  -99.99890       17.08130       4.699147    
  -85.72440       15.86590       7.241632    
  -85.19750       15.47560       2.902355    
  -84.63640       15.43260      0.7584953    
  -84.68880       14.99120       5.003838    
  -84.68780       14.97200       7.885370    
  -84.66860       14.97180       4.590204    
  -97.86310       49.15640       13.25880    
  -96.86110       47.48210       15.80094    
  -105.4939       25.94990       37.30653    
  -105.3956       25.36190       15.55838    
  -99.13580       21.62570       2.447014    
  -88.54430       20.00860       140.9262    
  -101.7937       20.20670       64.14820    
  -88.88760       19.61320       3.589501    
  -69.49940       19.28980       3.990737    
  -91.18460       18.33590       4.807621    
  -91.42550       18.30010      0.6067962    
  -95.88670       18.18170       15.71263    
  -101.6533       18.25050       19.18083    
  -91.29360       18.04130       5.700241    
  -93.29910       17.81760       12.55932    
  -98.45660       16.34170       21.97882    
  -98.43490       16.34130       47.60150    
  -93.37400       16.05700       9.634602    
  -84.79810       15.56860       1.949318    
  -98.19650       49.10620       17.50788    
  -98.38000       48.67070       16.12980    
  -97.23120       47.46860       12.00339    
  -94.37180       29.68240       6.107400    
  -104.1222       27.20850       14.74593    
  -110.2087       27.29340       44.82682    
  -100.2846       24.73280       19.25502    
  -103.8824       22.51140       51.14361    
  -87.54280       21.30590       2.725762    
  -88.49600       20.12830       12.64476    
  -88.47570       20.12800       4.739552    
  -89.10120       19.71620       24.33951    
  -69.51880       19.28970       1.945933    
  -90.98260       18.53070       1.626842    
  -102.7074       18.13730       35.77794    
  -95.35430       17.87440       7.680667    
  -101.5969       17.85080       12.95653    
  -88.75370       17.43540       3.774168    
  -100.9323       17.31950       40.97822    
  -90.82890       16.93510       2.265062    
  -98.20810       16.55230       6.762114    
  -96.00230       48.88340       29.76966    
  -96.01770       48.84990       24.16651    
  -96.40310       47.95590       11.09120    
  -96.42950       46.26120       7.281900    
  -106.6426       24.29470       5.073733    
  -104.9533       22.75590       4.430574    
  -99.17620       21.70900       47.82689    
  -87.92260       21.04770       2.972030    
  -102.3599       20.54810       130.5502    
  -102.3364       20.54750       21.28307    
  -88.47790       20.14810       19.50459    
  -89.93510       20.06970       2.551573    
  -88.83310       19.67230       3.357249    
  -88.90790       19.61350       4.291064    
  -88.84710       19.61260       1.888392    
  -100.5059       18.74180       19.83770    
  -91.05980       18.31420       2.537158    
  -91.05080       18.23500       9.803160    
  -90.97850       18.13510       1.202507    
  -101.5111       18.10750       6.768047    
  -101.1388       17.93920       200.0229    
  -96.70630       17.82180       3.296671    
  -100.0641       17.20110       19.45899    
  -99.99550       17.06150       4.880360    
  -99.16100       16.80730       31.03781    
  -98.43190       16.32170       47.14281    
  -84.79700       15.54930      0.8003432    
  -85.19860       15.49490       4.579377    
  -85.15120       15.01400       2.049084    
  -85.09350       15.01360       2.558300    
  -85.42780       14.80540      0.5047917    
  -98.76290       49.34680       13.50832    
  -96.77330       46.27850       19.77075    
  -107.6482       24.80450       8.262458    
  -88.44020       20.36870       8.223004    
  -91.16770       18.89080       1.441567    
  -89.41700       18.48760       1.943317    
  -89.42500       18.36910       1.150820    
  -103.3013       18.63300       6.994712    
  -91.08020       18.31450       6.968700    
  -102.1785       18.02430       2.025584    
  -101.5142       18.00800       5.470631    
  -95.96590       17.57020       21.80847    
  -99.87090       16.97990       18.48615    
  -85.17930       15.49470       2.364413    
  -85.38830       15.43880       1.299904    
  -85.99870       15.30950       37.82156    
  -97.44350       49.16750       10.67229    
  -97.28790       48.50800       12.80205    
  -97.81120       32.60610       38.42776    
  -100.1556       26.45010       11.72265    
  -104.9471       22.73480       4.405782    
  -88.93790       19.51400       3.700708    
  -90.73860       18.17100       1.765919    
  -89.22000       18.12940       7.397283    
  -89.37700       18.09210       2.675657    
  -90.72120       18.01290       1.902868    
  -90.73940       17.99340       12.70339    
  -90.71900       17.99310       3.447747    
  -102.7033       18.11730       3.072362    
  -89.30890       16.97310       2.332935    
  -95.80520       48.87320       10.11244    
  -97.59470       48.05270       32.47493    
  -97.69880       47.82480       30.97548    
  -97.14030       46.97320       12.49668    
  -96.78880       46.31120       32.94864    
  -103.5089       37.32720       183.4904    
  -98.18690       22.77790       7.700210    
  -88.36450       20.22680       5.394056    
  -88.90580       19.59350       7.365205    
  -88.88550       19.59320       6.469964    
  -100.9854       18.99420       16.37815    
  -95.95990       18.65990       5.214780    
  -89.00860       18.22510       1.524837    
  -91.22100       18.11910       8.354609    
  -91.20060       18.11880       6.639841    
  -100.2820       18.27710       28.04868    
  -90.99280       17.89870       1.544735    
  -91.50760       17.04270      0.7114162    
  -100.0982       17.14260       2.577123    
  -84.78550       15.68410      0.4864832    
  -92.49240       15.05660       23.35048    
  -97.57670       48.01830       33.80603    
  -97.02920       47.75560       25.66283    
  -97.47870       47.08870       33.74730    
  -96.50650       46.36080       30.62679    
  -103.4799       37.32570       121.9816    
  -103.4960       37.30060       113.7543    
  -97.80360       32.58200       41.73484    
  -98.48650       31.29030       29.66175    
  -88.80300       20.15280       8.130171    
  -88.93580       19.49400       1.872699    
  -101.7039       17.93300       57.03888    
  -91.34100       17.00110       1.439164    
  -99.48190       16.89280       17.86707    
  -92.02570       15.82340       8.130171    
  -92.02360       15.80400       19.96908    
  -91.95290       15.70610       16.63819    
  -98.32060       48.97550       8.769601    
  -97.03280       48.32500       20.48015    
  -97.62760       48.05450       27.68688    
  -97.78010       47.43220       27.87480    
  -96.80910       47.24940       11.40831    
  -97.49570       47.12220       40.55940    
  -103.5218       37.35380       120.6749    
  -106.4793       27.99380       17.10203    
  -105.9936       26.77790       20.55494    
  -107.4513       26.33450       43.84511    
  -103.4657       25.74290       34.40717    
  -104.8351       21.11380       60.58253    
  -88.61580       20.10990       5.081357    
  -88.77190       20.05200      0.5544862    
  -88.81790       19.91230       7.602491    
  -104.4409       19.67290       3.345066    
  -103.5037       19.42350       31.22359    
  -101.9041       19.23900       28.65446    
  -89.12250       18.76070       8.012909    
  -90.77270       18.11230      0.8526533    
  -90.70960       18.09160      0.8683463    
  -93.63910       18.04070       15.53028    
  -101.4914       18.00740       31.39875    
  -101.7267       17.93350       14.24734    
  -90.76390       17.65920       7.603641    
  -95.81600       17.11470       3.031579    
  -90.77880       16.64160       2.779020    
  -84.44190       15.73920       1.646690    
  -89.31760       15.03570       17.69191    
  -97.09760       47.26450       30.26556    
  -96.79260       47.21590       10.81166    
  -96.61520       46.52640       23.38038    
  -96.47530       46.35920       32.85155    
  -118.7476       37.69900       71.24935    
  -94.93160       29.88090       17.42431    
  -103.1676       20.48980       97.94276    
  -88.76980       20.03190      0.9860438    
  -88.68210       19.97050       21.58938    
  -89.13320       19.63670       1.153436    
  -104.9192       19.66660       38.39920    
  -104.9090       19.62570       86.03699    
  -89.14070       18.74110       30.59562    
  -89.12050       18.74080       3.369662    
  -94.58260       17.91930       4.799790    
  -100.5469       17.29090       23.00532    
  -91.98110       15.78400       18.78670    
  -98.58010       48.85310       52.89165    
  -98.56020       48.81770       36.96543    
  -98.25590       48.80030       34.27974    
  -97.12970       47.26620       40.28274    
  -96.99290       46.41750       20.22377    
  -96.30700       46.12780       61.69257    
  -96.42090       45.84880       9.255061    
  -103.5380       37.32870       73.33893    
  -105.2137       35.65440       85.11189    
  -104.2987       20.72790       45.67489    
  -104.2744       20.72720       110.7984    
  -104.2933       20.70730       51.43352    
  -104.2691       20.70650       8.147313    
  -88.96330       19.75420       4.729571    
  -89.11290       19.63640       1.930098    
  -104.8898       19.64540       44.10464    
  -101.8997       19.21870       38.98933    
  -100.5110       18.88210       25.78839    
  -101.4705       18.58560       19.79391    
  -100.6457       17.70910       31.70529    
  -100.4514       17.62530       22.82737    
  -95.70470       17.07330       2.739296    
  -94.67060       16.70210       1.799268    
  -98.97610       16.74450       6.801201    
  -94.85090       16.64660       12.97114    
  -98.22210       48.79840       36.45648    
  -97.10210       47.46180       40.39758    
  -96.29870       47.22320       20.50978    
  -96.94670       46.70420       15.43405    
  -97.00880       46.45030       25.76070    
  -106.8156       34.86520       264.6114    
  -106.7861       34.86360       162.7740    
  -106.8026       34.83970       434.1216    
  -106.7730       34.83810       239.9566    
  -104.8695       19.56380       53.96864    
  -104.8644       19.54340       57.95180    
  -90.84420       18.56810      0.8448068    
  -90.94660       18.21360       5.353763    
  -77.49730       18.09360       9.634205    
  -96.14960       17.94920       7.140960    
  -101.4875       17.98740       37.00411    
  -86.55510       14.93030       1.523256    
  -96.71240       46.08470       37.95671    
  -106.0156       32.99160       78.64497    
  -105.9872       32.99010       539.6477    
  -103.7468       31.15630       19.66124    
  -101.5374       20.60660       5.530861    
  -103.6961       20.42370       56.14990    
  -100.9146       19.85870       8.599068    
  -90.14350       18.47830       2.143130    
  -91.00310       18.35280       78.78954    
  -90.98270       18.35250       14.11749    
  -101.1509       18.11860       33.76351    
  -89.24000       17.08940      0.6878767    
  -91.94470       15.82220       8.127541    
  -97.12080       47.56170       18.61974    
  -96.26700       47.22160       25.70589    
  -97.59690       46.64150       12.03628    
  -96.58380       46.52480       31.32000    
  -96.72760       46.11720       31.33566    
  -97.11170       45.25800       23.96763    
  -104.6497       20.96420       36.59301    
  -104.8937       19.56450       37.86509    
  -99.39120       18.63520       5.637600    
  -99.95720       18.56870       14.05718    
  -91.00080       18.33300       18.47880    
  -90.98040       18.33270       2.955516    
  -89.00670       18.20540       24.92921    
  -102.2598       18.08610       14.66428    
  -100.7487       17.29550       37.71425    
  -90.83700       17.01340       1.025276    
  -98.99700       17.13850       2.963606    
  -99.98520       17.00210       1.947894    
  -83.43440       15.17380       8.320451    
  -97.66020       49.14500       21.86528    
  -113.3459       37.29220       153.6475    
  -113.3110       37.28980       149.4150    
  -90.01210       18.57530       1.289081    
  -91.22320       18.31670       3.460860    
  -102.2639       18.10620       46.50241    
  -99.07920       16.70730       25.93100    
  -97.01840       16.62720       15.38901    
  -92.73000       16.14430       13.79443    
  -97.77070       49.04760       10.74276    
  -97.36710       49.02520       18.63540    
  -95.95400       48.91520       28.05489    
  -96.88630       48.35090       46.15002    
  -113.3306       37.31720       143.2888    
  -113.2761       37.28750       160.8512    
  -113.3263       37.26480       108.6649    
  -113.2914       37.26250       293.0500    
  -113.2565       37.26020       93.06593    
  -90.98790       18.92760       1.009097    
  -101.2140       18.43930       3.119464    
  -90.72770       18.07210       1.516048    
  -89.36910       18.01320       1.665010    
  -89.10950       17.40080       3.088493    
  -100.6764       17.51150       3.983621    
  -100.7067       17.43300       12.50796    
  -100.5164       17.36930       5.277023    
  -99.89310       16.98040       4.774113    
  -91.91100       16.83360       1.744539    
  -99.88970       16.96060       31.33307    
  -99.86750       16.96010       41.20812    
  -93.80640       16.41430       56.18914    
  -98.48130       16.36180       19.38733    
  -98.45960       16.36140       18.67399    
  -98.47830       16.34220       124.9667    
  -85.29640       14.86180      0.5335622    
  -97.08840       47.56000       12.99780    
  -98.15040       47.35390       11.90160    
  -98.05210       36.88580       48.46790    
  -103.6911       20.40320       116.1717    
  -89.32140       19.12100      0.7088007    
  -100.8834       19.27290       20.36321    
  -91.05300       18.43280       5.439658    
  -101.4278       18.14530       16.37815    
  -102.2408       18.10560       101.3118    
  -101.4726       18.02680       8.429070    
  -101.4003       18.00520       37.13548    
  -101.4864       17.74880       34.92399    
  -91.18250       16.84240      0.6172582    
  -93.32620       15.99790       15.28335    
  -97.10550       47.59400       7.386301    
  -97.19890       47.46690       15.09624    
  -104.8444       24.91120       44.03814    
  -88.22400       21.01160       2.069242    
  -90.50900       19.37810       26.19612    
  -100.3872       18.35940       79.61358    
  -100.7444       18.34800       9.454256    
  -101.4477       18.24550       19.31220    
  -101.1653       17.95970       79.14281    
  -101.1426       17.95920       40.09386    
  -101.1615       17.93970       76.98606    
  -101.1161       17.93870       17.90201    
  -91.66660       17.37810       16.96215    
  -94.58720       16.70070       22.42142    
  -97.51640       16.08900       11.64413    
  -85.16610       14.93740       1.287800    
  -97.50700       48.86110       12.02688    
  -98.94780       48.80590       12.82554    
  -96.91910       48.35260       59.00464    
  -97.46040       46.99000       18.83451    
  -97.42830       46.98830       76.71834    
  -97.76270       38.99730       28.63739    
  -109.6752       37.62920       37.87362    
  -106.3690       36.12120       39.85479    
  -100.1618       26.47210       40.46637    
  -98.53170       20.87330       6.492411    
  -88.89740       19.51340       5.963281    
  -90.48620       19.35780       16.56791    
  -104.3771       19.50900       8.032454    
  -104.2473       19.46480       29.34053    
  -88.83400       19.09420       1.911931    
  -95.85610       18.26040       4.944551    
  -100.4059       18.33990       22.91408    
  -95.29150       18.17010       4.212540    
  -89.43140       18.03370       1.056662    
  -100.3482       17.42490       4.227896    
  -93.82470       16.39510       8.409421    
  -98.96810       48.84130       13.78080    
  -97.12840       47.20070       9.051480    
  -88.42820       19.46690       1.624165    
  -88.51700       19.34850       1.562899    
  -102.1459       19.60850       29.68123    
  -96.24780       19.12480       3.633121    
  -91.01680       18.65010      0.6931077    
  -90.67540       18.15030       7.666440    
  -90.78220       18.01380       3.781710    
  -101.7465       18.03350       17.42916    
  -98.62670       16.59990       24.04534    
  -98.38550       16.30120       7.524317    
  -97.45790       49.13370       6.874741    
  -97.69540       47.32910       25.62759    
  -110.8122       32.09640       35.03683    
  -107.6561       24.82620       11.16950    
  -88.54340       19.60830      0.8735774    
  -88.39180       19.50630       1.088048    
  -104.9219       19.48430       9.296277    
  -104.6546       19.27430       2.413028    
  -103.0713       19.06880       18.39257    
  -69.41050       18.59780       9.871021    
  -96.28970       18.16990       47.94927    
  -95.88380       18.16180       12.24090    
  -93.48290       18.11700       4.862430    
  -102.8130       18.19990       20.58216    
  -100.7471       17.65190       3.304610    
  -98.55840       16.57890       11.29625    
  -96.98150       47.78630       16.63092    
  -97.63280       47.39140       44.08603    
  -97.60040       47.38970       50.42833    
  -96.44550       46.23010       14.03658    
  -103.6722       20.42300       39.23750    
  -102.9817       20.40290       4.912235    
  -90.41250       19.77650       21.50179    
  -104.7294       19.57990       3.001883    
  -95.90510       18.16220       33.93868    
  -90.98190       17.80010      0.9598888    
  -100.7434       17.63200       3.361245    
  -85.32000       15.26510       10.03568    
  -99.62780       50.17290       17.99334    
  -98.69590       48.82550       11.57274    
  -97.63050       48.42500       33.89607    
  -96.46550       45.94570       31.52750    
  -102.6097       34.55290       8.044021    
  -112.9426       33.34790       36.69218    
  -112.9100       33.34600       46.30954    
  -107.7803       25.02470       16.65122    
  -103.5185       19.18180       15.85265    
  -103.6018       18.72130       6.361468    
  -95.60300       18.41420       50.88644    
  -100.9889       18.21430       16.04424    
  -101.3388       17.80480       31.57456    
  -100.3813       17.48500       1.984800    
  -99.66170       16.91630       23.02721    
  -93.29370       16.42560       10.78974    
  -97.85350       16.48650       14.49510    
  -95.96940       48.88170       19.78250    
  -96.90140       48.31790       28.95534    
  -97.08520       47.42800       15.39378    
  -97.68180       46.87210       12.32442    
  -96.49650       45.94720       30.00456    
  -115.4648       35.58750       851.8417    
  -105.0298       22.34110       3.024549    
  -102.6793       20.41460       21.89592    
  -103.3157       19.11570       22.25501    
  -96.29280       18.18980       30.39969    
  -95.90810       18.18210       6.678793    
  -101.1085       17.42250       160.7982    
  -96.77370       46.21480       8.965350    
  -106.9918       38.89400       47.49956    
  -103.4928       37.35230       131.7960    
  -115.4843       35.61400       489.2969    
  -115.4486       35.61170       708.2415    
  -115.4291       35.58510       3197.428    
  -115.4452       35.56090       191.7784    
  -115.4096       35.55850       445.2345    
  -97.22170       20.49570       7.613892    
  -103.2921       19.11510       20.40700    
  -77.15340       18.15170       9.068268    
  -93.48040       17.93910       4.729320    
  -101.2557       17.84260       2.691636    
  -100.3527       17.32610       19.33410    
  -91.45850       16.96370       1.316631    
  -99.04240       16.88350       3.460860    
  -85.59880       14.76850       1.689036    
  -96.68070       49.57840       9.359461    
  -115.4129       35.60930       266.5439    
  -115.5005       35.58980       87.86626    
  -115.3934       35.58270       338.8721    
  -103.0838       26.33630       38.98459    
  -103.2666       20.41110       25.26789    
  -104.2958       19.56740       5.866036    
  -96.25620       18.36770       20.92732    
  -95.25590       18.07040       5.527980    
  -102.3075       18.20700       50.47221    
  -101.0705       17.69920       15.63369    
  -101.1274       17.40310       78.08278    
  -101.1048       17.40260       55.83460    
  -100.3491       17.30620       16.09350    
  -94.19450       16.71360       1.463190    
  -97.58310       47.35590       43.18245    
  -115.0034       35.83530       178.3865    
  -115.0548       35.81340       81.02139    
  -115.0194       35.81100       246.3647    
  -114.9840       35.80870       572.0691    
  -114.9486       35.80630       223.0739    
  -115.0354       35.78670       224.6419    
  -115.0000       35.78440       1241.154    
  -114.9646       35.78200       566.3575    
  -115.0160       35.76010       294.6705    
  -114.9806       35.75780       858.9243    
  -114.9453       35.75540       73.44530    
  -106.6161       25.04310       4.564448    
  -103.0542       21.18240       114.8782    
  -103.3949       19.35990       38.68258    
  -101.5469       18.84790       5.879100    
  -88.75550       17.45500       2.033718    
  -99.49520       16.97180       12.23982    
  -93.61000       16.66480       3.789721    
  -99.39290       16.75320       21.70616    
  -93.17520       16.28730       14.36373    
  -96.12810       47.90840       14.08617    
  -97.61550       47.35760       32.29092    
  -99.34130       35.62200       32.10808    
  -114.9292       35.77970       462.3308    
  -107.1861       25.04400       7.602492    
  -102.9212       18.38260       2.709344    
  -102.2844       18.20640       51.48132    
  -102.5809       18.19400       26.84440    
  -99.73110       17.19380       7.123672    
  -85.43800       15.30450       3.426124    
  -85.27680       15.18790      0.6041808    
  -97.88200       49.96260       15.59214    
  -97.68760       47.55910       38.59564    
  -96.75700       46.43740       6.545880    
  -115.3968       35.63350       87.37879    
  -115.3612       35.63110       248.2638    
  -102.3034       18.18700       21.27004    
  -100.9914       17.63780       17.71380    
  -100.5550       17.21210       3.430065    
  -84.28100       15.25680       6.195347    
  -85.38570       15.07350       1.901469    
  -97.43980       47.87730       33.48108    
  -96.37260       45.94110       19.82208    
  -115.3807       35.65770       263.1460    
  -115.3417       35.60460       115.1645    
  -98.54650       22.97510       7.031341    
  -103.2481       19.63880       35.57371    
  -101.1058       19.35910       15.10818    
  -95.80700       18.49770       6.718141    
  -102.3116       18.22710       52.15609    
  -101.2214       17.66300       4.759053    
  -97.00110       16.06000       2.820863    
  -85.36640       15.07340       2.150337    
  -97.05130       48.73350       9.959761    
  -98.94030       46.87610       17.06157    
  -96.33920       46.06600       41.33300    
  -106.9156       36.91930       53.00286    
  -101.9379       20.33260       7.076565    
  -77.17250       18.15170       1.218823    
  -100.0988       18.37250       2.982049    
  -101.7341       18.31240       40.61694    
  -102.7391       18.17810       29.69087    
  -89.35150       17.83580       1.524837    
  -101.6015       17.99020       42.25913    
  -101.5787       17.98960       63.58575    
  -95.69000       17.56500       18.28387    
  -99.41310       17.26580       9.767804    
  -100.5515       17.19220       69.10882    
  -99.49850       16.99160       14.69216    
  -94.71490       16.72250       1.047290    
  -92.49310       14.86400       4.290840    
  -97.37600       46.75880       26.78121    
  -105.8540       39.28350       51.88258    
  -113.4948       32.96900       143.9718    
  -104.4042       21.22370       24.93628    
  -105.1586       20.95960       16.59711    
  -90.63740       19.60000       12.21792    
  -102.9169       18.36250       8.071541    
  -102.2803       18.18640       50.05408    
  -100.5706       18.14450       15.38901    
  -91.34940       17.07950      0.6224892    
  -91.29000       16.90260       1.299813    
  -99.27730       16.84910       35.22154    
  -94.71740       16.74210      0.7794192    
  -96.30820       46.06440       41.18580    
  -115.3928       33.79120       936.1516    
  -115.3581       33.78900       1105.726    
  -104.2201       20.13360       46.17447    
  -100.8221       17.69330       36.52982    
  -93.53220       16.70270       31.80229    
  -93.35330       16.58260       13.48789    
  -85.54330       14.80640       8.696938    
  -97.90280       49.99920       17.03808    
  -91.71520       47.73840       23.39298    
  -96.32430       46.03360       34.76520    
  -115.4630       33.84470       339.1899    
  -113.5432       32.99610       72.38914    
  -113.5104       32.99410       218.5472    
  -113.4776       32.99210       218.1626    
  -113.5276       32.97100       540.2494    
  -113.4620       32.96710       349.5964    
  -113.5119       32.94590       34.95558    
  -113.4791       32.94390       157.2493    
  -113.4464       32.94200       54.12935    
  -104.2486       22.16970       2.708708    
  -104.2252       20.15410       26.82953    
  -95.65240       17.15090       1.703847    
  -99.45460       48.93860       18.96426    
  -96.91650       48.28500       29.37503    
  -96.93720       47.25610       9.865800    
  -112.5337       48.02540       84.39838    
  -115.3235       33.78690       517.9896    
  -107.4477       25.11900       24.07092    
  -101.8680       20.33070       17.21019    
  -100.7170       18.08830       15.59150    
  -100.5554       17.94520       2.096643    
  -99.22680       16.80870       3.697458    
  -94.62890       16.70140       22.20246    
  -96.49410       47.62810       6.201360    
  -96.94630       46.63970       36.34295    
  -103.8882       20.71550       131.5128    
  -100.5931       18.14510       18.84509    
  -99.69070       17.46950       13.86012    
  -95.63320       17.01310       1.780882    
  -94.96050       16.68760       11.42967    
  -96.94930       48.28680       37.72494    
  -96.91470       46.63810       35.75961    
  -108.6891       31.18200       27.33888    
  -102.8593       20.48090       21.50179    
  -100.3938       17.30720       3.180380    
  -99.10680       17.14090       19.09324    
  -97.71770       49.01020       14.45940    
  -99.03630       48.84530       12.03732    
  -96.81980       46.44060       10.75842    
  -100.0222       20.68770       22.35574    
  -90.74080       19.26210       60.13894    
  -91.10290       18.33460       3.869649    
  -95.79190       18.39810       12.65328    
  -95.13190       18.08780       6.625308    
  -100.3777       17.46510       5.472231    
  -98.87760       17.07690       16.37815    
  -94.87690       16.68610       28.15133    
  -92.98780       15.89570       11.42967    
  -96.49690       15.77820       24.36137    
  -96.89860       46.54080       8.832241    
  -100.2435       21.80010       54.73663    
  -102.8663       20.70560       3.640792    
  -101.1899       20.49510       16.20298    
  -90.01000       18.55550      0.5675638    
  -98.93840       18.20640       12.87480    
  -101.7228       17.91350       9.732754    
  -97.38450       50.14750       8.362441    
  -105.1908       22.47150       2.719969    
  -102.8426       20.70490       57.15333    
  -103.7604       19.10780       16.72848    
  -100.9734       18.13430       11.51725    
  -93.21940       15.95740       6.083910    
  -118.4858       40.48590       31.23863    
  -99.75480       25.31410       36.28722    
  -103.5968       20.50240       2.486222    
  -103.2348       19.98300       12.08655    
  -101.7152       18.33190       57.14835    
