  -96.41610       36.84350       58.46728    
  -108.2633       30.88030       96.51883    
  -109.6423       30.50830       145.6056    
  -101.6267       27.02600       16.81081    
  -98.23700       26.77920       8.806787    
  -80.25980       22.41380       3.885246    
  -78.53820       21.95500       142.1527    
  -98.05040       22.13230       18.71409    
  -98.56020       21.67200       1.165104    
  -103.9418       18.87120       78.31062    
  -71.19270       18.33340       26.60346    
  -95.99650       18.20370       10.38289    
  -93.18470       17.89460       20.59063    
  -92.90390       16.41950       7.206479    
  -99.79650       25.29400       10.12508    
  -79.82730       22.53420       1.128303    
  -99.32880       22.80960       1.517454    
  -98.40660       21.68860       1.197990    
  -72.04290       19.02110       1.664266    
  -98.43480       18.71310       14.61867    
  -88.62250       18.37790       3.302694    
  -100.7140       18.30740       43.98616    
  -97.15040       18.18750       1.207386    
  -88.49090       15.27660       57.83085    
  -117.0433       37.46990       20.66741    
  -99.05330       22.80190       21.04122    
  -99.31660       22.14570       36.85083    
  -104.0336       19.76240       895.0571    
  -92.87900       16.38010       55.27626    
  -92.55520       15.07680       1.686582    
  -108.2521       30.85650       44.68464    
  -99.68510       25.22620       9.642615    
  -78.65670       21.95550      0.8926200    
  -99.24350       22.12300       1.508058    
  -77.55450       21.15970       1.942623    
  -102.1575       20.27770       50.15893    
  -88.62440       18.39760       1.653696    
  -98.21340       26.77850       13.17960    
  -104.0320       20.90410       67.05214    
  -96.40690       18.50990       30.70903    
  -95.71860       18.47610       38.88651    
  -93.11510       17.83420       19.85631    
  -102.2042       17.92530       11.33778    
  -120.6413       40.68690       156.0741    
  -107.2848       30.80890       66.13328    
  -99.70870       25.22700       8.704857    
  -95.59110       18.33450       1.240272    
  -83.97770       14.94750       32.43089    
  -107.2855       30.06900       472.5401    
  -99.05670       21.99410       4.589946    
  -103.7628       20.69120       54.55368    
  -96.75140       18.51700       5.925736    
  -96.42210       18.47040       32.39501    
  -96.41890       18.45050       31.67245    
  -119.9719       37.86980       730.3162    
  -107.2752       30.04550       125.0380    
  -95.83450       18.39890       9.472366    
  -79.20520       21.81540       12.57622    
  -103.5370       19.36390       31.43159    
  -96.33080       19.10660       11.82393    
  -98.43840       18.73310       28.43117    
  -96.40060       18.47000       26.76726    
  -98.76130       21.98610       1.390608    
  -70.34600       18.92870       142.4607    
  -99.19780       22.12180       1.094634    
  -103.9123       20.71620       47.61877    
  -69.50570       18.63670       13.49003    
  -94.52780       17.97760       87.15747    
  -99.24370       22.32980       72.25655    
  -98.54190       21.69210       1.752354    
  -99.25270       22.26800       36.97126    
  -103.2387       19.69930       36.00784    
  -103.2339       19.67890       49.67291    
  -113.0168       51.96190       12.17480    
  -96.15870       18.56450       1.454814    
  -94.04100       18.08740       7.017382    
  -88.88720       18.00670       37.11816    
  -98.39050       21.93500       3.988602    
  -88.50870       18.65320       23.22524    
  -113.0642       52.00340       14.72321    
  -72.19800       18.98100       1.200339    
  -95.92340       18.14270       48.17102    
  -80.24360       22.49570       1.179198    
  -99.32210       22.47710       1.409400    
  -99.29910       22.47640       1.230876    
  -104.5082       19.65450       10.82501    
  -96.63260       18.71370       36.00784    
  -96.39480       18.56930       34.08100    
  -107.3932       30.18920       14.43334    
  -98.75690       21.96540       1.165104    
  -96.50880       18.61150       5.947765    
  -92.40700       16.35350       35.28527    
  -104.5875       21.45610       73.24245    
  -101.6335       27.04820       45.85780    
  -96.30920       19.10620       7.583621    
  -87.97140       15.40580      0.9020160    
  -107.2659       44.60760       773.8102    
  -99.04860       22.78090       62.98898    
  -98.86080       22.75490       18.38083    
  -92.30430       16.15740       2.038932    
  -99.26220       22.41320       38.71746    
  -93.51940       17.92010       5.226394    
  -108.2158       30.59900       41.34909    
  -93.51690       17.90030       7.765534    
  -104.3166       19.75040       254.9698    
  -99.24810       22.24720       1.714770    
  -87.91340       15.15500       44.84583    
  -107.4002       24.32380       64.98562    
  -104.2735       19.76940       130.0765    
  -107.3443       24.53530       2.215890    
  -87.89010       15.36650       8.138242    
  -87.87050       15.36620       36.48474    
  -92.34920       16.19700       1.310742    
  -104.2304       19.78840       95.51386    
  -92.38990       16.19760       48.53230    
  -87.86470       15.28920       41.99306    
  -99.08090       22.82340       4.828436    
  -107.2889       44.63960       331.8077    
  -98.65070       19.05800       83.17249    
  -98.64710       19.03790       357.5343    
  -92.43490       16.23710       2.511081    
  -87.84660       15.30820       45.35257    
  -111.6147       42.71600       17.64415    
  -92.30640       16.17690      0.9020160    
  -87.89380       15.15480       24.38650    
  -103.9068       31.81970       46.69545    
  -98.85710       22.94210       19.10639    
  -98.59420       18.49730       42.29132    
  -104.2494       19.76870       36.27796    
  -70.36530       18.92860       17.32175    
  -88.65690       18.31910       1.576962    
  -99.45060       18.71650       31.13052    
  -80.52810       26.51160       2.341170    
  -80.47230       26.98700       17.17142    
  -80.47350       27.00870       6.022836    
  -80.45150       26.98680       78.06716    
  -80.85040       26.70850       106.4701    
  -80.60650       26.79300       3.083454    
  -80.55750       26.66290       3.239271    
  -80.75710       26.53500       2.029536    
  -78.31040       21.56740       2.318463    
  -80.49650       26.68400       2.251908    
  -80.88800       26.64400       4.564890    
  -87.95540       15.19390       17.72121    
  -83.14140       30.23540       5.256062    
  -80.88930       26.66560       5.858406    
  -80.51360       26.61930       2.558844    
  -76.13840       20.47190       2.312003    
  -90.42230       14.99110       45.64205    
  -81.03480       27.97490       38.25458    
  -80.94490       26.55810       6.469146    
  -80.92420       26.55790       57.48875    
  -82.46390       30.18140       51.55490    
  -81.08560       26.81860       6.426864    
  -90.51600       19.43810       43.32563    
  -81.11060       27.20960       2.123496    
  -80.53800       26.68430       9.411988    
  -80.59150       26.53360       4.580550    
  -80.59020       26.51210       5.501358    
  -80.56950       26.51190       5.097330    
  -72.24840       19.35750       1.526850    
  -69.57090       18.95250       11.01775    
  -92.47780       16.25720       6.802704    
  -92.45740       16.25690       160.2891    
  -96.29750       18.76650       6.543931    
  -90.51370       19.41810       2.516249    
  -71.26700       18.43150       2.532222    
  -81.01380       27.97470       23.19629    
  -80.41970       26.79150       11.82944    
  -99.05400       22.90600       25.30627    
  -84.66240       31.12870       6.034721    
  -100.7231       20.13720       11.65064    
  -97.91890       31.19960       18.82380    
  -81.46940       26.64910       16.67577    
  -80.73300       22.72500       4.241641    
  -99.24650       18.81170       40.60717    
  -93.86040       16.68850       45.52161    
  -85.18460       29.99240       50.93781    
  -81.21370       28.13070       6.498484    
  -81.73460       27.17190       54.60271    
  -81.46820       30.17030       102.7449    
  -82.00600       29.88120       51.39824    
  -80.52210       27.83860       45.79596    
  -81.72640       26.75960       46.60547    
  -84.60640       30.27900       641.0596    
  -82.37890       29.95340       14.95753    
  -82.47890       31.30600       5.698106    
  -98.76560       30.12360       6.234139    
  -80.77730       27.55580       21.39056    
  -81.04130       26.77500       5.844312    
  -96.61860       18.89290       40.46366    
  -107.3517       30.09510       32.11271    
  -81.42550       27.23430       9.448503    
  -81.27290       22.72890       2.024251    
  -80.83820       22.82870       3.813210    
  -82.47680       31.28280       5.598058    
  -84.44240       30.75680       29.82550    
  -78.38600       34.08720       64.42874    
  -81.98440       29.88090       180.2302    
  -81.60350       27.38850       15.57357    
  -78.61660       21.93490       2.447658    
  -107.5898       30.19860       10.02995    
  -81.26360       27.62580       13.11626    
  -81.62440       27.38870       27.33035    
  -81.29300       22.72910       2.146986    
  -104.4931       19.59330       84.40662    
  -93.54010       18.07850      0.9959762    
  -65.91600       45.43900       34.82777    
  -81.78110       27.23770       3.025512    
  -81.75550       27.17210       21.58084    
  -81.83820       26.86890       40.42559    
  -99.09730       22.18100       2.062422    
  -78.17670       20.95980       58.40737    
  -103.4848       19.44320       44.91948    
  -98.37070       19.09160       16.87597    
  -92.10420       18.48930       40.40137    
  -87.89240       15.13550       1.616112    
  -81.83670       26.84720       37.38109    
  -78.17620       20.93960       43.90130    
  -85.30810       30.10800       177.0186    
  -103.3097       19.70130       62.14062    
  -92.91060       16.47810       12.90439    
  -106.3762       38.51060       72.68964    
  -82.27810       31.51220       1.475172    
  -82.05390       29.67830       11.75077    
  -103.3758       19.58170       59.13616    
  -97.77970       19.21840       38.50328    
  -76.09360       35.77880       60.09285    
  -98.47180       18.67400       66.21399    
  -91.31100       17.47090       1.489266    
  -81.29400       32.93470       5.419075    
  -81.12050       27.36220       18.93763    
  -81.51510       27.32230       32.15416    
  -80.79600       26.49220       3.716118    
  -80.77530       26.49200       6.144984    
  -81.11400       22.74830       17.03720    
  -98.92080       18.72420       52.86415    
  -93.57920       18.05940       1.907388    
  -90.47120       16.57900       14.41141    
  -82.42200       33.25840       36.12827    
  -81.96290       29.88070       396.5649    
  -81.94130       29.88040       163.8718    
  -80.95320       27.68870       29.51610    
  -81.73610       27.19370       32.70720    
  -93.68350       17.74540       1.224612    
  -81.31110       32.60280       28.84628    
  -82.40050       29.95360       9.817483    
  -81.14140       27.36240       5.827085    
  -80.73060       25.35780       21.98543    
  -102.2136       20.21830       31.47883    
  -118.0281       42.43080       19.08137    
  -85.46460       31.67570       10.86018    
  -82.16390       27.59090       12.62689    
  -98.33380       26.15220       3.636252    
  -80.71010       25.35760       257.3172    
  -93.58180       18.07920       1.132218    
  -80.49170       33.86170       5.132700    
  -80.88890       27.99560       15.78085    
  -80.97420       27.68890       293.2982    
  -81.75710       27.19390       28.54927    
  -77.92320       21.83040       107.9974    
  -98.71500       21.55290       1.466630    
  -98.83590       18.74220       9.306245    
  -81.80200       27.23790       16.16544    
  -80.69080       25.37870       6.467132    
  -80.68960       25.35750       51.60736    
  -117.9122       41.25140       76.29903    
  -104.4579       35.01490       8.959682    
  -103.1072       30.98850       73.45039    
  -81.69740       29.51670       21.44473    
  -81.61720       31.22650       62.65941    
  -84.58710       30.30150       357.1645    
  -84.58450       30.27860       393.1229    
  -82.07940       28.40450       63.28469    
  -82.16220       27.56900       2.377188    
  -81.81630       27.43430       9.040603    
  -101.1464       20.08760       15.56477    
  -79.36420       33.46630       104.9044    
  -84.19560       30.31840       30.89144    
  -82.64980       28.12350       12.27981    
  -80.95180       27.66680       34.53402    
  -100.7396       20.32030       19.07952    
  -84.00500       30.77320       43.53457    
  -83.89270       30.74860       216.2859    
  -83.89020       30.72560       31.41852    
  -84.19820       30.34120       25.34490    
  -82.99380       29.82500       21.28307    
  -99.62940       28.95270       133.8008    
  -81.08130       28.04130       46.67019    
  -80.45320       22.29210       3.183678    
  -88.30200       15.62160       53.14357    
  -106.1768       29.94830       63.22877    
  -76.82020       20.49310       1.089936    
  -96.91120       18.44080       47.84653    
  -117.2002       41.98990       16.78794    
  -75.86300       35.75330       230.0355    
  -82.13070       30.33690       8.164626    
  -81.96100       29.85800       74.09150    
  -98.93340       28.97280       20.54917    
  -82.89570       22.70170       1.482219    
  -99.17610       18.67020       75.98978    
  -99.15390       18.66960       136.5649    
  -90.57030       18.48470       13.16755    
  -93.75310       15.96570       28.47681    
  -86.68920       30.86430       171.7231    
  -82.56160       28.58720       2.908584    
  -99.65400       28.95360       18.51599    
  -103.5830       20.54280       24.61619    
  -102.2184       20.34040       37.09169    
  -93.73260       15.96540       39.93263    
  -80.90350       33.64870       30.79661    
  -99.35280       22.91440       71.53398    
  -72.21100       19.29800       15.62593    
  -83.80730       30.77030       6.212111    
  -82.99590       29.84760       42.31022    
  -99.63630       28.97550       12.03660    
  -107.5362       29.00800       85.97007    
  -80.90290       27.88580       26.09857    
  -80.81300       22.72550       2.006046    
  -103.6070       20.54350       52.86770    
  -88.38220       15.64180       46.79942    
  -84.22960       15.37170       13.46853    
  -84.07430       14.96740       12.27752    
  -86.91560       31.19170       65.72334    
  -85.89780       30.75790       36.36913    
  -81.98260       29.85830       37.68367    
  -81.23070       22.68750       3.147660    
  -101.0077       21.71880       3.865279    
  -99.85770       19.67000       20.21280    
  -88.61070       15.54780       42.14326    
  -109.0929       33.83260       310.7895    
  -83.78540       30.77000       24.87047    
  -82.72210       30.16180       3.767796    
  -85.31090       30.13080       30.37485    
  -82.42210       29.95390       10.72250    
  -80.88190       27.88560       28.27549    
  -82.13220       27.17590       7.379635    
  -78.19810       21.79060       3.236333    
  -75.76660       20.13090       94.18891    
  -102.0080       20.43630       21.73030    
  -82.28100       32.26030       1.456380    
  -81.09590       32.12930       31.06167    
  -83.30290       30.76330       60.93635    
  -99.60480       28.95180       42.14676    
  -82.33270       23.00570       3.266049    
  -75.74720       20.13090       118.5007    
  -96.45690       18.69010       9.418367    
  -88.11890       32.22020       40.56688    
  -81.89780       30.40270       33.69771    
  -107.0750       28.22120       200.9132    
  -99.14300       22.28570       1.648998    
  -101.1850       20.57650       4.140332    
  -83.69740       15.07970       13.90655    
  -78.29480       34.06230       35.80066    
  -78.27220       34.06220       28.30048    
  -84.37660       31.89110       50.93379    
  -84.07860       30.84320       23.58706    
  -82.95880       30.14200       7.049203    
  -82.96970       30.02860       3.105378    
  -97.65280       27.41770       8.928474    
  -101.4452       20.29870       10.91675    
  -77.84180       18.07480       15.99736    
  -84.15930       14.75730       15.77175    
  -82.39710       33.23420       2.043630    
  -82.55380       31.86510       5.176759    
  -82.65320       29.64010       6.520513    
  -89.48260       19.30260       3.236922    
  -89.46230       19.30230       98.43279    
  -89.46010       19.28230       47.99206    
  -93.31140       18.07450       1.280205    
  -102.9674       18.16390       27.34552    
  -98.96440       28.99640       36.64907    
  -98.95770       28.97370       5.729211    
  -107.4859       28.30680       150.5284    
  -81.59330       27.54140       44.47409    
  -97.62930       27.41700       31.12955    
  -97.64710       27.39550       62.07561    
  -80.67030       25.37860       241.6101    
  -80.66920       25.35730       283.3761    
  -96.23600       19.18460       38.77768    
  -72.00810       18.84320       3.064662    
  -92.95370       16.67390       81.42507    
  -82.22260       31.62780       5.529219    
  -106.9971       28.62200       117.0738    
  -81.85340       27.36920       12.22694    
  -81.61980       27.32330       5.220816    
  -88.08130       21.00950       58.78402    
  -78.22720       34.06190       28.66176    
  -84.28950       30.57110       47.93018    
  -84.72270       29.96250       44.12624    
  -84.70090       29.96210       81.38303    
  -106.9394       28.28240       34.58499    
  -80.73260       26.47010       5.144310    
  -80.71190       26.46990       46.10619    
  -80.71070       26.44840       4.557060    
  -119.9451       37.84140       813.6182    
  -85.31010       31.85980       49.51847    
  -84.29440       31.19230       7.467751    
  -85.33290       30.13120       74.27940    
  -81.47560       27.95700       104.1536    
  -106.9497       28.43990       21.71117    
  -90.49110       18.50330       12.49574    
  -93.60260       18.07960       10.67293    
  -81.06020       28.04110       14.84004    
  -106.9792       28.64370       209.3633    
  -81.81740       26.86870       109.5891    
  -91.63970       18.38270       26.85534    
  -95.62180       18.25580       1.221480    
  -84.03210       14.89040       9.785318    
  -84.39220       32.57350       48.96886    
  -80.89180       28.03960       15.01480    
  -106.9698       28.62080       36.72552    
  -80.84240       22.91110       2.115666    
  -95.53380       18.23420       4.604011    
  -88.32630       15.67980       42.86113    
  -82.63080       31.51660       6.845438    
  -84.55450       31.15010       22.22702    
  -107.3341       30.11730       42.04080    
  -78.59620       21.91440       3.909519    
  -101.5385       21.01510       8.256362    
  -102.4866       20.49060       46.69545    
  -96.79980       19.07660       98.23514    
  -99.27980       18.75250       69.15553    
  -99.25760       18.75200       29.83392    
  -81.32290       32.74500       5.375017    
  -81.71450       31.34330       34.82364    
  -81.85230       31.15980       33.25432    
  -102.0684       21.48190       67.87597    
  -93.80940       16.60950       40.46366    
  -84.09020       31.14300       3.582225    
  -106.8455       28.84070       28.62206    
  -81.23330       28.10880       5.815593    
  -80.97190       26.32140       8.337885    
  -82.47100       30.98250       60.80791    
  -82.44910       30.98230       45.65260    
  -107.0245       28.62320       54.27794    
  -82.16050       27.54710       21.27635    
  -104.8367       21.56730       39.86152    
  -100.8748       21.24230       34.89125    
  -101.5994       20.05930       73.50624    
  -93.63430       17.68540       8.723388    
  -105.9164       31.30290       58.31346    
  -85.40240       30.33730       5.352988    
  -102.1612       23.06160       29.93871    
  -102.5521       32.25510       11.90547    
  -84.37370       30.73280       12.95257    
  -84.35170       30.73250       30.34775    
  -81.60420       27.69470       25.33307    
  -81.60260       27.67280       25.83974    
  -78.59680       21.93480       3.842964    
  -78.57650       21.91440       5.952366    
  -98.82190       21.74060       1.559736    
  -102.6356       19.82420       103.6881    
  -82.79990       31.21750       6.013851    
  -80.25470       22.74240       1.827522    
  -93.48030       18.09720       3.542292    
  -84.09350       14.96750       162.1728    
  -83.26970       30.21430       16.28477    
  -77.94290       21.83040       55.41122    
  -77.92270       21.81000       5.017464    
  -78.56630       21.56850       1.069578    
  -100.9254       21.05930       83.22515    
  -72.14140       18.92190       1.508058    
  -94.37350       18.07360       1.367118    
  -107.0282       38.12530       56.31860    
  -107.0728       28.80590       231.1686    
  -80.25380       22.72180       1.805598    
  -102.3168       19.95720       44.74050    
  -98.96880       18.74530       36.48955    
  -93.20260       16.69730       24.13989    
  -84.19720       15.12170       47.81244    
  -107.0824       28.82890       166.8971    
  -107.0075       28.71260       55.78396    
  -106.8762       28.32440       54.96211    
  -107.1574       28.29210       16.29103    
  -92.16520       18.64900       30.06613    
  -93.46480       17.97840       1.804032    
  -83.30880       30.16930       1.727057    
  -99.62260       28.93000       38.20861    
  -78.08680       21.28280       1.990386    
  -76.94010       20.69430       130.2143    
  -89.14540       19.93720       45.28018    
  -69.36790       18.69670       16.75585    
  -95.65770       18.49470       1.249668    
  -84.02060       31.69890       8.216727    
  -96.77620       31.11250       30.24275    
  -107.1301       28.29090       58.76030    
  -75.74790       20.25100       28.90261    
  -71.23060       18.35290       10.21157    
  -88.73330       18.28060       44.61331    
  -89.64190       15.36690       29.39049    
  -84.17800       15.12160       113.1844    
  -86.69250       30.88740       39.95230    
  -97.67640       27.41850       6.801137    
  -77.66520       20.83710       1.896650    
  -98.82100       18.78180       16.26809    
  -95.84980       18.35950       4.780241    
  -84.14010       14.75710       19.45573    
  -106.8633       28.81900       28.27549    
  -106.8360       28.81770       41.34297    
  -107.0170       28.73560       209.3332    
  -80.50870       26.53300       4.937598    
  -80.50740       26.51140       4.951692    
  -92.48230       17.88280       1.082889    
  -90.82300       16.68130       31.92415    
  -82.12000       32.92060       1.566092    
  -81.54430       32.20460       9.417295    
  -85.28900       30.13040       306.6594    
  -107.0907       28.78410       100.8002    
  -78.02350       21.10060       2.240946    
  -103.7713       20.63020       1.634904    
  -103.2690       20.61530       3.488155    
  -90.68920       18.09130       16.27317    
  -93.39490       16.75910       2.489940    
  -84.27410       14.75810       30.90171    
  -82.09760       32.92030       7.024727    
  -82.10400       32.02340       8.943676    
  -107.1003       28.80710       62.09396    
  -107.1182       28.78530       43.72814    
  -106.9116       28.14680       16.98161    
  -76.94040       20.71440       4.470731    
  -89.12500       19.93690       43.99073    
  -88.78970       18.24190       49.65979    
  -92.94040       16.38110       116.6241    
  -109.0628       43.91850       115.0231    
  -113.3208       31.59670       121.7497    
  -84.67910       29.96180       75.15998    
  -81.97620       29.25010       39.84185    
  -92.94270       16.40060       35.85263    
  -79.70030       33.46900       19.59905    
  -84.38810       32.17260       50.76747    
  -97.87670       26.18140       13.06514    
  -104.0087       20.71910       82.35246    
  -72.53840       19.35670       3.161754    
  -93.54540       17.96000       1.071144    
  -97.88750       26.22500       4.909410    
  -97.88210       26.20320       83.65421    
  -97.85870       26.20250       105.6509    
  -97.85340       26.18060       52.20816    
  -82.09340       22.71500       2.488374    
  -102.1247       20.23610       43.10359    
  -96.99290       16.00130       67.84896    
  -88.07140       15.17590       8.531575    
  -80.52940       26.53310       3.232224    
  -77.98240       21.01960       9.413272    
  -96.48400       18.59110       8.446660    
  -92.96310       16.40090       26.48152    
  -92.96090       16.38140       93.09051    
  -107.0439       38.15260       103.4588    
  -82.82190       31.21770       48.11558    
  -82.11720       31.18590       57.20309    
  -107.4514       28.93620       39.91247    
  -107.0633       28.78280       55.87791    
  -98.13720       22.01080       9.051419    
  -101.8960       21.25080       44.90807    
  -76.92090       20.71440       3.763098    
  -98.22050       18.98810       2.747046    
  -93.16400       17.89420       134.6189    
  -83.20000       33.77400       80.60448    
  -82.67900       31.10040       34.71118    
  -76.94660       21.11770       3.255714    
  -101.5337       20.99450       9.112577    
  -78.19230       18.33130       38.43567    
  -101.7148       33.80170       8.317521    
  -104.1291       24.37270       58.87202    
  -80.97390       22.35710       1.695978    
  -78.63200       21.79240       1.197990    
  -78.24380       21.28340       2.217456    
  -102.2573       21.48750       18.27102    
  -98.06010       22.07060       21.06809    
  -104.0575       19.76310       57.59251    
  -88.41060       19.08830       33.46018    
  -89.66170       15.36710       25.99570    
  -78.12650       21.30320       51.97628    
  -105.1142       20.24190       66.71687    
  -90.60310       16.89280       15.72154    
  -97.80170       25.10450       14.28045    
  -99.39790       22.81160       22.04754    
  -98.83210       19.32300       16.82222    
  -92.53690       15.09580       6.212111    
  -81.89400       22.73390       1.313091    
  -91.83870       17.81330       2.596889    
  -112.2042       31.08690       104.5732    
  -99.02100       21.82830       7.412678    
  -78.32020       21.20270       2.461752    
  -78.21150       18.33130       4.714155    
  -120.1341       38.04070       124.1624    
  -85.31320       31.88330       37.18494    
  -80.78470       27.33750       6.652686    
  -98.99820       21.82760       1.653696    
  -98.01830       19.08360       2.522826    
  -97.99640       19.08310       17.39952    
  -103.7233       20.62870       1.451682    
  -69.09680       18.69820       24.97804    
  -88.53940       30.69510       35.78798    
  -106.8097       28.88430       24.04283    
  -107.0550       28.82760       55.73554    
  -68.83400       18.50250       46.76227    
  -94.91780       18.06400       1.132218    
  -78.36680       34.15990       26.44331    
  -84.36570       32.17230       88.15297    
  -103.7199       20.71040       29.98978    
  -69.02350       18.60000       70.13142    
  -95.79210       18.25910       1.395306    
  -95.78910       18.23920       1.038258    
  -107.1098       28.83010       54.30769    
  -107.0570       28.24280       18.75859    
  -103.9000       20.57270       145.0964    
  -103.7971       20.44710       68.90716    
  -68.83320       18.52230       4.716792    
  -68.81470       18.50270       5.293863    
  -88.74580       18.20190       1.705374    
  -89.52300       15.36550       15.99736    
  -119.1496       35.81560       4.067685    
  -103.3906       20.43520       10.29497    
  -107.0743       28.08680       12.73620    
  -99.04720       22.15900       1.747656    
  -98.10310       21.84520       2.372490    
  -88.96720       18.81800       33.42851    
  -69.00410       18.60010       77.12424    
  -81.50970       22.66900       33.89077    
  -98.48180       21.83450       3.511285    
  -92.44570       16.33460       36.97126    
  -92.42530       16.33430       29.76024    
  -83.96030       31.16420       1.587924    
  -107.0065       28.64500       19.69295    
  -107.0019       28.10600       14.95319    
  -88.81240       16.98630       50.79993    
  -108.4885       30.82170       24.70793    
  -107.0111       28.12880       13.00972    
  -88.94700       18.81770       20.68623    
  -69.46470       18.69610       1.334232    
  -94.21530       16.38200       8.500996    
  -80.94990       26.29970       6.608628    
  -77.83300       21.34270      0.9114119    
  -102.8301       20.84770       48.73921    
  -92.75980       15.29200       1.308393    
  -98.30370       22.05640       1.634904    
  -103.8915       20.63380       2.837592    
  -97.51440       19.07230       18.54207    
  -104.8819       21.46550       7.312280    
  -88.48880       16.69000       10.21157    
  -92.95600       16.69340       46.06848    
  -107.2741       30.78510       45.82207    
  -84.76270       31.40810       4.559954    
  -96.37200       19.22750       1.529199    
  -88.48100       18.57370       1.099332    
  -96.29290       18.32870       4.163435    
  -88.86910       18.02610       54.34707    
  -88.79250       16.98610       53.19425    
  -84.09440       14.98670       66.68991    
  -99.04450       22.86410       9.204315    
  -98.01930       22.09020       20.15442    
  -96.68160       19.01410       19.56322    
  -98.40230       21.66790       1.174500    
  -103.7477       20.34370       83.48251    
  -96.64820       19.07340       31.79288    
  -96.44670       18.49080       13.86624    
  -96.01780       18.20410       26.49407    
  -101.8868       20.20920       19.35658    
  -98.96230       22.90340       1.371816    
  -99.25280       21.95820       20.26191    
  -102.6543       20.00720       26.02283    
  -98.54220       18.57580       9.204693    
  -88.56420       18.39680      0.9114119    
  -95.24340       18.12950       1.869804    
  -82.28820       31.86180       5.683420    
  -107.9441       30.49300       15.94701    
  -99.69070       25.24780       1.366179    
  -103.6432       20.40180       19.50948    
  -83.39920       31.89990       13.10711    
  -78.06680       24.96080       35.89355    
  -98.87090       21.86540       1.219131    
  -103.6497       20.52440       11.46717    
  -88.69700       18.31960       1.080540    
  -103.7099       20.38340       27.54189    
  -98.94760       22.73650       6.057909    
  -99.17510       22.01790       8.304843    
  -96.32960       18.96670       38.29596    
  -88.69890       18.33940       1.390608    
  -88.51610       18.10030       1.714770    
  -78.18130       21.14150       1.569132    
  -103.8967       20.65440       117.1971    
  -96.68440       18.63510       36.00784    
  -96.49920       18.55160       30.46817    
  -96.44040       18.45090       14.83365    
  -92.50760       14.80640       21.49805    
