  -109.7222       40.87300       13.27270    
  -116.1204       40.91500       49.44762    
  -110.8830       39.95550       60.50706    
  -109.7623       33.65040       2.536135    
  -116.1397       33.56940       155.0974    
  -93.18470       17.89460       3.824328    
  -93.11510       17.83420       3.696769    
  -107.8237       39.40280       7.343726    
  -109.7316       33.64870       2.505303    
  -119.0568       49.73010       92.39579    
  -116.1577       33.59500       166.3641    
  -118.5334       50.34340       5.087487    
  -116.0807       40.91190       6.735561    
  -110.8483       39.95320       38.52587    
  -97.48990       20.52240       3.394758    
  -97.46790       20.52180       3.193091    
  -99.20640       24.14800       1.908137    
  -118.6367       50.21270       5.425408    
  -97.54910       38.16440       5.590235    
  -98.96700       22.92430      0.4196880    
  -81.41070       28.53070      0.5902526    
  -97.48620       20.50200       8.981542    
  -98.64710       19.03790       2.596622    
  -97.46410       20.50150       9.762068    
  -70.34600       18.92870       2.619475    
  -99.18740       25.74730       11.37935    
  -99.18180       25.72560       2.446330    
  -109.6423       30.50830       98.38097    
  -101.9414       32.15720       66.69216    
  -101.9423       32.22830       2.617573    
  -81.71100       28.57800       1.578891    
  -80.60900       26.83630      0.4622833    
  -80.53800       26.68430      0.4265784    
  -81.17160       26.86270       5.545373    
  -81.17020       26.84100       1.555143    
  -80.85940       26.51420       1.667512    
  -80.58820       26.83610       1.424434    
  -80.45870       26.74860       13.92581    
  -80.88010       26.51440      0.8481805    
  -71.02230       19.60030      0.2543184    
  -80.97900       26.77440      0.4196880    
  -80.61590       26.59860       3.331086    
  -78.04840       35.16380       2.328195    
  -80.92160       26.51480      0.9646561    
  -122.8915       43.87720       9.166989    
  -81.14940       26.84090      0.9245665    
  -109.7167       32.96960       20.38229    
  -82.59550       28.23330       58.19743    
  -80.43680       26.72680       26.55986    
  -80.41600       26.72660       6.726115    
  -95.99680       33.71450       77.84821    
  -95.97180       33.71360       81.33504    
  -95.98950       33.69000       123.6529    
  -95.96450       33.68910       2.135666    
  -81.22010       26.64680       5.562620    
  -80.67700       34.79020       3.853505    
  -81.99940       28.73660       2.062731    
  -67.57460       45.21960      0.5662584    
  -80.92680       26.60110       49.94681    
  -70.90640       19.58090      0.5311873    
  -80.58950       26.85780       1.464523    
  -80.56870       26.85760       1.404389    
  -97.90990       27.05290       12.55129    
  -82.59360       28.21120       9.021302    
  -97.88630       27.05210       6.128872    
  -98.15310       23.65420      0.4524000    
  -119.5208       36.58470       1.049011    
  -82.57430       28.23300       25.87388    
  -80.65410       34.78990       8.723390    
  -82.57240       28.21090       8.119802    
  -101.0993       40.19040       2.161756    
  -119.5122       36.53250       42.02471    
  -85.42430       39.01540       24.44315    
  -90.54040       29.69250      0.3814776    
  -70.11180       18.98920       5.052672    
  -116.2483       46.96950       21.51569    
  -113.3042       46.14700       3.561345    
  -77.69970       35.01360       22.56973    
  -80.67900       34.81480       60.36891    
  -84.57650       40.21820      0.4409856    
  -80.52570       26.46850       1.416082    
  -80.50500       26.46830       1.666851    
  -80.52450       26.44690       1.446358    
  -80.50380       26.44670       8.207436    
  -119.2154       36.27980       7.862232    
  -81.76490       27.30290       4.223280    
  -97.90420       27.03080       10.09643    
  -98.22020       23.44640       15.40049    
  -115.8522       44.56100       14.69879    
  -97.93340       27.05360       9.603640    
  -76.49610       36.28320      0.7679664    
  -80.50390       26.81380      0.9377210    
  -69.93870       19.48610      0.4264532    
  -81.76330       27.28110       4.803529    
  -80.56120       26.72770      0.9746785    
  -80.56000       26.70610      0.9183024    
  -111.2153       34.59420       16.65189    
  -70.15100       19.52480       19.80334    
  -81.78580       27.30310       3.900559    
  -81.78420       27.28130       3.677334    
  -115.9163       46.39720       19.68401    
  -97.92780       27.03160       4.314406    
  -116.2094       46.93390       23.65483    
  -112.2204       35.30350       65.01615    
  -70.64730       43.38820       1.152627    
  -109.3835       33.82440       5.051715    
  -110.9789       34.45650       4.671535    
  -113.3458       46.15040       6.345716    
  -115.9535       46.43210       19.32606    
  -120.6061       37.18340       1.172621    
  -80.92970       22.66470      0.5503969    
  -115.9089       46.42830       223.9378    
  -115.8718       46.39330       20.04386    
  -105.5013       40.77050       48.12918    
  -97.80090       29.29420       3.334882    
  -81.04270       26.79660      0.8819713    
  -97.88070       27.03010       6.598250    
  -104.5613       24.40950       3.539024    
  -109.8787       33.26840       21.34200    
  -70.36610       19.48390       9.201408    
  -92.48470       17.90260      0.3440189    
  -116.3482       46.30750       3.962607    
  -111.1330       43.77000       3.177518    
  -80.58650       26.44740       1.081167    
  -80.56580       26.44720       59.05611    
  -80.56460       26.42570       1.638663    
  -120.5629       40.96000       63.71302    
  -96.19090       38.82230       4.745880    
  -90.45590       29.60000       8.926576    
  -111.6542       43.92840       2.509358    
  -90.80200       29.76680      0.3633120    
  -91.05520       29.90920       3.022509    
  -80.61090       26.51220       3.075624    
  -80.59020       26.51210       1.865419    
  -96.16380       38.82110       3.852969    
  -97.87500       27.00800       6.154557    
  -85.41970       38.98860       16.92546    
  -110.0641       34.08320       10.21133    
  -115.4822       43.06970       12.41920    
  -121.4527       37.85130       1.454949    
  -109.3697       33.79920       7.329308    
  -80.45020       26.96510      0.9145441    
  -80.55500       26.61970      0.6533352    
  -94.88530       30.45050       2.249871    
  -98.05990       26.07890       25.63642    
  -98.03650       26.07810       11.50862    
  -115.9216       43.96400       58.93983    
  -117.0892       43.76150       2.013876    
  -109.4002       33.80090       6.543616    
  -98.03680       27.45200      0.3795984    
  -122.1263       39.21450       57.96124    
  -97.58300       37.33000       1.529669    
  -122.2613       38.04660       24.43209    
  -122.2165       38.04310       54.93582    
  -105.5332       40.77240       49.39095    
  -90.89700       29.79180      0.3583008    
  -98.63850       22.04470       2.951905    
  -96.53030       38.06840       2.848615    
  -118.5159       40.15650       10.25828    
  -113.4290       46.15720       1.589803    
  -109.8257       40.88000       7.336951    
  -111.1988       34.61800       126.5272    
  -101.6258       36.43510       11.39888    
  -95.36410       33.40230      0.6320376    
  -96.20590       38.71630       5.202528    
  -101.6537       36.43640       23.52146    
  -98.12580       27.43290       2.488008    
  -114.8042       43.63550       4.090298    
  -114.7635       43.63230       53.50268    
  -97.62930       37.38380       2.047075    
  -94.06610       30.05970      0.9064593    
  -105.9312       38.03510       3.469711    
  -99.44570       32.62240       10.30720    
  -80.73770       26.55640       1.133747    
  -101.7799       31.37450       4.514512    
  -101.6650       36.46250       32.93575    
  -124.7940       53.26480       12.05471    
  -125.2673       53.24080       46.43343    
  -109.4140       33.82610       7.386843    
  -108.1744       25.23480      0.6000913    
  -110.0952       34.08500       4.052654    
  -99.27120       22.35130       17.73569    
