  -120.9088       44.72310       414.5306    
  -117.0789       41.10130       375.3053    
  -126.0961       50.33960       410.4280    
  -127.4366       51.58730       348.9068    
  -110.8929       33.42260       398.8741    
  -93.34880       30.06170       251.9765    
  -120.0794       39.95000       1643.058    
  -120.5379       40.51160       476.1534    
  -120.0492       39.92010       1309.930    
  -93.11510       17.83420       174.5128    
  -93.18470       17.89460       182.5487    
  -121.4165       41.73740       3233.574    
  -121.3696       41.73350       4104.579    
  -121.3809       41.70600       4569.166    
  -101.7799       31.37450       153.6129    
  -121.5800       41.69440       3447.691    
  -110.8616       33.42080       191.8908    
  -70.36530       18.92860       67.96440    
  -121.5350       41.80450       1777.630    
  -92.16520       18.64900       5.863464    
  -121.5126       41.85970       3230.623    
  -91.57590       14.73630       133.1135    
  -115.5502       32.61110       64.74333    
  -86.13350       15.88900       7.268992    
  -83.94720       31.44190       66.33174    
  -71.35050       19.65870       82.35977    
  -83.99830       30.91100       137.4064    
  -84.00080       30.93410       167.7566    
  -93.57920       18.05940       13.07923    
  -86.37790       35.92490       50.74656    
  -83.86050       30.45040       29.38944    
  -121.4767       41.82810       2951.241    
  -92.48470       17.90260       10.99332    
  -95.28910       34.07770       280.2574    
  -82.01890       28.71460       194.2035    
  -101.8065       31.72710       177.0531    
  -85.11130       30.46950       35.46473    
  -101.8153       31.75100       243.7645    
  -101.7973       31.35190       134.5956    
  -92.59170       35.06780       169.7710    
  -99.29930       50.08170       31.17593    
  -99.25460       30.43980       212.8054    
  -80.69070       28.52410       62.82603    
  -83.09200       31.49940       67.14366    
  -93.51690       17.90030       12.96648    
  -99.27690       50.04480       34.50211    
  -82.02070       28.73680       115.2545    
  -121.2340       37.10060       436.4700    
  -97.85890       35.48400       1106.903    
  -82.44360       29.45740       62.51763    
  -94.52780       17.97760       92.11067    
  -90.45710       43.90650       100.1868    
  -121.2069       37.07250       695.7528    
  -84.13070       31.30550       30.20814    
  -81.57480       33.08080       65.55759    
  -82.85370       31.54270       85.27774    
  -83.12200       31.36060       63.09037    
  -93.36190       17.66100       22.35230    
  -88.56710       33.44340       123.2029    
  -82.24070       27.76700       16.03897    
  -65.82270       18.13150       182.3739    
  -114.8419       32.42400       41.88737    
  -84.89690       30.69510       109.5344    
  -66.54870       18.04670       25.48195    
  -66.22240       17.97080       228.9164    
  -82.23480       32.00150       71.10884    
  -94.04100       18.08740       11.89534    
  -88.75010       17.39610       8.532546    
  -85.10850       30.44660       317.1405    
  -69.78910       18.81290       67.47211    
  -91.99200       18.07210       11.47252    
  -94.19500       17.99130       12.51547    
  -78.84360       42.12920       8.409417    
  -88.59470       17.21810       11.53732    
  -83.35890       46.69510       33.87953    
  -121.4278       41.70990       5132.078    
  -91.34660       17.60890       31.20412    
  -98.49790       34.44480       171.7323    
  -93.65990       17.88310       18.43495    
  -121.3923       41.67850       14991.48    
  -97.86780       35.50940       423.0927    
  -97.88510       35.48510       332.0893    
  -92.48230       17.88280       12.85373    
  -92.61630       35.06860       47.31617    
  -93.60760       33.46390       40.71581    
  -101.7801       31.65550       123.6597    
  -92.08370       18.15260       12.45910    
  -91.08870       17.66400       8.160579    
  -93.58320       33.46310       186.7372    
  -121.5104       41.74540       3813.958    
  -121.4634       41.74140       1968.403    
  -93.86770       16.74730       7.061914    
  -94.85030       32.33530       146.2629    
  -94.82610       32.33450       26.83498    
  -90.37770       16.85070       4.775667    
  -121.4747       41.71390       3501.450    
  -93.61390       33.48820       467.5490    
  -93.58950       33.48740       375.0498    
  -87.87680       14.92400       7.851258    
  -109.1723       26.14570       236.1431    
  -121.5462       41.77690       2043.786    
  -121.5574       41.74940       2391.491    
  -116.2002       37.04550       2621.988    
  -116.1784       37.01810       2639.512    
  -84.33610       46.91080       9.332707    
  -111.7112       24.86690       100.8565    
  -111.7306       24.84620       106.3545    
  -121.5238       41.83210       3455.877    
  -69.65140       18.87290       39.02629    
  -111.7019       24.84490       85.08363    
  -111.7213       24.82420       85.44415    
  -111.6834       24.80090       88.68887    
  -121.5598       41.86370       1498.071    
  -103.3704       33.80550       230.4443    
  -80.80370       27.64360       564.2334    
  -80.78270       27.64340       791.6265    
  -80.76180       27.64320       212.5335    
  -80.80230       27.62170       1481.126    
  -80.78130       27.62150       2560.711    
  -80.76040       27.62130       822.7775    
  -80.80090       27.59980       215.8637    
  -80.78000       27.59960       2117.404    
  -80.75900       27.59940       12.62692    
  -80.47730       27.07380       343.6487    
  -80.49680       27.05230       221.7856    
  -80.47600       27.05210       408.0167    
  -80.45520       27.05190       284.1050    
  -111.7593       24.84740       92.89499    
  -111.7500       24.82540       95.89934    
  -121.4879       41.80050       1721.818    
  -116.2156       37.02070       3915.429    
  -111.7299       24.91090       85.80466    
  -111.7206       24.88890       96.62038    
  -111.7399       24.86810       93.73619    
  -116.2374       37.04810       3741.524    
  -111.5940       25.12110       72.46529    
  -111.6133       25.10030       83.64153    
  -111.7493       24.89010       108.6379    
  -111.6891       25.21190       639.8397    
  -111.6604       25.21060       402.9490    
  -111.6226       25.12240       81.65866    
  -111.7586       24.91210       100.7664    
  -111.7780       24.89140       88.68887    
  -111.6797       25.18980       252.4869    
  -111.6509       25.18860       167.2831    
  -111.6419       25.10160       75.34947    
  -111.7686       24.86940       104.9124    
  -111.7787       24.82670       90.85201    
  -109.9317       23.93390       289.7410    
  -109.9235       23.91230       261.3798    
  -98.89630       31.49240       201.4553    
  -80.33430       26.74760       219.6708    
  -78.38940       34.16010       49.04485    
  -116.1630       37.04290       4550.801    
  -116.1412       37.01550       3083.020    
  -113.3197       31.85730       314.7498    
  -89.28710       36.32350       107.5885    
  -90.90980       36.26830       23.28329    
  -111.2819       24.91290       91.21252    
  -111.2535       24.91160       84.36258    
  -81.78740       27.32490       247.1627    
  -81.76640       27.32470       265.6669    
  -81.78580       27.30310       139.5742    
  -81.76490       27.30290       174.9084    
  -109.2391       27.35980       221.0878    
  -109.9124       23.95440       247.3193    
  -109.9509       23.91340       262.0019    
  -121.4391       41.68240       7806.927    
  -115.2865       37.03400       340.6950    
  -109.9784       23.91450       253.0877    
  -109.9702       23.89290       255.2509    
  -109.9895       23.87230       251.7273    
  -88.51070       18.67300       10.79937    
  -116.2220       37.07300       1885.035    
  -76.91720       34.73930       151.5745    
  -109.9230       34.94030       451.3759    
  -109.8916       34.93850       389.3334    
  -111.5179       25.07450       82.92048    
  -78.10340       21.16150       14.03762    
  -71.35670       17.92050       30.75311    
  -109.9380       34.96610       334.9267    
  -78.76240       34.82270       164.0264    
  -103.8052       33.24480       142.0464    
  -110.1665       27.51370       167.8239    
  -88.95720       18.71870       14.17595    
  -87.13080       15.39720       9.583142    
  -104.2648       45.20500       368.4173    
  -118.9728       38.40390       346.9628    
  -116.1848       37.07040       1281.662    
  -104.7937       31.06370       182.3739    
  -88.95920       18.73860       12.32321    
  -91.52620       17.39560       21.69066    
  -78.75580       39.64530       47.90532    
  -113.3168       31.90460       359.7525    
  -113.3021       31.88000       248.7614    
  -113.3695       31.83640       328.3224    
  -95.57280       18.35400       21.25375    
  -121.5687       41.72190       2807.209    
  -112.0402       34.47040       339.6135    
  -113.3051       31.83270       315.6307    
  -96.35370       19.50780       158.5373    
  -91.52400       17.37600       6.786284    
  -87.79510       15.40400       4.389287    
  -113.3227       31.81000       378.0092    
  -113.3549       31.81180       288.4191    
  -71.23180       19.73890       250.7733    
  -88.26540       17.97890       30.63482    
  -91.77700       16.34420       4.992040    
  -71.23240       19.71900       105.1108    
  -121.5216       41.71790       2477.521    
  -88.28540       17.97920       24.46235    
  -90.47690       14.93400       78.50784    
  -96.12790       18.08730       14.65776    
  -88.95870       17.28130       11.45245    
  -121.3342       41.70200       2208.669    
  -121.3455       41.67450       3157.900    
  -112.8524       35.34300       231.5451    
  -109.9228       27.97100       227.1300    
  -96.57610       49.18950       29.34371    
  -121.4860       41.68640       1017.842    
  -110.1850       27.49230       199.3697    
  -110.1564       27.49090       31.95893    
  -87.93800       15.48260       30.38667    
  -99.76070       33.23350       74.75703    
  -109.8998       27.47900       39.75636    
  -89.78470       19.82670       12.46352    
  -70.02680       18.65370       46.22447    
  -92.34190       18.41400       19.56026    
  -91.08960       16.91920       3.214688    
  -121.4037       41.65100       3406.500    
  -109.2553       30.11880       372.3292    
  -95.59610       17.93840       15.98260    
  -121.3569       41.64700       4160.473    
  -109.0971       26.29550       453.8995    
  -109.0695       26.29430       406.3965    
  -88.54960       17.15880       5.517518    
  -117.9143       37.29760       497.1623    
  -104.5104       34.76950       264.2036    
  -109.8898       27.45630       77.96801    
  -108.7886       25.99820       297.4322    
  -89.06270       15.76550       97.55179    
  -118.7252       46.48530       1229.627    
  -118.6770       46.48100       1491.667    
  -116.5587       37.09670       3001.131    
  -109.3553       30.03170       347.1844    
  -94.20990       17.63640       14.15038    
  -106.3963       40.10560       278.8816    
  -102.6420       18.15560       112.7093    
  -84.62660       31.38270       124.2422    
  -89.41500       18.46780       3.801987    
  -116.9066       43.77620       139.5306    
  -121.6271       41.69840       2361.216    
  -77.30500       21.44240       94.36718    
  -121.5913       41.66690       2668.126    
  -108.8072       25.97720       27.94371    
  -88.27460       17.86100       8.734147    
  -119.7249       41.82380       3635.162    
  -119.6802       41.82020       2433.416    
  -108.8756       25.74060       292.2668    
  -108.1968       25.36530       50.98646    
  -88.79270       18.06450       9.398579    
  -93.99610       17.90870       18.97226    
  -93.97530       17.90840       3.446517    
  -103.6549       46.48610       269.1574    
  -103.6203       46.48390       268.4235    
  -121.6743       41.70240       1035.642    
  -117.8991       37.32260       611.8414    
  -116.5212       37.09400       1780.555    
  -116.5810       37.12420       1806.341    
  -87.71900       15.69250       10.98867    
  -114.6979       35.41080       414.1030    
  -111.5291       33.67850       239.0273    
  -76.69050       20.99600       19.13965    
  -87.71750       15.67320       40.25247    
  -77.32470       21.44250       12.56160    
  -90.94580       34.67240       18.11549    
  -106.8156       34.86520       581.6149    
  -106.7861       34.86360       452.4574    
  -106.8026       34.83970       1614.211    
  -106.7730       34.83810       1355.570    
  -113.2846       31.90270       216.8671    
  -93.06380       17.75450       29.20277    
  -116.6186       37.12680       382.1284    
  -116.5963       37.09930       1102.421    
  -79.89480       33.01630       7.254793    
  -92.18580       18.64930       21.01874    
  -88.29450       17.86130       11.31521    
  -93.13580       17.83460       35.31554    
  -88.59990       17.27680       20.00037    
  -119.1728       39.63210       405.8729    
  -103.6140       48.86210       49.24444    
  -123.4850       41.20570       662.4282    
  -116.5434       37.12150       5404.275    
  -92.36260       18.41440       296.1533    
  -88.60170       17.29640       17.38690    
  -117.7266       37.67650       376.3869    
  -116.6033       37.15180       1217.689    
  -109.9402       27.12580       62.36313    
  -109.9118       27.12450       54.25251    
  -123.4473       41.17430       596.0671    
  -103.9599       30.56230       310.9518    
  -107.7236       43.46810       228.6095    
  -112.7831       37.15090       287.6981    
  -103.9508       30.53880       290.9427    
  -77.58210       21.54470       13.56648    
  -108.2095       25.25780       31.03499    
  -109.1392       25.86070       19.58502    
  -116.5657       37.14910       2044.321    
  -115.4648       35.58750       8420.216    
  -115.0053       32.07510       406.0894    
  -117.2552       36.55120       550.1158    
  -92.66560       35.07010       164.0114    
  -115.5201       35.61640       1887.221    
  -115.4843       35.61400       7942.340    
  -115.4486       35.61170       4905.378    
  -115.5005       35.58980       4213.443    
  -115.4291       35.58510       6890.743    
  -115.4809       35.56330       1469.315    
  -115.4452       35.56090       2555.273    
  -115.4096       35.55850       1358.396    
  -109.1304       25.83850       20.26717    
  -92.50530       17.90290       15.08622    
  -116.5058       37.11890       656.1534    
  -117.8425       36.69580       747.3659    
  -111.0427       28.24920       165.8612    
  -92.36500       18.43420       18.66046    
  -114.4864       38.85000       245.8561    
  -115.0194       35.81100       1275.173    
  -114.9840       35.80870       2026.384    
  -115.0354       35.78670       1009.827    
  -115.0000       35.78440       1187.297    
  -115.0388       35.83770       539.2868    
  -114.9646       35.78200       1172.424    
  -118.7635       34.78070       1995.960    
  -102.0757       51.01660       29.14639    
  -115.4164       35.66010       1747.459    
  -115.3807       35.65770       2849.773    
  -115.3968       35.63350       6850.493    
  -115.3612       35.63110       5865.002    
  -115.3773       35.60690       677.0184    
  -115.3417       35.60460       1602.889    
  -118.7421       34.75430       1343.279    
  -111.2237       28.98170       143.4885    
  -115.4325       35.63590       775.1262    
  -88.59640       17.23760       27.48330    
  -114.0049       44.10980       359.2436    
  -118.8019       34.78340       768.6368    
  -118.7252       34.77810       784.6201    
  -110.2727       27.56320       40.96656    
  -110.2625       27.54040       425.3280    
  -90.70920       19.34140       230.8597    
  -118.6019       39.56050       2107.863    
  -118.4794       34.78620       361.9659    
  -118.4414       34.78360       324.8320    
  -115.3928       33.79120       6243.252    
  -110.2339       27.53910       234.7010    
  -71.07290       19.85920       37.89886    
  -118.6433       39.56370       2415.745    
  -118.6155       39.53430       1851.994    
  -118.5741       39.53110       3626.510    
  -115.4630       33.84470       4298.700    
  -113.4948       32.96900       55.61493    
  -100.4923       30.81040       148.9815    
  -115.7138       39.31580       265.3045    
  -120.3559       36.41420       74.77337    
  -120.1568       36.19430       117.9104    
  -120.0749       35.37480       516.6307    
  -115.4808       33.87040       1167.372    
  -115.4460       33.86820       3765.478    
  -115.4977       33.84690       716.8832    
  -115.4800       33.82130       903.5762    
  -115.4622       33.79560       577.8381    
  -115.3581       33.78900       8581.157    
  -115.3235       33.78690       738.1081    
  -115.4098       33.76780       599.5511    
  -115.3751       33.76560       889.7148    
  -113.5432       32.99610       202.7947    
  -113.5104       32.99410       167.5529    
  -106.9002       43.70950       264.9375    
  -120.3810       36.44170       685.8285    
  -120.1322       36.16690       1030.578    
  -120.0915       36.16400       135.6407    
  -113.5276       32.97100       460.0181    
  -119.3624       48.53340       3322.605    
  -120.1530       36.52790       139.9440    
  -120.1161       36.19140       93.75330    
  -95.70400       33.55890       244.6568    
  -119.4120       48.57160       2393.489    
  -119.3108       48.52850       1773.467    
  -120.1120       36.52490       94.26067    
  -119.3602       48.56670       1989.600    
  -117.3720       45.17800       521.4352    
  -92.64100       35.06940       34.45539    
  -95.69690       33.53460       70.07387    
  -109.6117       27.19940       230.8112    
  -108.8171       25.93400       26.60947    
  -123.5622       44.60020       215.9694    
