  -121.4322       41.93860      0.5705460    
  -112.0977       38.41840       117.5339    
  -112.0631       38.41610       66.48913    
  -86.17480       34.23800      0.3957834    
  -122.2622       39.68800      0.2784348    
  -93.11510       17.83420      0.7448248    
  -114.9825       32.24090      0.1672488    
  -112.1176       38.44630       276.4109    
  -99.62710       30.29300      0.6176983    
  -70.34600       18.92870       14.37344    
  -93.18470       17.89460      0.5432759    
  -93.27930       30.26510       11.50117    
  -76.51210       20.79410      0.1533984    
  -116.7138       42.75920       8.230865    
  -109.6423       30.50830       7.898952    
  -92.48470       17.90260      0.3959457    
  -90.16600       35.04520      0.2708396    
  -89.71060       35.93100      9.2707202E-02
  -106.2335       41.26360       15.63842    
  -71.15920       19.56000      0.6079582    
  -102.0033       32.18360       8.172721    
  -78.29080       34.96750      0.5652174    
  -102.0124       32.20770       5.270757    
  -99.28080       29.89120       5.019640    
  -71.00230       19.62030      8.0492415E-02
  -70.02860       45.49520       2.370607    
  -70.65190       45.23880       2.984854    
  -70.44630       44.80820       2.180575    
  -98.06940       31.93000      0.5381925    
  -93.64000       30.91890       6.851234    
  -93.61650       30.91820       1.987781    
  -68.81800       45.98410       2.504974    
  -69.58000       45.34460       2.668133    
  -73.78920       44.38830       5.308375    
  -82.20100       35.80160       2.597185    
  -72.73850       44.05960       2.234321    
  -72.86470       44.20990       3.370678    
  -79.39630       33.25090       3.694937    
  -97.65080       31.44600      0.6238141    
  -65.65090       44.64110       7.765434    
  -70.54590       45.20880       3.295952    
  -75.81780       35.82840       18.45719    
  -70.51870       45.20910       2.792902    
  -73.39360       44.26820      7.4541599E-02
  -99.05220       40.50080      0.3282336    
  -81.32680       32.79250      9.4690815E-02
  -86.72610       31.11870       11.35889    
  -94.81960       37.24470      0.5891578    
  -70.31930       19.14670       1.297778    
  -101.9535       39.93380       27.90378    
  -92.93710       34.04770      0.3686146    
  -70.18650       45.27490       2.936866    
  -81.30450       32.79230       5.019640    
  -82.83850       32.71620      0.3926014    
  -71.40870       19.65850      0.1003284    
  -70.31870       19.16650      0.1459121    
  -88.98130       18.95710       2.216227    
  -72.58360       44.54570       3.652961    
  -79.28430       39.48730       1.796671    
  -101.8550       39.79200       3.700074    
  -101.8666       39.87450       4.905910    
  -101.7822       39.76090       4.248274    
  -101.7527       39.75940       8.551363    
  -82.31740       33.56900       5.040986    
  -101.7959       39.78890       3.592610    
  -101.7664       39.78740       8.668756    
  -101.7233       39.75780       6.918399    
  -72.55250       44.63760       1.934876    
  -76.67960       42.40420      0.4493867    
  -99.06850       40.47400      0.1116558    
  -101.9239       39.93220       4.386405    
  -101.9397       39.90570       3.565526    
  -94.47100       38.01280       1.335288    
  -101.9674       39.96190       4.440089    
  -101.9377       39.96030       7.074989    
  -101.7369       39.78580       12.30488    
  -101.6938       39.75630       4.179147    
  -72.22610       44.73150       2.149862    
  -101.8254       39.79050       4.268506    
  -101.7074       39.78420       7.454405    
  -90.63500       29.71740      0.5404390    
  -76.95700       42.98780      0.4567297    
  -82.85350       31.98600       2.263597    
  -90.34810       30.82920       6.144543    
  -90.68670       29.99090      0.5169416    
  -71.63930       43.43880       3.270862    
  -95.21660       31.64210       15.90746    
  -90.85100       18.62770       3.023163    
  -95.16650       31.99210       14.48251    
  -101.7505       39.81380       9.388870    
  -102.9723       39.30930       1.153173    
  -94.46250       37.98620      0.3368075    
  -85.16660       30.56200       22.36137    
  -76.33970       43.19130       2.543364    
  -117.8222       41.75420       1.846979    
  -101.8391       39.81850       4.047220    
  -101.7800       39.81540       4.448534    
  -101.7210       39.81220       8.172937    
  -82.31980       33.59310       5.123646    
  -95.22290       31.66570       9.411575    
  -91.76390       30.81960      0.1619244    
  -72.83690       44.24030       2.019335    
  -92.10800       30.92120      0.1794636    
  -91.01360       30.04450      0.1699110    
  -89.17130       41.93220      0.2283228    
  -97.79740       29.02360      0.4772898    
  -92.52580       32.66520       2.572157    
  -91.11690       31.35760       4.056913    
  -98.76740       20.14810      0.2789865    
  -97.73630       35.35410      0.6717214    
  -91.48590       30.69710      0.1046088    
  -91.19110       30.14010      0.1968462    
  -94.43630       37.98520      0.2178894    
  -101.2453       39.89650       3.121789    
  -101.7346       39.84020       3.865201    
  -95.51210       39.00820       3.012170    
  -94.47620       38.75340       1.101438    
  -97.80910       38.49290       1.135912    
  -91.30570       30.48580      0.1450116    
  -91.09370       31.35700       3.968986    
  -91.03190       30.02220      0.1182330    
  -116.7558       42.76260       25.67365    
  -106.9544       38.57140       1.688987    
  -98.02650       32.18760      0.6374048    
  -92.10960       14.85880      0.1152576    
  -92.21400       30.87800      0.2345555    
  -91.44240       29.80550      0.8087003    
  -90.44560       17.12520       1.319198    
  -98.49850       34.66620      9.8031603E-02
  -91.21840       30.27770       9.249688    
  -80.92340       22.54130       6.355291    
  -101.8096       39.81690       30.99997    
  -91.08610       30.18300      8.3624408E-02
  -91.03640       30.04510      0.1271592    
  -91.74840       29.97240      8.0805607E-02
  -91.57000       29.87680      0.1156230    
  -91.34390       39.77140      0.2347434    
  -95.95620       41.39120      0.3818318    
  -92.03170       30.78080      0.1199556    
  -91.96680       30.36590      0.1059660    
  -91.66780       30.90920       2.638397    
  -91.18190       30.20830      0.1061748    
  -93.30710       41.25350      0.1562868    
  -84.06850       14.85240      0.8654931    
  -94.44480       38.01180      0.1537812    
  -122.2314       39.19590       15.09261    
  -91.09980       30.13780       5.616303    
  -112.0829       38.44400       213.9608    
  -122.1996       39.16620      0.7159752    
  -98.57140       18.61640       2.667712    
  -96.20880       16.14310       4.140136    
  -92.83760       30.87240       6.486514    
  -91.08640       30.06910      8.2058407E-02
  -94.47880       38.11820       1.117592    
  -117.7991       43.52360       3.086452    
  -90.50960       30.00930       9.487776    
  -98.50170       18.59490      0.1453248    
  -102.7640       37.60050       1.631702    
  -113.3811       46.02720       13.44431    
  -113.3342       45.89760       14.39079    
  -102.3509       41.17510       2.122599    
  -102.7767       37.62730       4.248459    
  -95.96710       30.87670      0.1428192    
  -85.16380       30.53900      0.6168053    
  -91.17730       30.18540      9.1767602E-02
  -94.96040       32.74220       5.419240    
  -91.97050       30.27450      8.5973404E-02
  -122.0621       39.42640      0.6574069    
  -95.12550       31.56900       1.502291    
  -83.88390       31.07070       3.741466    
  -98.41880       36.31410      0.7254805    
  -91.49000       30.60530      0.1137264    
  -97.70440       36.87100       4.316413    
  -91.06400       29.95480      7.6107606E-02
  -97.67770       36.86990      0.5149008    
  -112.5396       38.34190       1.015227    
  -99.55980       36.79850       1.622732    
  -96.64730       39.19000       3.473889    
  -89.87260       33.66860      0.5095987    
  -91.72090       29.94890      8.9575209E-02
  -94.98480       32.74300       4.696675    
  -96.71010       38.41880      0.8507791    
  -108.1183       25.29720      0.2486808    
  -118.3168       34.12940      0.6851147    
  -97.84310       36.31500      0.1990073    
  -113.8092       42.82210       1.547304    
  -106.6802       26.52110       4.827147    
  -94.10650       32.97630       2.658744    
  -91.48930       30.49060      0.3377743    
