  -121.4322       41.93860       7360.043    
  -112.0977       38.41840       432524.8    
  -112.0631       38.41610       192818.5    
  -86.17480       34.23800       5105.605    
  -122.2622       39.68800       3591.809    
  -93.11510       17.83420       9608.238    
  -114.9825       32.24090       2157.510    
  -112.1176       38.44630       1017192.    
  -99.62710       30.29300       7968.307    
  -70.34600       18.92870       52894.26    
  -93.18470       17.89460       7008.259    
  -93.27930       30.26510       31340.70    
  -76.51210       20.79410       1978.839    
  -116.7138       42.75920       22429.11    
  -109.6423       30.50830       22906.96    
  -92.48470       17.90260       5107.699    
  -90.16600       35.04520       3493.831    
  -89.71060       35.93100       1195.923    
  -106.2335       41.26360       57549.40    
  -71.15920       19.56000       7842.661    
  -102.0033       32.18360       23700.89    
  -78.29080       34.96750       7291.304    
  -102.0124       32.20770       15285.19    
  -99.28080       29.89120       14556.96    
  -71.00230       19.62030       1038.352    
  -70.02860       45.49520       8723.834    
  -70.65190       45.23880       10984.26    
  -70.44630       44.80820       5942.066    
  -98.06940       31.93000       6942.683    
  -93.64000       30.91890       19868.58    
  -93.61650       30.91820       5416.702    
  -68.81800       45.98410       9218.304    
  -69.58000       45.34460       9818.728    
  -73.78920       44.38830       19534.82    
  -82.20100       35.80160       7077.328    
  -72.73850       44.05960       6088.525    
  -72.86470       44.20990       9185.096    
  -79.39630       33.25090       10715.32    
  -97.65080       31.44600       8047.201    
  -65.65090       44.64110       28576.80    
  -70.54590       45.20880       12129.10    
  -75.81780       35.82840       53525.86    
  -70.51870       45.20910       10277.88    
  -73.39360       44.26820       961.5865    
  -99.05220       40.50080       4234.213    
  -81.32680       32.79250       1221.511    
  -86.72610       31.11870       41800.71    
  -94.81960       37.24470       7600.134    
  -70.31930       19.14670       16741.33    
  -101.9535       39.93380       80920.96    
  -92.93710       34.04770       4755.128    
  -70.18650       45.27490       10807.67    
  -81.30450       32.79230       14556.96    
  -82.83850       32.71620       5064.558    
  -71.40870       19.65850       1294.236    
  -70.31870       19.16650       1882.266    
  -88.98130       18.95710       6039.218    
  -72.58360       44.54570       13442.90    
  -79.28430       39.48730       4895.928    
  -101.8550       39.79200       47730.95    
  -101.8666       39.87450       63286.24    
  -101.7822       39.76090       54802.73    
  -101.7527       39.75940       110312.6    
  -82.31740       33.56900       14618.86    
  -101.7959       39.78890       46344.66    
  -101.7664       39.78740       111826.9    
  -101.7233       39.75780       89247.34    
  -72.55250       44.63760       5272.538    
  -76.67960       42.40420       5797.088    
  -99.06850       40.47400       1440.360    
  -101.9239       39.93220       56584.62    
  -101.9397       39.90570       45995.28    
  -94.47100       38.01280       17225.22    
  -101.9674       39.96190       57277.13    
  -101.9377       39.96030       91267.36    
  -101.7369       39.78580       158732.9    
  -101.6938       39.75630       53910.99    
  -72.22610       44.73150       5858.375    
  -101.8254       39.79050       55063.72    
  -101.7074       39.78420       96161.82    
  -90.63500       29.71740       6971.662    
  -76.95700       42.98780       5891.812    
  -82.85350       31.98600       6168.302    
  -90.34810       30.82920       17819.18    
  -90.68670       29.99090       6668.546    
  -71.63930       43.43880       8913.099    
  -95.21660       31.64210       46131.64    
  -90.85100       18.62770       8767.174    
  -95.16650       31.99210       53295.65    
  -101.7505       39.81380       121116.4    
  -102.9723       39.30930       14875.93    
  -94.46250       37.98620       4344.816    
  -85.16660       30.56200       64847.98    
  -76.33970       43.19130       9359.579    
  -117.8222       41.75420       23826.03    
  -101.8391       39.81850       52209.13    
  -101.7800       39.81540       57386.09    
  -101.7210       39.81220       105430.9    
  -82.31980       33.59310       14858.57    
  -95.22290       31.66570       25646.54    
  -91.76390       30.81960       2088.825    
  -72.83690       44.24030       5502.688    
  -92.10800       30.92120       2315.081    
  -91.01360       30.04450       2191.852    
  -89.17130       41.93220       2945.364    
  -97.79740       29.02360       6157.038    
  -92.52580       32.66520       9465.536    
  -91.11690       31.35760       14929.44    
  -98.76740       20.14810       3598.927    
  -97.73630       35.35410       8665.205    
  -91.48590       30.69710       1349.454    
  -91.19110       30.14010       2539.316    
  -94.43630       37.98520       2810.772    
  -101.2453       39.89650       40271.07    
  -101.7346       39.84020       49861.09    
  -95.51210       39.00820       8735.291    
  -94.47620       38.75340       14208.55    
  -97.80910       38.49290       14653.27    
  -91.30570       30.48580       1870.650    
  -91.09370       31.35700       14605.87    
  -91.03190       30.02220       1525.206    
  -116.7558       42.76260       74453.59    
  -106.9544       38.57140       21787.93    
  -98.02650       32.18760       8222.521    
  -92.10960       14.85880       1486.823    
  -92.21400       30.87800       3025.766    
  -91.44240       29.80550       10432.23    
  -90.44560       17.12520       3825.675    
  -98.49850       34.66620       1264.608    
  -91.21840       30.27770       34038.85    
  -80.92340       22.54130       18430.34    
  -101.8096       39.81690       89899.91    
  -91.08610       30.18300       1078.755    
  -91.03640       30.04510       1640.354    
  -91.74840       29.97240       1042.392    
  -91.57000       29.87680       1491.537    
  -91.34390       39.77140       3028.190    
  -95.95620       41.39120       4925.630    
  -92.03170       30.78080       1547.427    
  -91.96680       30.36590       1366.961    
  -91.66780       30.90920       7651.350    
  -91.18190       30.20830       1369.655    
  -93.30710       41.25350       2016.100    
  -84.06850       14.85240       2358.468    
  -94.44480       38.01180       1983.777    
  -122.2314       39.19590       43768.56    
  -91.09980       30.13780       16287.28    
  -112.0829       38.44400       787375.8    
  -122.1996       39.16620       9236.080    
  -98.57140       18.61640       7736.366    
  -96.20880       16.14310       15235.70    
  -92.83760       30.87240       17675.75    
  -91.08640       30.06910       1058.553    
  -94.47880       38.11820       14416.94    
  -117.7991       43.52360       39815.23    
  -90.50960       30.00930       27514.55    
  -98.50170       18.59490       1874.690    
  -102.7640       37.60050       21048.95    
  -113.3811       46.02720       49475.07    
  -113.3342       45.89760       52958.12    
  -102.3509       41.17510       27381.53    
  -102.7767       37.62730       54805.11    
  -95.96710       30.87670       1842.368    
  -85.16380       30.53900       7956.788    
  -91.17730       30.18540       1183.802    
  -94.96040       32.74220       15715.80    
  -91.97050       30.27450       1109.057    
  -122.0621       39.42640       8480.549    
  -95.12550       31.56900       19379.55    
  -83.88390       31.07070       10850.25    
  -98.41880       36.31410       9358.697    
  -91.49000       30.60530       1467.071    
  -97.70440       36.87100       55681.72    
  -91.06400       29.95480       981.7880    
  -97.67770       36.86990       6642.220    
  -112.5396       38.34190       13096.42    
  -99.55980       36.79850       20933.24    
  -96.64730       39.19000       10074.28    
  -89.87260       33.66860       6573.823    
  -91.72090       29.94890       1155.520    
  -94.98480       32.74300       13620.36    
  -96.71010       38.41880       10975.05    
  -108.1183       25.29720       3207.982    
  -118.3168       34.12940       8837.979    
  -97.84310       36.31500       2567.194    
  -113.8092       42.82210       19960.21    
  -106.6802       26.52110       17763.90    
  -94.10650       32.97630       7245.075    
  -91.48930       30.49060       4357.289    
