  -109.2472       46.84830       96.71854    
  -111.3467       46.85030       131.5997    
  -121.2036       45.92250       169.8243    
  -95.16650       31.99210       189.9133    
  -78.03110       25.12980       19.86922    
  -88.15260       21.29450       21.50836    
  -76.49170       20.71360       12.28621    
  -121.2490       45.95810       165.9968    
  -123.0429       41.90540       612.1274    
  -95.16020       31.96840       46.13819    
  -76.49190       20.73370       3.873971    
  -102.1855       20.19720       123.6483    
  -70.34600       18.92870       97.15416    
  -99.03200       18.60690       32.71666    
  -95.31270       16.18600       7.778526    
  -93.11510       17.83420       42.78397    
  -81.84410       29.74370       18.37510    
  -101.8587       20.28970       12.27449    
  -92.16520       18.64900       6.528551    
  -104.1964       19.74690       13.14961    
  -93.18470       17.89460       58.53697    
  -92.80090       29.66020       132.5676    
  -123.5472       42.49620       207.2600    
  -82.60760       29.12280       14.85513    
  -104.2454       19.84970       17.30889    
  -102.2042       17.92530       10.24874    
  -104.2404       19.82930       41.13596    
  -123.6008       51.90070       762.0769    
  -109.6423       30.50830       45.52443    
  -78.07170       25.13000       14.02543    
  -102.3778       20.32460       19.08230    
  -92.41240       16.21730       6.973851    
  -88.56710       33.44340       10.78648    
  -123.9266       42.93710       89.92776    
  -92.45960       16.27640       22.25492    
  -92.48210       16.29620       32.07387    
  -78.03050       25.10870       61.70762    
  -92.32460       16.15770       12.76787    
  -79.89480       33.01630       4.460618    
  -92.30850       16.19640       2.841350    
  -74.99020       20.21060       5.232821    
  -75.00970       20.21060       19.60733    
  -98.91590       22.79800       3.104438    
  -92.30640       16.17690       10.70768    
  -104.1485       19.74550       15.17387    
  -89.71060       35.93100       3.683232    
  -105.9170       34.20070       63.28858    
  -104.2494       19.76870       13.03075    
  -104.2254       19.76800       16.52352    
  -92.40490       16.33400       39.89963    
  -80.95700       28.39350       18.29732    
  -80.51390       26.98730       56.72552    
  -87.80170       30.70250       11.92358    
  -80.92030       26.49320       5.024981    
  -80.56690       27.18330       29.72780    
  -80.97900       26.77440       4.117327    
  -82.32770       32.28440       19.94095    
  -82.88730       31.65950       15.17341    
  -80.95850       28.41560       53.06178    
  -76.27590       20.59260       11.22158    
  -80.44900       26.57570       28.00296    
  -84.57240       30.55250       22.86044    
  -81.14390       26.75420       36.13229    
  -85.28900       30.13040       87.82989    
  -80.54170       26.74920       4.347529    
  -88.60880       32.27830       64.44440    
  -99.05400       22.90600       7.690661    
  -99.12930       22.22320       20.72041    
  -81.44230       33.10320       141.8109    
  -95.02050       32.69660       11.07386    
  -80.51480       26.64090       7.182302    
  -78.48460       21.46670       5.235451    
  -82.67760       31.77330       14.61829    
  -96.14710       31.53310       16.61020    
  -85.05890       30.40010       14.15568    
  -76.25640       20.59260       10.27359    
  -76.27570       20.57250       14.16729    
  -76.91350       20.21260       2.722961    
  -96.43700       32.29500       4.558000    
  -96.32860       18.82700       54.40997    
  -96.09980       33.64570       77.95303    
  -88.37550       31.59360       6.266192    
  -72.26970       19.25820       15.75436    
  -96.33400       19.12670       24.05965    
  -93.11760       17.85400       5.472230    
  -93.66890       33.51410       10.82480    
  -91.23230       30.46100       7.313846    
  -101.9566       20.31280       38.74374    
  -99.04570       27.68390       25.42960    
  -80.51510       27.00900       33.72788    
  -98.86660       22.98400       4.301489    
  -100.8396       18.49010       33.13553    
  -123.9883       42.91340       726.4935    
  -101.9799       20.31340       17.45240    
  -83.88460       31.67350       6.136710    
  -96.27870       30.17460       15.48181    
  -101.8541       20.26930       16.06616    
  -85.27900       30.93120       61.09026    
  -80.79600       26.49220       15.18529    
  -101.8774       20.26990       45.05751    
  -99.91740       32.66540       29.19694    
  -82.34560       32.00290       18.88966    
  -92.22920       30.94760       14.91709    
  -92.20590       30.94700       13.32541    
  -82.46030       27.61600       3.864763    
  -124.1941       42.17840       2865.286    
  -86.90030       30.93750       22.73151    
  -81.80150       27.80640       17.51727    
  -122.4387       44.80080       223.7728    
  -85.37450       33.97940       28.09146    
  -86.88200       30.66120       21.63043    
  -91.31040       30.50890       6.208877    
  -80.48800       26.53280       7.044181    
  -98.77380       22.25490       19.39916    
  -92.97940       32.67880       17.49965    
  -90.56250       19.65880       7.822725    
  -91.35200       30.60170       14.49615    
  -91.52000       29.62630       9.203037    
  -78.90630       21.73250       5.994022    
  -110.9812       47.27450       43.83823    
  -81.26300       26.66880       83.11451    
  -91.57590       14.73630       9.694418    
  -95.97490       33.64110       26.63669    
  -84.21310       32.95030       8.262498    
  -92.97360       32.65490       17.94903    
  -93.68490       31.59350       56.33286    
  -84.65140       31.03620       5.417734    
  -84.55520       30.78150       27.69456    
  -86.88540       30.68420       23.66692    
  -81.24220       26.66860       121.8190    
  -105.4489       38.99070       13.50695    
  -93.66120       31.59280       78.77292    
  -95.98220       33.66560       3.841085    
  -92.14390       30.11940       6.442367    
  -82.00970       29.92650       13.33462    
  -91.52450       29.64900       17.93276    
  -77.40000       26.75300       35.50084    
  -80.57550       33.47700       3.821353    
  -92.43990       32.09550       41.24500    
  -92.14870       30.14240       4.393570    
  -83.18320       22.49890       12.96235    
  -101.5379       20.30120       7.830626    
  -96.32540       18.80690       14.43324    
  -92.06370       17.63970       14.98837    
  -97.41630       38.66150       6.440132    
  -82.43020       30.77510       51.89806    
  -84.55250       30.75850       6.225189    
  -90.81170       29.69910       25.79386    
  -83.18460       22.51950       31.45897    
  -96.44360       32.48460       36.27499    
  -94.53160       31.20080       98.14431    
  -98.33930       26.17400       10.50050    
  -87.66490       31.25310       212.9135    
  -86.62440       31.18610       24.61923    
  -82.84550       33.21630       14.40129    
  -85.47920       32.45020       5.489331    
  -85.45660       32.44980       11.38466    
  -83.78280       30.33520       6.449587    
  -91.05430       30.13660       8.379353    
  -112.9504       46.05530       8.479993    
  -111.9744       45.85170       30.96363    
  -87.29880       33.05560       45.12286    
  -87.16780       32.38830       3.178980    
  -85.10280       31.11280       18.85368    
  -86.50750       30.83790       51.19275    
  -106.1593       38.60430       54.26770    
  -81.82230       32.09040       19.09507    
  -93.66340       32.27360       17.95586    
  -94.52570       31.17740       36.11458    
  -94.62920       30.64930       85.73463    
  -99.03560       18.62700       11.38041    
  -105.5247       45.84940       116.8106    
  -86.25630       31.73670       16.46870    
  -85.08070       31.11240       12.48204    
  -90.85440       30.04060       9.021100    
  -97.83360       26.28830       75.86067    
  -76.97240       20.25280       4.446187    
  -99.17610       18.67020       19.33136    
  -105.3184       37.60730       49.73320    
  -93.12690       31.01930       54.41398    
  -91.53200       30.69830       9.725486    
  -84.68170       29.98450       126.8965    
  -97.85700       26.28900       12.33883    
  -98.78800       22.83610       10.26482    
  -87.52120       30.76560       42.87926    
  -83.25800       29.87370       12.28864    
  -122.7660       42.22550       48.54873    
  -94.49080       33.06060       50.40302    
  -96.46120       32.46150       3.841085    
  -98.97980       18.80550       11.07386    
  -71.63150       45.60460       7.739505    
  -106.8491       35.81850       73.86843    
  -96.27840       32.33670       3.433298    
  -88.23210       30.87250       9.402946    
  -80.90020       28.81480       9.983932    
  -97.82660       26.07170       14.06957    
  -81.42550       27.23430       16.99298    
  -81.64640       27.10580       5.672835    
  -97.84990       26.07240       18.11361    
  -99.43200       24.40880       25.25835    
  -97.38340       34.15550       13.79443    
  -92.05190       32.03730       11.46461    
  -89.74530       31.97620       9.272923    
  -92.04660       32.01370       25.19033    
  -84.75550       31.71040       16.03694    
  -94.04910       31.34840       36.13042    
  -91.69940       30.84090       41.05867    
  -99.30690       18.29430       10.88461    
  -97.15410       34.61230       27.99824    
  -91.91810       30.02230       3.749004    
  -81.40600       27.56150       29.33965    
  -97.74410       26.11240       144.6148    
  -97.84450       26.05070       12.98339    
  -97.82120       26.04990       13.74635    
  -99.16490       18.72980       22.68418    
  -115.8274       46.38950       258.2104    
  -91.74250       32.64250       5.307800    
  -96.60580       31.10670       20.89165    
  -91.67630       30.84030       14.35145    
  -97.74940       26.13420       214.2251    
  -97.72610       26.13350       16.31146    
  -97.72080       26.11170       22.55980    
  -85.38480       14.72850       4.543838    
  -109.6608       45.39380       27.81791    
  -96.26210       33.77260       52.72859    
  -87.23740       31.82610       25.92391    
  -91.74070       30.81900       10.85238    
  -77.39940       26.73140       20.36940    
  -76.45080       20.55270       4.748738    
  -87.64230       31.25270       11.04535    
  -92.18880       30.00680       3.203097    
  -112.8416       45.85790       21.17747    
  -97.35490       31.92710       113.9751    
  -87.19730       31.56860       35.47076    
  -93.91320       31.27450       49.66006    
  -92.53010       35.86450       7.954492    
  -92.86320       31.89650       46.19337    
  -94.65290       30.65000       45.09165    
  -90.64560       30.01270       36.90551    
  -102.4807       20.16480       6.494854    
  -92.48230       17.88280       2.999203    
  -87.67040       15.03710       56.63380    
  -91.25980       30.48470       4.278767    
  -77.37880       26.73130       30.94563    
  -81.29410       22.74970       42.98201    
  -83.49440       33.36930       23.97312    
  -93.20160       33.57150       39.45424    
  -82.53570       32.59380       10.70781    
  -84.74280       31.96720       33.61696    
  -95.23060       31.15350       41.05665    
  -78.84570       22.30360       3.775313    
  -103.4043       19.60270       13.79844    
  -85.91820       33.45870       32.30553    
  -90.84770       31.04940       40.07911    
  -92.05580       30.02600       4.735584    
  -82.13870       27.80980       17.76399    
  -98.24990       22.01380       10.52352    
  -76.99150       20.23280       27.39889    
  -124.0215       44.76440       70.31419    
  -80.69520       33.57430       17.33223    
  -86.12710       32.55670       17.52404    
  -84.89690       30.69510       22.70683    
  -92.06050       30.04890       5.399880    
  -90.75470       29.99260       8.813449    
  -90.91970       29.79240       17.19149    
  -82.89550       22.99030       8.487513    
  -98.76510       22.83540       11.53641    
  -87.19450       32.27100       19.30601    
  -92.15940       30.94570       6.689012    
  -91.49400       30.51370       4.551423    
  -85.11930       30.35550       62.02023    
  -81.39370       29.17680       16.18539    
  -99.99920       41.38700       25.11426    
  -121.2435       42.55590       689.5753    
  -94.48430       33.03650       37.59188    
  -84.69840       30.87570       17.79483    
  -103.9721       20.57490       5.958943    
  -113.5740       45.38690       85.17629    
  -97.80260       38.54570       5.169679    
  -88.26930       30.55170       3.827931    
  -94.55820       30.64710       10.97941    
  -93.93680       30.39870       4.275180    
  -110.9060       46.01970       33.90613    
  -123.7168       44.88830       202.6262    
  -97.61830       34.48310       27.14203    
  -91.74790       32.66640       7.321739    
  -87.20390       31.17430       39.49402    
  -91.55510       30.69890       6.518006    
  -85.87420       30.41380       6.491198    
  -91.51230       30.49120       13.43064    
  -91.48340       29.78390       7.225055    
  -99.35280       22.91440       12.98976    
  -82.88850       31.89290       9.809373    
  -88.37950       31.08330       69.91134    
  -91.73100       30.77270       6.285172    
  -90.62290       30.01210       5.945788    
  -94.90250       29.85730       8.604775    
  -98.98450       22.79990       7.031027    
  -80.15640       33.25730       3.711633    
  -93.66930       32.29740       28.30822    
  -92.85770       31.87280       38.56073    
  -88.71900       31.74130       16.32542    
  -83.99300       31.65180       43.36141    
  -94.04330       31.32500       132.5975    
  -94.08260       30.90910       33.41388    
  -91.19100       30.25420       18.49180    
  -91.78120       30.13260       3.972629    
  -112.4951       45.76760       66.01839    
  -109.6825       44.71860       109.1966    
  -83.34480       31.80570       13.06639    
  -101.8153       31.75100       37.81618    
  -86.64670       31.18650       80.41615    
  -88.27300       30.57470       20.00762    
  -91.49880       30.53670       7.135530    
  -92.13530       30.18760       4.254352    
  -92.25290       29.98570       7.234921    
  -98.91710       23.00630       8.082094    
  -90.85230       31.07260       8.572030    
  -91.43920       30.58100       9.260697    
  -91.76200       29.92730       4.505382    
  -81.22020       26.32350       3.235982    
  -99.32630       22.39430       18.81407    
  -85.55680       32.52240       33.49253    
  -97.37970       31.92800       111.3365    
  -85.11650       30.33260       16.27717    
  -91.25040       30.21000       53.58186    
  -97.91620       26.24750       17.22788    
  -101.4916       20.30000       8.047993    
  -123.7646       44.92330       219.1187    
  -84.96820       31.80730       8.851425    
  -84.56110       30.64390       29.92357    
  -98.17290       28.74440       4.253255    
  -97.92170       26.26940       16.10098    
  -97.89290       26.24680       16.25884    
  -76.81880       20.39280       4.143636    
  -92.48270       33.47700       29.03074    
  -85.34810       31.97750       13.02349    
  -88.41730       31.96840       63.71529    
  -84.77490       31.68740       26.11177    
  -87.81910       31.51170       20.75385    
  -100.4259       31.57590       52.77853    
  -96.00670       41.44990       4.959209    
  -96.93030       31.39700       12.53760    
  -91.78700       30.82020       38.78656    
  -85.16380       30.53900       15.36359    
  -91.57000       29.87680       5.972098    
  -91.50210       34.78710       20.52086    
  -87.67630       31.18390       38.39696    
  -93.90750       31.25110       17.19698    
  -85.72990       30.32000       14.09678    
  -90.89700       29.79180       12.14151    
  -78.29850       21.12170       3.314909    
  -120.3656       42.45200       41.23174    
  -87.20240       32.88670       25.64863    
  -84.01260       31.62880       23.19188    
  -96.92350       31.37340       32.27932    
  -88.40210       31.08380       82.40109    
  -84.85300       30.87820       24.61053    
  -96.24680       29.69520       3.459607    
  -81.74720       26.75980       26.37143    
  -98.11810       16.66820       10.30750    
  -106.9970       38.12340       73.77092    
  -87.20630       32.91060       4.651396    
  -91.45610       29.76050       18.22937    
  -97.78400       28.88830       3.972629    
  -97.76000       28.88750       26.02894    
  -80.79730       26.51370       35.14856    
  -80.77660       26.51360       30.18935    
  -80.77530       26.49200       14.94340    
  -78.77520       21.95600       3.696386    
  -103.6839       20.56630       12.33835    
  -86.94950       32.00750       21.99342    
  -84.50790       30.94180       14.37156    
  -84.85580       30.90120       4.154912    
  -93.24610       30.93030       14.51367    
  -91.89520       30.02170       21.86575    
  -92.02730       29.88880       4.373107    
  -91.58370       29.83180       6.936754    
  -78.79500       21.95610       3.311620    
  -102.4247       20.32590       62.53796    
  -92.17390       30.69260       4.597463    
  -92.47040       30.67780       12.64576    
  -91.28700       30.27950       8.142573    
  -83.27970       29.87390       14.53845    
  -110.0149       50.67740       90.24509    
  -84.62800       31.94200       42.74461    
  -96.14000       18.44480       31.82715    
  -79.34750       33.17880       54.99907    
  -91.03590       30.15900       12.99655    
  -91.04080       30.06800       25.74545    
  -92.98580       29.98310       23.49493    
  -109.8907       45.84780       48.29055    
  -124.2356       42.21080       853.7047    
  -96.30030       31.30530       22.72414    
  -92.93940       31.01390       103.3294    
  -91.63290       30.63210       4.421758    
  -83.24210       22.47900       4.138374    
  -90.40440       16.30570       7.262439    
  -105.5675       40.83020       18.07246    
  -88.16620       31.42620       4.793500    
  -92.19730       30.37210       3.639384    
  -92.03280       30.02540       4.130482    
  -106.8629       35.84460       54.48711    
  -91.50760       30.46820       23.87037    
  -80.48190       26.42500       19.44858    
  -82.03190       22.69390       27.22765    
  -94.06600       35.24080       29.23653    
  -86.17970       32.91370       8.248847    
  -85.46670       32.02640       11.49536    
  -91.18660       30.11720       7.971566    
  -99.43750       22.58400       19.92529    
  -92.58140       15.13500       14.24820    
  -111.9627       45.50730       48.41674    
  -123.7549       43.48010       189.4250    
  -86.65010       31.20970       28.39492    
  -91.25960       30.25590       6.616663    
  -92.11230       30.18700       4.340952    
  -98.75690       21.96540       4.262026    
  -121.1565       50.21490       143.3487    
  -122.6433       40.82530       209.5420    
  -93.11320       32.35120       64.09732    
  -91.63390       29.85580       4.419878    
  -100.3866       29.50040       38.78656    
  -99.53730       24.64550       30.57402    
  -98.94660       18.74480       14.44584    
  -108.7518       44.77320       45.95917    
  -123.2698       45.46110       233.3072    
  -95.62180       32.76470       19.12828    
  -92.88140       31.87350       7.107029    
  -92.12310       30.99090       5.427130    
  -92.27590       29.98640       3.814776    
  -91.49250       29.82950       8.030762    
  -100.4116       29.50130       32.80732    
  -104.5741       24.04860       241.4513    
  -92.52260       15.15350       5.511694    
  -78.07110       25.10880       22.61804    
  -122.2218       42.06350       38.89263    
  -101.4631       26.88850       31.12991    
  -101.2960       20.66100       35.95975    
  -99.00950       18.72620       9.617784    
  -93.69500       16.68580       54.53314    
  -124.1113       42.25740       231.3569    
  -124.1424       42.17380       815.6083    
  -94.41430       16.48280       16.51171    
  -91.06850       29.97770       3.288600    
  -99.29630       22.76710       6.577200    
  -84.62520       31.91850       18.75088    
  -95.25460       31.15430       6.925792    
  -91.27810       30.46220       5.498539    
  -99.06580       23.84860       9.924326    
  -92.93410       30.99060       29.26032    
  -81.84240       22.87760       18.49425    
  -99.21680       22.51560       15.90191    
  -78.80830       21.75240       4.222562    
  -102.3775       20.12130       14.98837    
  -91.57330       30.67640       25.59742    
  -91.51300       30.60590       6.011561    
  -91.42410       29.82770       4.932900    
  -102.4385       20.18390       12.18508    
  -92.62720       33.48140       39.42234    
  -91.65590       30.63270       15.42013    
  -81.93660       22.77540       16.76435    
  -91.57810       30.69960       29.85338    
  -81.95670       22.77560       15.39065    
  -81.93540       22.75480       19.73160    
  -101.5193       20.32110       20.94054    
  -96.01460       18.32310       4.839504    
  -96.19920       29.51240       11.14178    
  -99.33150       22.51880       4.340952    
  -96.46890       38.11840       32.19370    
  -94.61050       37.31450       15.47834    
  -95.26640       33.23070       13.06639    
  -96.17540       29.51160       17.67951    
  -93.99610       30.74500       8.850607    
  -92.26260       30.99470       15.21964    
  -115.7987       48.87850       127.6973    
  -93.67570       30.27650       23.80278    
  -102.4012       20.32520       12.20421    
  -92.53490       15.07650       5.189329    
  -96.10980       17.96820       2.801887    
  -92.17070       30.78460       5.399880    
  -80.27970       22.41390       6.800825    
  -102.2605       20.32130       9.694418    
  -102.2371       20.32060       25.06564    
  -99.04860       22.78090       14.87982    
  -94.04100       35.23990       12.18508    
  -101.6308       20.30380       5.891199    
  -87.65380       31.18340       11.39056    
  -101.9414       32.15720       12.81383    
  -124.3185       43.23630       286.0390    
  -102.5042       20.16550       23.54592    
  -96.76240       28.14070       202.6662    
  -122.0493       42.80000       185.1099    
  -121.3076       42.64840       44.10386    
  -93.11700       33.61710       20.42753    
  -101.4961       20.32040       9.924326    
