  -124.9539       52.45300       219.6855    
  -120.8298       45.98220       26.04612    
  -123.4962       46.10600       23.94163    
  -121.7989       43.39390       28.70109    
  -78.44290       22.07700      9.3255304E-02
  -76.65320       21.13730      0.9024119    
  -76.65140       20.99600      0.2622826    
  -76.63180       20.99590      0.2591730    
  -101.8074       20.36970       4.401080    
  -103.1915       19.79920       2.784975    
  -103.7127       19.20730       12.49460    
  -93.18470       17.89460       1.242279    
  -93.11510       17.83420      0.8892276    
  -99.25800       17.89570       6.530974    
  -102.2042       17.92530      0.8920241    
  -109.6423       30.50830       19.29252    
  -97.92960       27.58070      0.5667330    
  -102.0126       20.25330       12.97909    
  -92.48470       17.90260      7.5481206E-02
  -87.90240       15.27030       8.234405    
  -99.10940       22.94920      0.1866672    
  -104.5222       19.61440       4.350247    
  -96.04290       17.94710       1.857871    
  -99.21680       22.51560       4.138330    
  -101.7519       20.73500       5.197770    
  -100.5856       17.13370       13.09737    
  -96.63260       18.71370       4.121907    
  -101.5749       20.36320       6.660833    
  -101.8587       20.28970       5.928320    
  -98.99390       22.84180      0.6909183    
  -102.3261       20.30280       6.851223    
  -88.60340       18.59510       1.474191    
  -98.98990       22.92500      0.1118124    
  -98.88830       22.77640      7.8822009E-02
  -96.40680       19.30840       5.057958    
  -94.37350       18.07360      7.4854799E-02
  -95.19290       29.23250      0.7333164    
  -96.03920       18.20450       3.300810    
  -95.21840       18.24790      7.8300007E-02
  -94.04100       18.08740      6.8979621E-02
  -101.4630       20.68610       2.015442    
  -103.4942       19.48390      0.1459512    
  -70.34600       18.92870       16.65630    
  -103.4043       19.60270       5.351298    
  -100.1729       25.90870       6.816947    
  -96.07890       18.18550      6.2640004E-02
  -103.3758       19.58170       4.547986    
  -98.88370       22.75550       5.694540    
  -87.70400       15.22970       2.258842    
  -98.99340       22.73780      0.5198451    
  -103.2670       19.61910       4.248612    
  -101.7799       31.37450       1.045204    
  -104.2645       19.83000       6.475936    
  -81.02320       46.49280      0.3764836    
  -104.2695       19.85040       4.391616    
  -123.5983       42.50070       22.13472    
  -103.5400       31.49770       5.831854    
  -92.41240       16.21730       3.514295    
  -92.48000       16.27670      0.3438414    
  -110.8616       33.42080       3.159258    
  -92.40280       16.31450       1.868864    
  -96.52800       28.69040      0.8642364    
  -92.28610       16.17660      0.1074276    
  -92.28400       16.15710      9.9284403E-02
  -92.47350       16.21830      0.1149444    
  -92.39210       16.21700      9.1767602E-02
  -99.01690       22.84250      0.1669356    
  -101.7984       31.84430      0.7145321    
  -98.64710       19.03790       2.802276    
  -92.30640       16.17690      9.2811607E-02
  -96.53370       28.71300      0.6636928    
  -96.76530       28.51920      0.6902928    
  -92.16520       18.64900       2.871188    
  -99.25450       17.87580       20.67390    
  -104.2735       19.76940       9.598624    
  -92.44350       16.31510       4.072641    
  -96.82870       19.37770       3.990531    
  -93.92850       18.02610      6.3579604E-02
  -80.68260       25.23010       1.009703    
  -92.46170       16.29590       3.465029    
  -97.92380       27.55850      0.3718555    
  -80.50740       26.51140      0.2556495    
  -80.73260       26.47010      0.2266315    
  -80.90610       26.60090       5.605356    
  -80.88540       26.60080      6.5145604E-02
  -77.58580       20.77650      8.3781011E-02
  -80.56490       26.79270      0.1481436    
  -81.08290       26.77530      0.1744524    
  -81.03860       26.73170      0.1490832    
  -80.91270       26.70900      0.7350264    
  -81.04990       26.58060       1.986624    
  -94.99100       32.41090       32.22115    
  -92.53690       15.09580      0.7994611    
  -80.91140       26.68740      0.2851686    
  -80.72080       26.62100      0.2757030    
  -80.76480       26.66450      0.1915218    
  -80.60140       26.70640      0.2368836    
  -80.46610       26.51110       1.384215    
  -88.95560       20.98210       2.234494    
  -80.49180       26.96540       1.736486    
  -80.46730       26.53270      0.3291209    
  -80.75330       26.47030       1.285746    
  -80.43800       26.74840      7.6734006E-02
  -81.61830       27.30140       1.228103    
  -80.85940       26.51420      0.1616112    
  -65.36920       48.75550       3.531917    
  -106.9079       36.63610      0.7970957    
  -100.9622       29.13750      0.5504242    
  -98.56430       18.57630      0.1772712    
  -80.49310       26.98710       1.369087    
  -103.7317       19.18770       2.286611    
  -102.7787       32.43130       1.236918    
  -96.33420       18.72740       3.708414    
  -99.36520       18.73450       4.052479    
  -112.3609       29.65700       50.57823    
  -88.00090       21.21100       1.766260    
  -72.23780       18.92160      8.2893603E-02
  -80.45750       26.72690      0.3457728    
  -80.43680       26.72680       9.336993    
  -104.6063       21.43610       5.731106    
  -78.61530       21.89410      8.8479005E-02
  -80.83920       22.84930      8.7904803E-02
  -95.02000       32.95880      0.4227075    
  -77.04510       21.15840      0.1161972    
  -76.99180       20.25280      0.1843661    
  -81.71620       26.91110       3.879726    
  -81.59730       27.30120      0.3284685    
  -80.77270       26.44890       1.834262    
  -80.75200       26.44870      0.3872196    
  -80.77150       26.42730       2.707272    
  -80.75080       26.42720       3.461557    
  -89.62370       15.38600       3.025834    
  -97.58280       25.82700       5.864860    
  -90.43890       16.24790       4.087060    
  -95.35120       31.78700       7.906637    
  -111.6950       35.27120       39.85788    
  -80.41360       26.68340      0.2248776    
  -81.82110       22.85690       3.793468    
  -99.18720       18.73040       7.373452    
  -97.18170       18.24770       7.652624    
  -91.72270       17.69340       6.991043    
  -98.00780       26.05560      0.1514713    
  -99.03560       18.62700       5.673780    
  -100.5182       18.22300       7.378679    
  -97.82360       32.25090       33.06284    
  -77.46860       20.77610      0.1205471    
  -81.57680       22.79310      8.5190400E-02
  -92.82560       16.08740       1.780918    
  -100.5407       18.22350       3.741394    
  -89.64350       15.38620       3.360161    
  -81.14520       22.58400      8.7696008E-02
  -102.9091       21.91990      0.6584704    
  -95.95890       16.62710       2.363564    
  -102.6262       31.97450      0.7175900    
  -114.9954       32.36130      0.4251432    
  -80.50510       26.83550      0.3139830    
  -102.0443       19.14200       5.008692    
  -93.88020       29.75870       2.948383    
  -96.11860       18.44430      0.1656828    
  -80.48440       26.83530       16.01139    
  -80.44660       26.53250       1.154307    
  -80.63160       26.51240       1.747321    
  -102.5246       20.55290       4.775671    
  -83.16390       42.30190      0.2391313    
  -93.13040       35.15960      0.6584704    
  -100.5891       17.15360       16.49671    
  -102.5041       34.62180       2.545202    
  -102.4767       34.62050       4.532279    
  -95.68160       34.06740      0.8704857    
  -123.4240       53.00090       45.20157    
  -80.48550       26.48970      0.2912760    
  -81.89650       22.77510      0.1180396    
  -80.90480       26.57930      0.2978532    
  -80.48430       26.46810      0.3767796    
  -91.78920       18.08860      9.6465603E-02
  -80.63290       26.53400       2.277125    
  -80.61090       26.51220      0.2994192    
  -80.63040       26.49080      0.3329316    
  -78.69560       21.93520      0.1158840    
  -78.59560       21.89410      0.1240272    
  -102.2558       20.30080       1.765135    
  -102.2511       20.28030       17.50579    
  -94.71640       16.40980       4.136566    
  -102.4873       34.64570       4.374270    
  -77.46900       20.79630      0.1219914    
  -112.3302       29.65540       26.36902    
  -106.8450       29.29390       7.312033    
  -77.96280       21.01960      0.7671962    
  -91.49420       17.47360       1.612100    
  -87.87000       21.12800       3.063472    
  -90.30990       19.77480       3.391584    
  -107.9942       30.54180       6.413261    
  -97.54860       28.54460       4.548878    
  -111.2891       28.28380       8.195570    
  -80.92550       26.57950      0.1835352    
  -76.83770       20.35270      0.2326032    
  -102.4338       20.16350       3.503205    
  -102.4492       34.61920       4.913045    
  -80.56710       26.46880      0.2349000    
  -82.51250       22.98670      6.8538606E-02
  -77.96320       21.03980       2.986518    
  -103.7011       20.73030       3.979500    
  -97.84120       42.59510      0.1619244    
  -98.83650       30.51630      0.8191606    
  -91.42100       17.17840       1.307751    
  -90.61300       17.18620       2.787029    
  -78.52020       22.01610       1.516991    
  -101.9426       20.35310       11.00037    
  -95.87360       28.78180      0.8473731    
  -81.21740       22.81080      0.1108728    
  -92.51070       15.03760      0.1052352    
  -97.76740       26.11310       1.254171    
  -101.5657       20.32230      0.6380843    
  -94.52780       17.97760       4.269704    
  -98.82930       30.49300      0.6503160    
  -103.9481       20.57410       5.679481    
  -97.74940       26.13420       1.765435    
  -92.15940       30.94570      0.1600452    
  -101.8214       20.32940       3.510854    
  -101.8260       20.34980       3.265016    
  -97.72430       26.50190      0.7783496    
  -101.8774       20.26990      0.5534849    
  -98.93200       19.26510      0.1969704    
  -103.7201       20.42440       4.365860    
  -92.57540       15.07710      0.5037243    
  -96.23650       29.01750      0.8067792    
  -101.5843       20.30250       2.447846    
  -97.24440       18.36830      0.1315440    
  -101.8170       20.20730      0.6054667    
  -102.4807       20.16480       2.326919    
