  -124.9539       52.45300       2108.981    
  -120.8298       45.98220       250.0427    
  -123.4962       46.10600       229.8397    
  -121.7989       43.39390       275.5305    
  -78.44290       22.07700       1.398830    
  -76.65320       21.13730       13.53618    
  -76.65140       20.99600       3.934239    
  -76.63180       20.99590       3.887595    
  -101.8074       20.36970       32.27458    
  -103.1915       19.79920       20.42315    
  -103.7127       19.20730       181.1717    
  -93.18470       17.89460       18.63418    
  -93.11510       17.83420       13.33841    
  -99.25800       17.89570       47.89381    
  -102.2042       17.92530       13.38036    
  -109.6423       30.50830       141.4785    
  -97.92960       27.58070       8.500995    
  -102.0126       20.25330       188.1969    
  -92.48470       17.90260       1.132218    
  -87.90240       15.27030       119.3988    
  -99.10940       22.94920       2.800008    
  -104.5222       19.61440       63.07858    
  -96.04290       17.94710       13.62439    
  -99.21680       22.51560       30.34775    
  -101.7519       20.73500       49.89860    
  -100.5856       17.13370       96.04740    
  -96.63260       18.71370       30.22732    
  -101.5749       20.36320       96.58208    
  -101.8587       20.28970       43.47435    
  -98.99390       22.84180       10.36377    
  -102.3261       20.30280       50.24230    
  -88.60340       18.59510       21.37577    
  -98.98990       22.92500       1.677186    
  -98.88830       22.77640       1.182330    
  -96.40680       19.30840       37.09169    
  -94.37350       18.07360       1.122822    
  -95.19290       29.23250       10.99975    
  -96.03920       18.20450       24.20594    
  -95.21840       18.24790       1.174500    
  -94.04100       18.08740       1.034694    
  -101.4630       20.68610       14.77991    
  -103.4942       19.48390       2.189268    
  -70.34600       18.92870       159.9005    
  -103.4043       19.60270       77.59382    
  -100.1729       25.90870       49.99095    
  -96.07890       18.18550      0.9396000    
  -103.3758       19.58170       65.94579    
  -98.88370       22.75550       41.75996    
  -87.70400       15.22970       32.75320    
  -98.99340       22.73780       7.797676    
  -103.2670       19.61910       40.78668    
  -101.7799       31.37450       15.67806    
  -104.2645       19.83000       93.90106    
  -81.02320       46.49280       5.647254    
  -104.2695       19.85040       63.67843    
  -123.5983       42.50070       212.4933    
  -103.5400       31.49770       42.76693    
  -92.41240       16.21730       25.77150    
  -92.48000       16.27670       5.157620    
  -110.8616       33.42080       47.38887    
  -92.40280       16.31450       13.70501    
  -96.52800       28.69040       12.96355    
  -92.28610       16.17660       1.611414    
  -92.28400       16.15710       1.489266    
  -92.47350       16.21830       1.724166    
  -92.39210       16.21700       1.376514    
  -99.01690       22.84250       2.504034    
  -101.7984       31.84430       10.71798    
  -98.64710       19.03790       26.90185    
  -92.30640       16.17690       1.392174    
  -96.53370       28.71300       9.955390    
  -96.76530       28.51920       10.35439    
  -92.16520       18.64900       41.63222    
  -99.25450       17.87580       198.4695    
  -104.2735       19.76940       70.38991    
  -92.44350       16.31510       29.86603    
  -96.82870       19.37770       29.26390    
  -93.92850       18.02610      0.9536939    
  -80.68260       25.23010       15.14555    
  -92.46170       16.29590       25.41022    
  -97.92380       27.55850       5.577832    
  -80.50740       26.51140       3.834743    
  -80.73260       26.47010       3.399473    
  -80.90610       26.60090       41.10595    
  -80.88540       26.60080      0.9771839    
  -77.58580       20.77650       1.256715    
  -80.56490       26.79270       2.222154    
  -81.08290       26.77530       2.616786    
  -81.03860       26.73170       2.236248    
  -80.91270       26.70900       11.02540    
  -81.04990       26.58060       29.79935    
  -94.99100       32.41090       236.2884    
  -92.53690       15.09580       11.99192    
  -80.91140       26.68740       4.277530    
  -80.72080       26.62100       4.135545    
  -80.76480       26.66450       2.872827    
  -80.60140       26.70640       3.553254    
  -80.46610       26.51110       20.76322    
  -88.95560       20.98210       16.38629    
  -80.49180       26.96540       26.04729    
  -80.46730       26.53270       4.936813    
  -80.75330       26.47030       19.28618    
  -80.43800       26.74840       1.151010    
  -81.61830       27.30140       18.42155    
  -80.85940       26.51420       2.424168    
  -65.36920       48.75550       33.90640    
  -106.9079       36.63610       11.95644    
  -100.9622       29.13750       8.256362    
  -98.56430       18.57630       2.659068    
  -80.49310       26.98710       20.53631    
  -103.7317       19.18770       16.76848    
  -102.7787       32.43130       18.55377    
  -96.33420       18.72740       27.19503    
  -99.36520       18.73450       58.76094    
  -112.3609       29.65700       370.9070    
  -88.00090       21.21100       12.95257    
  -72.23780       18.92160       1.243404    
  -80.45750       26.72690       5.186592    
  -80.43680       26.72680       68.47128    
  -104.6063       21.43610       55.01862    
  -78.61530       21.89410       1.327185    
  -80.83920       22.84930       1.318572    
  -95.02000       32.95880       6.340611    
  -77.04510       21.15840       1.742958    
  -76.99180       20.25280       2.765492    
  -81.71620       26.91110       28.45132    
  -81.59730       27.30120       4.927028    
  -80.77270       26.44890       27.51392    
  -80.75200       26.44870       5.808294    
  -80.77150       26.42730       40.60907    
  -80.75080       26.42720       51.92335    
  -89.62370       15.38600       43.87459    
  -97.58280       25.82700       43.00897    
  -90.43890       16.24790       59.26237    
  -95.35120       31.78700       75.90372    
  -111.6950       35.27120       382.6356    
  -80.41360       26.68340       3.373164    
  -81.82110       22.85690       27.81877    
  -99.18720       18.73040       54.07198    
  -97.18170       18.24770       56.11924    
  -91.72270       17.69340       67.11401    
  -98.00780       26.05560       2.272070    
  -99.03560       18.62700       41.60772    
  -100.5182       18.22300       54.11031    
  -97.82360       32.25090       242.4608    
  -77.46860       20.77610       1.808207    
  -81.57680       22.79310       1.277856    
  -92.82560       16.08740       13.06006    
  -100.5407       18.22350       27.43689    
  -89.64350       15.38620       48.72233    
  -81.14520       22.58400       1.315440    
  -102.9091       21.91990       9.877055    
  -95.95890       16.62710       17.33280    
  -102.6262       31.97450       10.76385    
  -114.9954       32.36130       6.377147    
  -80.50510       26.83550       4.709745    
  -102.0443       19.14200       36.73041    
  -93.88020       29.75870       42.75155    
  -96.11860       18.44430       2.485242    
  -80.48440       26.83530       117.4169    
  -80.44660       26.53250       17.31461    
  -80.63160       26.51240       26.20982    
  -102.5246       20.55290       35.02159    
  -83.16390       42.30190       3.586970    
  -93.13040       35.15960       9.877055    
  -100.5891       17.15360       120.9759    
  -102.5041       34.62180       38.17803    
  -102.4767       34.62050       67.98418    
  -95.68160       34.06740       13.05728    
  -123.4240       53.00090       433.9351    
  -80.48550       26.48970       4.369140    
  -81.89650       22.77510       1.770594    
  -80.90480       26.57930       4.467798    
  -80.48430       26.46810       5.651694    
  -91.78920       18.08860       1.446984    
  -80.63290       26.53400       34.15688    
  -80.61090       26.51220       4.491288    
  -80.63040       26.49080       4.993974    
  -78.69560       21.93520       1.738260    
  -78.59560       21.89410       1.860408    
  -102.2558       20.30080       26.47703    
  -102.2511       20.28030       128.3758    
  -94.71640       16.40980       39.71103    
  -102.4873       34.64570       65.61405    
  -77.46900       20.79630       1.829871    
  -112.3302       29.65540       193.3728    
  -106.8450       29.29390       53.62157    
  -77.96280       21.01960       11.50794    
  -91.49420       17.47360       23.37544    
  -87.87000       21.12800       22.46546    
  -90.30990       19.77480       49.17796    
  -107.9942       30.54180       47.03058    
  -97.54860       28.54460       33.35844    
  -111.2891       28.28380       60.10085    
  -80.92550       26.57950       2.753028    
  -76.83770       20.35270       3.489048    
  -102.4338       20.16350       25.69017    
  -102.4492       34.61920       73.69568    
  -80.56710       26.46880       3.523500    
  -82.51250       22.98670       1.028079    
  -77.96320       21.03980       21.90114    
  -103.7011       20.73030       57.70275    
  -97.84120       42.59510       2.428866    
  -98.83650       30.51630       12.28741    
  -91.42100       17.17840       18.96238    
  -90.61300       17.18620       40.41191    
  -78.52020       22.01610       21.99636    
  -101.9426       20.35310       105.6036    
  -95.87360       28.78180       12.71060    
  -81.21740       22.81080       1.663092    
  -92.51070       15.03760       1.578528    
  -97.76740       26.11310       18.81256    
  -101.5657       20.32230       9.571264    
  -94.52780       17.97760       31.31116    
  -98.82930       30.49300       9.754740    
  -103.9481       20.57410       82.35246    
  -97.74940       26.13420       26.48152    
  -92.15940       30.94570       2.400678    
  -101.8214       20.32940       25.74626    
  -101.8260       20.34980       23.94345    
  -97.72430       26.50190       11.67524    
  -101.8774       20.26990       8.302273    
  -98.93200       19.26510       2.954556    
  -103.7201       20.42440       63.30495    
  -92.57540       15.07710       7.555865    
  -96.23650       29.01750       12.10169    
  -101.5843       20.30250       17.95087    
  -97.24440       18.36830       1.973160    
  -101.8170       20.20730       9.081999    
  -102.4807       20.16480       17.06408    
