  -85.78130       38.64980       245.9873    
  -102.4900       37.79540       13867.43    
  -102.4611       37.79390       13060.14    
  -114.1322       42.06610       2542.960    
  -92.98380       32.98860       298.5237    
  -97.56360       37.27740       856.1321    
  -102.4773       37.76860       11966.13    
  -93.18470       17.89460       3003.776    
  -97.59040       37.27850       568.4580    
  -122.0214       53.19300       5081.667    
  -70.34600       18.92870       1587.755    
  -110.8929       33.42260       5030.746    
  -110.8616       33.42080       2686.330    
  -101.4139       26.88680       504.3498    
  -102.4647       37.74180       4258.844    
  -98.21740       32.24210       2615.280    
  -89.61210       16.80140       2900.670    
  -93.11510       17.83420       1361.564    
  -114.3670       41.03460       6834.816    
  -93.49100       17.86040       827.3472    
  -98.92640       32.57790       2869.932    
  -109.6423       30.50830       14701.74    
  -83.57790       41.11500       920.5576    
  -94.77200       30.56180       7738.831    
  -92.48470       17.90260       561.3826    
  -98.19740       29.17240       206.7120    
  -94.79660       33.81750       15180.50    
  -84.35360       14.81610      0.0000000E+00
  -70.98290       19.62040       230.5987    
  -89.22600       15.59350      0.0000000E+00
  -97.92170       26.26940       322.8152    
  -74.01290       18.38570       1228.014    
  -91.02210       30.20420       473.7019    
  -83.79060       47.19270       654.7867    
  -101.6045       47.35930       303.1776    
  -91.08610       30.18300       314.4319    
  -89.22910       32.52910       4588.290    
  -100.9012       38.10920       721.4780    
  -101.7973       31.35190       4161.258    
  -92.86390       34.70600       4070.451    
  -92.71240       34.87380       14019.78    
  -89.63210       16.80170       214.2915    
  -88.88200       15.49300       465.3776    
  -92.32470       50.68250       9599.896    
  -97.75000       33.65930       2354.592    
  -90.93590       30.11090       2300.291    
  -90.48680       29.64600       2278.793    
  -92.73700       34.87460      0.0000000E+00
  -81.79610       49.91920       3351.439    
  -98.03250       44.41500       3017.647    
  -92.45000       48.61140       572.4776    
  -105.9226       36.70910       3640.492    
  -91.77230       30.75070       259.0790    
  -90.75470       29.99260       472.7963    
  -97.76090       38.43780       4335.440    
  -100.9132       38.13610       1163.789    
  -92.73050       34.84970       1614.240    
  -92.70590       34.84890       2794.050    
  -91.25960       30.25590       443.5121    
  -103.4623       44.38900       1967.609    
  -92.36080       31.02060       471.5331    
  -90.33110       16.98670       150.8997    
  -91.61110       29.85520       369.5223    
  -89.66840       31.20530       4190.076    
  -97.77130       38.46470       6709.467    
  -88.71720       15.64560      0.0000000E+00
  -85.79210       37.85980      0.0000000E+00
  -90.86480       34.84250       290.9629    
  -91.30110       30.46280       335.3041    
  -70.24120       19.16690       257.7010    
  -102.3051       47.37060       1321.432    
  -98.30710       32.98300       4077.384    
  -90.78800       29.81180       698.6866    
  -108.7400       44.80290       4099.233    
  -90.84180       36.29160       392.0638    
  -119.6086       36.51380       611.8675    
  -93.77170       30.78440       2492.484    
  -71.10050       19.58010       339.6967    
  -71.08110       19.58020       2139.315    
  -91.20470       30.20890       378.6275    
  -90.49120       30.03160       831.7955    
  -89.19520       16.60130      0.0000000E+00
  -90.58240       16.07510      0.0000000E+00
  -85.87420       15.48160      0.0000000E+00
  -91.73460       34.45010       513.6794    
  -91.71040       34.44940       594.6415    
  -91.00530       29.88520       647.5828    
  -124.6273       53.51470       33490.93    
  -87.75710       37.64470       268.0366    
  -91.98040       30.75640      0.0000000E+00
  -70.42010       19.02730       1085.355    
  -70.49810       19.00720      0.0000000E+00
  -92.24950       31.04060       491.3971    
  -98.65810       26.59660       3552.429    
  -88.01800       15.50270       981.1631    
  -85.65570       15.07580       299.0434    
  -100.8977       47.05490       1260.045    
  -119.4561       36.55420       4541.463    
  -91.65400       33.18840       1686.977    
  -90.58050       16.05560      0.0000000E+00
  -91.97550       30.73320       8755.083    
  -90.89480       30.13260       3817.554    
  -91.08640       30.06910       398.2652    
  -89.21510       16.60150      0.0000000E+00
  -84.61990       14.77980       500.4917    
  -85.09540       14.70700      0.0000000E+00
  -98.29910       32.95880       23489.39    
  -91.00910       30.02170       505.1811    
  -92.48230       17.88280       187.5912    
  -91.61270       17.25960       193.8499    
  -92.88850       34.70680       1351.077    
  -88.84560       38.11770       906.0876    
  -90.85910       34.81770       263.2133    
  -92.07240       32.43870       1017.729    
  -91.28280       30.48520       663.5456    
  -91.47520       30.42150       339.3522    
  -90.75910       30.01550       316.9584    
  -85.17160       15.03340      0.0000000E+00
  -87.73240       37.64410       275.6160    
  -90.99860       35.41660       412.0459    
  -85.73620       15.44180       3321.449    
  -81.04590       49.51720       4126.840    
  -90.11840       36.54990       893.6849    
  -91.09090       30.09200       1502.362    
  -90.50960       30.00930       5575.796    
  -90.84120       29.97200       369.4239    
  -90.84520       17.09170       137.1190    
  -85.00120       15.74380      0.0000000E+00
  -91.16880       35.82200       635.2949    
  -91.52250       30.65210       1526.361    
  -90.86030       29.83620       2227.695    
  -93.98190       32.49650       2130.750    
  -91.46220       30.58160       189.4860    
  -90.86230       29.60990       3167.245    
  -90.82500       17.09140       159.8573    
  -90.41140       16.16980       313.5132    
  -86.00170       15.65620       162.6134    
  -99.37650       37.27970       9260.894    
  -91.26870       30.30180       567.0800    
  -124.2197       53.35450       9149.531    
  -89.51860       37.14770       263.9023    
  -91.33600       34.38940       2812.485    
  -92.13120       30.92180       351.6401    
  -85.00230       15.76310      0.0000000E+00
  -88.88980       38.64740       948.8081    
  -91.31180       34.38870      0.0000000E+00
  -92.15440       30.92250       303.8666    
  -91.06320       30.18250       327.9830    
  -95.32670       28.92190       1258.302    
  -90.88380       34.40090       359.5411    
  -91.35250       34.04850       683.2980    
  -91.74200       30.93430       2998.261    
  -90.86390       29.97260       597.3976    
  -92.19090       17.32740      0.0000000E+00
  -90.87950       17.03350      0.0000000E+00
  -122.9296       53.25230       3965.506    
  -94.38280       48.19100       1987.951    
  -91.09640       35.41950       208.7791    
  -91.53880       34.73900       485.6010    
  -91.38440       30.64850       3215.416    
  -91.08190       30.04630       908.8438    
  -91.75730       29.90440       250.1215    
  -91.08450       17.25180      0.0000000E+00
  -91.38910       30.67160       1776.814    
  -90.96830       35.39080       250.1215    
  -96.87300       33.57750       2242.469    
  -106.1062       32.82800       7050.120    
  -115.0834       32.24690       3538.616    
  -90.77740       29.99320       381.2114    
  -90.79770       29.74400       298.6988    
  -70.39820       19.68280       2396.509    
  -92.32290       18.59210      0.0000000E+00
  -90.55540       16.61910      0.0000000E+00
  -90.96240       35.36570       264.5914    
  -103.3145       31.32390       11528.64    
  -92.12440       30.78330       597.8701    
  -91.50760       30.46820       1413.512    
  -91.16360       30.23060       482.6726    
  -90.65940       17.04990       228.7613    
  -97.13470       37.91010       1551.788    
  -91.72250       30.84150       761.2170    
  -92.05980       30.80460       366.2248    
  -103.1425       50.11780       417.5582    
  -90.93740       34.84460       375.5268    
  -110.3364       34.29560       98232.37    
  -121.7573       39.02260       2947.713    
  -92.23420       30.97080       320.2658    
  -103.3053       31.30010       6557.472    
  -88.83630       15.41540      0.0000000E+00
  -90.77810       35.51000       363.1241    
  -98.31580       26.17330       2504.523    
  -91.08250       16.06240      0.0000000E+00
  -90.51980       33.83100       229.4503    
  -92.34260       31.04320       246.6764    
  -91.76770       30.17780       237.7188    
  -96.04740       42.04950       388.6186    
  -91.32920       35.27700       437.8849    
  -91.74070       30.81900       535.7975    
  -91.71760       30.81840       771.7249    
  -91.44240       29.80550       830.3375    
  -120.5592       51.87730       4720.007    
  -92.08660       34.50980       299.5027    
  -91.78310       34.45160       273.8934    
  -91.71890       30.93370       1977.660    
  -91.52590       30.44580       381.3098    
  -88.88910       18.02640      0.0000000E+00
  -91.33520       35.30210       476.1266    
  -90.94310       34.86940       620.1360    
  -91.78910       34.47630       335.5625    
  -91.38790       34.09810       405.6013    
  -91.76300       30.15490       262.9836    
  -122.2358       39.27750       27192.54    
  -91.72930       34.32770       559.7761    
  -91.69940       30.84090       2762.407    
  -91.78060       30.01870       184.6627    
  -90.52070       29.82790       254.6003    
  -71.59860       19.81720       1033.250    
  -121.9939       39.28510       2395.132    
  -91.13790       32.01210      0.0000000E+00
  -93.80860       17.59000       210.1572    
  -83.45890       14.88640       2880.998    
  -85.79650       37.88600      0.0000000E+00
  -122.0536       39.53460       1418.044    
  -91.49370       32.04520       295.5982    
  -90.97700       30.08910       249.6622    
  -90.86530       16.70130      0.0000000E+00
  -90.80250       35.51070       329.3611    
  -102.3641       33.17800       1736.498    
  -98.25960       32.83770       7824.779    
  -89.06950       17.40020      0.0000000E+00
  -90.71810       30.03720       241.8530    
  -91.47580       30.53610      0.0000000E+00
  -91.21380       30.25480       373.4597    
  -90.81500       29.83510       301.1105    
  -98.31030       26.15150       7819.813    
  -91.10730       35.77000       424.8621    
  -92.77850       34.75260       8065.478    
  -99.85230       34.47720       8179.677    
  -100.0126       32.57400       4742.073    
  -89.97740       16.65030       1058.779    
  -89.98230       16.28070       321.7817    
  -99.84300       34.45230       12593.56    
  -91.69450       30.81770       603.1397    
  -91.25500       30.23300       274.2379    
  -92.34360       18.59250      0.0000000E+00
  -81.76580       49.91860       3305.325    
  -90.85720       35.53730       240.7702    
  -100.0041       32.54990       15773.68    
  -90.53030       34.95640       333.4954    
  -99.75800       36.01810       1599.288    
  -89.93720       16.00850       148.1436    
  -99.87880       34.47840       10086.62    
  -99.82590       34.47610       21012.95    
  -99.86940       34.45340       7579.545    
  -99.81660       34.45110       4258.307    
  -113.7759       33.96020       14969.36    
  -91.23670       30.25530       217.0476    
  -91.21810       34.19070      0.0000000E+00
  -91.76390       30.81960       287.5020    
  -90.78490       35.43530       281.8174    
  -110.3677       34.29740       49904.78    
  -110.3511       34.32110       8321.174    
  -109.0504       26.38110       7886.839    
  -124.8264       53.49830       11500.93    
  -122.3926       41.28160       2574.425    
  -93.92150       29.73720       165.3696    
  -88.96960       17.39890      0.0000000E+00
  -97.34290       36.44680       454.3531    
  -110.3824       34.32290       7004.440    
  -95.29840       32.56340      0.0000000E+00
  -89.99500       16.20320      0.0000000E+00
  -83.91930       14.92790       977.7164    
  -112.0047       38.14710       350.0323    
  -90.39660       36.48160       356.0040    
  -91.21250       34.16610      0.0000000E+00
  -90.90770       16.91660      0.0000000E+00
  -97.54520       36.42970       342.4529    
  -91.05940       35.46830       183.2847    
  -97.83010       38.54690       471.3034    
  -97.35200       36.47260       855.0987    
  -97.85750       38.54810       288.0187    
  -119.8374       39.62970       5238.408    
  -102.4485       37.76710       8186.506    
  -110.3530       34.27190       5839.951    
  -97.33590       36.57400       228.0722    
  -98.64710       19.03790       1072.603    
  -108.9962       26.24740       766.2125    
  -108.9687       26.24620       822.0248    
  -90.82690       35.51140       195.6874    
  -120.3687       43.23970       4283.010    
  -123.6240       41.61390       2442.261    
  -98.45340       37.52360       298.3543    
