  -113.0812       43.94760       170.9332    
  -112.4627       43.18840       22.11004    
  -114.3929       40.98050       817.0842    
  -114.3547       40.97770       1964.860    
  -114.3166       40.97480       1540.055    
  -114.4059       40.95350       413.3441    
  -114.3677       40.95060       2604.240    
  -114.3296       40.94780       1471.841    
  -114.2915       40.94500       953.1634    
  -97.77900       37.00270       271.2467    
  -112.6172       36.34170       1801.466    
  -112.5834       36.33950       1416.058    
  -120.6333       36.25480       1044.619    
  -120.6494       36.23040       2331.725    
  -120.6081       36.22730       1781.964    
  -120.5668       36.22430       1161.737    
  -120.6242       36.20290       1818.824    
  -120.5830       36.19990       1977.527    
  -120.5417       36.19690       1014.393    
  -120.5006       36.19380       719.0115    
  -99.27590       31.43690       492.3057    
  -93.18470       17.89460       111.1216    
  -93.11510       17.83420       149.5647    
  -93.10020       17.71570       7.772371    
  -107.9412       41.74110       114.2110    
  -120.5256       36.22130       504.3602    
  -95.97290       18.87940       6.506416    
  -93.12090       17.71610       52.04520    
  -115.1208       46.90430       149.5051    
  -112.5905       44.17980       204.6599    
  -113.2389       43.95980       174.9150    
  -107.0035       40.64040       124.9393    
  -104.7546       47.59830       81.58571    
  -115.3969       46.13140       173.0411    
  -111.7545       43.57840       26.82057    
  -108.2249       40.33030       117.8519    
  -117.1388       48.16070       202.3604    
  -116.8322       47.93430       125.0988    
  -112.2384       42.79110       159.4354    
  -118.9719       36.85470       146.4345    
  -112.5992       36.31500       2818.346    
  -112.5653       36.31280       1031.211    
  -104.5353       50.86230       114.0267    
  -105.9586       48.78850       67.78102    
  -111.1717       44.16230       127.3817    
  -112.5343       43.40010       155.0280    
  -109.0063       39.28800       105.3960    
  -119.8010       37.64630       130.1668    
  -118.1759       36.87470       251.7574    
  -119.0118       36.85760       144.8544    
  -97.48990       20.52240       78.79340    
  -114.0037       44.83690       177.8318    
  -107.3914       41.59160       101.5635    
  -113.7585       42.00920       145.0423    
  -112.8808       50.31650       189.1380    
  -104.5758       47.68500       109.2286    
  -114.9161       47.01560       183.7805    
  -106.8904       45.25680       135.0986    
  -117.6906       41.85770       237.0452    
  -113.5789       39.67790       182.8142    
  -113.7801       48.43120       159.3743    
  -102.0677       45.34670       91.79036    
  -107.3175       44.39860       112.2955    
  -113.0517       44.24560       150.2373    
  -98.77400       24.07190       159.0139    
  -107.7425       50.10230       86.00320    
  -104.4578       47.80930       89.59244    
  -114.3689       44.25910       169.2786    
  -111.2140       43.95530       28.88142    
  -105.6643       42.92040       110.5700    
  -114.3586       44.28840       140.6558    
  -113.3508       44.20870       141.0390    
  -120.2975       38.29200       107.2275    
  -112.8735       35.52040       88.30295    
  -113.7598       44.33130       160.3936    
  -113.3110       44.20560       154.7405    
  -110.3933       42.65690       123.4092    
  -110.2125       41.32750       129.5413    
  -117.1227       38.79980       181.1150    
  -97.80580       37.00380       55.73143    
  -94.51850       32.89430       229.4066    
  -116.7311       47.66200       124.6987    
  -110.5892       40.23800       137.3393    
  -97.07230       38.46070       60.25366    
  -114.3662       33.53160       206.5269    
  -111.1220       51.53470       206.3846    
  -116.4334       46.53720       29.41136    
  -114.4557       43.78640       138.3330    
  -113.3239       38.90260       171.1248    
  -119.8917       37.49570       229.4747    
  -105.3842       49.29580       105.2044    
  -105.2134       48.46390       66.53860    
  -114.3693       47.06610       407.5087    
  -115.0207       45.56740       142.5699    
  -110.8447       44.71330       68.28420    
  -113.3402       44.23800       170.6458    
  -110.6862       41.10690       153.4949    
  -114.3799       41.00760       665.0276    
  -112.8613       48.82470       172.2746    
  -116.5503       45.50970       182.8059    
  -116.1144       44.70430       22.69886    
  -111.0126       44.27090       92.95720    
  -105.3886       42.78610       84.50844    
  -114.4052       41.03750       468.5693    
  -114.3417       41.00470       754.1448    
  -112.7775       36.14780       149.7393    
  -121.3656       51.08720       154.5730    
  -120.7555       50.81080       160.0411    
  -118.3647       47.80990       109.4948    
  -116.2599       46.49030       279.9391    
  -113.2737       44.65670       218.2656    
  -110.9794       44.05780       77.88667    
  -105.3416       42.81230       101.3718    
  -111.7653       42.20630       150.4852    
  -108.2166       41.33420       111.7198    
  -92.57430       18.45760       38.40986    
  -120.2524       50.86740       167.5761    
  -112.6781       47.21660       132.9008    
  -115.8126       46.45180       99.09212    
  -115.9426       44.69010       114.4294    
  -107.9053       41.39850       97.53924    
  -107.3953       40.41560       13.83718    
  -120.3283       38.16160       162.5751    
  -118.8789       37.34190       163.0425    
  -118.1914       36.84990       156.8787    
  -114.2353       52.14850       19.04820    
  -105.2079       48.36240       94.85643    
  -117.6350       46.86670       28.08652    
  -108.6088       41.67170       88.53267    
  -108.5815       41.58470       107.8872    
  -105.3015       49.04870       17.84112    
  -112.2129       49.24750       97.92249    
  -118.5210       47.75850       176.8737    
  -113.6622       47.26580       104.2934    
  -110.4399       44.34910       126.9659    
  -118.1170       49.70960       134.4345    
  -119.7579       49.04320       154.3063    
  -118.3155       47.80540       198.0487    
  -113.1558       45.38440       28.66062    
  -110.0491       44.56280       119.3211    
  -112.2676       42.99770       150.8121    
  -116.3006       42.60980       154.8364    
  -112.8122       40.72540       189.5613    
  -98.79710       24.07260       66.13328    
  -120.6222       51.55420       199.6513    
  -116.6758       47.42830       121.0023    
  -113.2840       44.62710       184.9221    
  -111.3934       42.52570       14.98537    
  -110.6997       41.07980       101.5635    
  -113.1033       40.52390       165.8968    
  -113.9307       48.34360       212.5879    
  -114.3784       48.11550       237.0452    
  -119.3180       47.86520       221.7788    
  -113.1655       45.35420       131.8409    
  -107.0709       41.88390       62.85436    
  -113.4041       42.18340       169.5918    
  -111.3830       41.80650       120.5347    
  -118.1434       42.03730       232.0301    
  -96.87970       38.37310       109.8035    
  -120.5037       37.93670       143.3701    
  -118.9400       48.06100       221.7149    
  -116.0588       46.56850       114.8295    
  -117.0709       46.18050       148.7999    
  -110.0118       44.56010       119.1933    
  -110.5112       43.69450       72.81869    
  -111.1660       43.59400       15.63306    
  -112.1044       43.01480       129.5413    
  -109.1374       42.04990       97.34760    
  -119.1760       37.33770       105.3604    
  -118.8600       37.23610       135.9302    
  -120.3492       50.69880       125.9530    
  -110.4098       44.83350       114.2110    
  -113.2439       44.62400       196.2283    
  -113.1069       44.43120       146.5963    
  -112.6741       43.64780       181.2812    
  -112.3434       43.00340       151.9619    
  -115.6042       42.55460       178.9816    
  -111.1087       42.07290       137.2065    
  -111.8684       41.89850       18.42994    
  -112.2144       41.80940       112.4863    
  -119.7506       38.25010       174.3513    
  -122.7435       51.99380       174.1781    
  -116.7524       47.82820       144.2612    
  -113.4586       47.02200       121.4979    
  -116.6780       42.52400       191.8208    
  -115.1914       40.56590       168.4420    
  -97.83540       38.28240       31.47221    
  -117.8840       36.44130       205.3958    
  -125.3946       52.53840       233.4599    
  -114.2507       48.07130       137.5020    
  -118.2215       47.76390       164.3938    
  -118.6819       47.67500       352.4060    
  -112.7004       44.42970       106.1626    
  -118.9805       47.70250       378.2759    
  -117.4716       46.72400       262.9152    
  -113.2142       44.59120       129.3497    
  -112.5514       43.75750       247.2483    
  -115.1528       40.56300       176.9816    
  -121.3555       51.01440       264.0678    
  -113.3142       44.08560       226.2341    
  -119.2663       37.89570       228.4620    
  -115.5235       39.98330       124.7506    
  -114.8509       47.10700       105.8939    
  -119.5601       48.72010       246.6267    
  -120.6242       49.67520       176.9788    
  -121.7203       44.16100       132.4340    
  -124.2582       51.71480       231.3927    
  -125.9568       53.05150       314.6141    
  -97.46790       20.52180       73.42414    
  -70.34600       18.92870       95.79633    
  -93.11760       17.85400       60.90934    
  -93.89250       18.22320       9.130476    
  -92.55360       18.45730       145.6529    
  -92.48470       17.90260       33.84874    
  -99.49110       24.17770       127.7653    
  -69.80650       44.20570       13.56717    
  -110.8616       33.42080       136.3273    
  -90.04310       35.14090       19.32023    
  -98.29830       35.62750       159.7421    
  -98.27190       35.62640       28.47514    
  -98.91220       32.91110       139.9851    
  -97.41760       20.72370       7.684049    
  -71.14340       45.20290       16.60193    
  -97.83710       34.07570       116.8589    
  -92.49300       30.88570       45.33016    
  -94.28820       42.87020       10.36316    
  -84.50790       30.94180       34.37368    
  -99.55340       37.18440       33.08257    
  -70.39750       19.70270       58.60078    
  -95.97490       29.27930       7.860694    
  -71.74880       44.21690       25.17067    
  -102.2908       25.50650       77.64084    
  -98.80880       21.67860       30.91322    
  -97.75220       37.00150       70.83161    
  -85.57600       32.33400       122.1028    
  -107.3748       24.62210       19.42111    
  -97.78860       37.02880       48.78341    
  -86.72860       30.52080       147.1212    
  -107.3824       24.64380       17.48195    
  -90.56010       19.63870       21.28167    
  -76.88630       37.77360       46.65954    
  -92.42230       29.92210       10.30428    
  -91.62010       34.37330       53.73183    
  -92.41750       29.89920       59.99636    
  -96.51300       38.09390       190.0961    
  -89.71060       35.93100       11.62912    
  -93.95120       32.28260       79.09080    
  -95.50190       31.27850       9.980433    
  -71.02230       19.60030       20.62328    
  -65.82270       18.13150       121.8761    
  -72.73240       45.40930       23.77875    
  -107.4233       24.53840       69.94482    
  -107.3970       24.53740       60.75335    
  -67.04870       18.49530       10.86366    
  -76.88550       37.74750       35.04852    
  -92.46980       30.88510       34.94092    
  -97.40490       36.47480       10.24540    
  -120.6656       36.20590       666.4489    
  -97.55540       21.21620       54.04536    
  -69.78910       18.81290       41.66957    
  -76.97860       17.97480       16.22188    
  -85.57920       32.35760       113.9751    
  -85.55340       32.33360       83.86086    
  -97.74260       36.97540       30.92756    
  -86.70640       30.52040       102.4565    
  -94.33810       33.03170       81.72379    
  -114.5182       33.56530       2238.988    
  -99.29340       31.41420       604.2507    
  -99.26820       31.41330       485.0258    
  -80.99700       28.04060       96.00267    
  -99.24300       31.41230       258.7815    
  -99.26050       31.38960       232.1623    
  -97.45970       35.81880       933.6172    
  -97.27750       35.13640       242.9858    
  -97.16860       34.81010       401.2714    
  -97.16130       34.71110       100.2220    
  -96.00270       30.83170       115.2692    
  -80.99560       28.01850       53.14904    
  -101.8563       27.91750       556.3685    
  -98.63150       21.36620       28.15129    
  -87.67900       21.24700       21.15115    
  -92.57680       18.47750       34.14210    
  -114.5014       33.53990       1447.945    
  -93.75100       17.94390       11.54079    
  -88.56710       33.44340       60.35611    
  -114.5521       33.56740       135.0245    
  -95.32270       31.41220       47.79879    
  -73.44640       46.03600       22.54027    
  -89.35000       31.45300       52.86222    
  -98.89630       31.49240       67.70896    
  -98.87120       31.49140       72.10047    
  -101.8813       27.91840       293.5778    
  -98.87870       31.51510       52.79383    
  -95.61540       18.35480       7.124674    
  -109.5456       27.17420       109.9090    
  -102.4421       18.63040       114.2335    
  -99.23530       31.38870       325.2822    
  -104.8201       19.46110       121.2374    
  -101.9862       34.08210       152.4410    
  -102.4533       18.79110       70.88804    
  -79.73380       37.68820       54.43758    
  -72.96810       45.62740       21.42564    
  -112.6511       36.34390       1140.651    
  -109.0156       26.16070       24.31810    
  -82.01210       33.20540       55.28502    
  -83.13230       32.10700       16.59654    
  -109.9894       27.23880       33.88636    
  -99.21020       31.38770       162.1456    
  -108.2051       25.38730       17.50256    
  -99.28570       31.39060       80.48134    
  -80.43860       27.48750       41.20700    
  -80.54860       27.22660       12.23265    
  -112.6330       36.31710       444.7541    
  -120.6747       36.25790       1761.682    
  -90.91290       31.25940       31.99789    
  -81.10370       28.99510       128.1360    
  -88.54350       39.11840       25.49197    
  -99.25070       31.43590       19.56636    
  -89.97850       20.09050       54.68506    
  -89.78470       19.82670       44.46287    
  -107.7185       38.77750       138.5479    
  -98.49640       36.80240       92.55687    
  -110.0980       33.45040       592.5692    
  -90.06520       20.13210       11.79353    
  -92.48230       17.88280       9.273852    
  -115.1181       39.54360       130.1162    
  -110.1119       33.47540       177.4226    
  -115.9629       31.44360       745.8929    
  -89.98890       19.46980       78.37634    
  -77.28390       17.91660       9.479938    
  -87.79510       15.40400       14.40903    
  -92.99810       15.43080       25.95281    
  -97.34000       39.65290       47.22304    
  -70.48700       18.75020       42.82824    
  -93.36190       17.66100       6.064805    
  -103.3916       33.85520       51.93150    
  -114.4519       39.54980       138.2787    
  -110.0465       32.65130       278.9998    
  -90.71000       31.27740       10.93755    
  -95.19940       17.67410       6.840079    
  -93.27100       16.23040       51.29086    
  -88.01800       15.50270       56.25779    
  -107.6114       40.90190       154.4531    
  -118.9293       38.10840       250.1848    
  -115.0237       32.55500       27.82156    
  -88.01650       15.48340       42.10819    
  -105.0234       39.99610       105.0128    
  -84.32460       32.57240       22.21308    
  -84.30210       32.57200       185.8803    
  -102.9202       48.40800       183.7450    
  -118.9440       38.08300       230.2786    
  -99.50860       31.91480       135.6096    
  -102.4824       18.05180       48.29055    
  -97.36780       39.65420       25.56443    
  -92.61770       38.44610       35.74113    
  -77.54280       21.54450       10.93726    
  -96.12790       18.08730       10.59869    
  -92.62550       38.47290       512.6080    
  -114.8364       38.98240       157.0665    
  -115.8069       31.50520       432.9830    
  -115.9789       31.46820       901.1802    
  -92.99590       17.87160       20.13751    
  -99.22770       31.36500       134.7246    
  -104.3936       31.25540       93.18778    
  -114.8221       39.00820       157.7108    
  -113.7390       37.92090       137.1514    
  -106.1475       28.15810       92.94014    
  -101.8886       27.94090       392.4784    
  -101.8635       27.94000       647.9933    
  -105.4111       29.63920       99.83878    
  -95.69000       17.56500       31.88883    
  -91.12300       32.27050       11.15806    
  -103.4682       25.82950       74.96358    
  -108.1781       25.38620       24.32861    
  -107.4081       24.49500       64.14410    
  -108.3966       34.28430       124.5589    
  -84.35910       30.41210       45.28340    
  -94.10060       17.91060       7.536845    
  -112.4734       39.30190       124.5589    
  -92.83450       32.86480       36.30001    
  -105.4494       29.80080       77.40600    
  -97.74610       31.19330       96.00620    
  -108.1864       25.40810       19.78957    
  -93.06820       37.62200       94.76920    
  -103.1047       44.21590       122.8343    
  -112.8910       27.80180       148.0484    
  -110.2273       27.27200       299.1970    
  -101.7799       31.37450       146.3558    
  -99.02470       20.98790       281.2737    
  -114.4113       37.73030       172.4662    
  -118.1442       37.94420       209.2968    
  -98.18590       35.74830       121.8761    
  -98.15950       35.74720       181.8561    
  -112.4168       39.27090       141.9972    
  -107.4157       24.51670       160.4095    
  -91.63950       32.07280       26.70687    
  -117.3184       39.27250       171.5081    
  -102.7265       18.11790       43.14345    
  -115.4561       40.11570       192.0124    
  -104.0073       21.99590       52.98177    
  -92.42450       18.41540       24.09601    
  -106.8026       34.83970       265.2147    
  -106.7730       34.83810       359.5996    
  -97.35970       36.93350       20.47608    
  -118.0454       38.04250       157.2544    
  -106.0156       32.99160       158.5695    
  -105.9872       32.99010       1165.870    
  -105.9758       32.96550       217.9392    
  -91.63430       32.04910       129.4880    
  -107.2352       24.29610       15.16201    
  -101.9084       19.25920       71.69820    
  -97.81180       38.36060       193.4907    
  -106.6313       35.17890       84.58794    
  -106.6017       35.17730       120.5657    
  -115.2408       38.74300       144.4884    
  -97.80140       38.33370       147.4705    
  -107.4616       24.64700       11.24639    
  -115.9448       31.46610       206.0158    
  -115.9289       31.44150       187.4101    
  -121.4449       43.71810       544.0063    
  -107.4352       24.64590       13.79301    
  -92.53070       17.94280       40.93090    
  -115.7309       37.95410       50.65824    
  -115.7755       37.87820       154.0469    
  -109.8192       27.23100       25.01290    
  -109.7909       27.22970       32.58900    
  -109.8094       27.20840       40.88087    
  -109.7811       27.20710       54.84356    
  -115.4965       40.03620       145.0633    
  -116.2640       39.41060       107.2787    
  -97.83920       38.36180       143.4482    
  -97.82880       38.33490       48.22403    
  -112.9426       33.34790       466.6905    
  -112.9100       33.34600       496.0622    
  -99.21780       31.41130       144.2968    
  -115.4830       40.06270       170.0302    
  -112.9270       33.32270       283.9473    
  -112.8945       33.32080       363.7330    
  -94.76820       32.02600       50.02671    
  -101.9423       32.22830       50.39846    
  -101.9332       32.20420       57.11510    
  -121.4939       43.72250       690.7274    
  -115.4486       35.61170       765.4175    
  -115.4648       35.58750       795.6660    
  -115.4291       35.58510       1580.507    
  -112.9582       33.37320       190.5089    
  -112.9256       33.37120       196.8031    
  -97.77780       31.21770       108.0788    
  -109.0439       26.09640       26.61448    
  -90.94450       47.77410       20.58877    
  -122.7203       41.82040       977.0920    
  -122.6714       41.81620       1801.569    
  -115.4843       35.61400       420.2845    
  -115.3934       35.58270       487.5450    
  -109.5544       27.13030       19.78422    
  -103.2426       22.28280       30.19010    
  -80.05990       43.10060       16.64877    
  -121.4538       43.68920       1101.600    
  -121.4049       43.68490       535.2040    
  -115.0000       35.78440       1495.227    
  -115.0548       35.81340       331.0421    
  -115.0194       35.81100       809.7568    
  -114.9840       35.80870       499.5066    
  -115.0354       35.78670       755.4599    
  -114.9646       35.78200       441.5148    
  -114.9806       35.75780       885.5998    
  -109.7051       27.15930       28.64590    
  -109.6769       27.15800       16.57517    
  -108.7102       25.79880       17.63504    
  -107.7141       24.91450       20.37303    
  -95.87120       18.35990       11.24639    
  -120.9018       40.43020       364.8140    
  -115.9858       39.25460       164.3938    
  -106.9633       44.46530       86.42220    
  -122.6825       41.78860       384.4614    
  -122.6337       41.78440       838.3614    
  -120.8569       40.42660       362.7442    
  -117.0977       38.77110       365.3772    
  -113.4948       32.96900       261.2198    
  -109.0164       26.09520       21.40346    
  -113.5104       32.99410       1778.956    
  -113.4776       32.99210       1880.430    
  -113.4620       32.96710       2952.794    
  -115.3928       33.79120       424.7033    
  -113.5261       33.01920       607.1297    
  -113.4932       33.01730       305.9603    
  -113.5432       32.99610       1570.196    
  -113.4448       32.99020       121.8393    
  -113.5276       32.97100       4096.719    
  -113.4791       32.94390       4037.981    
  -113.4464       32.94200       1095.050    
  -111.1612       40.24930       111.9114    
  -115.3581       33.78900       724.9929    
  -113.5589       33.02120       171.9089    
  -113.5119       32.94590       1331.872    
  -106.4260       40.71570       167.1006    
  -117.9469       38.14110       132.5572    
  -75.90730       20.81350       19.44565    
  -120.2292       46.78190       318.8300    
  -107.2908       38.83180       85.41336    
  -120.3029       37.10860       42.99829    
  -112.5811       36.28830       312.6300    
  -112.5856       46.59690       153.3207    
  -98.43270       36.77400       10.68701    
  -102.4534       22.36190       53.46453    
  -112.5444       46.59360       150.8121    
  -113.0486       44.36610       154.4531    
  -109.0846       29.33120       74.77568    
