  -113.0812       43.94760       181.8438    
  -112.4627       43.18840       23.52132    
  -114.3929       40.98050       1899.169    
  -114.3547       40.97770       2090.276    
  -114.3166       40.97480       7948.672    
  -114.4059       40.95350       439.7278    
  -114.3677       40.95060       2770.469    
  -114.3296       40.94780       3421.036    
  -114.2915       40.94500       1014.004    
  -97.77900       37.00270       288.5604    
  -112.6172       36.34170       1916.453    
  -112.5834       36.33950       1506.445    
  -120.6333       36.25480       2428.034    
  -120.6494       36.23040       5419.685    
  -120.6081       36.22730       4141.863    
  -120.5668       36.22430       2700.253    
  -120.6242       36.20290       9387.477    
  -120.5830       36.19990       4596.415    
  -120.5417       36.19690       2357.779    
  -120.5006       36.19380       1671.216    
  -99.27590       31.43690       1144.278    
  -93.18470       17.89460       118.2145    
  -93.11510       17.83420       159.1114    
  -93.10020       17.71570       8.268480    
  -107.9412       41.74110       121.5010    
  -120.5256       36.22130       1172.297    
  -95.97290       18.87940       6.921720    
  -93.12090       17.71610       55.36723    
  -115.1208       46.90430       771.6390    
  -112.5905       44.17980       217.7234    
  -113.2389       43.95980       406.5592    
  -107.0035       40.64040       290.3994    
  -104.7546       47.59830       86.79331    
  -115.3969       46.13140       184.0863    
  -111.7545       43.57840       28.53252    
  -108.2249       40.33030       125.3744    
  -117.1388       48.16070       215.2770    
  -116.8322       47.93430       645.6712    
  -112.2384       42.79110       169.6122    
  -118.9719       36.85470       340.3612    
  -112.5992       36.31500       6550.751    
  -112.5653       36.31280       2396.870    
  -104.5353       50.86230       121.3050    
  -105.9586       48.78850       72.10748    
  -111.1717       44.16230       296.0764    
  -112.5343       43.40010       164.9234    
  -109.0063       39.28800       112.1234    
  -119.8010       37.64630       671.8284    
  -118.1759       36.87470       585.1658    
  -119.0118       36.85760       336.6886    
  -97.48990       20.52240       83.82276    
  -114.0037       44.83690       189.1828    
  -107.3914       41.59160       108.0462    
  -113.7585       42.00920       337.1253    
  -112.8808       50.31650       201.2106    
  -104.5758       47.68500       116.2007    
  -114.9161       47.01560       948.5447    
  -106.8904       45.25680       143.7219    
  -117.6906       41.85770       252.1758    
  -113.5789       39.67790       194.4832    
  -113.7801       48.43120       822.5768    
  -102.0677       45.34670       97.64931    
  -107.3175       44.39860       579.5897    
  -113.0517       44.24560       159.8269    
  -98.77400       24.07190       169.1637    
  -107.7425       50.10230       91.49277    
  -104.4578       47.80930       95.31110    
  -114.3689       44.25910       393.4585    
  -111.2140       43.95530       30.72492    
  -105.6643       42.92040       117.6277    
  -114.3586       44.28840       149.6338    
  -113.3508       44.20870       150.0415    
  -120.2975       38.29200       553.4324    
  -112.8735       35.52040       205.2447    
  -113.7598       44.33130       170.6315    
  -113.3110       44.20560       164.6176    
  -110.3933       42.65690       131.2864    
  -110.2125       41.32750       137.8099    
  -117.1227       38.79980       420.9700    
  -97.80580       37.00380       59.28876    
  -94.51850       32.89430       533.2153    
  -116.7311       47.66200       643.6061    
  -110.5892       40.23800       319.2210    
  -97.07230       38.46070       140.0490    
  -114.3662       33.53160       219.7094    
  -111.1220       51.53470       219.5581    
  -116.4334       46.53720       31.28868    
  -114.4557       43.78640       321.5307    
  -113.3239       38.90260       182.0477    
  -119.8917       37.49570       533.3737    
  -105.3842       49.29580       111.9196    
  -105.2134       48.46390       70.78575    
  -114.3693       47.06610       947.1824    
  -115.0207       45.56740       735.8449    
  -110.8447       44.71330       352.4346    
  -113.3402       44.23800       181.5381    
  -110.6862       41.10690       163.2925    
  -114.3799       41.00760       1545.740    
  -112.8613       48.82470       183.2709    
  -116.5503       45.50970       424.9002    
  -116.1144       44.70430       24.14772    
  -111.0126       44.27090       479.7791    
  -105.3886       42.78610       89.90260    
  -114.4052       41.03750       1089.107    
  -114.3417       41.00470       1752.877    
  -112.7775       36.14780       348.0426    
  -121.3656       51.08720       797.7963    
  -120.7555       50.81080       826.0186    
  -118.3647       47.80990       565.1343    
  -116.2599       46.49030       650.6694    
  -113.2737       44.65670       232.1975    
  -110.9794       44.05780       401.9957    
  -105.3416       42.81230       107.8424    
  -111.7653       42.20630       349.7764    
  -108.2166       41.33420       118.8508    
  -92.57430       18.45760       198.2444    
  -120.2524       50.86740       864.9089    
  -112.6781       47.21660       685.9395    
  -115.8126       46.45180       511.4432    
  -115.9426       44.69010       590.6033    
  -107.9053       41.39850       103.7652    
  -107.3953       40.41560       14.72040    
  -120.3283       38.16160       839.0972    
  -118.8789       37.34190       378.9637    
  -118.1914       36.84990       364.6369    
  -114.2353       52.14850       20.26404    
  -105.2079       48.36240       100.9111    
  -117.6350       46.86670       29.87928    
  -108.6088       41.67170       94.18369    
  -108.5815       41.58470       114.7736    
  -105.3015       49.04870       18.97992    
  -112.2129       49.24750       104.1729    
  -118.5210       47.75850       188.1635    
  -113.6622       47.26580       538.2887    
  -110.4399       44.34910       655.3080    
  -118.1170       49.70960       693.8556    
  -119.7579       49.04320       796.4196    
  -118.3155       47.80540       210.6901    
  -113.1558       45.38440       30.49002    
  -110.0491       44.56280       126.9373    
  -112.2676       42.99770       160.4384    
  -116.3006       42.60980       164.7196    
  -112.8122       40.72540       201.6610    
  -98.79710       24.07260       153.7152    
  -120.6222       51.55420       1030.458    
  -116.6758       47.42830       624.5279    
  -113.2840       44.62710       196.7257    
  -111.3934       42.52570       15.94188    
  -110.6997       41.07980       108.0462    
  -113.1033       40.52390       385.5980    
  -113.9307       48.34360       1097.228    
  -114.3784       48.11550       252.1758    
  -119.3180       47.86520       235.9349    
  -113.1655       45.35420       140.2562    
  -107.0709       41.88390       66.86634    
  -113.4041       42.18340       180.4168    
  -111.3830       41.80650       128.2285    
  -118.1434       42.03730       539.3132    
  -96.87970       38.37310       116.8122    
  -120.5037       37.93670       739.9750    
  -118.9400       48.06100       235.8669    
  -116.0588       46.56850       592.6683    
  -117.0709       46.18050       345.8591    
  -110.0118       44.56010       126.8014    
  -110.5112       43.69450       375.8384    
  -111.1660       43.59400       16.63092    
  -112.1044       43.01480       137.8099    
  -109.1374       42.04990       103.5613    
  -119.1760       37.33770       543.7955    
  -118.8600       37.23610       315.9458    
  -120.3492       50.69880       133.9926    
  -110.4098       44.83350       121.5010    
  -113.2439       44.62400       208.7535    
  -113.1069       44.43120       155.9535    
  -112.6741       43.64780       192.8523    
  -112.3434       43.00340       161.6616    
  -115.6042       42.55460       190.4060    
  -111.1087       42.07290       145.9643    
  -111.8684       41.89850       19.60632    
  -112.2144       41.80940       119.6663    
  -119.7506       38.25010       405.2491    
  -122.7435       51.99380       898.9835    
  -116.7524       47.82820       744.5738    
  -113.4586       47.02200       627.0857    
  -116.6780       42.52400       204.0647    
  -115.1914       40.56590       179.1937    
  -97.83540       38.28240       33.48108    
  -117.8840       36.44130       218.5062    
  -125.3946       52.53840       1204.955    
  -114.2507       48.07130       709.6876    
  -118.2215       47.76390       382.1045    
  -118.6819       47.67500       374.9000    
  -112.7004       44.42970       112.9389    
  -118.9805       47.70250       402.4212    
  -117.4716       46.72400       279.6970    
  -113.2142       44.59120       137.6060    
  -112.5514       43.75750       574.6852    
  -115.1528       40.56300       411.3628    
  -121.3555       51.01440       1362.931    
  -113.3142       44.08560       525.8415    
  -119.2663       37.89570       531.0199    
  -115.5235       39.98330       132.7134    
  -114.8509       47.10700       546.5490    
  -119.5601       48.72010       262.3689    
  -120.6242       49.67520       913.4388    
  -121.7203       44.16100       683.5304    
  -124.2582       51.71480       1194.285    
  -125.9568       53.05150       1623.815    
  -97.46790       20.52180       78.11080    
  -70.34600       18.92870       494.4326    
  -93.11760       17.85400       64.79716    
  -93.89250       18.22320       19.63052    
  -92.55360       18.45730       154.9499    
  -92.48470       17.90260       36.00931    
  -99.49110       24.17770       296.9679    
  -69.80650       44.20570       70.02409    
  -110.8616       33.42080       145.0291    
  -90.04310       35.14090       20.55344    
  -98.29830       35.62750       169.9384    
  -98.27190       35.62640       30.29270    
  -98.91220       32.91110       148.9203    
  -97.41760       20.72370       8.174520    
  -71.14340       45.20290       85.68737    
  -97.83710       34.07570       124.3180    
  -92.49300       30.88570       233.9621    
  -94.28820       42.87020       11.02464    
  -84.50790       30.94180       36.56775    
  -99.55340       37.18440       76.89462    
  -70.39750       19.70270       136.2072    
  -95.97490       29.27930       8.362441    
  -71.74880       44.21690       129.9131    
  -102.2908       25.50650       180.4625    
  -98.80880       21.67860       71.85235    
  -97.75220       37.00150       75.35278    
  -85.57600       32.33400       283.8065    
  -107.3748       24.62210       20.66076    
  -97.78860       37.02880       51.89724    
  -86.72860       30.52080       156.5119    
  -107.3824       24.64380       18.59782    
  -90.56010       19.63870       45.75560    
  -76.88630       37.77360       100.3180    
  -92.42230       29.92210       10.96200    
  -91.62010       34.37330       115.5235    
  -92.41750       29.89920       309.6586    
  -96.51300       38.09390       202.2299    
  -89.71060       35.93100       12.37140    
  -93.95120       32.28260       183.8327    
  -95.50190       31.27850       10.61748    
  -71.02230       19.60030       21.93966    
  -65.82270       18.13150       129.6555    
  -72.73240       45.40930       25.29654    
  -107.4233       24.53840       361.0055    
  -107.3970       24.53740       313.5657    
  -67.04870       18.49530       11.55708    
  -76.88550       37.74750       180.8956    
  -92.46980       30.88510       180.3402    
  -97.40490       36.47480       10.89936    
  -120.6656       36.20590       1549.043    
  -97.55540       21.21620       57.49506    
  -69.78910       18.81290       96.85360    
  -76.97860       17.97480       17.25732    
  -85.57920       32.35760       245.0465    
  -85.55340       32.33360       432.8302    
  -97.74260       36.97540       32.90166    
  -86.70640       30.52040       238.1422    
  -94.33810       33.03170       189.9526    
  -114.5182       33.56530       5204.134    
  -99.29340       31.41420       1404.475    
  -99.26820       31.41330       515.9849    
  -80.99700       28.04060       223.1413    
  -99.24300       31.41230       275.2995    
  -99.26050       31.38960       246.9812    
  -97.45970       35.81880       993.2098    
  -97.27750       35.13640       258.4955    
  -97.16860       34.81010       426.8845    
  -97.16130       34.71110       106.6192    
  -96.00270       30.83170       122.6268    
  -80.99560       28.01850       123.5356    
  -101.8563       27.91750       1293.181    
  -98.63150       21.36620       29.94818    
  -87.67900       21.24700       49.16213    
  -92.57680       18.47750       176.2173    
  -114.5014       33.53990       3365.494    
  -93.75100       17.94390       12.27744    
  -88.56710       33.44340       140.2872    
  -114.5521       33.56740       143.6431    
  -95.32270       31.41220       111.0999    
  -73.44640       46.03600       23.97901    
  -89.35000       31.45300       122.8690    
  -98.89630       31.49240       72.03082    
  -98.87120       31.49140       76.70263    
  -101.8813       27.91840       682.3699    
  -98.87870       31.51510       56.16365    
  -95.61540       18.35480       7.579441    
  -109.5456       27.17420       255.4641    
  -102.4421       18.63040       245.6021    
  -99.23530       31.38870       346.0449    
  -104.8201       19.46110       128.9759    
  -101.9862       34.08210       162.1713    
  -102.4533       18.79110       164.7668    
  -79.73380       37.68820       117.0408    
  -72.96810       45.62740       22.79323    
  -112.6511       36.34390       2651.242    
  -109.0156       26.16070       25.87032    
  -82.01210       33.20540       58.81385    
  -83.13230       32.10700       35.68257    
  -109.9894       27.23880       36.04932    
  -99.21020       31.38770       172.4954    
  -108.2051       25.38730       18.61974    
  -99.28570       31.39060       85.61845    
  -80.43860       27.48750       43.83723    
  -80.54860       27.22660       13.01346    
  -112.6330       36.31710       473.1427    
  -120.6747       36.25790       4094.720    
  -90.91290       31.25940       74.37348    
  -81.10370       28.99510       136.3149    
  -88.54350       39.11840       27.11912    
  -99.25070       31.43590       20.81528    
  -89.97850       20.09050       127.1058    
  -89.78470       19.82670       95.59518    
  -107.7185       38.77750       147.3914    
  -98.49640       36.80240       98.46476    
  -110.0980       33.45040       1377.323    
  -90.06520       20.13210       25.35609    
  -92.48230       17.88280       9.865800    
  -115.1181       39.54360       138.4215    
  -110.1119       33.47540       412.3877    
  -115.9629       31.44360       1733.697    
  -89.98890       19.46980       83.37908    
  -77.28390       17.91660       10.08504    
  -87.79510       15.40400       30.97942    
  -92.99810       15.43080       27.60938    
  -97.34000       39.65290       50.23728    
  -70.48700       18.75020       92.08072    
  -93.36190       17.66100       6.451920    
  -103.3916       33.85520       55.24628    
  -114.4519       39.54980       321.4044    
  -110.0465       32.65130       648.4859    
  -90.71000       31.27740       23.51573    
  -95.19940       17.67410       7.276680    
  -93.27100       16.23040       119.2166    
  -88.01800       15.50270       59.84872    
  -107.6114       40.90190       164.3118    
  -118.9293       38.10840       266.1540    
  -115.0237       32.55500       29.59740    
  -88.01650       15.48340       44.79595    
  -105.0234       39.99610       111.7157    
  -84.32460       32.57240       23.63094    
  -84.30210       32.57200       197.7450    
  -102.9202       48.40800       195.4734    
  -118.9440       38.08300       244.9772    
  -99.50860       31.91480       144.2655    
  -102.4824       18.05180       51.37293    
  -97.36780       39.65420       27.19620    
  -92.61770       38.44610       38.02248    
  -77.54280       21.54450       11.63538    
  -96.12790       18.08730       11.27520    
  -92.62550       38.47290       545.3276    
  -114.8364       38.98240       365.0735    
  -115.8069       31.50520       1006.393    
  -115.9789       31.46820       2094.635    
  -92.99590       17.87160       21.42288    
  -99.22770       31.36500       143.3240    
  -104.3936       31.25540       216.5986    
  -114.8221       39.00820       167.7775    
  -113.7390       37.92090       318.7843    
  -106.1475       28.15810       98.87249    
  -101.8886       27.94090       912.2472    
  -101.8635       27.94000       1506.147    
  -105.4111       29.63920       106.2115    
  -95.69000       17.56500       33.92429    
  -91.12300       32.27050       11.87028    
  -103.4682       25.82950       174.2397    
  -108.1781       25.38620       25.88150    
  -107.4081       24.49500       331.0663    
  -108.3966       34.28430       132.5095    
  -84.35910       30.41210       233.7207    
  -94.10060       17.91060       8.017920    
  -112.4734       39.30190       132.5095    
  -92.83450       32.86480       78.04502    
  -105.4494       29.80080       179.9166    
  -97.74610       31.19330       102.1343    
  -108.1864       25.40810       21.05273    
  -93.06820       37.62200       100.8183    
  -103.1047       44.21590       130.6748    
  -112.8910       27.80180       344.1124    
  -110.2273       27.27200       318.2947    
  -101.7799       31.37450       155.6977    
  -99.02470       20.98790       653.7712    
  -114.4113       37.73030       183.4747    
  -118.1442       37.94420       486.4736    
  -98.18590       35.74830       129.6555    
  -98.15950       35.74720       193.4639    
  -112.4168       39.27090       151.0609    
  -107.4157       24.51670       372.8438    
  -91.63950       32.07280       28.41156    
  -117.3184       39.27250       182.4554    
  -102.7265       18.11790       92.75841    
  -115.4561       40.11570       204.2685    
  -104.0073       21.99590       123.1468    
  -92.42450       18.41540       51.80642    
  -106.8026       34.83970       282.1434    
  -106.7730       34.83810       835.8262    
  -97.35970       36.93350       21.78306    
  -118.0454       38.04250       365.5102    
  -106.0156       32.99160       368.5671    
  -105.9872       32.99010       1240.287    
  -105.9758       32.96550       506.5614    
  -91.63430       32.04910       137.7532    
  -107.2352       24.29610       16.12980    
  -101.9084       19.25920       166.6499    
  -97.81180       38.36060       205.8412    
  -106.6313       35.17890       89.98717    
  -106.6017       35.17730       128.2613    
  -115.2408       38.74300       153.7111    
  -97.80140       38.33370       342.7693    
  -107.4616       24.64700       11.96424    
  -115.9448       31.46610       478.8476    
  -115.9289       31.44150       435.6019    
  -121.4449       43.71810       2807.775    
  -107.4352       24.64590       14.67342    
  -92.53070       17.94280       43.54352    
  -115.7309       37.95410       117.7462    
  -115.7755       37.87820       163.8797    
  -109.8192       27.23100       26.60947    
  -109.7909       27.22970       34.66915    
  -109.8094       27.20840       43.49029    
  -109.7811       27.20710       58.34422    
  -115.4965       40.03620       154.3226    
  -116.2640       39.41060       249.3505    
  -97.83920       38.36180       333.4201    
  -97.82880       38.33490       51.30216    
  -112.9426       33.34790       1084.740    
  -112.9100       33.34600       1153.009    
  -99.21780       31.41130       153.5072    
  -115.4830       40.06270       395.2052    
  -112.9270       33.32270       659.9855    
  -112.8945       33.32080       845.4335    
  -94.76820       32.02600       116.2783    
  -101.9423       32.22830       53.61539    
  -101.9332       32.20420       132.7540    
  -121.4939       43.72250       3565.044    
  -115.4486       35.61170       1779.079    
  -115.4648       35.58750       1849.386    
  -115.4291       35.58510       1681.391    
  -112.9582       33.37320       442.8045    
  -112.9256       33.37120       209.3650    
  -97.77780       31.21770       114.9775    
  -109.0439       26.09640       28.31328    
  -90.94450       47.77410       106.2646    
  -122.7203       41.82040       5043.055    
  -122.6714       41.81620       4187.431    
  -115.4843       35.61400       976.8774    
  -115.3934       35.58270       1133.213    
  -109.5544       27.13030       21.04704    
  -103.2426       22.28280       70.17159    
  -80.05990       43.10060       17.71146    
  -121.4538       43.68920       2560.476    
  -121.4049       43.68490       2762.343    
  -115.0000       35.78440       1590.667    
  -115.0548       35.81340       769.4492    
  -115.0194       35.81100       1882.137    
  -114.9840       35.80870       1161.015    
  -115.0354       35.78670       1755.934    
  -114.9646       35.78200       1026.224    
  -114.9806       35.75780       942.1275    
  -109.7051       27.15930       30.47436    
  -109.6769       27.15800       17.63316    
  -108.7102       25.79880       18.76068    
  -107.7141       24.91450       21.67344    
  -95.87120       18.35990       11.96424    
  -120.9018       40.43020       388.1000    
  -115.9858       39.25460       382.1045    
  -106.9633       44.46530       446.0500    
  -122.6825       41.78860       893.6129    
  -122.6337       41.78440       1948.624    
  -120.8569       40.42660       843.1353    
  -117.0977       38.77110       849.2552    
  -113.4948       32.96900       277.8935    
  -109.0164       26.09520       22.76964    
  -113.5104       32.99410       4134.871    
  -113.4776       32.99210       4370.729    
  -113.4620       32.96710       6863.252    
  -115.3928       33.79120       451.8121    
  -113.5261       33.01920       1411.166    
  -113.4932       33.01730       711.1511    
  -113.5432       32.99610       3649.644    
  -113.4448       32.99020       283.1940    
  -113.5276       32.97100       4358.212    
  -113.4791       32.94390       9385.577    
  -113.4464       32.94200       2545.252    
  -111.1612       40.24930       119.0547    
  -115.3581       33.78900       771.2691    
  -113.5589       33.02120       399.5721    
  -113.5119       32.94590       3095.702    
  -106.4260       40.71570       177.7666    
  -117.9469       38.14110       141.0183    
  -75.90730       20.81350       20.68686    
  -120.2292       46.78190       741.0643    
  -107.2908       38.83180       440.8432    
  -120.3029       37.10860       45.74286    
  -112.5811       36.28830       726.6536    
  -112.5856       46.59690       356.3670    
  -98.43270       36.77400       11.36916    
  -102.4534       22.36190       56.87716    
  -112.5444       46.59360       160.4384    
  -113.0486       44.36610       164.3118    
  -109.0846       29.33120       173.8029    
