  -109.6423       30.50830       2825.023    
  -70.34600       18.92870       1960.557    
  -110.8616       33.42080       493.9852    
  -80.98030       26.79610       56.92567    
  -93.11510       17.83420       82.11089    
  -93.18470       17.89460       112.4244    
  -71.08630       43.11830       296.0668    
  -81.00110       26.79630       555.4558    
  -81.16880       26.81940       787.9035    
  -82.65440       33.54940       298.3304    
  -80.97900       26.77440       44.98805    
  -96.26220       18.12970       220.1995    
  -88.37600       15.31390       87.14193    
  -72.36520       19.31740       91.35731    
  -92.48070       14.94080       175.4230    
  -72.34580       19.31750       69.98140    
  -105.3441       40.34510       430.4453    
  -98.96880       18.74530       915.2495    
  -80.31300       22.27070       28.15042    
  -101.8773       20.37160       2117.436    
  -91.77360       15.12400       500.9786    
  -85.17520       30.63080       192.8133    
  -82.75710       30.07130       142.0194    
  -79.49660       37.01410       203.6269    
  -85.17800       30.65380       152.3509    
  -82.99490       22.68210       113.4172    
  -98.08970       36.27470       497.8892    
  -98.08040       36.24890       72.61228    
  -97.77950       16.13310       444.0392    
  -99.02100       21.82830       294.8329    
  -93.02450       16.75310       125.6903    
  -93.00400       16.75280       732.4922    
  -88.50600       15.21900       155.3608    
  -75.63260       20.51160       25.12490    
  -85.14130       30.35580       161.2175    
  -101.1895       20.59700       1383.459    
  -82.70320       31.12380       575.6437    
  -83.30510       30.35150       233.7692    
  -91.56700       36.33910       1038.700    
  -83.28330       30.35120       320.1219    
  -101.1664       20.59630       1526.665    
  -94.52780       17.97760       1384.733    
  -87.84660       15.30820       254.6768    
  -101.1941       20.61750       1735.397    
  -84.41270       39.50610       114.0351    
  -76.82020       20.49310       47.22430    
  -82.13150       32.56500       225.7507    
  -83.01510       22.68230       113.7856    
  -82.99350       22.66150       147.9870    
  -101.9053       20.29100       696.9920    
  -89.89220       16.80510       226.2670    
  -83.26750       30.19150       175.7895    
  -85.37360       32.00140       184.1313    
  -72.26850       19.31770       185.7987    
  -84.25110       32.33510       592.5037    
  -86.06610       31.50030       263.3262    
  -72.08560       18.82320       32.09674    
  -98.95470       16.88170       932.1094    
  -95.61830       18.37480       39.52897    
  -83.63710       32.04380       56.43238    
  -83.58820       30.56090       729.7910    
  -82.77040       29.50630       188.7424    
  -89.23640       16.83560       186.2236    
  -82.88330       32.71680       258.4414    
  -82.13680       32.14100       508.8643    
  -88.47640       38.47690       60.51024    
  -89.75620       38.06470       212.7978    
  -91.95610       38.00210       398.0722    
  -105.5157       38.24880       290.2570    
  -81.87000       23.00170       43.67261    
  -81.86870       22.98100       40.25246    
  -106.4947       37.28320       870.0729    
  -88.76020       18.14290       153.2683    
  -98.88230       19.70650       91.30469    
  -99.32980       22.91380       1093.482    
  -88.58240       18.37730       43.08066    
  -114.8166       32.18310       2454.304    
  -88.88720       18.00670       133.3905    
  -114.8324       32.20800       2030.917    
  -86.73500       31.02650       659.9430    
  -83.16390       42.30190       108.5972    
  -105.6087       38.14850       922.3873    
  -99.17950       19.63310       65.85005    
  -88.67320       18.27980       35.12225    
  -98.45770       18.59390       41.69945    
  -88.60050       18.35780       44.46187    
  -117.3506       39.05880       1269.315    
  -96.04820       18.40320       196.0733    
  -89.02380       17.96910       229.2091    
  -88.65310       18.27960       44.72496    
  -88.76210       18.16260       163.4534    
  -96.06960       18.40360       175.1727    
  -88.74200       18.16240       109.8510    
  -97.15040       18.18750       52.88069    
  -92.55120       15.03820       103.9198    
  -88.78780       18.22220       363.3170    
