  -105.5626       39.61850       767.2938    
  -96.97810       38.35080       10467.14    
  -109.0649       38.59410       1080.861    
  -95.98250       37.70550       585.2844    
  -79.07720       35.14580       163.6370    
  -79.25450       35.04830       242.3970    
  -82.20230       23.16990       69.53040    
  -81.79370       22.73310       202.0516    
  -81.79250       22.71250       261.3430    
  -79.67300       22.65660       164.1377    
  -78.39700       21.85250       1572.735    
  -79.14380       21.75400       152.8015    
  -78.90310       21.63090       684.1927    
  -76.81130       21.23870       69.62436    
  -77.71260       21.22080       179.6907    
  -89.16500       20.84370       207.2545    
  -101.9587       20.92480       561.0516    
  -76.19670       20.45190       1276.598    
  -76.17720       20.45190       558.7019    
  -101.8592       20.69720       763.9288    
  -101.8358       20.69650       1332.026    
  -75.68840       20.01090       468.6983    
  -105.5475       20.31650       370.0999    
  -89.74160       19.62590       179.9556    
  -90.19780       19.51300       429.3308    
  -90.60510       19.49950       93.02040    
  -89.32450       19.34010       272.9968    
  -88.87660       19.31370       614.6620    
  -71.94210       19.21950       492.9355    
  -89.35440       19.24090       903.6910    
  -100.9145       19.31400       1021.343    
  -88.66260       18.99240       468.0458    
  -102.8035       19.12200       207.5783    
  -88.52880       18.65350       1039.930    
  -88.50870       18.65320       1149.772    
  -88.50680       18.63340       745.1459    
  -88.67800       18.53670       534.0652    
  -88.82900       18.43990       252.5545    
  -88.78110       18.36020       145.9586    
  -91.03790       17.93880       292.6227    
  -93.18470       17.89460       1567.223    
  -93.11510       17.83420       1191.916    
  -99.28830       17.81700       2210.129    
  -93.64740       16.80230       659.1903    
  -91.09670       15.17290       1642.797    
  -84.26180       14.89210       315.3705    
  -97.31370       38.60390       1174.238    
  -108.9872       38.66920       677.0218    
  -80.28640       27.00720       354.6373    
  -81.84240       22.87760       613.7230    
  -83.16740       22.56040       433.8599    
  -80.63220       22.29330       70.47000    
  -87.96870       21.29180       87.88083    
  -76.96580       21.09760       109.2285    
  -89.69750       19.22610       84.34990    
  -95.76130       18.47690       86.67810    
  -95.54260       18.29390       95.34591    
  -88.49430       18.08030       145.2379    
  -98.29540       18.03320       417.5004    
  -88.74830       17.37650       897.8557    
  -89.86050       17.09760       113.7743    
  -118.2385       37.71400       1117.361    
  -98.55050       21.73340       136.4299    
  -78.34200       21.28370       396.0941    
  -101.9539       20.90420       631.1530    
  -90.07530       19.69100       138.7237    
  -95.72190       18.35690       744.5161    
  -95.77080       18.25870       56.65788    
  -88.76660       17.78870       198.3012    
  -102.2042       17.92530       230.5622    
  -89.88060       17.09780       328.6030    
  -88.54830       15.25800       105.6111    
  -87.94680       15.07840       261.5543    
  -116.6356       43.54590       209.2959    
  -95.95250       38.14980       1421.929    
  -97.97780       37.81560       807.2888    
  -96.90230       37.56090       1622.407    
  -111.6704       38.23090       807.2888    
  -79.67220       22.63600       250.0275    
  -82.97930       21.86260       132.0608    
  -78.24280       21.24290       2632.355    
  -77.71300       21.24110       128.2836    
  -105.5530       20.33710       541.3218    
  -88.73330       18.28060       125.1517    
  -90.61880       18.18890       85.13456    
  -90.93490       17.36720       1541.420    
  -90.37720       17.04600       100.2083    
  -92.52900       15.01860       373.6518    
  -108.1209       36.98930       594.9151    
  -104.5201       29.64560       578.2260    
  -81.81380       22.73320       287.7995    
  -81.81260       22.71260       2161.319    
  -77.97580       21.56620       2619.931    
  -77.70430       20.83720       89.07407    
  -102.5243       19.53790       641.7427    
  -71.23210       19.02390       432.3167    
  -101.3241       19.20380       461.9491    
  -88.71520       18.30010       114.1614    
  -96.03610       18.18460       415.9923    
  -88.76820       17.37680       1240.228    
  -90.93700       17.38680       975.8364    
  -91.09490       15.15360       945.3908    
  -92.47420       15.07570       684.6539    
  -97.08370       38.27610       1187.082    
  -94.56040       37.80670       508.8643    
  -78.28040       21.18230       63.04716    
  -77.62570       20.81690       261.9370    
  -99.13390       19.51120       390.7129    
  -88.64250       18.99210       485.3755    
  -93.43870       18.09650       63.14112    
  -94.52780       17.97760       1066.532    
  -93.51690       17.90030       541.9178    
  -99.26610       17.81650       1725.623    
  -88.75010       17.39610       455.7153    
  -106.2580       39.14560       612.0712    
  -122.1036       40.00400       476.0840    
  -120.2158       39.33310       1488.726    
  -111.1639       38.25050       687.6865    
  -108.5120       38.05630       708.2123    
  -103.4449       37.66220       548.5894    
  -83.10990       22.60090       900.4728    
  -79.97950       22.37110       141.6917    
  -77.64530       20.81690       576.9986    
  -95.86200       18.43920       92.45663    
  -95.36390       18.23090       62.85924    
  -114.9044       39.80070       1241.781    
  -80.55750       22.39520       63.70488    
  -95.57580       18.37390       74.41631    
  -95.97510       18.20320       56.09412    
  -95.67370       18.17750       515.4730    
  -96.94450       15.80560       328.3813    
  -106.6307       40.89570       825.5023    
  -98.78480       37.95650       4945.713    
  -98.75740       37.95520       1060.996    
  -98.77420       37.92970       4932.680    
  -98.74670       37.92850       4469.444    
  -78.06020       20.99970       1866.609    
  -78.04060       20.99960       2155.256    
  -76.19650       20.43190       1420.420    
  -103.8640       20.42870       943.4893    
  -95.84080       18.29980       61.16797    
  -93.51940       17.92010       495.4292    
  -87.79300       31.07080       109.8510    
  -83.01220       22.64110       143.1086    
  -99.17510       22.01790       576.2723    
  -98.82190       21.74060       78.08076    
  -103.9311       20.69630       75.54384    
  -71.16480       19.36120       322.0099    
  -71.16540       19.34130       1078.675    
  -93.36320       18.15450       444.0998    
  -95.67080       18.15760       77.51701    
  -88.48870       18.02120       138.0985    
  -90.74030       17.24680       309.2224    
  -96.30120       37.71850       1198.090    
  -80.61530       22.35460       594.9443    
  -78.92800       21.79370       61.59077    
  -78.05970       20.97950       1408.100    
  -78.04010       20.97950       4698.719    
  -76.21610       20.45200       1343.730    
  -95.82250       18.31920       278.8841    
  -92.22050       16.50650       465.6533    
  -119.8045       42.31810       1270.821    
  -107.6752       40.21250       706.3777    
  -117.9959       37.77510       1281.865    
  -79.46210       21.81670       61.16797    
  -78.00480       21.14090       130.3977    
  -96.16150       18.44520       304.1485    
  -86.58600       15.68100       242.9040    
  -120.6989       40.08220       1037.746    
  -89.35200       20.86680       150.1932    
  -104.4931       19.59330       371.8708    
  -95.65540       18.19690       67.08743    
  -88.65250       18.06270       57.22163    
  -98.35470       17.73720       472.9157    
  -90.72010       17.24650       1028.546    
  -81.46940       23.01900       1763.919    
  -79.55710       21.71540       675.4835    
  -99.00270       21.84840       249.7457    
  -87.82060       21.43190       354.1062    
  -93.60000       18.05980       83.62440    
  -99.29370       22.04180       486.3950    
  -104.0034       20.69850       201.5442    
  -104.4691       19.59260       1109.630    
  -88.72390       18.18190       132.7655    
  -100.0910       31.70310       891.7242    
  -98.44310       21.64840       358.8332    
  -103.6686       20.50450       262.4345    
  -101.7889       20.28780       562.0562    
  -88.87870       19.33370       85.13456    
  -92.86720       18.32400       2243.311    
  -96.16130       18.30620       79.77203    
  -96.09100       18.26510       60.88608    
  -84.28000       14.87310       1114.875    
  -122.8317       42.46210       1712.863    
  -78.60810       21.64990       133.6675    
  -104.0403       20.84290       535.1805    
  -90.15150       17.19930       207.7916    
  -104.0057       28.11300       1440.845    
  -98.99940       22.96690       409.4890    
  -80.61430       22.33410       101.5670    
  -75.96340       20.49180       1118.167    
  -103.7049       20.36280       171.6798    
  -95.56980       18.33410       89.91972    
  -93.27490       18.11340       368.1006    
  -82.98070       21.88300       731.1467    
  -90.54120       19.47850       316.3267    
  -88.52040       18.35680       114.9513    
  -93.27750       18.13320       60.32232    
  -81.90770       22.96070       75.82572    
  -78.60750       21.62960       144.3226    
  -103.6483       20.42230       606.4269    
  -95.94750       18.30190       177.8231    
  -95.19430       18.22760       179.9484    
  -95.88970       18.20150       76.67136    
  -97.07380       38.24930       831.1405    
  -103.8967       20.65440       254.8973    
  -88.75260       18.06400       75.66463    
  -93.29860       17.97550       84.98682    
  -88.69030       17.39540       727.7853    
  -88.67030       17.39510       835.1477    
  -81.90890       22.98130       577.7807    
  -82.99660       21.82200       2008.230    
  -77.35960       20.15360       905.9818    
  -95.91690       18.38070       359.5094    
  -88.66690       18.00380       124.0272    
  -103.9018       20.67500       425.1686    
  -75.68830       19.99090       1023.077    
  -95.69730       18.47560       59.47668    
  -88.68850       17.37580       959.0024    
  -88.66860       17.37550       739.8842    
  -101.4961       30.06780       730.2294    
  -83.01650       21.82220       4523.267    
  -103.8400       20.42800       222.4559    
  -95.21840       18.24790       64.83241    
  -99.42870       22.64610       509.7946    
  -90.57590       19.59900       224.5813    
  -88.67600       18.51690       145.2340    
  -88.67060       18.04320       76.95324    
  -103.9259       20.67570       270.9344    
  -104.2494       19.76870       593.6881    
  -103.7288       20.36350       364.8561    
  -81.95170       22.69320       227.6234    
  -103.7148       20.68980       559.5979    
  -103.3856       20.41460       188.3983    
  -104.2254       19.76800       2051.495    
  -87.62860       15.26750       293.0143    
  -104.0151       20.55570       553.8030    
  -103.8349       20.40740       443.0575    
  -103.3712       19.66250       532.0767    
  -95.23090       18.18870       396.5177    
  -104.1675       19.72570       596.1197    
  -99.54100       19.54120       354.3161    
  -92.16520       18.64900       588.5215    
  -91.80910       15.87850       106.5104    
  -93.41880       39.62750       147.4232    
  -79.18760       21.87640       74.27538    
  -103.3901       19.64280       614.3448    
  -95.82030       18.02190       107.5372    
  -104.2064       19.78770       2605.050    
  -104.2014       19.76730       2741.219    
  -79.18690       21.85600       181.1079    
  -90.15340       17.21890       202.0474    
  -107.3551       24.34340       150.8058    
  -75.96360       20.51190       106.2688    
  -103.6771       20.72960       91.32913    
  -96.15820       18.28630       69.34248    
  -71.88280       19.27920       81.18143    
  -90.64070       19.28050       476.2363    
  -90.62020       19.28020       244.8109    
  -92.59210       16.55120       144.0407    
  -78.01520       21.56640       4962.629    
  -78.17980       21.08090       107.6782    
  -103.3906       20.43520       888.0176    
  -92.16030       17.93670       66.52367    
  -90.92520       17.46510       264.0688    
  -109.6423       30.50830       2239.913    
  -103.0274       20.68990       556.6132    
  -88.52870       15.25780       84.84588    
  -80.59440       22.33400       661.2647    
  -94.66890       16.52620       148.9717    
  -103.3332       19.49960       336.5262    
  -92.18090       17.93700       202.6717    
  -92.58990       16.53160       462.3845    
  -102.4263       20.63160       557.4232    
  -103.7421       20.60880       98.65800    
  -87.69150       15.32590       66.24180    
  -87.67200       15.32570       389.9090    
  -96.07270       18.28450       247.1627    
  -71.13550       18.31390       414.6529    
  -93.16400       17.89420       409.7654    
  -75.66900       20.01090       180.5326    
  -92.38360       16.13910       355.5897    
  -90.61610       19.41980       660.3809    
  -81.97170       22.69340       145.6967    
  -93.41530       18.07630       75.26196    
  -87.88430       15.28940       90.62711    
  -102.6591       19.82490       274.8819    
  -93.09440       17.83390       675.4018    
  -92.18580       18.64930       220.3609    
  -81.71960       22.83540       590.5526    
  -93.01090       16.46010       367.0988    
  -90.44290       19.33720       121.6208    
  -104.0392       20.55640       328.0163    
  -90.56340       19.31910       499.0512    
  -71.28680       18.41170       592.6233    
  -89.34640       20.28160       233.2520    
  -80.59630       22.37500       91.17252    
  -71.76910       19.18040       399.9749    
  -71.24980       18.35280       481.7923    
  -92.48470       17.90260       251.6692    
  -96.63160       18.57420       369.8768    
  -100.2919       36.55050       647.6657    
  -79.57680       21.71550       139.5306    
  -81.06080       26.75350       1796.218    
  -96.31780       19.02640       288.1362    
  -81.18270       26.71130       504.2383    
  -80.89960       26.49300       267.5042    
  -80.79600       26.49220       858.6658    
  -80.79470       26.47060       978.8214    
  -76.69160       21.07680       61.73172    
  -81.18960       26.81960       122.1480    
  -80.59770       26.64160       178.1481    
  -80.90090       26.51460       304.4304    
  -80.92030       26.49320       246.0813    
  -81.19100       26.84120       749.4183    
  -80.70010       26.62080       315.9875    
  -80.67930       26.62070       334.5916    
  -80.69880       26.59920       438.0415    
  -80.67810       26.59910       407.0347    
  -80.66490       26.72860       214.8489    
  -80.85710       22.80820       55.53036    
  -78.10040       21.04020       200.1751    
  -80.63910       26.64190       177.3025    
  -87.83140       15.36580       144.0407    
  -90.72260       18.21020       204.7025    
  -76.91290       20.17260       61.73172    
  -70.87130       18.80780       826.8715    
  -96.21750       16.96500       469.2366    
  -80.50260       26.42520       335.1553    
  -81.16520       22.58420       355.9409    
  -61.13000       46.36070       577.5941    
  -80.60390       26.74970       243.5443    
  -80.97630       26.73120       209.6248    
  -80.75200       26.44870       346.6419    
  -80.73140       26.44850       311.4774    
  -90.57910       18.01080       316.3210    
  -80.56240       26.74940       540.7867    
  -80.56120       26.72770       730.4997    
  -77.97540       21.54590       686.1343    
  -81.00110       26.79630       466.8741    
  -80.56370       26.77100       347.2762    
  -80.54290       26.77090       520.3505    
  -77.99500       21.54600       1154.450    
  -80.61470       26.57700       2609.975    
  -77.99450       21.52570       4501.185    
  -77.97490       21.52560       589.4066    
  -89.02420       20.31700       170.8257    
  -91.36260       17.56990       141.3628    
  -90.01930       16.67030       367.5572    
  -80.63540       26.57710       337.4104    
  -78.10340       21.16150       348.8419    
  -78.44700       26.60620       483.5704    
  -70.40500       18.29730       444.7137    
  -82.30590       22.90230       104.6902    
  -77.41380       20.97750       249.3228    
  -77.39430       20.97750       200.7549    
  -77.41340       20.95740       278.9907    
  -88.59950       17.49220       426.7038    
  -110.8616       33.42080       1303.601    
  -77.39390       20.95730       199.5710    
  -88.53480       18.29770       203.7993    
  -91.35750       18.41780       435.8900    
  -90.71810       17.22690       387.4211    
  -65.78060       48.91770       456.3715    
  -80.48070       26.77040       217.7053    
  -80.50140       26.77050       207.7455    
  -79.11930       21.61160       82.02708    
  -88.94420       17.33990       89.84246    
  -96.61670       39.10800       1897.129    
  -92.50880       15.01830       663.5063    
  -98.70140       43.69750       104.5775    
  -82.73750       30.09380       1082.960    
  -78.21490       20.91960       90.76537    
  -103.5132       19.46420       509.9781    
  -88.39720       15.33340       354.7605    
  -93.47120       40.20300       186.3227    
  -61.97690       50.51210       716.1409    
  -80.75460       26.49180       2416.379    
  -88.70660       17.78790       502.0583    
  -89.66470       16.72410       89.44992    
  -80.75590       26.51340       265.3430    
  -80.73390       26.49170       296.6317    
  -81.12960       22.66610       126.1413    
  -98.89300       22.79740       1238.149    
  -89.93690       17.05950       156.5301    
  -95.77230       38.99210       308.8878    
  -97.93690       37.91860       1007.155    
  -98.87010       22.79670       232.2691    
  -88.68660       17.78770       474.2755    
  -97.28300       37.08480       2251.235    
  -77.07220       20.41340       782.6149    
  -88.77960       17.92650       305.6122    
  -92.60760       15.19330       614.6024    
  -115.9306       47.16780       932.4890    
  -96.00550       39.78520       102.6043    
  -78.12300       21.16150       346.7124    
  -78.08380       21.16140       148.2689    
  -95.51840       18.27360       768.4890    
  -89.66290       16.70460       354.2224    
  -92.51270       15.05690       678.0452    
  -98.72640       41.49230       90.48347    
  -89.69960       20.50870       90.62711    
  -70.78130       49.10830       397.4366    
  -96.60660       39.08080       3083.292    
  -82.39440       31.81640       341.0052    
  -80.52810       26.51160       537.2634    
  -80.50740       26.51140       177.0206    
  -80.52690       26.49000       555.3036    
  -80.50620       26.48990       258.4839    
  -88.74400       20.91810       68.77872    
  -95.94740       18.44090       635.0891    
  -92.48230       17.88280       194.2075    
  -89.99550       16.63100       313.0603    
  -73.10200       48.50480       299.8482    
  -96.80940       38.68850       134.5977    
  -80.43680       26.72680       1055.603    
  -80.41600       26.72660       3670.432    
  -80.94030       22.87060       1242.124    
  -80.93930       22.85000       836.6523    
  -69.58660       49.22760       727.6061    
  -95.78660       38.35410       1168.000    
  -81.51890       31.89960       1628.809    
  -80.41720       26.74820       855.1564    
  -77.64570       20.83710       151.3696    
  -88.97240       20.21560       290.9563    
  -98.15950       16.37500       2225.227    
  -92.49700       14.90250       191.6784    
  -96.52730       39.37350       741.4880    
  -96.63390       39.08190       2920.678    
  -80.62950       33.59770       861.7650    
  -80.42000       22.43530       637.4207    
  -80.45130       22.25110       140.7991    
  -80.43140       22.25100       127.6916    
  -78.30930       21.52680       294.7250    
  -76.80720       20.95590       143.1950    
  -88.77770       17.90680       326.5993    
  -93.06320       16.55850       699.6704    
  -92.64020       15.11660       178.4300    
  -68.20010       50.13370       1008.242    
  -73.09330       48.71020       659.6964    
  -68.10250       48.08610       362.8084    
  -95.45070       38.52590       713.7167    
  -97.11440       37.49180       761.4201    
  -80.50640       26.85720       417.3703    
  -80.48560       26.85700       5274.227    
  -80.48440       26.83530       2742.327    
  -104.5272       19.63480       1803.557    
  -88.68840       17.80740       446.7748    
  -66.84180       50.55770       613.8350    
  -67.84700       50.24800       661.4602    
  -96.60310       38.12400       3677.834    
  -82.13280       27.45930       504.8992    
  -80.50760       26.87880       1504.124    
  -80.48690       26.87870       1819.551    
  -80.50510       26.83550       304.9941    
  -80.65210       22.70380       88.41637    
  -80.38880       22.18940       97.24860    
  -78.41680       21.85260       1085.163    
  -89.46250       20.40420       360.3917    
  -89.44200       20.40390       463.3436    
  -93.41900       40.61520       891.2836    
  -96.59350       38.09730       3708.827    
  -79.88730       22.06370       178.7119    
  -88.97160       20.57810       197.6338    
  -76.99210       20.27290       1952.902    
  -88.70840       17.80760       458.6400    
  -91.71850       17.47710       559.5305    
  -91.13900       16.02430       313.2490    
  -87.24760       14.84090       509.5728    
  -66.23290       48.73520       379.3355    
  -96.01370       39.51390       147.9870    
  -97.54900       39.28340       279.6250    
  -84.48310       30.91840       93.58417    
  -80.42100       22.45580       242.3040    
  -80.43990       22.43540       657.8796    
  -78.41620       21.83220       446.5673    
  -77.62610       20.83700       137.8393    
  -77.13760       20.83570       130.4165    
  -77.11800       20.83570       533.9772    
  -89.54000       19.64280       591.6548    
  -71.78840       19.18030       693.8402    
  -71.06100       18.92560       995.3338    
  -90.99500       17.91840       155.1524    
  -87.76520       14.99970       522.8245    
  -72.92640       48.53990       329.7544    
  -81.72160       31.94860       274.9137    
  -80.12440       22.04470       142.0217    
  -78.39650       21.83210       278.6774    
  -77.97440       21.50530       259.3269    
  -87.47920       21.08190       201.2022    
  -89.05330       20.57930       482.2580    
  -89.51970       19.64250       556.2045    
  -96.44200       36.76760       1282.488    
  -81.72360       31.97210       2673.559    
  -81.52020       22.85440       138.1212    
  -81.51900       22.83380       166.3406    
  -79.86750       22.06360       193.6515    
  -77.70300       20.77680       102.4634    
  -77.68350       20.77670       733.4039    
  -89.05560       20.59950       492.5353    
  -98.13780       16.37460       2240.883    
  -65.91970       50.68800       961.3221    
  -67.11250       50.26250       559.1544    
  -73.41770       47.76120       301.4222    
  -94.11430       41.31350       133.6111    
  -107.2253       39.28480       864.3080    
  -95.21700       38.06780       589.8712    
  -80.49200       32.64180       463.9041    
  -78.43650       21.85270       391.9260    
  -78.16170       21.14150       87.38280    
  -90.11970       20.07270       172.6231    
  -91.71620       17.45740       107.9600    
  -97.04400       38.88530       913.7040    
  -81.74580       31.97230       2571.757    
  -78.79630       21.99690       250.3094    
  -78.79570       21.97650       265.1552    
  -78.41730       21.87290       258.9264    
  -78.43590       21.83230       261.6871    
  -91.39580       17.86550       130.5104    
  -91.37540       17.86520       151.3696    
  -90.90280       17.81860       615.3954    
  -90.28290       16.49860       314.6219    
  -93.79430       15.96630       922.4192    
  -82.60640       22.88440       787.1066    
  -78.50430       21.46670       198.9409    
  -76.82850       21.07710       7210.700    
  -76.80900       21.07700       479.7984    
  -76.82830       21.05690       1417.253    
  -76.80870       21.05680       467.2747    
  -77.66820       20.97830       98.09423    
  -77.92130       20.91850       433.4276    
  -77.90170       20.91850       513.1210    
  -88.92150       20.67820       360.9595    
  -88.90110       20.67790       351.8864    
  -90.92310       17.81890       334.7466    
  -90.24030       17.08320       264.8879    
  -91.74080       16.94830       273.3571    
  -111.4925       44.88470       1229.281    
  -97.14650       38.72970       2869.545    
  -81.92420       33.95030       207.7688    
  -81.97550       22.75520       145.4501    
  -78.17520       20.89930       770.7090    
  -88.89880       20.65770       171.8384    
  -89.33750       20.56350       555.6089    
  -71.33900       18.62830       763.2547    
  -91.41890       18.41870       727.0541    
  -89.22530       16.27120       310.8979    
  -80.44090       22.45600       246.4570    
  -78.01470       21.54610       916.3910    
  -78.50490       21.48700       206.0543    
  -77.90220       20.93870       1154.608    
  -77.01370       20.41320       230.9805    
  -76.99430       20.41320       1193.765    
  -76.13740       20.35160       81.18143    
  -90.15690       19.15340       2636.155    
  -89.99740       16.65050       257.3197    
  -90.20410       16.30310       1112.805    
  -105.9489       40.79770       696.7380    
  -95.67980       39.25690       91.89287    
  -95.67010       39.22950       87.38280    
  -80.98300       32.67030       653.5020    
  -80.28400       22.06610       2301.629    
  -89.03290       20.57900       232.4731    
  -72.59560       19.39620       286.2172    
  -95.14730       18.04850       82.59084    
  -90.63920       17.04970       132.2136    
  -98.23960       37.80100       1507.245    
  -96.44280       36.92160       1703.379    
  -83.64160       30.65330       507.9854    
  -79.93730       22.78150       149.4629    
  -98.89350       22.90150       338.4070    
  -80.43900       22.41490       493.8652    
  -80.41910       22.41480       422.9299    
  -76.60540       20.45260       605.6138    
  -77.01000       20.17280       117.9198    
  -91.80320       18.20730       134.7386    
  -96.45350       38.22310       5148.409    
  -122.2951       39.71800       1208.158    
  -94.97990       37.82270       817.5389    
  -82.42660       22.90340       77.51701    
  -78.03440       21.54610       497.3378    
  -77.92080       20.89840       214.9805    
  -89.96700       20.85650       204.4014    
  -89.94630       20.85620       264.1452    
  -90.22580       20.27540       904.8489    
  -90.61230       18.12960       388.1419    
  -90.59200       18.12930       186.7468    
  -95.15690       38.43470       566.9368    
  -96.36520       38.27220       864.1658    
  -84.16810       30.66090       728.6415    
  -80.49280       26.61920       424.2294    
  -81.14310       22.54290       768.3940    
  -81.01370       22.35740       152.8729    
  -79.82950       22.10420       124.8728    
  -90.45920       19.47720       864.1659    
  -88.82220       18.16340       450.0091    
  -91.07150       17.50660       233.7913    
  -96.39200       38.27330       4249.887    
  -96.46310       38.24990       5502.917    
  -96.42660       38.22200       9785.623    
  -122.2488       39.71430       2394.543    
  -82.33040       32.78070       752.0619    
  -80.40010       22.43520       207.7925    
  -78.24490       21.32390       289.4908    
  -77.01410       20.43330       252.2826    
  -90.45690       19.45720       679.4304    
  -89.31260       17.01220       189.1415    
  -89.31080       16.99260       455.3026    
  -70.61020       47.54940       326.6063    
  -60.51810       45.80950       420.3087    
  -96.86690       40.26080       108.5238    
  -96.85600       40.23280       107.9600    
  -95.60820       39.28090       651.3352    
  -95.58120       39.27970       737.5684    
  -105.5181       39.75200       237.4684    
  -96.64400       39.10920       397.5917    
  -96.21540       39.03730       1715.489    
  -96.43620       38.24880       5975.612    
  -78.32890       21.52690       399.5217    
  -78.26450       21.32390       242.7614    
  -78.32020       21.20270       110.6849    
  -77.90120       20.89830       188.2958    
  -90.02180       20.11130       515.9226    
  -95.52680       16.54110       641.3315    
  -90.62550       15.68820       157.8516    
  -90.37290       15.10590       614.6403    
  -105.7765       40.50930       1123.013    
  -94.86480       38.18560       504.8104    
  -94.83840       38.18460       543.0851    
  -81.85110       23.02220       2004.068    
  -81.83100       23.02200       446.1871    
  -81.84990       23.00150       1441.405    
  -81.57800       22.81370       174.2018    
  -81.59690       22.79320       199.0073    
  -81.57680       22.79310       386.0065    
  -81.55680       22.79290       247.4907    
  -80.92990       22.27490       751.3447    
  -79.39800       22.22450       126.1413    
  -78.19490       21.66860       221.0390    
  -103.7971       20.44710       335.7462    
  -90.16590       18.49840       514.0988    
  -90.16380       18.47860       588.1593    
  -88.77540       18.30090       519.7723    
  -97.08770       17.23740       911.8694    
  -91.79570       16.51970       418.0544    
  -92.34920       16.19700       98.09424    
  -80.92880       22.25440       516.0809    
  -79.41780       22.22460       135.0205    
  -80.30390       22.06620       231.7054    
  -77.92170       20.93870       1458.474    
  -77.48930       20.83660       148.2689    
  -88.91730       20.45630       396.2644    
  -88.83610       19.89250       380.9340    
  -89.64080       19.26510       2479.515    
  -89.63870       19.24510       4634.669    
  -92.23150       18.01680       138.6850    
  -90.98820       17.48570       228.8487    
  -89.51840       16.21660       211.0709    
  -105.6231       40.19640       830.7940    
  -97.96070       37.84100       1169.957    
  -84.67380       30.66860       318.7363    
  -78.42720       26.62770       1931.377    
  -81.14410       22.56350       2321.331    
  -81.12310       22.54280       1147.163    
  -79.94500       22.49390       104.4970    
  -81.01270       22.33690       2421.840    
  -78.17470       20.87910       182.6583    
  -88.93770       20.45660       253.0497    
  -88.99280       20.21590       682.5259    
  -88.85640       19.89280       205.1861    
  -71.21600       18.17600       269.7455    
  -96.99040       18.26360       157.2778    
  -99.58780       16.73770       773.6194    
  -108.5095       44.81700       199.5710    
  -95.87720       39.50810       420.3087    
  -78.44780       26.62780       1646.984    
  -82.62510       22.86390       1088.465    
  -81.16300       22.54310       279.9068    
  -81.14200       22.52240       1527.427    
  -80.28490       22.08650       621.4062    
  -77.95520       21.52560       1432.942    
  -77.85360       21.38330       700.0673    
  -77.06240       21.01700       2694.704    
  -75.82560       20.25110       249.1819    
  -75.84490       20.23110       142.5373    
  -89.01310       20.21620       193.4163    
  -89.59010       19.54360       283.7376    
  -89.58790       19.52360       330.4792    
  -90.62960       19.36010       1062.547    
  -90.60910       19.35980       155.4568    
  -90.62720       19.34010       285.0472    
  -90.60670       19.33980       162.3629    
  -98.32240       19.43160       355.6461    
  -89.66120       19.26540       2513.664    
  -89.62050       19.26480       730.1536    
  -89.65900       19.24540       3004.417    
  -89.61830       19.24480       1447.644    
  -72.08560       18.82320       112.8929    
  -88.59240       18.06190       215.7788    
  -92.48210       16.29620       637.0718    
  -86.96910       14.74240       193.3294    
  -86.94970       14.74220       191.6784    
  -86.96780       14.72320       271.9202    
  -86.94840       14.72300       226.9134    
  -97.61040       38.11440       201.7321    
  -96.41570       37.67100       3168.884    
  -78.94490       22.30410       99.40968    
  -80.90990       22.27470       149.3964    
  -78.25870       21.10140       587.3531    
  -88.94000       20.47680       291.3832    
  -88.91950       20.47650       420.8243    
  -75.84510       20.25110       194.4972    
  -75.82550       20.23100       196.0946    
  -89.32830       20.30150       936.5036    
  -89.63650       19.22520       1502.311    
  -91.44170       18.43890       487.2169    
  -95.22900       16.18450       676.8674    
  -87.28960       15.43730       380.5554    
  -91.11490       15.15380       617.7975    
  -67.93120       49.92410       825.5024    
  -94.90860       40.56350       135.8661    
  -99.81330       39.74210       962.2162    
  -95.51380       39.08870       1047.641    
  -96.99390       37.66890       1727.414    
  -80.98110       32.64660       520.6712    
  -81.18130       26.68970       738.8446    
  -80.45980       22.43560       217.4704    
  -78.32950       21.54720       173.3562    
  -78.32840       21.50660       258.8819    
  -78.30870       21.50650       830.1905    
  -78.08530       21.22210       320.0043    
  -87.61160       21.18510       171.9468    
  -87.59130       21.18480       612.1081    
  -77.06270       21.03720       196.6583    
  -88.31000       21.05340       483.7515    
  -89.35100       20.32190       788.2684    
  -89.34870       20.30180       1276.900    
  -90.04230       20.11160       607.3013    
  -72.28710       19.35730       175.3294    
  -92.76700       16.65140       115.7721    
  -90.12060       15.83650       287.5926    
  -87.51160       14.99710       97.53047    
  -76.25330       47.19740       238.4619    
  -95.63060       40.01510       81.74520    
  -95.51340       38.55490       1220.107    
  -97.05660       34.85510       791.3876    
  -107.5740       28.64810       871.5049    
  -78.83520       21.97670       144.8863    
  -79.67950       21.81780       775.6878    
  -78.29730       21.81140       1234.051    
  -78.10490       21.22210       177.4904    
  -89.33050       20.32160       728.6495    
  -90.12440       20.11290       989.3875    
  -90.10390       20.11260       1842.807    
  -95.34270       18.23050       125.7185    
  -95.36100       18.21100       153.6246    
  -95.33970       18.21060       162.0810    
  -95.24990       16.18490       1588.891    
  -87.51020       14.97790       215.7788    
  -90.20680       14.79620       688.9551    
  -115.0782       51.96660       1255.892    
  -96.39720       39.74750       161.2354    
  -97.31090       39.29980       430.3762    
  -98.07740       39.17260       457.9689    
  -95.74020       38.22020       260.0042    
  -96.47070       38.19750       5202.509    
  -80.86990       26.68700       290.0545    
  -81.82980       23.00130       439.5276    
  -79.94410       22.47340       174.2919    
  -80.32920       22.18900       109.9332    
  -79.86170       21.92070       565.6089    
  -77.99550       21.56630       737.4335    
  -77.04280       21.01700       212.0795    
  -91.14750       17.64520       285.6104    
  -88.66140       17.29710       147.5143    
  -90.06630       16.53460       529.1094    
  -90.18700       14.79590       713.7166    
  -83.48630       14.65690       301.8752    
  -66.25420       50.71660       1051.281    
  -64.25220       50.76840       821.9744    
  -94.30600       41.54740       400.2696    
  -93.44430       40.20200       234.1013    
  -92.44370       38.73210       584.2027    
  -97.29480       38.12700       1050.393    
  -98.42310       37.65250       3587.848    
  -98.39590       37.65130       2732.668    
  -80.17210       22.22890       139.9769    
  -80.12880       22.14690       132.6794    
  -78.27760       21.81130       388.5023    
  -78.29670       21.79100       214.1113    
  -77.89520       21.48480       1229.029    
  -87.58920       21.16450       1001.772    
  -89.61520       20.48720       352.4631    
  -89.59470       20.48690       673.3522    
  -88.87650       20.45570       423.6765    
  -76.97360       20.33290       710.3858    
  -90.10630       20.13270       1204.878    
  -89.00820       19.79490       538.9598    
  -88.98790       19.79460       579.7500    
  -72.28750       19.33750       235.0294    
  -89.64300       19.28500       499.4632    
  -71.38300       19.16190       1590.726    
  -69.52120       18.73530       166.3092    
  -96.75140       18.51700       376.6918    
  -93.04960       16.44120       643.7126    
  -90.99660       15.38380       195.7702    
  -68.19130       49.42460       313.2273    
  -95.98060       40.66420       457.6886    
  -94.66670       37.65410       180.5309    
  -83.00790       22.57940       244.7218    
  -89.65680       19.22550       1226.272    
  -89.61620       19.22490       3166.923    
  -90.14560       18.49810       575.9059    
  -90.14350       18.47830       635.4907    
  -95.83480       18.26000       256.1077    
  -89.94200       17.31390       562.3912    
  -95.75830       16.23270       712.9937    
  -86.63110       15.19990       312.8200    
  -96.38910       37.66990       2969.967    
  -95.53350       37.14300       688.0302    
  -79.57990       21.79690       135.3024    
  -78.88860       21.79350       601.9138    
  -78.86880       21.79340       687.3677    
  -78.25920       21.12160       750.8658    
  -77.08200       21.01710       211.7482    
  -88.87870       20.47590       1222.869    
  -77.16450       20.11310       668.3182    
  -88.82330       19.77220       670.8892    
  -95.92940       18.18250       110.2151    
  -92.23560       16.27310       953.2663    
  -118.7868       45.73520       824.1044    
  -95.31240       41.22240       244.6719    
  -96.81390       39.98400       163.6313    
  -97.13490       39.61660       90.76537    
  -97.25370       39.43220       210.6583    
  -96.41890       38.27440       7349.895    
  -96.40930       38.24760       5591.878    
  -96.50720       38.22530       3832.175    
  -96.49760       38.19860       3414.465    
  -91.34420       36.43370       763.5655    
  -80.96550       22.58270       163.4904    
  -77.87560       21.48470       2214.295    
  -78.30760       21.46600       133.6111    
  -77.06210       20.99680       112.4701    
  -75.98120       20.27120       679.4304    
  -90.80870       17.69920       489.2317    
  -99.56570       16.73720       723.5684    
  -90.04630       16.53430       563.5085    
  -96.01690       16.58900       491.9319    
  -92.54340       41.30900       392.3770    
  -92.38470       40.02580       109.6513    
  -81.92650       33.97450       181.7977    
  -98.62780       34.37660       812.7929    
  -78.42640       26.60610       1243.959    
  -78.20200       21.18200       187.6851    
  -77.04320       21.03720       645.8311    
  -89.31940       20.04010       549.7775    
  -89.29900       20.03980       509.7740    
  -89.31700       19.45970       262.9995    
  -94.47580       18.05570       835.5507    
  -88.31090       17.82220       103.9662    
  -96.01960       16.60860       138.4031    
  -89.46520       16.50740       1438.763    
  -93.93150       40.94140       184.9133    
  -96.40160       38.30010       5101.698    
  -95.00620       37.82370       599.9623    
  -97.88320       34.88800       1608.462    
  -98.61910       34.35170       1047.641    
  -81.10440       33.07560       1217.309    
  -81.08200       33.07530       2344.741    
  -81.93150       23.02280       605.9714    
  -81.27740       22.81130       209.0492    
  -78.22220       21.95370       147.3606    
  -77.10910       20.29320       189.3106    
  -76.79660       20.19240       144.1111    
  -71.63380       19.18090       688.0302    
  -71.36320       19.18180       205.9707    
  -97.48110       19.13160       278.4241    
  -91.76920       18.26610       469.7105    
  -91.83870       17.81330       141.9735    
  -83.90840       15.46540       183.7998    
  -106.1376       40.39290       758.4744    
  -96.57630       38.12290       10252.36    
  -97.05910       37.41160       1271.480    
  -95.97900       36.92880       1108.187    
  -80.24910       34.56500       2493.158    
  -80.24730       34.54050       2939.527    
  -80.22450       34.54030       2634.722    
  -79.88120       33.49460       432.8651    
  -80.87120       26.70860       938.3584    
  -80.20640       22.10650       118.6715    
  -79.66850       22.04200       131.6380    
  -78.10220       21.89210       195.0610    
  -78.08250       21.89200       174.4837    
  -79.60120       21.83780       198.5165    
  -76.84810       21.07710       300.2467    
  -76.84780       21.05690       849.5034    
  -101.7056       20.83580       821.3552    
  -89.76650       19.84640       555.2195    
  -89.74610       19.84610       584.0147    
  -90.84220       18.37010       260.7127    
  -88.67780       17.25820       103.5738    
  -90.06820       16.55410       1004.858    
  -92.12980       16.23260       143.6178    
  -92.10950       16.23230       158.9803    
  -96.44190       39.72220       414.9273    
  -95.91420       39.23970       1990.701    
  -96.47270       38.27670       3581.426    
  -96.55830       37.70290       2896.251    
  -98.56600       37.60670       2874.441    
  -98.53870       37.60550       2853.825    
  -80.24550       34.51600       2702.641    
  -80.22270       34.51580       986.9020    
  -83.43730       33.46440       204.6658    
  -83.85830       30.63340       496.8731    
  -80.84910       26.68680       590.8544    
  -81.39310       22.72980       311.2237    
  -81.37300       22.72970       287.3923    
  -78.67270       21.83330       108.9338    
  -77.84710       21.10000       217.1698    
  -77.10880       20.27310       157.5709    
  -91.76690       18.24630       525.0907    
  -93.05640       16.67550       2560.564    
  -95.18600       16.49600       311.9943    
  -96.64370       16.38530       4489.297    
  -92.12980       15.26380       833.4364    
  -92.10960       15.26360       688.9758    
  -118.6710       45.81860       907.2308    
  -94.04500       40.00570       1098.354    
  -96.54940       38.12180       3324.562    
  -94.94550       37.71690       689.7488    
  -96.88330       37.50810       761.4201    
  -80.22630       34.56480       1173.601    
  -81.93280       23.04350       214.7174    
  -81.87120       23.02230       155.5978    
  -76.72630       20.75430       487.3484    
  -88.89910       20.47620       1365.211    
  -77.12600       20.13310       367.4716    
  -72.30640       19.35730       1002.689    
  -72.30680       19.33740       1677.876    
  -71.24630       18.49070       647.1910    
  -89.92190       17.31370       555.9643    
  -93.05870       16.69510       2850.539    
  -93.03820       16.69470       3039.975    
  -93.03590       16.67520       1894.627    
  -96.66500       16.38570       802.4654    
  -90.57650       15.80360       142.4140    
  -92.93590       41.52150       166.8730    
  -97.11790       39.64300       138.4031    
  -97.62010       39.39450       294.2827    
  -97.28320       39.29850       4155.703    
  -79.43680       33.17950       2127.256    
  -81.27860       22.83190       137.8393    
  -81.25740       22.81110       153.6246    
  -78.37670       21.83210       201.0431    
  -77.93650       21.56610       811.9828    
  -77.41690       21.13910       142.7722    
  -76.82800       21.03670       328.9117    
  -88.89690       20.45600       397.4451    
  -75.67040       20.29100       75.54384    
  -77.06800       20.15290       181.4368    
  -90.29500       19.99520       320.5215    
  -88.82550       19.79230       235.0028    
  -88.80310       19.77190       264.4271    
  -89.70620       19.30590       724.6191    
  -89.68590       19.30560       672.2507    
  -90.86630       16.31190       102.7892    
  -95.28920       16.16610       478.7762    
  -103.0079       45.00220       2020.974    
  -97.10720       39.61540       229.1449    
  -96.42850       38.30120       4397.503    
  -96.37470       38.29900       3480.515    
  -96.58590       38.14960       6293.641    
  -96.56670       38.09620       5189.888    
  -95.99430       37.96760       633.9051    
  -81.95170       23.02300       316.4782    
  -81.39420       22.75040       362.2158    
  -81.37420       22.75030       626.0411    
  -78.56710       22.26150       2274.085    
  -78.40320       21.36500       176.9306    
  -88.67600       17.23860       156.1615    
  -89.17710       16.62050       456.2559    
  -94.59800       16.62270       579.8214    
  -94.59550       16.60310       297.4518    
  -87.49210       14.99690       145.7320    
  -93.97330       40.03030       146.4836    
  -92.79100       39.55020       78.92640    
  -98.18520       37.79860       1060.484    
  -96.28900       37.45770       625.6487    
  -84.12270       30.84390       645.0021    
  -81.04480       22.95380       2561.095    
  -82.92010       22.76370       383.7676    
  -82.91870       22.74310       357.2085    
  -78.58750       22.28200       2337.661    
  -78.56770       22.28190       806.6964    
  -78.58690       22.26160       1091.143    
  -78.17420       21.62790       657.6612    
  -78.15450       21.62780       304.4102    
  -76.84750       21.03670       296.7257    
  -75.98110       20.25120       173.3562    
  -76.77740       20.21240       367.3277    
  -77.35990       20.17360       198.4435    
  -77.37900       20.15370       864.4086    
  -77.34010       20.15360       167.4367    
  -77.35920       20.13360       196.1885    
  -77.41570       20.03380       221.5577    
  -71.41810       19.30060       675.7345    
  -90.52250       19.31850       440.9032    
  -88.41410       18.71140       237.8585    
  -70.36520       18.33680       839.4673    
  -90.95520       17.36750       613.2024    
  -90.57830       15.82300       354.2650    
  -86.94340       15.22210       973.4269    
  -96.43520       39.77630       168.7522    
  -97.60920       39.36700       367.4306    
  -95.99200       38.78730       839.7026    
  -94.94340       37.06880       766.0070    
  -81.06480       22.95400       519.5601    
  -81.04370       22.93320       354.4037    
  -81.39190       22.70930       186.6045    
  -79.86250       21.94110       229.5102    
  -78.17360       21.60760       5328.237    
  -79.11860       21.59120       810.9058    
  -76.81600       20.19240       400.3351    
  -101.6909       20.46820       494.5881    
  -90.64770       19.34040       151.3696    
  -89.70840       19.32590       1263.512    
  -71.24680       18.47100       604.8549    
  -91.46220       18.43920       1275.566    
  -89.06960       18.02880       691.9520    
  -90.46080       17.85140       233.0412    
  -90.91470       17.36690       730.5140    
  -89.17530       16.60100       388.5023    
  -91.79150       16.48070       170.6614    
  -84.53060       15.60500       187.5478    
  -87.49070       14.97770       238.1414    
  -69.91110       47.42520       239.2490    
  -93.92030       41.93010       359.1151    
  -96.09120       39.87060       121.4903    
  -96.84970       39.79440       383.0749    
  -96.45540       39.61410       115.0070    
  -95.98990       38.25670       664.1785    
  -96.62040       38.09840       3804.960    
  -96.61080       38.07170       7798.898    
  -96.58390       38.07060       6798.655    
  -94.73590       37.70890       1161.395    
  -95.34350       36.95540       1174.716    
  -98.17320       22.81910       293.3018    
  -79.72030       22.34910       94.42980    
  -78.28090       21.93350       87.10092    
  -78.10170       21.87170       355.7325    
  -78.15400       21.60750       614.6695    
  -78.16790       21.38440       1088.200    
  -78.20140       21.16180       145.1682    
  -77.41730       21.15930       176.7388    
  -88.66760       20.59370       220.8790    
  -90.06610       20.31310       94.99356    
  -77.10660       20.13300       147.4233    
  -89.76420       19.82640       504.2306    
  -89.74380       19.82600       213.0326    
  -90.93280       17.34760       515.2854    
  -105.0066       45.97190       1739.799    
  -117.4906       46.62990       466.7933    
  -118.0838       46.30110       909.5059    
  -123.8243       44.65480       5130.727    
  -92.37630       39.99810       163.4904    
  -95.51370       40.06500       157.0071    
  -96.94200       39.96230       159.5441    
  -96.74540       39.73540       784.1902    
  -96.71780       39.73420       666.2703    
  -97.97060       39.65430       154.4702    
  -97.94260       39.65310       154.4702    
  -121.0812       40.25110       1240.017    
  -96.00870       38.31030       585.2844    
  -95.90840       38.17430       1692.784    
  -80.54170       26.74920       212.5375    
  -80.54040       26.72760       225.2221    
  -80.23100       22.65990       629.1111    
  -80.21110       22.65980       402.6938    
  -80.23010       22.63940       221.8395    
  -80.21020       22.63930       329.8801    
  -84.23920       22.10000       175.6112    
  -78.19390       21.62790       456.5555    
  -77.43650       21.13920       127.4098    
  -89.49120       19.38250       699.4482    
  -90.13410       19.31240       563.4123    
  -90.11370       19.31210       854.1345    
  -94.45480       18.05540       674.4370    
  -90.63260       17.75560       514.6393    
  -90.61230       17.75530       394.4487    
  -90.97210       17.52470       325.7941    
  -90.97000       17.50510       403.9991    
  -88.81810       15.43440       178.5315    
  -96.45540       38.30230       6252.910    
  -96.54890       37.67640       4145.061    
  -96.41650       36.92050       1476.971    
  -81.93030       23.00220       1421.929    
  -81.06380       22.93340       476.9404    
  -90.08430       20.29330       822.0745    
  -89.41570       19.62090       215.3177    
  -89.49340       19.40240       486.0784    
  -98.03550       19.42490       508.0339    
  -93.11760       17.85400       261.3223    
  -91.10590       16.29580       268.6119    
  -87.30910       15.43750       192.6316    
  -91.47440       15.35150       519.7325    
  -84.47970       14.66400       215.1539    
  -96.62840       39.78470       230.6718    
  -98.14460       39.06820       2102.205    
  -95.42860       38.84430       943.9775    
  -95.82860       38.70070       93.02040    
  -95.68790       38.29730       5817.983    
  -95.66130       38.29620       5234.533    
  -94.22810       37.89880       479.0551    
  -94.20200       37.89780       595.8943    
  -81.87000       23.00170       181.9535    
  -79.82620       22.02250       138.6850    
  -83.01520       21.80180       1926.664    
  -88.86730       21.28500       581.6208    
  -75.67030       20.27100       106.3627    
  -69.40740       18.67670       484.5855    
  -96.15280       18.66390       508.8643    
  -89.31000       16.33050       331.8007    
  -86.97170       15.06860       352.1027    
  -118.0643       46.39440       564.3707    
  -96.73480       39.70770       561.7869    
  -97.32150       39.32720       3677.751    
  -96.52230       37.67540       3593.046    
  -77.57770       24.01410       950.3990    
  -80.57550       22.35430       132.4836    
  -80.57450       22.33380       140.0943    
  -78.65920       22.03710       83.08413    
  -79.90290       21.96180       391.5656    
  -83.03650       21.82240       5491.955    
  -78.19330       21.60760       960.8315    
  -79.13830       21.59130       1401.722    
  -87.78990       20.94460       264.7786    
  -89.05790       20.61970       863.5752    
  -90.30930       19.59470       636.9992    
  -89.66770       19.32530       344.1741    
  -70.34600       18.92870       356.3066    
  -91.38490       18.47760       1392.651    
  -91.36210       18.45740       884.9629    
  -99.42360       17.95890       126.5641    
  -99.78240       16.97800       564.3742    
  -96.89100       39.33520       2028.924    
  -98.17240       39.06950       597.5856    
  -98.16140       39.04220       559.5319    
  -98.13360       39.04090       1391.078    
  -96.44580       38.27550       7997.556    
  -96.53160       37.70180       3568.889    
  -96.96710       37.66780       1602.346    
  -79.84930       22.10430       417.0988    
  -84.17090       21.99700       142.9601    
  -83.03520       21.80200       2427.434    
  -78.11600       20.87890       231.4799    
  -89.47310       19.40210       510.3147    
  -89.47090       19.38210       506.8841    
  -99.22880       19.19190       413.3854    
  -96.32220       18.78690       631.3443    
  -90.75270       16.58280       435.3531    
  -91.74470       16.42160       240.1030    
  -91.99180       16.26950       671.4932    
  -86.27440       15.08130       433.4311    
  -91.38270       15.02240       257.3501    
  -116.9488       47.22500       4008.923    
  -96.49420       39.86070       92.03382    
  -93.61490       39.49930       755.4984    
  -97.11530       38.14560       3416.299    
  -96.15550       38.05290       1778.537    
  -107.0652       29.30410       1518.800    
  -83.36800       22.83000       197.8550    
  -79.99850       22.35070       88.79220    
  -78.69250       21.83340       185.1951    
  -78.43300       21.73050       104.5070    
  -88.86490       21.26470       487.2496    
  -76.96400       20.97640       114.6625    
  -89.45940       20.90900       330.5513    
  -89.59450       19.58360       607.9809    
  -88.63780       18.53620       122.7978    
  -90.73260       16.58260       406.1614    
  -90.86010       15.42060       86.31154    
  -86.57800       15.27630       324.7101    
  -95.95280       40.66300       522.8874    
  -96.67310       39.75940       371.7997    
  -93.88160       39.50950       130.5104    
  -96.13820       38.07850       576.1106    
  -83.61060       31.59960       481.8634    
  -81.95290       23.04370       197.5979    
  -82.17160       23.00430       222.1017    
  -81.95040       23.00230       241.5711    
  -82.02570       22.92040       207.4637    
  -80.30840       22.16840       155.8797    
  -80.30750       22.14800       1043.971    
  -78.64810       21.67040       488.9359    
  -77.10820       20.23310       121.3695    
  -76.85350       20.09250       471.3923    
  -89.59230       19.56360       610.2633    
  -89.72870       19.32620       733.9629    
  -71.34440       19.16210       251.6484    
  -89.67930       19.24570       535.5421    
  -93.53500       18.19700       103.4500    
  -92.50470       16.31600       186.0408    
  -95.04220       41.60640       171.3830    
  -95.96640       39.45780       1482.476    
  -96.37110       38.14070       2169.283    
  -95.42750       37.60530       133.8930    
  -91.00290       36.44880       469.2126    
  -83.36650       22.80930       92.98106    
  -83.13010       22.60110       167.5777    
  -78.17470       21.64820       190.8327    
  -78.16740       21.36410       206.7282    
  -78.18230       21.18200       133.6111    
  -89.03510       20.59920       1399.912    
  -77.41600       20.05380       256.0598    
  -77.57110       20.03420       325.5714    
  -77.55160       20.03420       257.3059    
  -71.34390       19.18190       938.0447    
  -77.69030       18.17260       515.1289    
  -99.80450       16.97850       616.2430    
  -99.77900       16.95820       695.3983    
  -91.38080       15.00320       2111.314    
  -94.20650       40.56280       335.4372    
  -93.48910       39.84780       140.9400    
  -96.40760       39.77510       120.7856    
  -96.15840       38.21090       1345.918    
  -83.79030       30.81600       459.9605    
  -81.48950       23.01920       145.5910    
  -80.83740       22.41760       394.1677    
  -80.83640       22.39710       435.1232    
  -77.85590       21.48460       893.7367    
  -88.88780       21.28540       1517.336    
  -88.84670       21.28470       131.9198    
  -88.88550       21.26500       733.4039    
  -88.87390       21.16330       752.7037    
  -88.85340       21.16300       1107.646    
  -88.87160       21.14300       666.1837    
  -88.85110       21.14270       1734.814    
  -76.96430       20.99660       166.0273    
  -77.08750       20.15300       268.2558    
  -77.08710       20.13300       691.9615    
  -77.57070       20.01420       269.0075    
  -77.55130       20.01420       282.3310    
  -89.61270       19.56390       387.1082    
  -117.7760       46.40060       433.8133    
  -111.7434       44.96520       828.3162    
  -95.92630       40.30230       232.3941    
  -97.25890       40.27840       218.7389    
  -97.45290       39.03710       677.6047    
  -96.91410       38.32170       2240.226    
  -81.78100       22.85650       247.9604    
  -83.13150       22.62170       209.3362    
  -83.11140       22.62150       328.2335    
  -77.77920       21.56560       329.8560    
  -77.77870       21.54530       647.1193    
  -78.01480       20.73750       860.4002    
  -77.06770       20.13290       193.7079    
  -89.31720       20.02000       646.0185    
  -89.72650       19.30620       464.7251    
  -90.15920       19.17330       720.0626    
  -90.13880       19.17300       227.5486    
  -90.59180       16.17220       381.0172    
  -89.47760       15.98340       161.4555    
  -70.15940       47.22450       173.5630    
  -94.45370       41.27100       187.7321    
  -93.80970       40.74150       446.7432    
  -95.67840       40.07190       133.6111    
  -96.21530       39.98520       105.4231    
  -96.66250       39.73180       142.8427    
  -96.49220       37.96180       1349.090    
  -95.43620       37.63170       389.6521    
  -82.69530       23.00900       527.5413    
  -81.01720       22.80940       83.15460    
  -79.30540       21.85660       557.1964    
  -77.84940       21.20100       417.4050    
  -89.21360       21.08750       82.87273    
  -76.99180       20.25280       120.0809    
  -89.29680       20.01970       1659.835    
  -90.09350       19.67130       828.6511    
  -90.07300       19.67100       253.0497    
  -92.86470       18.30410       580.5189    
  -91.86720       18.22810       375.0477    
  -92.88090       18.10660       134.5507    
  -93.92850       18.02610       90.13499    
  -100.2589       17.04750       862.3859    
  -98.70140       16.66030       479.4112    
  -98.14080       16.39430       565.6986    
  -118.1508       46.21230       1503.661    
  -92.40440       39.91710       93.30227    
  -96.25280       39.79570       224.9403    
  -97.30020       39.27230       2424.045    
  -96.27340       38.16290       1048.558    
  -80.27010       34.54070       1254.281    
  -81.83010       33.17930       474.4995    
  -81.84860       22.98080       1271.480    
  -82.83360       22.96910       106.5506    
  -97.90090       23.12410       90.48347    
  -81.44970       22.66860       340.7246    
  -79.90130       21.92100       336.0454    
  -89.45710       20.88880       811.2640    
  -76.68330       20.45270       109.7641    
  -88.77310       20.25290       124.7594    
  -90.43540       19.79690       1344.177    
  -89.57190       19.56330       403.8213    
  -89.59580       19.22460       4797.047    
  -90.50020       17.45900       464.4729    
  -91.23160       15.32900       4672.067    
  -83.16390       42.30190       248.4199    
  -97.53210       39.30960       140.5172    
  -97.32400       38.63090       4237.655    
  -97.29670       38.62970       1663.171    
  -96.48030       38.22420       6125.670    
  -97.08100       38.19690       1831.078    
  -96.39790       38.14180       2937.430    
  -97.00410       37.33150       587.1191    
  -79.86190       33.54250       782.4615    
  -81.61910       31.24960       502.6938    
  -80.39540       22.33270       146.3521    
  -98.46180       22.06060       522.2725    
  -89.03740       20.61940       440.6611    
  -89.01700       20.61910       410.9059    
  -89.01470       20.59890       628.6558    
  -90.35600       18.38260       1087.406    
  -91.25160       15.32920       2387.708    
  -92.66420       39.73570       332.1956    
  -96.52840       39.80760       142.9131    
  -95.85540       39.67000       155.7771    
  -93.47250       39.54820       93.02040    
  -97.18090       38.89130       3831.870    
  -97.67220       38.48690       2319.121    
  -96.41120       38.32690       5240.956    
  -96.98850       37.43450       2241.327    
  -82.48830       22.92460       177.8663    
  -77.77820       21.52500       1130.267    
  -78.18180       21.16170       234.1783    
  -78.16220       21.16170       218.5697    
  -89.59800       19.24450       3875.113    
  -90.01250       16.80670       168.6998    
  -92.24000       16.68240       345.2462    
  -93.04500       16.57770       468.6042    
  -118.1115       46.39860       721.8947    
  -105.2920       41.40290       596.2928    
  -93.16670       40.74450       143.0541    
  -92.65580       39.70820       900.0951    
  -96.47990       39.75100       118.6715    
  -97.86860       38.92170       3897.003    
  -96.12880       38.05180       3728.206    
  -96.28380       37.74390       1983.362    
  -96.96180       37.43340       4658.423    
  -95.84500       35.25510       731.4526    
  -95.81950       35.25420       748.5768    
  -79.87200       34.70870       441.4564    
  -82.81950       22.76270       1225.611    
  -82.79930       22.76260       1074.706    
  -80.37550       22.33250       234.8061    
  -78.27830       21.10150       243.5443    
  -89.39870       21.09040       113.5037    
  -90.30700       19.57470       420.0966    
  -89.68800       19.32560       500.5259    
  -89.23910       19.29900       183.5938    
  -93.04270       16.55810       758.8030    
  -114.5762       49.66050       1351.143    
  -117.8163       46.43590       2513.664    
  -96.86040       39.82210       232.8329    
  -97.70740       38.99480       2218.821    
  -97.17050       38.86410       4132.937    
  -95.90970       38.25350       2240.226    
  -95.77510       38.16890       954.6453    
  -90.60200       36.10750       761.3139    
  -76.25960       20.91460       87.10092    
  -77.72430       20.85740       119.9399    
  -88.60200       19.58910       733.9978    
  -71.94160       19.23930       83.21725    
  -89.57550       19.22430       2268.699    
  -89.59370       19.20460       2356.310    
  -100.1225       18.73250       373.3575    
  -91.34390       18.47690       837.0471    
  -88.76490       18.39950       323.7183    
  -98.92340       18.24580       537.6188    
  -99.66310       17.31080       1228.014    
  -105.0416       45.97430       1728.332    
  -118.1104       46.17710       1611.320    
  -94.17760       39.76520       372.9272    
  -97.61840       39.66550       245.2356    
  -97.24780       38.07240       2265.913    
  -87.89360       21.35160       250.7368    
  -77.78880       21.12000       71.31564    
  -90.03840       20.25230       399.0314    
  -90.03600       20.23210       313.1804    
  -89.57770       19.24420       1510.818    
  -89.11860       18.91930       433.3453    
  -84.63350       15.72140       365.1144    
  -117.4503       46.59440       387.6790    
  -95.60210       40.67580       227.4067    
  -93.55250       39.55120       166.0273    
  -96.42090       38.35370       4341.929    
  -96.38430       38.32580       3801.596    
  -96.39840       37.69630       1794.383    
  -113.0390       35.43020       1292.989    
  -83.11740       32.60160       146.7296    
  -81.33640       22.79120       1743.025    
  -81.15400       22.74860       235.2082    
  -80.36530       22.10750       94.33583    
  -77.79790       21.52500       1748.514    
  -87.54640       21.14370       272.3087    
  -76.94350       20.91590       69.29550    
  -88.70800       19.83060       1370.257    
  -89.57410       19.58330       436.4413    
  -89.64680       19.50450       730.9529    
  -89.62640       19.50420       660.9584    
  -89.64460       19.48450       214.6019    
  -90.69790       17.22660       538.7528    
  -92.18840       16.58400       546.1124    
  -118.1037       46.20810       1575.145    
  -118.6851       45.75740       462.9879    
  -123.6538       43.82710       30158.41    
  -97.15890       40.02670       158.1347    
  -96.86490       39.90420       765.0223    
  -97.64630       39.66670       361.3701    
  -95.93510       38.17540       2480.578    
  -96.78640       34.64730       860.4965    
  -81.13400       22.74840       73.85256    
  -80.60920       22.64190       726.1012    
  -78.32730       21.46600       185.1951    
  -78.21690       21.00030       229.3059    
  -90.12090       19.73180       1395.937    
  -88.62220       19.58940       552.4805    
  -89.61400       19.20490       1471.774    
  -89.57340       19.20430       852.0689    
  -91.85690       17.79390       167.7186    
  -90.69990       17.24620       473.0742    
  -92.41430       16.78270       314.6219    
  -92.53040       16.18020       360.7834    
  -91.25350       15.34850       2232.887    
  -91.23340       15.34830       929.8923    
  -91.24980       15.30990       799.5952    
  -91.22970       15.30960       1195.732    
  -91.20050       15.00080       788.9647    
  -86.42070       14.94830       341.1895    
  -116.3192       46.43190       325.7123    
  -94.26800       41.51750       190.9737    
  -94.48390       40.74050       103.4500    
  -97.14790       39.99880       156.5844    
  -96.88810       39.82340       219.0208    
  -80.87880       26.49280       710.5839    
  -78.19280       21.58730       320.4036    
  -78.17310       21.58720       331.4909    
  -98.03570       21.84340       186.0408    
  -78.02890       21.32310       73.14787    
  -78.11550       20.85870       425.9207    
  -88.70590       19.81050       1123.237    
  -90.37630       18.38290       1748.019    
  -90.37420       18.36310       3107.734    
  -94.47300       18.03590       832.1445    
  -89.08400       17.34170       555.7841    
  -91.91750       16.52150       147.1219    
  -91.58550       15.66230       273.9275    
  -86.15830       15.08030       357.4082    
  -92.56110       15.13470       671.4366    
  -94.02720       40.03240       112.4701    
  -96.13630       39.62750       146.5776    
  -95.82520       39.28980       776.0981    
  -98.06640       39.14520       568.2701    
  -97.72430       38.62190       919.2083    
  -96.19220       38.52960       1276.984    
  -98.56760       38.15690       1304.543    
  -82.72270       29.21370       112.2050    
  -80.47210       26.61900       263.2759    
  -80.88010       26.51440       300.7660    
  -80.85940       26.51420       217.8933    
  -80.85810       26.49270       328.9539    
  -80.85740       22.41780       934.0496    
  -80.85630       22.39730       943.9985    
  -90.00540       19.97050       908.1998    
  -88.68770       19.83030       1502.041    
  -89.65390       19.38490       463.1874    
  -91.60690       17.75060       86.70386    
  -90.64630       16.11470       383.3702    
  -118.7254       45.79220       412.9542    
  -94.42360       41.72250       199.2891    
  -94.15970       41.59810       392.2360    
  -95.84340       40.29880       88.51031    
  -96.18780       39.98410       109.9332    
  -96.41080       39.63930       578.3494    
  -96.00090       39.40510       133.6346    
  -95.97360       39.40400       758.6680    
  -96.20550       39.01010       877.9265    
  -96.06220       38.31250       1609.073    
  -97.07110       38.17010       952.2339    
  -95.06740       37.93080       94.14793    
  -80.30930       22.18890       158.7161    
  -83.05510       21.80220       1780.491    
  -78.59140       21.75150       63.02836    
  -76.79200       21.25890       1048.806    
  -77.35360       20.89670       61.16797    
  -103.2076       20.65430       1119.724    
  -90.12320       19.75180       502.8666    
  -90.14130       19.73210       1333.861    
  -89.29670       19.45940       257.3917    
  -72.07610       19.27860       66.80556    
  -72.07650       19.25870       1163.809    
  -88.27460       17.86100       196.4135    
  -93.41010       39.60000       106.9735    
  -96.41080       39.42250       876.9649    
  -97.80910       38.49290       1650.049    
  -96.43810       38.32800       4056.993    
  -81.06420       22.56290       307.2940    
  -78.75040       21.79290       70.18813    
  -76.58550       20.41240       72.16128    
  -88.68560       19.81030       1003.866    
  -71.94820       18.94220       72.72504    
  -91.34160       18.45710       1720.800    
  -89.37160       17.83610       361.3315    
  -89.35150       17.83580       515.3602    
  -89.08220       17.32210       244.3586    
  -91.80970       16.46150       724.9603    
  -90.64820       16.13420       241.4624    
  -117.8100       47.23720       2318.020    
  -117.3518       45.42330       590.3976    
  -123.7772       44.62010       2834.577    
  -95.92180       39.48290       218.6684    
  -96.21200       38.21310       827.4709    
  -96.75000       37.50250       610.9708    
  -96.37270       36.94450       972.4161    
  -80.26770       33.88370       1126.110    
  -82.17030       22.98360       86.11434    
  -80.37270       22.27110       102.7453    
  -78.69620       21.95560       93.86605    
  -75.59290       20.35110       85.40964    
  -88.71010       19.85070       265.9965    
  -88.72820       19.83090       826.0178    
  -98.88380       18.76330       506.8067    
  -98.86170       18.76280       757.1503    
  -89.88630       18.53390       300.3864    
  -95.40810       18.52950       421.6305    
  -89.31910       17.91410       230.2903    
  -84.57850       14.72210       390.5138    
  -96.93140       43.01810       142.0675    
  -96.93120       38.29600       836.6446    
  -80.74790       22.62230       478.8690    
  -80.06620       22.53570       57.31559    
  -78.40260       21.34470       939.0925    
  -76.77240       21.25890       397.0330    
  -77.70350       20.79690       90.90630    
  -89.37370       20.34240       170.7385    
  -103.0212       20.56720       2913.015    
  -96.64100       16.36570       715.4418    
  -84.54980       15.60510       203.1580    
  -96.90140       39.36270       502.2556    
  -97.05790       38.99300       585.2844    
  -96.95830       38.29710       983.4245    
  -95.94440       38.20210       1414.852    
  -82.36720       30.06660       371.4643    
  -80.81670       26.49230       358.5513    
  -80.81540       26.47080       226.3497    
  -80.76790       22.62240       477.6459    
  -78.26190       21.22270       276.2424    
  -89.78690       19.84670       228.3333    
  -71.98120       19.19950       75.26196    
  -91.85920       17.81360       109.6513    
  -94.53410       16.44580       466.2353    
  -96.66220       16.36610       1448.265    
  -84.63130       15.68290       468.7780    
  -96.29400       39.68860       104.2956    
  -96.43830       39.64050       1217.355    
  -96.89690       38.34740       2768.633    
  -96.46510       38.32920       4164.876    
  -96.48230       38.30350       3832.787    
  -96.44390       38.19640       4633.960    
  -81.29790       32.98240       116.9802    
  -78.21300       21.60770       310.9136    
  -78.26240       21.24290       218.5979    
  -78.24220       21.22260       473.5584    
  -90.04470       20.13170       168.4955    
  -89.08410       19.55610       469.8865    
  -90.52480       19.33850       1084.231    
  -71.49800       19.20120       814.6278    
  -92.84400       18.30380       1566.338    
  -97.53570       39.52600       128.2554    
  -95.55200       38.74260       488.8362    
  -96.92400       38.34850       4790.525    
  -95.89920       38.14760       1036.632    
  -94.90080       37.89810       1018.285    
  -98.17780       22.84010       83.03379    
  -80.87730       22.41790       493.6845    
  -80.87630       22.39740       517.6726    
  -83.19610       22.39640       67.27536    
  -80.85530       22.37670       345.8667    
  -88.86930       21.12270       274.4383    
  -89.64740       19.32500       281.1055    
  -90.91340       17.54350       662.3999    
  -92.11570       16.29080       90.48347    
  -84.59760       14.72220       206.8699    
  -92.69740       41.11790       109.6513    
  -94.49620       41.16020       112.4701    
  -93.99170       40.08580       908.6863    
  -96.09280       39.43600       660.8629    
  -96.84280       38.34510       2643.565    
  -80.43330       22.29200       120.9735    
  -89.70120       19.44550       358.7655    
  -88.11090       19.10420       155.3288    
  -93.56880       18.13830       80.05392    
  -89.10210       17.32230       295.8132    
  -92.21750       16.66250       980.0545    
  -97.78690       16.32870       687.1128    
  -119.7462       46.92960       591.3842    
  -94.47600       41.86720       126.5641    
  -92.41130       39.59080       1087.119    
  -96.76360       39.14120       94.64120    
  -96.51430       37.72720       1350.833    
  -88.62720       16.45820       363.2800    
  -93.31200       16.40640       566.9369    
  -90.18970       16.36120       149.1145    
  -92.54920       15.01890       465.2474    
  -93.51670       39.60400       533.9772    
  -96.54490       39.13180       1339.365    
  -96.49000       38.25100       4994.969    
  -94.76820       38.12920       2115.464    
  -94.38100       37.56530       558.7839    
  -80.43420       22.31240       214.6516    
  -78.64130       22.09830       96.12107    
  -90.05820       20.07170       559.3290    
  -89.73020       19.70570       917.5212    
  -89.37800       19.08200       1012.211    
  -89.10400       17.34190       638.1335    
  -89.00050       17.30140       177.1325    
  -90.33930       16.46040       530.2419    
  -88.74240       15.47210       68.21497    
  -90.83650       15.38170       103.5738    
  -92.50030       15.13390       754.0810    
  -93.65740       41.80530       133.3292    
  -96.75340       39.11390       615.5577    
  -109.5665       38.49270       992.5069    
  -96.99840       35.97650       1300.836    
  -79.71090       33.63740       231.0755    
  -83.26750       31.06200       556.9752    
  -81.56390       22.91660       68.21497    
  -76.82500       20.83500       92.78977    
  -76.80550       20.83500       120.1748    
  -89.99120       19.66970       418.0502    
  -92.25170       16.60450       598.7348    
  -90.25600       15.35510       282.1146    
  -121.5602       50.25540       2098.935    
  -112.9920       45.77600       997.7150    
  -94.93280       41.23450       119.7990    
  -95.82270       39.50590       93.30227    
  -97.56610       38.13880       520.0085    
  -95.57660       37.58510       715.0535    
  -71.94120       19.25920       149.1145    
  -90.70810       17.32470       247.2520    
  -92.61260       16.55150       98.93987    
  -94.13190       41.28610       157.0071    
  -93.97130       39.70280       99.50364    
  -109.5606       38.67880       734.8085    
  -88.35950       19.78560       420.9799    
  -89.35770       19.08170       1574.931    
  -100.9562       19.07380       771.5027    
  -102.4183       18.95080       503.2230    
  -95.84410       18.18080       72.44316    
  -92.22400       16.72120       273.1769    
  -92.95610       16.51780       375.4330    
  -96.51130       39.83410       141.5038    
  -92.33410       39.50680       520.7599    
  -97.01670       38.88410       297.1983    
  -97.04430       38.67200       2366.824    
  -97.23870       38.54750       2342.972    
  -96.99530       38.32510       1376.060    
  -96.27460       37.71740       882.5133    
  -81.55210       22.71050       459.3034    
  -79.53880       21.75600       557.1929    
  -76.77070       21.13760       63.70488    
  -96.84470       19.59890       954.0599    
  -71.33990       17.82260       129.2937    
  -99.66650       17.33060       817.5389    
  -84.20220       15.21770       202.8553    
  -90.51790       14.72310       723.8791    
  -119.6498       47.24320       315.8748    
  -117.3890       45.45750       385.3300    
  -93.28560       39.62250       174.2018    
  -97.32410       38.41860       3241.998    
  -80.26950       33.90790       477.1429    
  -85.13420       32.39690       944.5352    
  -103.4516       20.96860       624.1301    
  -103.4464       20.94790       607.9950    
  -90.08670       20.31340       840.9257    
  -88.79720       17.47510       147.5203    
  -89.98420       17.33410       201.5564    
  -89.98220       17.31450       252.9196    
  -92.38240       16.31420       243.2624    
  -116.4712       48.46730       1571.629    
  -88.47190       41.99700       95.27544    
  -97.17200       39.78140       178.4301    
  -97.63530       39.63910       195.4838    
  -96.99000       38.16660       2855.784    
  -81.35110       32.81650       360.3521    
  -78.45620       21.85270       96.68483    
  -77.07670       20.69460       322.2532    
  -86.87210       14.74150       736.0494    
  -94.27520       41.15130       149.1145    
  -93.63600       40.62360       205.6315    
  -92.58190       39.89620       98.65800    
  -95.80790       39.31610       703.6255    
  -107.7591       29.33630       1820.069    
  -77.09620       20.69470       52.71156    
  -84.20320       15.23700       123.9747    
  -93.36390       39.95230       295.3163    
  -97.90400       39.35340       167.1548    
  -96.96890       38.82870       1223.318    
  -99.44640       36.51200       2214.081    
  -88.80830       18.63750       268.6119    
  -98.38800       16.45790       618.1546    
  -92.49440       15.07590       176.1540    
  -96.95570       38.21790       643.9963    
  -95.57240       18.49300       96.96672    
  -88.74290       18.37950       128.5373    
  -90.70350       16.29030       391.2308    
  -121.6477       41.41630       2308.055    
  -97.01520       38.37890       1774.774    
  -99.98240       35.57500       10340.63    
  -99.95540       35.57380       3781.414    
  -99.97240       35.54950       9104.046    
  -99.94550       35.54830       4623.562    
  -90.00840       20.17140       148.2989    
  -89.38860       19.18170       221.2805    
  -90.68780       18.98250       220.6181    
  -87.84800       15.32750       1108.043    
  -91.50840       14.87010       159.4031    
  -121.6216       50.29660       7585.626    
  -94.43410       41.75140       178.5710    
  -96.79230       38.71440       1986.114    
  -97.06120       38.14330       1083.418    
  -80.78650       28.03870       1664.662    
  -99.37960       22.83190       734.5104    
  -98.10310       21.84520       85.69152    
  -98.52020       18.57530       140.3762    
  -77.15370       18.17130       680.6887    
  -92.13500       15.70870       217.4967    
  -87.84660       15.30820       182.0389    
  -93.97660       40.91530       163.2085    
  -94.42360       40.87740       113.5976    
  -79.53810       21.73560       65.11427    
  -78.18130       21.14150       71.03376    
  -89.35650       19.26090       120.8361    
  -88.71330       18.28040       132.4836    
  -91.73900       16.55790       528.7130    
  -92.70650       41.14630       129.1010    
  -97.12250       39.72480       220.1483    
  -97.40240       38.55460       987.0939    
  -96.98810       38.37770       2414.793    
  -96.21840       38.08180       952.2339    
  -95.64780       37.79660       2011.800    
  -99.62260       36.95550       2775.973    
  -87.44480       21.14220       260.3830    
  -89.05010       19.99590       229.5695    
  -89.70980       19.70540       767.9948    
  -119.3343       50.31560       3145.022    
  -95.70890       39.63670       448.0650    
  -97.10720       39.26380       2430.428    
  -97.39620       38.18410       172.2287    
  -102.5824       20.69740       684.0485    
  -88.48780       18.43530       143.9833    
  -88.66260       18.37840       116.6983    
  -98.53520       18.53580       658.6742    
  -93.50110       18.09760       79.67809    
  -90.81930       16.03940       82.30896    
  -95.77500       39.96650       127.6916    
  -96.47590       39.45240       750.4117    
  -95.66460       39.36410       1381.565    
  -97.08530       38.99420       1448.349    
  -97.03680       38.22130       2461.864    
  -99.22970       36.70670       611.2981    
  -107.3814       24.34440       189.9871    
  -80.37930       22.84610       254.1853    
  -78.43940       21.95460       479.0679    
  -89.98890       19.64970       955.2506    
  -69.31220       18.63780       271.1979    
  -88.66450       18.39820       66.66462    
  -100.2555       17.02770       461.6992    
  -92.43490       16.23710       182.6583    
  -92.43280       16.21770       446.3288    
  -117.2327       45.35120       237.3429    
  -96.51690       38.25210       4342.235    
  -90.64130       18.20900       447.6783    
  -90.58270       17.08800       430.9198    
  -94.12770       16.34150       861.1080    
  -94.12530       16.32200       1134.241    
  -107.6158       45.77500       945.0338    
  -91.30940       41.20840       246.6450    
  -93.73020       39.61210       123.1815    
  -96.66090       39.29830       671.5175    
  -96.57220       39.13300       686.1955    
  -96.99300       38.74970       301.8033    
  -95.88290       38.25240       1659.529    
  -94.73520       37.78720       576.1106    
  -78.45920       21.95460       459.6899    
  -98.09890       21.82450       80.89956    
  -89.94490       18.51500       359.4006    
  -95.24250       18.26820       92.17476    
  -91.68760       17.20200       157.4912    
  -90.96240       17.05430       369.7619    
  -84.54880       15.58590       146.7995    
  -84.22140       15.21790       436.9468    
  -91.33620       41.20930       136.9937    
  -95.74380       39.28650       787.1066    
  -95.95400       39.05320       1189.528    
  -96.23260       39.01120       958.3496    
  -97.76010       38.78330       684.3607    
  -98.15400       38.61450       1108.187    
  -95.94860       38.44010       1496.236    
  -96.86000       38.31940       1259.248    
  -95.88180       38.17330       1102.072    
  -94.72670       37.76070       574.2758    
  -99.09510       22.88630       189.4234    
  -78.45970       21.97500       412.9542    
  -78.44000       21.97500       488.5919    
  -103.7953       20.63090       122.3359    
  -98.83590       18.74220       1341.200    
  -91.41660       18.39890       96.11967    
  -98.53170       18.51580       142.4001    
  -107.6409       45.80820       1640.434    
  -96.96560       38.24470       4383.211    
  -98.52180       37.63080       610.9708    
  -89.73250       19.72570       1269.963    
  -98.36940       16.47710       1162.016    
  -92.58340       15.15440       777.1747    
  -123.6011       43.82230       11959.20    
  -98.01510       37.84340       744.7923    
  -107.3664       24.30120       140.0004    
  -102.8783       19.14410       655.2626    
  -88.51850       18.33700       136.9215    
  -88.46350       18.17840       112.2050    
  -91.22090       16.82350       291.3166    
  -94.61370       40.80150       196.1885    
  -95.34320       38.44210       272.8599    
  -107.7920       37.56690       816.6829    
  -99.45660       36.53790       2755.798    
  -88.12850       21.07090       278.3666    
  -89.78470       19.82670       87.88083    
  -93.62080       18.06010       181.8126    
  -92.22620       16.74070       130.2520    
  -120.2942       40.93790       1696.551    
  -95.97540       38.44120       1574.755    
  -95.96060       38.09750       809.1234    
  -88.70280       18.37890       1352.209    
  -88.68270       18.37870       1199.925    
  -98.79990       18.54180       302.5117    
  -92.24660       16.74100       157.7147    
  -94.38840       40.93180       171.3830    
  -97.27600       40.11420       189.1415    
  -96.05030       38.95010       563.5462    
  -108.4787       38.00160       636.1469    
  -82.27660       22.75780       592.1204    
  -95.82070       39.12820       143.0541    
  -107.1462       29.23960       681.7962    
  -107.3439       24.38570       106.5506    
  -78.56160       22.07750       72.86598    
  -88.55100       18.25850       85.97340    
  -90.99000       18.05640       390.3605    
  -96.29450       38.66670       1007.276    
  -88.04390       37.36650       798.1151    
  -97.77840       37.28660       113.8795    
  -107.3589       24.27950       93.86604    
  -98.14810       21.84630       118.1077    
  -101.8622       19.25800       614.3448    
  -96.37910       18.46950       383.3004    
  -88.69320       18.28010       346.8154    
  -96.17660       18.26680       216.7883    
  -93.30780       16.71860       460.3617    
  -94.83820       16.54860       154.4439    
  -92.52820       16.16070       1526.509    
