  -118.8492       50.23320       176.9745    
  -120.2229       38.74030       2101.365    
  -122.2320       38.17690       104.8997    
  -112.0412       35.46830       261.2961    
  -97.59030       32.69290       53.17708    
  -92.76280       31.05510       65.56714    
  -94.02410       30.86120       34.63153    
  -91.57250       30.56160       9.790211    
  -117.6003       50.82170       270.1081    
  -92.73940       31.05440       40.70451    
  -97.48620       20.50200       28.91488    
  -119.4021       51.28600       209.8087    
  -97.48990       20.52240       10.34369    
  -100.5369       30.71970       43.07069    
  -119.9555       37.60540       2772.058    
  -109.6301       27.17800       3.154968    
  -98.85190       22.81700      0.9912779    
  -97.46790       20.52180       9.304324    
  -110.7764       33.00450       144.9182    
  -109.6204       27.15550       11.95644    
  -120.1944       38.71130       3162.055    
  -110.8616       33.42080       45.51383    
  -119.9970       37.60850       1090.859    
  -119.9819       37.63360       4493.579    
  -70.34600       18.92870       141.7721    
  -98.64710       19.03790       49.98537    
  -101.4631       26.88850       11.44270    
  -95.82010       33.95070       146.4281    
  -97.57320       28.72430       2.331590    
  -95.15380       33.95130       23.53689    
  -81.01650       26.70990       1.559736    
  -81.22280       26.69010       4.232898    
  -90.64110       30.81340       156.4174    
  -87.97950       48.74860       58.85382    
  -80.58650       26.44740       2.659068    
  -111.2360       45.38880       138.1516    
  -92.71830       30.75380       166.7525    
  -84.52840       45.44880       19.53304    
  -98.44010       49.53720       2.323944    
  -77.67970       35.08760       1.775844    
  -80.74020       26.59960       1.508058    
  -98.36470       21.81080       1.996650    
  -115.8655       46.61560       1474.167    
  -90.66400       30.81400       58.36720    
  -98.12580       27.43290       11.58949    
  -105.9691       37.61770       99.62678    
  -116.3288       33.26440       545.3761    
  -116.3110       33.23900       232.9187    
  -113.7472       32.04850       13.64460    
  -113.7322       32.02380       14.22215    
  -86.77300       30.52160       2.925288    
  -117.7413       46.81210       44.62657    
  -105.9995       37.61950       77.05938    
  -98.18660       36.25340       6.722838    
  -98.17720       36.22760       5.877199    
  -118.8540       45.86620       9.917478    
  -92.64100       35.06940       75.40662    
  -77.69970       35.01360       143.0539    
  -92.66560       35.07010       48.59252    
  -95.24660       29.16660       20.25820    
  -77.70070       35.03830       19.45874    
  -92.69500       30.75310       47.33558    
  -95.41480       28.90220       117.6176    
  -98.12640       29.26020       1.793070    
  -96.79960       28.83340       13.71168    
  -86.55730       15.25690       15.44572    
  -77.05670       37.90480       160.6504    
  -77.03290       37.90470       164.6625    
  -77.05580       37.87860       110.3801    
  -95.39140       28.90150       29.84522    
  -91.58820       29.85460       3.283902    
  -104.9925       49.58000       2.800008    
  -98.11680       21.02600       3.565782    
  -115.0530       32.14950       88.84796    
  -91.23670       30.25530       5.616459    
  -91.23210       30.23240       7.509753    
  -84.67420       15.76030       24.96139    
  -91.74070       30.81900       5.153706    
  -91.71760       30.81840       5.073840    
  -116.2526       45.95250       19.72690    
  -68.59280       18.70140       6.671345    
  -89.87740       16.00780       33.78752    
  -116.2161       45.91800       29.36250    
  -90.82140       29.63150       2.442960    
  -96.77580       28.83270       3.030210    
  -106.0510       38.46500       236.8608    
  -117.7002       46.77630       17.78663    
  -117.9767       46.35500       19.78445    
  -117.9567       44.43470       25.13604    
  -121.0439       43.56410       488.5603    
  -90.95990       29.88410       1.700676    
  -91.78880       17.91100       1.385910    
  -118.0237       46.35910       22.09352    
  -91.60110       30.70020       6.448005    
  -91.62420       30.70080       5.708070    
  -112.0742       35.47040       243.3079    
  -120.1802       38.73700       1879.342    
  -111.3726       42.23540       68.95592    
  -118.0434       46.26590       8.414119    
  -97.52170       38.37430       18.05187    
  -99.77870       35.86760       15.06022    
  -94.53030       47.96310       54.28278    
  -107.8825       25.37400       180.7237    
  -116.4528       46.25320       18.49759    
  -76.16220       35.75390       192.4386    
  -98.79670       26.31850       3.842964    
  -98.77300       26.31780       8.202709    
  -116.4078       46.24940       25.51249    
  -116.3629       46.24550       23.71081    
  -116.0961       46.03340       10.17117    
  -118.1642       46.15040       14.59551    
  -86.81280       40.51680       2.395980    
  -97.60350       38.16670       9.708417    
  -91.61560       29.87800       2.760075    
  -116.3482       46.30750       7.148007    
  -95.43820       28.90290       209.7055    
  -97.78440       38.35940       4.821322    
  -97.76620       28.91020       1.437588    
  -95.46020       44.74650       3.199338    
  -91.76660       29.95010       2.926854    
  -114.8650       47.04360       158.6342    
  -100.1037       37.59930       14.63211    
  -98.35140       37.46710       22.59185    
  -116.4005       46.28040       19.55308    
  -99.59360       19.12040       38.53682    
  -100.1148       37.62580       11.83412    
  -119.0038       46.57400       357.8309    
  -97.59680       38.43060       63.52554    
  -110.9624       34.48030       96.02466    
  -116.1039       46.00260       12.89413    
  -97.75710       38.35820       35.22715    
  -116.1022       46.19150       10.60339    
  -111.3487       42.20490       107.3633    
  -90.77040       16.95380       21.92740    
  -97.69530       38.19710       50.94012    
  -100.5799       30.69830       23.34498    
  -113.0857       46.95880       57.16767    
  -116.1482       46.00640       107.4397    
  -97.59660       38.21910       2.974617    
  -97.68510       38.17030       64.05561    
  -113.5899       47.38990       199.6900    
  -116.3931       46.31140       10.57990    
  -100.4043       29.47840       18.21624    
  -114.8563       48.25690       751.2982    
  -101.2135       37.62670       81.10989    
  -121.5711       44.72180       357.0121    
  -111.1822       40.00330       42.40668    
  -101.1852       37.62530       7.925526    
  -101.2017       37.60000       20.48798    
  -119.2371       45.90040       147.7107    
  -76.16260       35.77890       69.03617    
  -98.88380       25.28680       43.45582    
  -97.87710       22.37570       27.41001    
  -119.0467       46.60980       23.81416    
  -118.9980       46.60540       40.35583    
  -118.9552       46.56960       43.00784    
  -97.83260       38.41450       34.40916    
  -90.23480       37.97390       89.62239    
  -121.7875       42.68990       302.6532    
  -97.67350       38.69950       17.73315    
  -98.48060       34.32150       18.56153    
  -116.3555       46.27650       7.690626    
  -97.64430       38.27400       6.287008    
  -121.8333       39.05570       11.09723    
  -93.11510       17.83420       2.840612    
  -97.70580       39.12890       1.869804    
  -97.67820       39.12770       8.172669    
  -70.51480       19.68220       14.54932    
  -97.44680       38.31820       15.69473    
  -121.9302       39.49730       4.096656    
  -77.67880       35.06290       6.263511    
  -97.43660       38.29130       2.071818    
  -97.76370       38.30560       8.597341    
  -116.6604       47.00560       127.7404    
  -121.2265       42.87430       244.9836    
  -97.70910       38.30320       2.208060    
  -122.2772       39.19960       52.77771    
  -84.45850       49.20070       119.4652    
  -122.2314       39.19590       49.17678    
  -115.8689       47.48760       369.0238    
  -121.4793       41.94260       44.52320    
  -97.95780       35.76390       14.95319    
  -95.90320       33.56610       1.952802    
  -101.0094       19.98270       37.75853    
  -118.2857       46.25580       11.69097    
  -110.5009       45.11660       100.1548    
  -100.4116       29.50130       14.43946    
  -118.1846       46.05770       26.57659    
  -97.69580       38.40840       3.744306    
  -119.9140       37.60220       865.4150    
  -106.1250       25.62780       36.64140    
  -112.0680       30.72880       33.52236    
  -118.9494       46.60100       489.7437    
  -119.9291       37.57710       691.5840    
  -112.0811       30.75280       37.18421    
  -111.9522       38.86240       60.99453    
  -112.2176       31.11110       5.755050    
  -114.0126       42.72120       83.44857    
  -113.9734       42.71820       21.70098    
  -97.71050       39.20980       7.688038    
  -120.0235       37.63680       638.4416    
  -119.9404       37.63050       497.1852    
  -97.96690       35.78940       2.107053    
  -115.3454       47.57270       196.1794    
  -111.7930       44.93840       121.9410    
  -97.62730       38.29960       13.08786    
  -101.2490       37.70670       4.484502    
  -120.2371       38.71460       1024.470    
  -117.9522       45.44430       18.77634    
  -118.6616       46.83060       490.9167    
  -97.73640       38.30440       2.255040    
  -101.0324       19.98330       45.84403    
  -119.6423       46.09380       27.03194    
  -110.8278       44.86480       82.18885    
  -121.2767       43.61420       119.1963    
  -122.1414       43.27670       224.0575    
  -112.2986       39.97060       52.50446    
