  -107.0052       42.22360       6210.614    
  -123.4967       41.17850       31885.51    
  -108.4605       39.46980       29819.94    
  -108.4424       39.44160       31529.81    
  -108.6213       39.42580       47641.12    
  -108.6032       39.39760       17650.46    
  -108.5703       39.39550       27590.73    
  -108.5523       39.36730       4411.975    
  -108.5343       39.33910       6027.956    
  -97.95430       37.19070       705.5175    
  -97.97140       37.16560       459.3766    
  -97.94450       37.16450       534.2191    
  -85.41480       32.80430       3179.810    
  -100.3420       33.13760       2288.535    
  -97.43450       32.18920       632.0297    
  -100.6880       31.96250       767.8145    
  -110.3486       45.10510       1679.813    
  -108.5884       39.42370       7190.594    
  -108.6360       39.39970       24952.70    
  -108.5851       39.36940       27020.80    
  -118.2855       34.72300       3354.649    
  -116.3434       31.82220       6715.651    
  -98.39200       49.56940       148.3942    
  -108.6542       39.42790       21852.53    
  -118.4571       35.99570       2450.191    
  -111.6559       44.65290       1286.107    
  -111.4040       44.27010       1184.268    
  -118.3612       34.72820       6768.606    
  -118.3780       34.70440       14200.73    
  -118.3401       34.70180       19731.10    
  -118.3191       34.67550       8307.695    
  -116.3599       31.84700       5120.936    
  -109.6423       30.50830       6958.848    
  -100.3681       33.13870       9481.980    
  -100.3331       33.11320       4530.455    
  -105.0925       51.60050       174.2018    
  -114.4685       42.40840       2460.026    
  -105.0523       51.59750       804.7253    
  -123.4773       46.70550       2447.424    
  -111.5619       44.37270       1469.836    
  -97.65150       38.43300       3588.500    
  -114.9577       40.79900       1887.690    
  -97.68920       38.46110       3968.558    
  -97.66180       38.45990       9046.842    
  -97.67880       38.43420       3534.957    
  -103.7006       42.04710       1175.869    
  -105.9527       40.13370       2101.899    
  -118.4732       35.97130       2698.546    
  -110.5589       30.95150       1794.089    
  -110.1850       27.49230       2862.881    
  -109.9005       43.26540       1280.857    
  -123.5843       41.21420       22740.46    
  -123.5346       41.21000       17108.25    
  -123.5463       41.18280       53760.85    
  -123.4590       41.14710       12340.03    
  -116.0805       44.00690       1557.791    
  -106.9338       39.10530       2075.805    
  -109.0780       45.94420       1219.964    
  -111.0083       44.90910       1211.565    
  -112.5994       31.62680       2654.065    
  -110.6844       30.91140       1157.758    
  -114.7980       52.46430       246.7859    
  -111.2136       44.25580       1205.815    
  -123.7231       46.09630       3090.375    
  -106.9920       41.56580       1051.983    
  -109.8074       27.07550       193.5576    
  -106.4676       40.27510       1075.080    
  -117.6568       48.84500       2250.556    
  -108.1904       34.99060       1453.063    
  -110.2400       45.18950       1831.156    
  -119.0404       41.39850       4136.782    
  -117.0235       52.83130       5089.479    
  -107.5949       42.66730       919.6976    
  -122.8478       45.66970       2485.073    
  -115.5216       40.06550       1522.330    
  -108.4572       39.41540       36096.03    
  -108.6712       46.45250       873.5027    
  -115.4830       40.06270       2904.273    
  -115.0765       39.62230       3263.833    
  -116.2802       41.94560       1709.210    
  -123.6171       41.02020       3557.042    
  -120.1662       50.50340       7002.228    
  -115.8160       40.28040       1448.839    
  -108.4277       39.46770       25982.88    
  -110.0725       47.59520       1387.945    
  -116.2514       41.91480       1759.604    
  -108.4097       39.43950       35273.28    
  -115.0387       39.61950       1360.649    
  -100.3593       33.11430       8107.995    
  -118.7762       41.49030       3760.543    
  -120.1042       51.06750       2789.705    
  -83.14570       31.59310       606.3820    
  -115.7898       51.99690       2697.983    
  -108.1101       25.27530       625.9597    
  -116.7115       52.45990       3103.269    
  -83.14330       31.56980       1315.873    
  -118.3133       52.31800       7847.284    
  -101.6496       31.65000       1228.185    
  -109.1794       26.43060       2783.802    
  -93.94600       33.28240       444.7166    
  -93.95240       33.30670       620.4809    
  -108.5228       39.41960       20626.12    
  -114.9063       32.52380       2917.247    
  -108.4933       39.47190       15720.38    
  -108.4752       39.44360       27835.99    
  -70.34600       18.92870       1589.655    
  -101.8864       35.96540       756.4409    
  -94.23000       30.06460       89.25155    
  -83.16390       42.30190       236.1274    
  -93.18470       17.89460       523.4033    
  -93.11510       17.83420       650.1431    
  -97.04900       32.45900       213.0574    
  -108.6179       39.37140       4742.672    
  -97.98520       20.92080       84.52015    
  -93.75220       30.89910       593.6298    
  -95.32450       30.51030       5371.509    
  -93.74670       30.87590       735.8148    
  -95.31860       30.48710       6348.870    
  -98.55390       27.53500       1022.395    
  -71.31840       17.92060       749.9166    
  -85.70440       32.92850       8838.010    
  -98.55990       27.55730       1069.437    
  -88.56710       33.44340       2935.292    
  -93.52910       31.23970       1025.386    
  -88.60440       50.75070       1045.860    
  -97.93480       37.13820       482.9262    
  -97.90790       37.13710       512.6050    
  -97.92500       37.11200       816.4905    
  -97.89810       37.11090       1434.262    
  -91.85120       32.29060       554.7755    
  -84.71770       31.03730       653.4611    
  -91.85660       32.31440       318.5098    
  -85.70100       32.90460       1952.571    
  -91.82770       32.29000       1740.672    
  -110.3635       27.38940       1988.868    
  -82.55810       42.23370       382.1687    
  -91.18000       32.31920       255.5705    
  -82.58400       42.23410       385.5022    
  -91.18510       32.34300       299.2078    
  -93.52350       31.21630       1374.589    
  -81.68970       38.36580       240.8771    
  -105.0468       37.25410       679.4605    
  -91.84590       32.26690       266.7869    
  -90.90980       36.26830       145.8779    
  -98.49010       34.71520       951.1942    
  -87.21150       15.70650       419.0898    
  -123.4495       46.99070       4499.502    
  -107.0388       42.22580       2703.836    
  -89.67020       32.89610       461.5867    
  -85.09420       31.04340       90.32688    
  -95.34240       30.48790       1781.211    
  -87.89550       15.69440       617.9345    
  -99.21980       49.44340       149.6846    
  -95.11480       33.90140       108.3543    
  -91.73590       30.79580       222.5196    
  -109.7122       26.98270       68.22905    
  -109.5153       26.97380       77.66499    
  -108.8195       25.80350       124.8447    
  -92.57310       33.45560       2462.149    
  -92.54900       33.45490       1907.765    
  -89.98460       39.51060       104.5211    
  -108.5408       39.44780       8301.600    
  -109.5530       26.99760       87.26221    
  -109.5249       26.99630       88.79455    
  -109.4687       26.99380       123.1241    
  -99.38260       30.99890       390.5565    
  -94.97600       45.06250       126.4576    
  -104.3283       40.20280       4606.887    
  -109.4879       27.03880       163.3411    
  -109.5058       26.95120       84.84274    
  -104.2974       40.20100       5606.259    
  -91.55260       34.49370       594.4681    
  -99.10930       31.15090       124.1995    
  -109.6117       27.19940       1121.275    
  -109.7227       27.07160       102.0694    
  -110.2018       51.71410       1376.504    
  -104.3126       40.17440       3771.647    
  -92.57900       33.47990       1776.952    
  -99.09170       31.17350       936.7057    
  -109.7713       27.18450       98.06918    
  -109.7616       27.16190       89.35909    
  -109.7518       27.13930       81.61679    
  -109.7421       27.11670       82.90717    
  -109.7412       27.05030       85.97183    
  -109.5722       27.04260       101.6177    
  -109.5441       27.04140       722.3196    
  -109.5159       27.04010       1456.770    
  -109.4598       27.03750       2283.385    
  -109.5626       27.02010       587.9346    
  -109.5064       27.01750       1464.184    
  -100.7095       45.17350       1735.756    
  -108.5737       39.44990       5396.399    
  -108.5556       39.42160       6214.258    
  -88.70990       34.56360       383.4329    
  -91.71280       30.79520       267.1095    
  -104.2817       40.17260       4120.387    
  -91.07300       32.36350       277.7551    
  -91.06790       32.33980       1219.189    
  -98.89630       31.49240       648.8278    
  -98.87120       31.49140       659.3266    
  -99.21780       31.41130       724.4194    
  -99.11680       31.17450       882.2518    
  -97.18740       36.67000       623.9928    
  -97.17830       36.64410       440.1823    
  -99.08420       31.15000       858.8044    
  -81.73400       26.86790       216.4082    
  -109.6470       27.02390       80.00381    
  -85.72380       32.90500       1667.853    
  -81.73240       26.84620       160.6528    
  -109.7139       27.11540       101.9403    
  -109.6566       27.04650       76.61655    
  -109.6399       27.20060       1378.928    
  -68.49760       18.66250       687.4856    
  -85.72720       32.92890       2180.686    
  -110.8616       33.42080       1860.226    
  -84.68460       31.12910       168.3951    
  -109.6584       27.17930       82.26198    
  -109.6020       27.17680       638.4432    
  -109.5738       27.17550       2566.955    
  -109.6769       27.15800       98.71437    
  -109.1999       26.14690       3862.480    
  -109.5835       27.19810       1534.613    
  -109.7509       27.07290       108.7149    
  -109.1910       26.12460       2277.879    
  -105.8574       47.21620       3464.614    
  -105.8209       47.21360       3554.379    
  -92.55490       33.47920       1902.689    
  -84.35660       30.38920       2109.166    
  -109.2391       27.35980       2303.697    
  -109.7130       27.04900       102.2629    
  -68.60080       18.52370       932.8210    
  -89.40470       39.43910       104.8437    
  -110.9163       40.23260       6284.916    
  -99.40770       30.99980       428.3523    
  -110.8814       40.23020       7171.750    
  -103.5931       37.38350       1596.108    
  -91.71520       31.35040       265.3352    
  -81.78580       27.30310       1544.407    
  -80.48060       25.65370       2931.274    
  -80.47940       25.63240       2375.885    
  -97.16100       36.66890       3832.073    
  -84.72890       31.12980       2197.868    
  -84.72610       31.10660       2010.805    
  -80.52870       27.59750       437.1534    
  -97.79830       37.05500       292.5945    
  -97.77150       37.05390       1771.375    
  -97.74470       37.05270       363.2431    
  -97.76190       37.02770       536.1545    
  -104.6625       36.66620       1446.739    
  -81.76490       27.30290       1012.966    
  -104.6114       25.35370       856.7046    
  -112.4005       37.96230       2754.148    
  -86.58080       32.25860       689.7645    
  -86.55820       32.25820       147.4264    
  -91.58460       32.14180       808.8979    
  -81.78740       27.32490       1083.051    
  -109.3788       27.81140       3004.123    
  -81.75480       26.86810       1146.582    
  -91.82480       30.89040       207.9131    
  -71.62140       18.07650       1040.959    
  -104.5820       38.64720       1127.575    
  -104.5423       36.71110       1587.423    
  -91.73100       30.77270       122.9091    
  -107.9153       25.46190       1508.387    
  -107.9071       25.43990       1590.147    
  -114.8079       39.03410       2064.070    
  -90.45040       35.02840       132.5870    
  -90.64960       33.44840       477.2384    
  -91.35130       31.92400       394.7769    
  -91.32800       31.92340       527.6057    
  -91.34630       31.90040       364.8561    
  -91.32290       31.89980       489.0555    
  -104.7441       28.09870       802.1107    
  -88.01800       15.50270       570.9804    
  -81.02320       46.49280       434.5965    
  -85.39210       32.80390       883.1088    
  -88.01650       15.48340       524.5013    
  -106.4964       29.94010       2135.114    
  -91.10110       35.84510       263.5609    
  -111.0145       35.22980       1390.045    
  -91.24420       32.93780       458.0863    
  -92.48470       17.90260       133.2321    
  -108.3891       39.06030       1297.655    
  -105.5180       37.48800       1259.860    
  -91.26790       32.93850       295.9818    
  -91.23890       32.91380       397.7609    
  -109.2940       27.80750       3205.835    
  -98.15790       37.79740       2870.800    
  -109.3040       27.83030       2277.772    
  -109.2757       27.82890       2822.322    
  -78.10340       21.16150       372.4688    
  -78.08380       21.16140       539.9017    
  -105.1840       34.18770       1984.279    
  -99.41050       32.14670       1300.955    
  -110.8954       40.20360       8041.891    
  -110.8605       40.20130       3601.099    
  -108.4900       39.41750       9326.812    
  -99.41850       32.17070       1169.270    
  -105.6801       41.17310       917.5978    
  -105.5878       26.87110       1823.743    
  -106.8747       40.38300       1037.285    
  -108.5080       39.44570       13843.16    
  -105.9868       40.91170       1786.901    
  -105.2064       40.47510       2516.914    
  -108.4785       39.49810       18985.33    
  -84.74820       31.10700       848.5919    
  -105.9546       40.90970       1633.618    
  -79.18400       21.77450       70.32593    
  -78.10290       21.14120       234.2047    
  -71.32710       19.08290       1126.874    
  -89.87510       31.81550       762.2917    
  -109.2658       27.80620       2626.647    
  -111.7758       25.15080       2546.568    
  -108.2325       38.80920       2620.703    
  -105.6147       37.83320       1642.017    
  -115.8598       31.88810       25449.73    
  -81.75090       27.10680       2005.763    
  -111.3222       40.01280       1114.976    
  -105.6002       37.80610       2525.744    
  -111.4553       37.58530       844.1060    
  -105.5699       37.80440       1925.911    
  -104.5497       27.84560       1173.769    
  -111.6594       26.43290       2461.312    
  -103.1934       40.35880       1085.579    
  -96.52130       36.84770       1013.137    
  -91.76080       32.61930       113.2312    
  -105.3980       31.98380       2060.978    
  -94.06380       34.08430       1030.529    
  -119.0852       48.14080       13572.61    
  -97.33810       37.16450       739.1177    
  -108.4457       39.49600       8047.529    
  -105.3990       37.97850       1413.143    
  -112.7536       38.22370       1041.484    
  -119.1329       48.17840       28198.10    
  -94.03920       34.08350       951.5488    
  -119.0345       48.13600       9852.865    
  -113.7733       38.37300       2709.667    
  -118.4897       35.46510       6901.102    
  -102.8854       46.05520       298.4013    
  -102.8516       46.05310       1511.129    
  -103.3628       30.97640       5258.088    
  -103.3802       30.95400       3640.072    
  -103.3537       30.95280       9656.199    
  -115.9474       39.25170       1801.600    
  -97.65290       36.94590       112.9624    
  -90.05240       17.41340       228.8563    
  -108.3949       39.46570       5500.688    
  -115.9858       39.25460       3046.985    
  -111.5294       37.69480       1831.156    
  -91.19840       32.29610       237.5382    
  -106.0990       27.62130       850.4053    
  -119.0820       48.17370       43613.83    
  -116.0138       39.20250       1889.790    
  -97.33590       36.57400       284.0458    
  -88.68500       35.27890       954.0320    
  -109.1662       31.62940       2995.090    
  -115.2576       39.28250       1770.103    
  -118.5889       38.48150       3658.487    
  -97.32670       36.54810       125.8124    
  -108.4638       39.52430       6491.583    
  -108.5114       39.50020       6976.501    
  -118.6033       38.45590       3999.631    
  -71.52460       19.67800       109.6826    
  -118.9683       38.56360       3836.532    
  -104.0695       35.49460       1201.066    
  -113.4849       38.48600       1354.349    
  -98.21930       36.12810       783.2127    
  -116.7144       32.46670       3762.767    
  -112.1599       40.23580       2985.868    
  -112.1379       40.20670       4791.666    
  -89.66340       34.36760       601.0713    
  -110.1278       27.48960       135.2968    
  -71.23370       18.96450       674.0249    
  -118.8765       38.42320       2328.641    
  -110.8658       32.19460       1102.606    
  -104.6838       48.12440       1248.770    
  -111.8944       36.27010       1169.668    
  -111.7075       45.30130       1828.896    
  -113.7080       38.42160       1765.903    
  -117.9441       40.44340       3087.760    
  -92.66440       34.97110       112.5860    
  -98.37290       39.02500       113.5538    
  -115.8761       31.91290       10880.14    
  -108.8871       25.63250       452.6828    
  -97.37080       37.03690       339.3710    
  -114.7729       33.60560       8414.424    
  -114.7389       33.60340       10903.53    
  -115.8257       31.88610       6520.251    
  -108.8597       25.63130       2308.693    
  -115.0000       35.78440       5269.609    
  -116.5150       31.88030       1439.976    
  -108.1649       28.94660       785.3126    
  -115.7197       32.76610       1827.345    
  -115.7372       32.74310       17776.11    
  -115.7028       32.74090       4363.756    
  -115.6866       32.66760       2094.455    
  -115.6522       32.66550       2674.159    
  -118.4414       34.78360       16448.63    
  -115.4756       33.23510       1643.345    
  -115.7542       32.76820       992.6279    
  -115.6853       32.76400       1132.957    
  -115.7717       32.74520       3579.170    
  -115.6684       32.73880       13555.75    
  -115.7203       32.71790       8692.433    
  -115.6859       32.71580       749.3905    
  -115.6354       32.64040       15583.36    
  -119.2401       46.12040       9155.781    
  -119.1980       46.08520       12425.17    
  -98.16820       37.82400       2475.624    
  -98.14100       37.82280       2306.778    
  -98.13070       37.79620       4037.850    
  -112.6932       33.04240       8744.328    
  -112.6609       33.04050       12180.53    
  -112.6780       33.01730       17307.02    
  -112.6458       33.01540       21714.40    
  -112.6629       32.99230       4748.404    
  -112.6307       32.99040       5141.324    
  -102.4943       43.10770       1162.141    
  -105.9445       38.22050       1369.047    
  -118.4626       34.81000       12414.05    
  -118.4246       34.80740       8318.047    
  -118.4794       34.78620       16443.34    
  -118.4034       34.78100       12763.51    
  -118.4202       34.75720       15425.83    
  -117.9392       34.59990       3064.609    
  -109.5786       33.64020       959.7304    
  -118.5387       34.81530       35385.06    
  -118.5006       34.81260       12736.55    
  -118.5174       34.78880       37297.77    
  -98.28840       26.06430       290.4095    
  -120.0749       35.37480       16869.62    
  -120.0348       35.37190       15101.48    
  -115.3928       33.79120       4828.409    
  -113.4948       32.96900       149.1684    
  -91.70790       30.77200       423.8422    
  -102.5114       43.13810       1111.034    
  -120.0583       35.39880       11255.68    
  -120.0515       35.34790       14829.03    
  -115.3581       33.78900       8283.646    
  -119.1298       48.21130       15557.03    
  -97.69970       39.18240       1024.966    
  -120.0984       35.40170       10255.26    
  -120.1151       35.37760       8277.271    
  -120.0115       35.34500       10801.60    
  -107.7328       24.89380       310.9825    
  -107.7249       24.87200       465.1834    
  -107.6983       24.87090       339.3710    
  -109.7291       47.37180       2883.886    
  -105.2318       40.25570       1096.767    
  -115.3897       45.50490       1834.449    
  -119.2464       46.08950       10087.28    
  -112.2565       36.14010       974.4449    
  -105.9090       47.61300       1016.287    
  -118.9704       38.48360       4596.425    
