  -116.9402       42.51610       1198.295    
  -116.8983       42.51280       1359.165    
  -116.9096       42.48470       4761.632    
  -116.8677       42.48130       1000.955    
  -116.8259       42.47800       425.4820    
  -116.8790       42.45330       4472.573    
  -116.8372       42.45000       1910.836    
  -97.70940       39.34460       9.746399    
  -108.2878       39.83990       37.40918    
  -120.6469       40.18830       1212.762    
  -120.6155       40.15810       1269.320    
  -120.5712       40.15460       1038.310    
  -120.6285       40.13160       1466.354    
  -120.5842       40.12800       1289.578    
  -122.8268       40.11890       1057.200    
  -90.10400       36.80480       35.49057    
  -90.07930       36.80410       74.69946    
  -90.07330       36.77840       29.83418    
  -107.1550       37.29520       26.20942    
  -90.50690       35.27800       8.971301    
  -90.25840       33.82390       5.016211    
  -91.75700       32.28800       57.15729    
  -99.37200       31.95650       28.99716    
  -90.39630       30.00660       46.90609    
  -109.2352       44.50350       54.45530    
  -93.65440       33.27300       140.6739    
  -117.5507       33.53800       56.24172    
  -116.2350       51.66990       74.15620    
  -114.4259       49.75130       54.56025    
  -113.4334       49.18070       39.78965    
  -122.8614       40.14930       373.1503    
  -91.76230       32.31170       13.75073    
  -100.0926       32.22140       16.81767    
  -106.0510       38.46500       1213.973    
  -71.23320       18.25460       51.16427    
  -116.4464       49.14140       65.58772    
  -114.4293       49.71680       75.77000    
  -111.6147       42.71600       68.04059    
  -101.2819       37.65610       61.92149    
  -115.7779       51.73680       136.3095    
  -116.5831       50.08790       74.46087    
  -110.4639       47.07130       74.54782    
  -78.32590       18.29240       319.5008    
  -116.3337       50.09980       66.48160    
  -106.3146       37.16930       28.88914    
  -89.38310       31.75680       199.8476    
  -111.8564       48.57110       61.41918    
  -89.71060       35.93100       37.10369    
  -122.0007       43.08810       76.39487    
  -110.6504       34.31390       93.79733    
  -70.34600       18.92870       45.34920    
  -127.2219       53.53680       153.3152    
  -83.16390       42.30190       54.12111    
  -93.11510       17.83420       26.61648    
  -93.18470       17.89460       25.56046    
  -114.9763       29.52240       41.41711    
  -122.8139       40.14540       154.4655    
  -110.6189       34.31200       36.27598    
  -99.81190       22.11810       27.66386    
  -78.32630       18.31200       45.48220    
  -92.75000       29.63620       16.75038    
  -93.11760       17.85400       26.12342    
  -70.36530       18.92860       8.366747    
  -94.89690       29.83440       20.68749    
  -110.8616       33.42080       69.13266    
  -101.4631       26.88850       39.04715    
  -93.82270       37.75320       35.84689    
  -94.06680       30.74720       19.13000    
  -94.06120       30.72400       24.13236    
  -86.23730       33.29690       78.29903    
  -93.96920       32.25960       47.49773    
  -57.20080       49.98480       16.87861    
  -90.70300       35.70790       7.857562    
  -90.12320       33.96570       37.58401    
  -93.96310       32.23580       20.10447    
  -94.22180       31.28400       145.7544    
  -89.40530       36.86190       24.08717    
  -91.67440       34.39940       9.067767    
  -89.43000       36.86260       98.77108    
  -89.38070       36.86120       23.69195    
  -90.43390       36.43190       28.99230    
  -92.79240       32.88740       166.9940    
  -90.40920       36.43110       32.48260    
  -89.68730       37.02380       13.17194    
  -89.05120       36.24120       34.82893    
  -85.84100       37.86080       148.4001    
  -89.63460       36.79150       17.71459    
  -89.96190       35.86250       8.146959    
  -90.80430       34.47210       18.94818    
  -91.56010       33.81180       18.81956    
  -91.55440       33.78750       33.38374    
  -91.51760       32.89780       7.396531    
  -91.49390       32.89710       35.89807    
  -57.19390       49.70190       23.40386    
  -90.79880       34.44740       48.47005    
  -92.02010       34.33640       33.24507    
  -91.99580       34.33560       19.44440    
  -91.53610       33.81110       19.49555    
  -91.53050       33.78680       29.58377    
  -91.54880       33.76310       131.4968    
  -90.31810       36.25100       22.63653    
  -90.09120       36.21920       18.69726    
  -90.72110       34.42080       12.81677    
  -90.74520       34.42140       16.46639    
  -90.32440       33.80150       35.83444    
  -90.59130       33.61540       12.96899    
  -91.58000       31.90680       36.24842    
  -91.55660       31.90610       20.13584    
  -99.59930       28.27990       33.22116    
  -90.56430       35.52880       8.313582    
  -90.32960       33.82580       13.40433    
  -90.34820       33.80210       13.03747    
  -90.30070       33.80080       35.60827    
  -90.68910       47.73090       18.84531    
  -91.89000       32.67050       14.20237    
  -89.01340       36.51940       62.72909    
  -90.47120       36.38220       14.18629    
  -90.55850       35.50360       13.62211    
  -90.61510       33.61600       10.18151    
  -90.58610       33.59110       13.97582    
  -90.60220       33.44710       15.84472    
  -90.57850       33.44640       25.33684    
  -90.05070       36.04120       5.963328    
  -91.00430       34.82190       17.18744    
  -91.66530       34.05760       13.14271    
  -90.24850       36.47730       25.07521    
  -90.22380       36.47660       22.34494    
  -90.24250       36.45170       160.9830    
  -90.21790       36.45100       15.78528    
  -90.34270       36.25170       21.58199    
  -91.13800       35.79600       14.37630    
  -91.45630       33.25460       12.78608    
  -91.45080       33.23050       11.87404    
  -91.11340       35.79530       16.81132    
  -90.43960       34.65820       10.25605    
  -90.30590       33.82520       14.88883    
  -90.42760       33.73170       9.015149    
  -90.81140       36.06310       18.80202    
  -90.83210       35.63650       4.262026    
  -91.58510       31.93040       11.86447    
  -91.60340       31.90740       38.47463    
  -90.78680       36.06240       20.79370    
  -90.97420       35.41590       21.36275    
  -91.02850       34.82260       15.88467    
  -91.67870       34.71850       31.10479    
  -90.86420       33.88890       10.83923    
  -90.84040       33.88830       15.28917    
  -85.57120       32.94980       21.02008    
  -90.44950       35.97690       18.77571    
  -91.05340       35.44320       16.65055    
  -91.65440       34.71780       321.9035    
  -90.94790       33.62520       17.40329    
  -91.60850       31.93100       10.91815    
  -91.59830       31.88390       22.28356    
  -91.57490       31.88320       40.68927    
  -91.07790       35.44390       18.31969    
  -90.16450       34.38090       25.01257    
  -90.14050       34.38030       24.27008    
  -90.15920       34.35640       14.70837    
  -90.13530       34.35570       24.83283    
  -91.51220       32.87380       25.57686    
  -91.51210       33.81040       12.94393    
  -90.31930       33.77710       13.76476    
  -90.29550       33.77650       16.89025    
  -91.50650       33.78610       20.10285    
  -90.97170       33.62590       18.80202    
  -94.19810       31.28330       712.1229    
  -75.18430       20.09060       7.243690    
  -90.42500       35.97620       41.17854    
  -90.99850       34.79700       13.55780    
  -105.1882       30.27100       26.87172    
  -90.40050       35.97550       19.71406    
  -91.23710       35.39880       6.954293    
  -90.38530       33.75470       12.82189    
  -90.36150       33.75410       19.70481    
  -97.89960       33.88350       44.20787    
  -91.55920       34.42040       8.515283    
  -91.34550       34.12130       12.90885    
  -91.33980       34.09670       17.18842    
  -95.40020       34.20360       38.84962    
  -91.31660       33.68390       30.23232    
  -91.31110       33.65960       35.67123    
  -91.28720       33.65890       152.0865    
  -93.75150       33.27620       18.24077    
  -90.47110       32.48940       52.05755    
  -91.71040       32.49940       12.28402    
  -89.86250       35.96030       15.79843    
  -90.40740       35.90020       19.43343    
  -90.40160       35.87490       13.99628    
  -90.92410       33.62460       14.56192    
  -90.89990       33.19120       9.007632    
  -106.2723       37.73960       169.5877    
  -89.83810       35.95970       15.36434    
  -90.06850       35.68980       20.81026    
  -90.06280       35.66460       14.71539    
  -90.94260       33.60090       14.34707    
  -90.47720       36.40770       13.72442    
  -90.44360       35.95160       19.56673    
  -91.14420       35.82130       12.91762    
  -91.11960       35.82060       14.96094    
  -91.58160       34.00650       10.81292    
  -92.79830       32.91140       59.66091    
  -90.79290       36.08780       19.39836    
  -90.14890       35.61700       8.436355    
  -92.06240       34.41100       16.57454    
  -81.63720       31.99450       32.73440    
  -123.0999       41.51180       107.9869    
  -90.40140       34.48530       6.787671    
  -87.18390       31.33600       123.9126    
  -70.92520       19.60070       4.928515    
  -91.79160       34.08560       17.18140    
  -88.80380       33.95620       13.57309    
  -94.22770       31.30740       68.07233    
  -70.92580       19.58080       43.49574    
  -122.8743       40.12280       614.0383    
  -90.27320       36.47800       30.13234    
  -90.26720       36.45240       35.70202    
  -91.82160       34.11090       12.94393    
  -91.79750       34.11020       19.77106    
  -91.81580       34.08640       15.92559    
  -110.7595       28.01090       51.82403    
  -111.6548       24.79970       13.77100    
  -111.6455       24.77770       13.03979    
  -89.94190       36.95400       13.24210    
  -91.16150       34.35990       40.83126    
  -91.32710       34.14510       28.30827    
  -111.6068       24.81920       14.22800    
  -116.8485       42.42200       852.3281    
  -116.8068       42.41860       456.4394    
  -89.42260       36.93930       67.81970    
  -90.41910       35.95090       17.12703    
  -90.55740       35.60360       31.79272    
  -90.57600       35.57910       20.29870    
  -90.55160       35.57840       49.60671    
  -90.47400       35.45130       12.20728    
  -90.16980       34.40550       13.77997    
  -91.16710       34.38450       138.7490    
  -91.18550       34.36060       20.40686    
  -90.98960       33.38560       69.70358    
  -91.64900       32.85380       9.652408    
  -111.6253       24.86310       15.53807    
  -111.5967       24.86190       13.46633    
  -111.5782       24.81790       14.92873    
  -87.14480       15.32030       124.4741    
  -116.9209       42.45670       1323.245    
  -89.44730       36.94000       43.78954    
  -89.41680       36.91350       128.3778    
  -89.95860       36.06380       8.822218    
  -90.58180       35.60430       15.05740    
  -90.52720       35.57770       12.96147    
  -90.54580       35.55320       12.52299    
  -91.19120       34.38520       21.31013    
  -91.30300       34.14440       67.84858    
  -90.57270       33.85660       76.38998    
  -90.96580       33.38490       14.27691    
  -75.02910       20.17060       89.08446    
  -87.14350       15.30100       92.01808    
  -89.42830       36.96520       39.42642    
  -89.44150       36.91420       20.31040    
  -90.46460       36.45820       12.92890    
  -90.68090       36.43910       12.24396    
  -90.04240       35.78940       29.22382    
  -91.65440       32.87780       12.47037    
  -93.40850       37.73820       30.50444    
  -90.17550       36.37360       24.15440    
  -90.06660       36.21850       14.76801    
  -90.08530       36.19370       18.75817    
  -90.04810       35.81460       22.00293    
  -90.01800       35.78870       20.46825    
  -90.60730       35.50500       23.73639    
  -90.76180       34.49540       10.50598    
  -90.75620       34.47070       10.73399    
  -90.90230       34.37700       11.81850    
  -90.44770       32.48880       69.16444    
  -110.7411       28.03240       48.27465    
  -110.7304       28.00950       58.19159    
  -110.7780       27.98940       52.70757    
  -80.50420       22.95000       31.96538    
  -90.17900       36.70470       44.32156    
  -90.17290       36.67900       28.29073    
  -90.48980       36.35730       15.02232    
  -90.16960       36.34810       27.62424    
  -90.69400       36.18600       33.90327    
  -90.68790       36.16050       24.29179    
  -90.55690       35.18000       8.322351    
  -91.55150       33.25730       13.96120    
  -91.52770       33.25670       15.02525    
  -90.86070       33.11830       25.00725    
  -90.83700       33.11770       19.29897    
  -86.83060       15.27870       44.20787    
  -115.2257       47.04220       60.44778    
  -116.9515       42.48810       1172.212    
  -86.03680       37.86510       75.25024    
  -90.47410       35.97770       10.58783    
  -90.73960       34.39680       49.45178    
  -90.85550       33.09420       19.24050    
  -90.83180       33.09360       19.41590    
  -113.3689       28.50160       44.84713    
  -110.7518       28.05540       40.88645    
  -90.19420       36.34880       18.99495    
  -90.71860       36.18670       25.12490    
  -90.71260       36.16120       16.40792    
  -90.29080       35.49600       10.89769    
  -90.88840       35.46330       7.880948    
  -90.25820       34.70230       7.085838    
  -92.00740       34.67930       9.260697    
  -90.76360       34.39750       15.26787    
  -90.71560       34.39620       18.09795    
  -91.85580       33.24210       29.66463    
  -90.84220       33.14170       11.91496    
  -95.85420       34.14680       42.63136    
  -89.57430       31.06420       22.36947    
  -79.87820       21.83930       4.262026    
  -90.16270       36.42400       18.88095    
  -91.41160       30.55740       9.751796    
  -100.2932       30.66390       100.4440    
  -122.9089       40.15330       523.5078    
  -122.9218       40.12680       462.4164    
  -90.01240       35.76350       8.331120    
  -91.71450       33.96180       13.47888    
  -91.87970       33.24280       300.3089    
  -91.83190       33.24140       38.98964    
  -91.85020       33.21800       111.0870    
  -91.82640       33.21730       78.16843    
  -122.9566       40.15730       253.0908    
  -90.22310       36.57840       24.73124    
  -90.45250       36.40700       12.10205    
  -90.99340       35.29200       4.946055    
  -90.58120       35.18070       10.02365    
  -70.23980       19.20650       74.71906    
  -70.22040       19.20660       18.14212    
  -89.06780       36.54630       87.47421    
  -91.33410       34.07230       11.60218    
  -111.8331       25.54410       110.3023    
  -104.4647       39.79970       113.8196    
  -104.4493       39.77160       137.3370    
  -90.33980       35.92340       33.33033    
  -90.98610       35.46610       8.752061    
  -90.78590       35.33570       26.69307    
  -91.68180       34.22860       40.35770    
  -91.67590       34.20400       85.48168    
  -91.80330       34.13470       15.72515    
  -91.77330       34.10940       14.68382    
  -91.52480       33.76240       28.47051    
  -91.50090       33.76170       67.27290    
  -70.20790       19.56430       123.8846    
  -90.48380       36.33180       11.55833    
  -90.34570       35.94880       25.40553    
  -90.36430       35.92410       17.27611    
  -90.79170       35.36080       39.54213    
  -91.70590       34.22930       31.15547    
  -91.48870       34.22290       15.99137    
  -91.70010       34.20470       18.06538    
  -70.18850       19.56440       117.6843    
  -90.21980       36.24810       18.63759    
  -90.26650       35.49530       8.436355    
  -90.81610       35.36150       27.20330    
  -90.76730       35.36010       19.31066    
  -90.81020       35.33640       22.45018    
  -90.76150       35.33500       89.23117    
  -91.91020       34.57800       105.6793    
  -91.90410       34.55330       13.70981    
  -90.95950       34.20770       10.40952    
  -90.35030       33.36820       20.40247    
  -100.2680       30.66290       79.74220    
  -89.33540       36.98830       26.01258    
  -89.07330       36.57190       19.20543    
  -89.09230       36.54690       24.78289    
  -107.1859       37.29700       125.1852    
  -89.99930       35.81330       12.17221    
  -89.97500       35.81260       15.99926    
  -70.21000       19.50460       16.22488    
  -88.34410       17.52820       155.8577    
  -89.32960       36.96240       27.12876    
  -90.37390       33.36880       11.78634    
  -90.34520       33.34400       12.87377    
  -82.92820       33.14570       18.86552    
  -88.90550       30.86420       25.15915    
  -90.19520       36.24740       21.94154    
  -91.49450       34.24750       16.51316    
  -91.47030       34.24680       21.64337    
  -91.46460       34.22220       23.53761    
  -90.39270       34.11880       12.11959    
  -91.47690       33.76100       10.91289    
  -98.42740       30.29460       50.80211    
  -108.8762       37.89440       177.5220    
  -90.15360       36.80630       24.85555    
  -87.70470       36.63890       30.26458    
  -90.29190       36.45320       69.59555    
  -90.28590       36.42760       29.64125    
  -90.26120       36.42690       17.67951    
  -91.15030       35.84660       8.196653    
  -111.8823       25.72060       36.31643    
  -90.91800       35.58900       11.44725    
  -90.82280       34.44810       22.04359    
  -90.81730       34.42350       18.61104    
  -111.9891       35.18900       69.52469    
  -91.00930       34.11160       22.85199    
  -91.45290       33.76030       10.64045    
  -90.46230       35.92700       9.816105    
  -90.98530       34.11100       18.80202    
  -91.09250       35.09630       8.883605    
  -90.22330       34.65220       32.30196    
  -97.39980       28.25000       78.18562    
  -78.41790       21.89330       5.437152    
  -90.08460       36.93240       41.38763    
  -97.42310       33.50170       86.62046    
  -91.45190       32.91980       9.537819    
  -94.03760       30.72330       15.06617    
  -89.30500       36.96170       44.00585    
  -90.47770       36.30620       32.77200    
  -90.99000       36.09370       5.121447    
  -101.1629       30.93000       55.12054    
  -90.93390       35.14130       5.858094    
  -93.81720       33.15830       13.51103    
  -122.0199       43.03110       1120.333    
  -116.9935       42.49150       245.5420    
  -116.9628       42.46010       171.5081    
  -116.8904       42.42530       128.4853    
  -106.0356       38.43760       614.3409    
  -90.17830       36.80700       35.25379    
  -89.90650       36.26460       10.96200    
  -90.36670       33.77840       15.66251    
  -82.68330       32.95160       18.34987    
  -91.69300       32.73610       7.809329    
  -91.30190       32.55900       11.51273    
  -91.66230       31.53510       24.86660    
  -111.6935       24.75830       20.90022    
  -111.6649       24.75700       20.48384    
  -111.6557       24.73510       20.85452    
  -94.54050       38.06790       68.11670    
  -81.06710       35.33820       93.39313    
  -90.79320       34.42280       23.08744    
  -93.84140       33.15910       19.46601    
  -89.06590       17.36100       42.46828    
  -90.46820       35.95230       12.75977    
  -91.17490       35.84730       8.445126    
  -90.21050       35.56870       9.997344    
  -91.45140       33.85710       14.65400    
  -91.44580       33.83270       14.00944    
  -121.4717       42.08520       324.0490    
  -106.0818       38.46680       149.0168    
  -106.0201       38.46320       341.5338    
  -106.0664       38.43940       155.0560    
  -106.0047       38.43580       425.0891    
  -106.0203       38.41020       185.3001    
  -90.22960       34.89860       14.07424    
  -90.20550       34.89800       18.95111    
  -90.22410       34.87380       21.38905    
  -90.20000       34.87310       15.24156    
  -92.16320       33.03570       34.13445    
  -102.3868       20.16220       11.57963    
  -121.9709       43.02680       332.1154    
  -121.4354       42.05340       51.24955    
  -90.37010       35.94950       18.67925    
  -99.02730       35.05940       81.74003    
  -90.26900       34.75180       7.822484    
  -76.79140       21.21850       3.977891    
  -89.80280       36.23640       13.41968    
  -91.85160       34.13610       19.45097    
  -108.3025       39.81360       39.18031    
  -112.8738       37.65230       241.9201    
  -91.84910       34.72370       8.515282    
  -112.6168       35.22790       68.95389    
  -91.87580       34.13680       23.22190    
  -91.58660       32.99510       14.89663    
  -96.60390       29.52550       44.90342    
  -108.3207       39.84200       74.25370    
  -120.6599       40.16170       337.7443    
  -90.42130       36.48230       13.31225    
  -91.85750       34.16060       13.73320    
  -91.57280       33.76380       26.29531    
  -91.56710       33.73940       26.64683    
  -91.54320       33.73870       22.83253    
  -90.58570       35.83000       8.861681    
  -91.56940       32.70890       57.95620    
  -111.7399       24.86810       15.53807    
  -111.7112       24.86690       17.18328    
  -111.6834       24.80090       17.12234    
  -111.6742       24.77900       18.91989    
  -112.8935       37.67980       265.9995    
  -89.35030       36.83480       31.30163    
  -91.84570       34.11160       16.00452    
  -92.13940       33.03500       8.125329    
  -103.7850       41.76640       74.39561    
  -116.9290       42.54420       195.9346    
  -112.9283       37.68220       198.2785    
  -112.9086       37.65470       165.9671    
  -77.05490       17.95530       15.63369    
  -90.63380       16.19220       104.3498    
  -111.8684       41.89850       19.54744    
  -90.24110       36.65540       27.51550    
  -121.5518       42.00600       265.7314    
  -121.5155       41.97430       343.8561    
  -89.32570       36.83410       28.23227    
  -91.03950       35.89360       11.28355    
  -90.98580       34.84600       12.20728    
  -89.40370       36.96450       22.59633    
  -89.35600       36.86060       26.38773    
  -90.39270       36.15190       9.760565    
  -116.8564       42.50940       305.3701    
  -87.72400       36.61390       23.93205    
  -116.8870       42.54080       425.1941    
  -90.19840       36.57770       24.48473    
  -94.07320       35.26590       21.45362    
  -91.82750       34.13540       13.93490    
  -91.43730       34.00230       22.37996    
  -91.56280       32.99450       57.02023    
  -70.36610       19.48390       8.223002    
  -97.07230       38.46070       50.42270    
  -97.06230       38.43380       144.0725    
  -89.37900       36.96380       29.96280    
  -89.92110       36.11320       8.296042    
  -89.38470       36.98960       38.71779    
  -90.01100       36.82770       26.07030    
  -90.24780       36.57910       28.95722    
  -90.24180       36.55350       34.35052    
  -90.21710       36.55280       28.09780    
  -89.76690       36.18480       33.05438    
  -89.74240       36.18410       23.10497    
  -89.76120       36.15930       27.30415    
  -89.73680       36.15860       20.92427    
  -91.16260       35.89730       10.29551    
  -120.6807       40.02570       345.8535    
  -99.41050       37.69730       52.45975    
  -99.38290       37.69600       236.5572    
  -94.18840       34.79920       24.37016    
  -99.39960       37.67070       47.38215    
  -99.37200       37.66940       241.2054    
  -89.36920       36.80970       33.99097    
  -90.28510       35.47090       6.629818    
  -99.72840       35.18910       104.1158    
  -92.79920       31.52050       4.367261    
  -88.18030       15.06160       28.88300    
  -89.34460       36.80900       140.7961    
  -91.75470       32.90450       6.051025    
  -90.78180       35.83570       10.09381    
  -90.26080       35.47020       5.665162    
  -90.58270       35.08160       9.383473    
  -109.6423       30.50830       47.03244    
  -88.36400       17.52840       12.67774    
  -90.38880       35.92480       13.32102    
  -97.35340       39.05960       18.87218    
  -90.93740       34.84460       6.401808    
  -121.4096       46.57270       105.5734    
  -90.94310       34.86940       8.068031    
  -120.7119       40.05570       291.3781    
  -120.6364       40.02210       442.9547    
  -89.39210       36.91280       48.02857    
  -91.74920       32.88050       26.64599    
  -89.93570       31.65340       23.48337    
  -90.15680       36.39850       16.79379    
  -90.22610       35.74440       20.01661    
  -113.6186       47.45760       43.58173    
  -90.73270       35.83420       15.86304    
  -90.55280       35.05600       5.583313    
  -99.66550       35.16150       73.63453    
