  -99.35140       32.64240       511.5153    
  -98.89690       31.02680       862.7437    
  -80.69920       22.84830       2360.254    
  -80.99720       22.80920       101.2904    
  -80.90140       22.50010       71.15904    
  -80.49200       22.27190       96.73183    
  -99.37050       19.23550       2977.699    
  -96.57660       18.63280       964.4807    
  -89.31270       18.05180       416.2524    
  -93.51690       17.90030       417.5591    
  -92.95870       16.36190       687.7874    
  -77.43030       20.81630       209.4713    
  -101.9394       20.84240       457.5542    
  -76.50670       20.33210       53.81402    
  -90.54120       19.47850       284.7514    
  -92.48470       17.90260       54.81470    
  -92.48230       17.88280       56.48249    
  -99.21680       22.51560       1288.958    
  -88.47120       15.27640       756.8226    
  -117.7695       44.75260       939.3702    
  -118.2667       42.85700       1349.781    
  -99.35970       32.66650       319.7713    
  -99.44870       22.83390       905.6153    
  -99.18920       22.49410       212.5876    
  -98.41520       21.72990       56.03775    
  -78.14620       21.30320       128.5946    
  -88.49240       18.06060       356.5165    
  -93.18470       17.89460       1160.600    
  -93.11510       17.83420       934.6300    
  -86.64150       15.06550       578.1015    
  -99.55500       36.51690       1885.616    
  -99.02540       21.84900       440.5385    
  -88.53550       18.51510       277.1242    
  -91.33140       17.47120       47.92117    
  -119.0546       34.82580       781.6023    
  -96.63970       18.35560       763.9547    
  -95.95070       18.18290       54.03640    
  -78.22440       22.03530       57.87232    
  -96.73000       18.91530       787.2678    
  -88.47980       18.13920       195.4849    
  -96.25920       18.24860       674.0659    
  -99.34800       22.89350       471.8561    
  -99.07620       22.80250       107.8504    
  -99.11680       22.67890       1076.874    
  -99.09390       22.67820       1999.043    
  -98.80670       21.98730       1026.215    
  -98.43340       21.70980       330.5342    
  -78.14670       21.32350       100.1786    
  -104.0969       20.78320       824.4116    
  -96.55500       18.63240       694.6480    
  -95.77680       18.29850       807.8500    
  -100.8910       22.10760       404.6226    
  -96.02710       18.12500       246.0759    
  -88.66690       18.00380       76.94070    
  -88.62130       17.94410       664.0162    
  -100.8861       22.08680       174.9282    
  -98.90650       22.75620       102.2911    
  -88.57370       18.49580       152.0438    
  -96.58220       18.53340       656.0565    
  -96.44670       18.49080       592.4667    
  -98.97990       22.77900       107.8504    
  -98.70530       18.38020       661.2021    
  -103.4995       19.20140       892.7515    
  -83.03380       22.66190       77.58003    
  -101.5591       19.87580       813.4194    
  -96.48400       18.59110       591.1699    
  -88.70470       18.39870       1039.323    
  -77.42990       20.79620       4025.167    
  -90.62720       19.34010       56.70486    
  -91.24160       18.47530       223.9708    
  -101.7799       31.37450       509.1579    
  -103.2339       19.67890       511.1532    
  -87.91910       15.23200       216.4565    
  -77.98280       21.85090       84.65702    
  -72.14020       18.98120       193.2413    
  -96.19190       18.22740       69.60243    
  -110.8616       33.42080       2448.687    
  -99.06200       21.80880       156.1051    
  -81.29180       22.70850       52.92453    
  -99.00750       22.80060       173.1166    
  -96.66180       18.89380       323.7899    
  -96.29290       18.32870       292.4758    
  -99.13970       22.67950       387.9063    
  -92.49390       16.21860       1135.449    
  -88.35640       15.31370       345.6056    
  -98.46880       21.77240       152.7695    
  -99.09990       22.90730       88.50405    
  -104.1915       19.72640       68.37939    
  -99.15760       18.68970       504.0559    
  -76.49170       20.71360       163.2528    
  -104.1675       19.72570       636.5016    
  -102.2042       17.92530       122.5433    
  -98.10740       21.86590       63.00539    
  -98.08490       21.86530       56.03775    
  -99.80450       21.04920       406.7227    
  -92.42100       16.29530       53.59165    
  -92.31060       16.21580       1492.207    
  -109.6423       30.50830       3451.604    
  -118.8191       36.63690       2896.916    
  -102.7901       19.06120       284.7514    
  -98.80700       18.58180       2036.669    
  -87.93730       15.21290       310.0116    
  -104.2645       19.83000       2964.585    
  -90.49080       19.39780       296.2779    
  -90.47040       19.39750       181.2542    
  -88.39720       15.33340       1421.461    
  -88.37750       15.33320       1197.563    
  -88.39570       15.31410       343.1200    
  -88.37600       15.31390       283.7467    
  -120.1684       44.17370       3676.489    
  -88.62320       17.96380       135.2022    
  -83.16390       42.30190       201.0830    
  -101.1895       20.59700       321.2111    
  -87.90240       15.27030       228.4402    
  -104.2445       19.74830       2279.338    
  -101.5609       20.40350       478.4034    
  -98.87480       22.81770       425.2135    
  -98.87010       22.79670       93.17388    
  -92.45530       16.23740       152.1024    
  -92.34920       16.19700       109.4070    
  -92.45740       16.25690       2415.832    
  -80.83190       22.70510       748.7513    
  -87.78270       15.50020       57.14960    
  -92.16520       18.64900       946.5814    
  -93.51940       17.92010       305.3137    
  -87.85380       15.40460       531.3238    
  -99.29410       22.35190       74.27225    
  -92.28610       16.17660       63.59839    
  -92.23910       16.11760       142.5405    
  -87.88430       15.28940       217.2055    
  -98.64710       19.03790       5453.839    
  -77.30160       20.17350       45.80863    
  -71.26960       18.33310       296.7194    
  -98.61980       18.51780       313.4562    
  -92.32680       16.17720       53.59165    
  -98.55370       18.51630       353.6429    
  -69.28160       45.56740       431.8152    
  -98.46830       18.65400       393.6960    
  -76.19890       20.69300       200.6166    
  -99.06910       18.56790       957.5915    
  -104.2885       19.83070       555.7777    
  -104.1204       19.82580       580.1183    
  -65.93220       45.50120       385.1325    
  -70.38280       44.01810       361.5800    
  -76.21840       20.69310       3017.860    
  -76.95260       20.23270       46.92049    
  -80.82710       26.66510       59.81807    
  -70.16880       44.32270       456.6154    
  -76.27590       20.59260       129.1703    
  -68.32720       45.51890       469.7450    
  -72.27270       43.85190       472.6627    
  -69.66780       18.95200       861.8782    
  -96.71570       18.69550       679.2114    
  -70.33190       44.29060       418.6857    
  -73.74450       18.38600       249.1575    
  -76.27610       20.61270       139.3531    
  -64.16680       45.82590       1170.537    
  -65.84750       45.65980       1000.515    
  -96.16610       18.88340       65.59974    
  -62.50020       49.49630       1258.818    
  -65.29320       49.10260       488.7098    
  -73.38930       43.54760       251.2894    
  -96.14470       18.88300       464.7878    
  -96.33350       18.58800       452.7747    
  -70.14770       44.26230       371.2544    
  -69.47210       44.08910       396.6496    
  -72.55260       42.93160       823.2866    
  -96.29090       19.12580       785.9445    
  -69.65360       44.90980       423.0622    
  -69.69040       44.81700       424.5211    
  -73.49320       43.57700       482.8744    
  -73.31160       43.51820       632.7720    
  -96.71160       18.93480       874.7420    
  -78.33950       21.91340       144.5894    
  -78.33930       21.18250       50.25607    
  -67.88590       45.33870       354.3242    
  -70.45200       44.44120       330.1382    
  -69.91610       44.44720       1203.234    
  -72.52380       44.12110       618.1207    
  -73.00280       43.37110       495.8120    
  -69.10590       44.73260       482.8744    
  -72.60050       44.18110       430.3564    
  -70.28740       43.89890       704.4796    
  -105.5690       36.92100       468.9614    
  -90.14370       19.75220       114.6550    
  -99.01320       18.74630       764.1129    
  -66.20450       47.52240       614.1696    
  -72.54460       43.10780       693.8204    
  -72.70070       42.49380       351.9056    
  -80.68570       26.72870       112.5202    
  -78.31980       21.91330       140.6132    
  -92.51470       15.07620       88.72643    
  -66.04530       48.19470       544.1455    
  -79.65780       44.47280       500.1458    
  -106.4865       36.99800       487.9812    
  -77.39230       20.87660       74.04987    
  -83.71790       14.71590       1025.955    
  -96.32100       19.04640       313.4562    
  -96.26180       18.94530       1204.861    
  -90.63550       17.40210       182.7522    
  -72.71030       43.49120       411.1612    
  -72.22440       42.75810       407.0150    
  -82.34980       27.54910       360.9098    
  -82.32880       27.54890       3067.608    
  -82.34810       27.52720       1171.989    
  -82.32700       27.52700       1442.568    
  -76.19870       20.67290       74.04987    
  -70.37170       44.44200       289.0221    
  -71.48060       43.85760       396.6496    
  -72.67210       43.16600       593.0420    
  -113.8435       33.81720       1243.401    
  -80.63410       22.74490       482.9395    
  -81.02320       46.49280       222.1162    
  -80.84880       22.64350       918.4792    
  -92.70910       15.19470       839.8876    
  -97.84630       34.02740       1299.454    
  -80.84980       22.66410       71.01080    
  -98.90290       22.94340       112.8538    
  -78.49160       21.71040       98.28842    
  -92.58140       15.13500       499.4507    
  -76.25620       20.57250       165.8092    
  -99.37260       18.65480       341.5869    
  -67.81630       48.42970       587.9106    
  -80.84130       26.55720       136.4252    
  -77.95230       21.40390       89.83829    
  -78.09590       20.85870       1501.690    
  -91.57590       14.73630       784.6950    
  -75.99460       38.42710       950.6388    
  -117.7883       36.71770       1947.719    
  -98.45730       31.19620       1525.298    
  -96.42270       18.60970       358.2357    
  -91.34950       17.45180       865.9230    
  -91.34740       17.43220       63.04246    
  -98.13300       27.19150       242.1631    
  -78.43020       21.62890       692.1384    
  -66.10490       48.63530       1193.425    
  -67.33670       46.23160       456.6154    
  -80.84000       26.53560       206.5836    
  -80.81930       26.53550       777.3255    
  -72.23030       19.29800       413.9597    
  -67.39200       45.16080       452.2389    
  -75.03640       39.30630       770.5593    
  -90.90330       18.37110       629.9974    
  -103.0163       18.28510       692.0753    
  -117.3797       42.95920       901.7375    
  -80.91180       22.70570       135.8322    
  -80.91080       22.68510       164.3964    
  -78.43070       21.64920       92.72912    
  -90.89440       18.82680       528.2549    
  -99.05740       18.86730       732.9824    
  -80.64420       26.72840       134.7574    
  -80.62340       26.72820       176.7857    
  -80.89080       22.68500       114.0768    
  -81.98170       22.85820       126.1127    
  -80.89190       22.70550       97.39893    
  -77.46900       20.79630       126.5853    
  -98.73790       19.76350       736.7325    
  -96.38280       18.62880       465.2107    
  -90.71770       18.34850       230.6872    
  -72.01600       42.78870       625.0197    
  -72.78020       42.43540       529.0865    
  -81.68510       27.65170       228.5572    
  -78.32260       22.01530       198.2878    
  -102.4970       20.63370       1876.407    
  -90.89420       18.64820       73.99430    
  -92.19010       16.03920       720.8110    
  -80.74150       26.62120       188.3491    
  -83.15310       22.64250       2503.927    
  -78.62090       22.07770       123.5753    
  -76.76150       20.47290       84.55695    
  -104.0267       20.88350       953.3413    
  -103.8057       20.67210       1192.691    
  -90.29980       20.03540       459.8425    
  -104.5363       19.57430       4026.215    
  -69.85130       45.09270       500.3805    
  -78.21430       20.89940       124.9731    
  -102.5205       20.63440       959.3697    
  -72.44060       43.10840       1314.402    
  -77.97140       21.38370       82.50001    
  -98.77310       18.76070       1476.770    
  -98.75100       18.76020       1881.835    
  -70.53240       44.44030       354.3242    
  -96.11760       18.98220       1049.690    
  -99.66340       18.90160       1798.367    
  -92.84470       16.43810       1546.878    
  -72.69950       42.52280       715.1389    
  -122.0274       43.47320       2569.950    
  -76.91400       20.25270       624.7479    
  -89.43380       19.60120       896.4906    
  -91.59120       18.14470       53.81403    
  -92.47780       16.25720       61.81941    
  -76.06650       38.42730       557.2589    
  -87.68040       36.63830       858.2803    
  -114.3624       42.66090       194.3531    
  -100.4099       34.15820       10424.94    
  -67.49310       45.94250       1504.042    
  -118.7063       47.15660       1410.461    
  -72.01120       42.87640       444.6067    
  -100.4005       34.13340       9721.167    
  -81.87390       22.73370       923.4487    
  -98.94880       22.94470       1137.688    
  -102.3364       20.54750       603.9485    
  -72.33010       43.76170       490.1686    
  -98.95350       22.96560       403.4457    
  -76.73960       20.29240       67.74260    
  -66.75080       45.89330       513.5100    
  -72.77190       42.63860       443.4859    
  -81.10350       28.37270       469.6102    
  -98.50060       27.15950       1573.699    
  -98.74170       19.78380       743.9696    
  -91.70720       18.08730       90.30324    
  -92.84700       16.45760       1448.470    
  -70.65730       45.17660       416.2128    
  -104.9602       41.77980       654.2301    
  -100.4365       34.15940       5660.140    
  -80.52470       26.81400       255.2831    
  -80.50390       26.81380       152.1024    
  -77.96360       24.89710       790.8303    
  -102.9396       19.10550       2411.993    
  -88.58530       17.33530       170.0479    
  -58.83560       48.05030       571.7276    
  -72.14530       42.78780       602.4989    
  -83.03430       34.94310       509.1335    
  -97.85460       34.05200       849.8117    
  -97.94260       27.36100       334.3521    
  -76.90500       20.95610       95.76822    
  -98.04390       19.10420       713.0267    
  -78.17470       21.64820       176.3442    
  -87.99010       21.10950       2704.311    
  -98.76400       19.78430       995.1981    
  -92.23710       17.72120       47.36523    
  -106.2976       47.24730       780.1549    
  -67.77310       44.60000       452.2389    
  -105.7763       38.18440       1533.469    
  -105.3791       37.16870       762.7859    
  -82.86110       22.78370       75.94004    
  -72.21100       19.29800       531.9238    
  -96.09120       18.12620       101.1793    
  -67.12130       46.52420       498.9217    
  -78.30290       22.01520       135.8693    
  -78.51720       21.91410       229.0432    
  -78.51660       21.89370       219.7035    
  -78.47540       21.83240       553.6708    
  -100.6991       20.97130       1026.701    
  -75.57380       20.43130       946.7795    
  -89.43600       19.62120       820.7786    
  -99.18720       18.73040       1159.033    
  -91.76690       18.24630       505.6421    
  -88.58360       17.31570       763.5097    
  -72.04340       42.75930       579.1576    
  -100.4271       34.13450       1588.580    
  -77.79740       21.50470       1491.178    
  -78.44360       21.40570       117.4124    
  -65.97520       46.32300       460.9919    
  -71.90750       42.87710       423.0622    
  -81.53300       27.27880       504.4230    
  -83.13150       22.62170       156.8434    
  -99.56230       19.42100       820.3826    
  -99.55830       19.40080       783.1484    
  -104.5348       19.37190       582.1329    
  -90.12220       18.65620       985.3712    
  -90.90560       18.39090       235.9301    
  -91.70490       18.06750       80.38748    
  -92.99710       16.69410       705.6132    
  -78.06480       21.97350       399.7399    
  -88.01050       21.10980       1497.636    
  -103.9188       20.55280       923.4487    
  -99.68920       19.38390       548.5690    
  -78.19440       21.64830       157.8100    
  -87.99220       21.12980       1090.879    
  -90.46570       19.35750       451.8783    
  -71.08690       18.68840       110.4355    
  -92.42200       18.39560       396.0245    
  -73.35940       43.66690       367.6265    
  -72.39140       43.04990       401.1797    
  -81.83410       27.39080       536.9877    
  -109.3821       27.94560       765.4454    
  -80.51110       26.57610       626.5331    
  -78.37670       21.83210       105.6267    
  -78.21490       20.91960       208.4960    
  -102.9161       19.10490       1727.373    
  -77.73300       18.40860       182.0032    
  -99.38430       17.22570       720.3758    
  -93.69500       16.68580       1046.479    
  -99.48880       32.60030       4205.310    
  -99.48050       32.57620       4740.273    
  -81.60160       22.87570       178.7871    
  -81.58160       22.87550       149.8787    
  -81.21510       22.76960       911.8694    
  -82.01310       22.71430       325.9535    
  -98.76020       19.76400       1102.928    
  -90.38880       18.68010       622.3145    
  -99.45060       18.71650       1041.972    
  -99.31800       16.83030       1116.682    
  -99.31470       16.81050       2095.982    
  -98.46200       16.65550       670.1516    
  -71.96750       42.73070       615.3295    
  -99.46310       32.59930       3873.274    
  -99.45490       32.57510       3118.449    
  -81.73080       27.41160       387.8824    
  -78.61660       21.93490       118.9690    
  -98.18650       20.35660       1659.437    
  -95.81020       18.37860       113.6321    
  -81.99300       22.71410       3103.083    
  -78.63630       21.93500       156.1607    
  -78.63570       21.91460       260.4593    
  -78.61600       21.91450       296.1717    
  -77.64910       20.99840       425.5390    
  -78.23440       20.91960       210.2898    
  -72.45440       42.81510       645.7654    
  -79.59050       34.58360       61.37467    
  -81.83260       22.71280       130.8659    
  -103.7713       20.63020       131.1995    
  -76.67890       20.11210       196.2339    
  -81.12620       28.39500       1561.157    
  -80.83920       22.84930       275.6672    
  -78.44990       21.62890       175.3403    
  -90.43940       19.65680       939.3702    
  -90.41880       19.65650       995.4818    
  -90.41650       19.63640       1360.996    
  -95.78880       18.37810       123.1941    
  -80.50760       26.87880       1177.724    
  -77.79790       21.52500       1037.794    
  -92.44270       18.39590       46.47575    
  -98.42170       16.67430       709.9164    
  -91.81720       15.95620       596.8828    
  -98.18420       26.75570       872.0655    
  -77.45290       20.97760       70.88107    
  -98.19040       20.37700       1208.918    
  -72.14230       42.84630       357.4146    
  -98.19090       30.56170       2628.499    
  -80.86030       22.87000       312.8218    
  -80.85920       22.84940       457.9506    
  -82.03320       22.71450       166.8531    
  -82.01180       22.69370       1975.888    
  -87.98800       21.08920       919.0662    
  -98.42740       20.34220       1316.310    
  -98.27330       29.01730       278.1873    
  -98.24910       29.01650       1982.954    
  -80.84030       22.86990       172.2271    
  -80.85820       22.82880       241.8851    
  -90.09770       20.23310       88.05930    
  -90.49940       19.11890       298.0958    
  -90.13180       18.55730       256.1526    
  -77.73270       18.38890       267.3874    
  -86.60270       15.06510       796.5367    
  -123.0187       39.25980       2574.057    
  -114.0471       32.73670       1392.487    
  -81.95340       27.30470       812.9955    
  -80.87920       22.84950       295.8382    
  -100.6081       21.68680       990.4250    
  -88.01260       21.13010       1878.123    
  -78.11550       20.85870       180.8625    
  -95.00860       40.53990       128.0418    
  -118.0090       40.31010       1091.785    
  -77.03710       34.96130       891.6746    
  -78.09640       20.87880       1620.845    
  -97.52590       19.01250       513.8156    
  -91.72770       18.08760       84.27898    
  -98.46510       16.67510       548.8050    
  -80.65730       26.59890       334.3363    
  -80.63660       26.59870       181.2332    
  -80.65610       26.57730       711.8127    
  -80.63540       26.57710       262.9549    
  -80.87820       22.82890       223.7062    
  -69.63280       18.85320       848.4999    
  -81.72920       27.38980       428.5475    
  -82.01440       22.73490       229.0432    
  -97.87460       19.26060       598.8965    
  -97.53880       19.21300       772.1586    
  -95.59400       17.48430       317.6743    
  -98.52440       27.16030       1155.999    
  -101.8852       21.10700       609.3603    
  -76.27570       20.57250       148.0997    
  -98.98410       19.30650       307.9368    
  -69.63200       18.87300       447.3768    
  -88.66180       18.16130       700.4049    
  -99.03080       36.46800       949.3525    
  -81.57620       26.99650       761.5401    
  -80.73260       26.47010       204.8046    
  -101.7874       21.18620       1592.876    
  -88.41980       18.77090       3213.605    
  -83.62520       14.77270       789.8406    
  -98.55020       36.80480       112.0755    
  -98.65630       26.85820       904.1498    
  -78.22390       22.01490       80.53573    
  -101.0808       19.78220       2532.794    
  -84.54550       15.52810       170.7684    
  -82.96760       36.57040       868.0070    
  -80.50640       26.85720       242.8302    
  -80.39650       26.74810       753.8682    
  -103.6709       20.32110       1054.760    
  -96.63990       28.76110       484.8530    
  -81.06480       26.81850       456.7002    
  -98.91490       26.32230       122.1934    
  -81.15180       22.70740       1656.589    
  -90.11150       18.55700       923.8739    
  -77.04980       20.23290       179.2318    
  -99.79580       19.80980       673.0464    
  -90.12960       18.53750       498.8235    
  -90.10930       18.53720       858.3361    
  -95.86970       29.14080       117.8572    
  -95.84620       29.14010       1434.476    
  -98.18520       28.00920       1166.614    
  -78.15550       21.66840       941.5168    
  -78.18810       21.40470       385.0115    
  -96.56850       28.84840       243.8309    
  -81.46790       26.62740       405.6082    
  -81.19850       22.83130       76.94070    
  -79.31570       22.14230       126.6964    
  -78.46610       21.50720       63.59839    
  -99.05860       21.15220       541.1237    
  -96.47530       18.67050       628.0606    
  -96.45370       18.67010       1161.267    
  -96.06980       18.12580       434.8036    
  -120.5817       38.90260       7499.124    
  -96.57430       28.87110       280.8558    
  -96.59210       28.84920       2896.940    
  -98.16620       26.77700       593.4388    
  -82.60360       22.84310       1160.319    
  -78.18290       21.20220       202.9870    
  -99.78600       19.64810       2811.243    
  -90.75430       19.20260       555.0685    
  -99.00630       19.30710       135.8693    
  -93.35810       18.11480       179.7562    
  -95.85290       35.28030       499.3570    
  -79.63600       34.58400       260.6737    
  -81.17180       22.70760       4759.625    
  -81.13180       22.70730       3621.175    
  -81.15070       22.68680       1126.293    
  -78.63510       21.89420       264.2669    
  -78.61530       21.89410       204.5081    
  -78.18340       21.22240       296.6442    
  -77.41110       20.83640       76.94070    
  -99.78200       19.62780       1871.414    
  -96.76340       18.85610       1476.770    
  -81.32950       22.29830       476.7983    
  -78.20250       21.20230       227.0418    
  -77.48850       20.79630       433.0658    
  -100.8761       19.99940       965.6288    
  -88.59300       18.27880       65.15499    
  -98.16060       26.75500       1084.980    
  -79.24260       21.75450       81.61053    
  -97.52480       19.13250       435.1645    
  -98.78490       18.58130       481.0921    
  -99.15780       16.78760       825.1243    
  -84.44140       14.66370       648.3382    
  -120.3564       39.67090       6951.442    
  -115.5462       32.90030       312.5438    
  -115.3580       32.86450       227.5977    
  -96.91880       28.56880       1229.576    
  -81.26860       22.27730       377.7232    
  -77.56200       21.52430       258.3430    
  -100.2589       17.04750       874.2343    
  -102.4129       40.04070       751.2067    
  -108.4634       39.76920       508.0415    
  -115.3922       32.86660       256.8397    
  -81.12470       28.37290       455.6576    
  -78.34240       22.01540       84.50137    
  -77.71880       21.50450       939.4288    
  -76.95960       20.69440       2000.758    
  -76.94010       20.69430       1832.156    
  -101.3284       20.80480       100.0674    
  -99.56580       20.00610       548.2614    
  -88.59110       18.25900       162.7763    
  -94.75810       16.41050       336.1847    
  -92.63420       15.05860       511.9630    
  -97.91320       27.33810       61.26348    
  -78.06560       21.22200       383.3318    
  -99.78580       19.30580       2073.926    
  -89.12770       17.38140       284.6140    
  -104.4840       43.31600       584.7543    
  -77.69920       21.50440       679.2115    
  -103.1952       20.40910       889.4471    
  -98.66920       19.03840       3439.679    
  -78.08530       21.22210       67.29533    
  -93.43090       18.03700       52.03505    
  -110.0969       40.42570       764.2333    
  -95.81200       31.45170       901.5529    
  -98.17850       26.73380       1902.623    
  -98.15500       26.73300       1622.548    
  -78.06610       21.24220       375.4586    
  -101.9541       21.39630       674.0659    
  -77.20540       20.23330       150.7682    
  -101.0851       19.80250       928.0320    
  -89.31810       19.28020       421.9205    
  -93.19130       16.77530       1022.596    
  -83.04730       37.41860       567.2065    
  -97.56710       37.07100       1229.576    
  -99.53160       29.67280       963.7350    
  -96.78500       18.85650       158.8848    
  -80.53180       26.57630       220.8154    
  -83.07570       22.97140       148.2989    
  -96.58200       18.93210       918.4792    
  -90.43340       17.20330       417.6284    
  -87.76380       14.98040       951.3534    
  -115.4417       33.08740       3781.001    
  -81.88630       22.93990       492.9987    
  -104.0538       20.80240       578.6884    
  -96.02420       18.66120       67.60109    
  -93.41270       18.05650       238.1770    
  -109.5774       40.33570       680.2834    
  -114.2990       34.11560       2680.114    
  -79.97950       22.37110       286.4737    
  -79.27170       22.01950       157.8841    
  -99.22520       22.24650       124.7507    
  -103.6788       20.54570       398.4223    
  -92.80250       18.30300       304.1051    
  -88.25820       17.90020       355.0186    
  -97.23520       36.21370       1034.055    
  -77.12820       34.96170       166.2745    
  -80.75920       22.84870       490.6726    
  -89.48290       20.40450       332.3765    
  -76.42540       20.01180       187.2461    
  -89.12250       18.76070       375.8413    
  -102.2913       21.24180       602.1234    
  -102.5954       20.55490       678.1124    
  -97.56060       19.21350       1830.496    
  -88.76140       18.97390       297.2248    
  -88.55750       18.53510       150.5459    
  -118.8483       46.11680       525.4650    
  -96.78500       34.72120       584.0306    
  -97.82890       34.05100       807.9188    
  -99.67060       19.40350       349.0501    
  -88.51200       15.29610       349.0501    
  -75.47560       20.17070       115.8558    
  -90.24530       20.09480       208.2177    
  -96.78660       19.25650       679.7292    
  -95.69500       18.17790       112.2979    
  -95.97840       18.08440       90.50540    
  -90.94340       17.81920       442.3972    
  -98.91350       28.90470       712.1265    
  -98.35930       19.27180       294.7024    
  -79.97630       22.76120       132.8395    
  -80.89620       22.39750       167.1125    
  -87.65590       21.02360       480.2383    
  -103.6419       20.29980       92.06201    
  -98.35560       19.25160       354.6159    
  -96.68160       19.01410       484.5367    
  -99.17610       18.67020       820.7139    
  -80.82670       22.60230       427.4394    
  -102.3166       20.05870       1178.329    
  -97.24410       36.23950       833.9695    
  -101.4028       33.81200       519.6208    
  -80.59630       22.37500       114.7440    
  -99.17050       22.30710       405.2753    
  -99.10930       18.90850       861.8782    
  -69.17910       18.57940       416.0352    
  -91.81920       15.97560       370.5374    
  -79.45060       22.04090       210.1415    
  -76.98610       21.13800       270.5139    
  -96.06420       17.94750       57.37198    
  -97.55750       37.04480       85.16847    
  -102.2963       21.26250       594.4037    
  -89.57380       20.30530       476.9879    
  -102.9639       20.52470       671.4733    
  -79.97540       22.74060       107.4798    
  -78.12500       21.24240       48.25473    
  -75.47570       20.19080       801.8661    
  -103.2577       20.47210       890.4614    
  -96.38810       18.39020       59.59570    
  -104.5928       28.87760       1417.620    
  -98.49480       27.13740       2587.972    
  -80.82780       22.62280       601.4051    
  -98.96630       22.82020       666.3477    
  -88.77730       18.32070       738.3851    
  -88.75720       18.32040       77.38546    
  -96.10630       18.36460       56.92723    
  -80.80680       22.60210       257.8403    
  -101.6277       21.09960       144.5262    
  -96.84360       19.33790       758.9673    
  -80.85610       22.78760       99.54854    
  -80.80780       22.62270       258.6927    
  -80.84770       22.62300       288.4165    
  -80.84670       22.60240       234.1577    
  -98.43480       18.71310       284.1773    
  -90.27180       18.53960       152.7928    
  -95.86200       18.43920       77.83020    
  -96.25930       18.38760       320.8024    
  -76.62220       20.23210       44.02966    
  -69.27350       18.63800       288.9998    
  -88.70080       18.35920       91.30595    
  -88.77540       18.30090       768.1399    
  -77.15340       18.15170       516.6860    
  -98.84890       21.76190       73.16039    
  -95.78280       18.33830       1466.479    
  -95.76150       18.33790       142.3181    
  -77.30240       17.87750       46.25337    
  -96.33670       18.60790       470.5855    
  -98.54220       18.57580       416.8944    
  -96.32090       18.50810       299.2534    
  -77.00070       18.19060       197.7319    
  -96.23470       18.08950       204.3681    
  -96.15550       17.98890       267.4511    
  -98.44530       21.87470       98.06604    
  -102.5840       19.80250       728.0941    
  -96.77520       18.79650       1023.963    
  -88.47280       18.27720       59.15095    
  -99.07780       23.01090       1035.540    
  -100.4649       20.84230       3383.355    
  -71.86430       19.23960       58.59502    
  -96.77840       18.81650       854.1599    
  -96.39800       18.58930       557.8061    
  -96.24760       18.58620       47.58761    
  -100.1852       17.00650       926.3435    
  -78.23220       21.58750       136.9812    
  -77.14640       20.19310       109.8518    
  -96.67250       18.69460       576.0616    
  -103.6627       18.78320       566.4281    
  -95.96910       18.16350       80.27628    
  -78.23160       21.56720       545.0338    
  -104.8591       21.38230       347.9019    
  -88.82790       18.22270       196.9829    
  -97.27150       18.26950       929.2382    
