  -102.6385       43.14550       86.94682    
  -120.7707       38.08950       181.5610    
  -120.7279       38.08620       251.7960    
  -120.6851       38.08290       189.6625    
  -120.6999       38.05760       38.28216    
  -107.8552       37.05120       23.82277    
  -121.5549       37.83280       27.60858    
  -112.2082       36.93220       325.9024    
  -112.1744       36.93000       741.7191    
  -112.1405       36.92780       294.0526    
  -112.2237       36.90740       349.0410    
  -112.1899       36.90520       435.0251    
  -112.1560       36.90300       249.6073    
  -112.1222       36.90080       101.7997    
  -112.2393       36.88250       135.9307    
  -112.2054       36.88040       540.8843    
  -112.1716       36.87820       734.6010    
  -112.1378       36.87600       134.6145    
  -112.2209       36.85560       577.8759    
  -112.1871       36.85340       599.4260    
  -112.1533       36.85120       738.1671    
  -112.2365       36.83080       888.0620    
  -112.2026       36.82860       1986.306    
  -112.3665       36.73610       38.65360    
  -98.31670       35.67840       29.32178    
  -98.29030       35.67730       280.8183    
  -111.3517       33.74140       324.1274    
  -111.3368       33.71610       140.8004    
  -111.3052       33.71420       1286.467    
  -111.4358       33.62420       71.26186    
  -111.4041       33.62240       164.9180    
  -111.3724       33.62060       122.1806    
  -110.8471       32.43210       248.7943    
  -115.0902       32.60710       9.615241    
  -101.7973       31.35190       19.24487    
  -97.91080       22.74970       3.716640    
  -100.8691       17.21920       4.929893    
  -105.6392       50.94410       40.75320    
  -107.8707       37.07790       23.41204    
  -118.5601       34.84170       47.04074    
  -111.3200       33.73950       1130.584    
  -69.35400       18.55860       10.25730    
  -102.2313       17.94590       12.91859    
  -81.02320       46.49280       12.39574    
  -112.1195       36.84900       322.2020    
  -120.3839       36.57070       48.00214    
  -121.0108       36.41110       208.0724    
  -118.4626       34.81000       31.96983    
  -118.4414       34.78360       31.64486    
  -111.4283       33.81920       467.5546    
  -69.35320       18.57840       6.938007    
  -108.2621       37.28250       8.847900    
  -111.4434       33.84450       363.4814    
  -120.5434       39.93220       57.64061    
  -122.5015       38.11860       19.49865    
  -122.2238       38.60300       53.61581    
  -122.5007       37.95950       59.92937    
  -121.5015       41.88730       98.46476    
  -124.2230       40.70830       150.9528    
  -122.9289       39.06310       62.03041    
  -95.69630       34.11670       6.586221    
  -115.0738       32.58200       8.299800    
  -98.30750       35.65290       221.2399    
  -98.28110       35.65180       26.73162    
  -111.2735       33.71240       366.9402    
  -111.2884       33.73770       534.1517    
  -120.9689       36.40800       111.8994    
  -114.9347       32.16630       24.16018    
  -123.6714       49.43030       52.71548    
  -111.3349       33.76480       276.5775    
  -93.18470       17.89460       38.27089    
  -124.7377       50.05720       614.0101    
  -124.3834       49.77800       587.0669    
  -124.1862       49.68880       837.5858    
  -124.8752       49.69110       655.6333    
  -124.2852       49.45870       718.1285    
  -125.6905       49.02550       807.8520    
  -125.0493       48.95950       30.17530    
  -125.4900       48.93730       556.7108    
  -111.3408       33.61870       234.4393    
  -114.9682       32.16830       11.36916    
  -101.7874       21.18620       31.19070    
  -124.9626       50.25490       577.0084    
  -125.0813       50.19760       581.7667    
  -125.2004       50.14030       587.4885    
  -125.0034       50.11970       589.4761    
  -124.9381       50.11290       496.8526    
  -124.9323       50.07750       644.9485    
  -125.1881       50.06950       794.6815    
  -124.7968       50.02860       537.7044    
  -125.1822       50.03410       706.9667    
  -125.5065       50.03340       797.0606    
  -125.4401       50.02640       733.8286    
  -124.3202       49.77150       508.1047    
  -124.3344       49.32720       1967.450    
  -125.9018       49.18270       693.2534    
  -123.6402       48.95140       514.9709    
  -124.1769       48.83700       193.0689    
  -124.2582       51.71480       688.4349    
  -125.3200       50.08330       444.9689    
  -125.2362       49.97040       685.7847    
  -125.5678       49.08040       227.2497    
  -104.5695       19.51450       18.68376    
  -124.8432       52.32940       259.3527    
  -124.0763       52.20950       954.5782    
  -125.3523       52.23670       957.7856    
  -124.2467       51.42310       310.3679    
  -124.6891       53.17700       466.9673    
  -70.34600       18.92870       48.93437    
  -111.3032       33.76300       312.9731    
  -104.5455       19.51380       7.162759    
  -112.2520       36.80600       228.9650    
  -111.2567       33.73580       454.0102    
  -112.3170       36.75860       21.00178    
  -103.0511       21.26440       13.84698    
  -111.2716       33.76110       467.6446    
  -97.59290       25.48350       153.2701    
  -111.4116       33.84260       677.6318    
  -102.2042       17.92530       9.947337    
  -109.6423       30.50830       70.16584    
  -100.4386       17.30820       1.528628    
  -102.9202       48.40800       112.8166    
  -94.20260       31.86700       1.704745    
  -112.2805       36.70480       209.5688    
  -110.8607       32.45680       538.5046    
  -110.8299       32.45510       2140.120    
  -110.8436       32.47980       2512.624    
  -88.56710       33.44340       11.29830    
  -93.11510       17.83420       33.06370    
  -110.8616       33.42080       103.2291    
  -81.65270       29.49370       11.06369    
  -77.08510       26.49300       62.83158    
  -90.04780       31.28400       5.349021    
  -99.99250       33.94500       16.54347    
  -99.98330       33.92030       16.90569    
  -95.49660       31.34810       7.208361    
  -111.3576       33.59530       82.61833    
  -95.49040       31.32460       27.71952    
  -98.64710       19.03790       13.97161    
  -80.67090       28.54610       25.20781    
  -99.32160       35.22120       10.45827    
  -102.7523       21.77040       30.88491    
  -82.01890       28.71460       32.53240    
  -103.0569       19.10870       3.624264    
  -82.43650       31.79360       12.13034    
  -97.77960       36.21090       13.15440    
  -82.84840       31.26440       19.91563    
  -81.99760       28.71430       4.149900    
  -102.2105       21.77470       26.09418    
  -92.95660       31.99310       3.544558    
  -98.78900       25.09140       35.57371    
  -97.75310       36.20980       25.02340    
  -99.73680       32.65800       30.98684    
  -96.92350       31.37340       55.77161    
  -81.79930       28.62330       18.80706    
  -81.79760       28.60110       4.369140    
  -80.96310       27.84230       10.47053    
  -98.15880       22.11450       8.908583    
  -77.08560       26.51460       20.45691    
  -80.57500       26.96610       12.39309    
  -107.2391       24.53120       16.37815    
  -99.00950       34.29430       29.23105    
  -95.63770       33.91990       47.95825    
  -88.20850       31.54330       8.901410    
  -83.53970       30.51450       24.33443    
  -107.2315       24.50950       33.53511    
  -80.57630       26.98780       11.86759    
  -94.52780       17.97760       29.71953    
  -92.90030       33.99790       60.38386    
  -77.10570       26.49310       97.17365    
  -103.4054       19.09810       43.83563    
  -103.3818       19.09740       65.67331    
  -80.96450       27.86430       63.67780    
  -102.2004       18.24420       23.12210    
  -102.2841       18.64640       6.361468    
  -99.00070       34.26950       48.04319    
  -82.59990       31.19180       1.692860    
  -89.00520       36.36670       55.53695    
  -96.01660       32.61200       27.72507    
  -82.60210       31.21490       22.50901    
  -85.23850       30.60890       68.87659    
  -81.13270       27.86580       3.181127    
  -100.4917       18.08300       6.957551    
  -92.48470       17.90260       6.723361    
  -98.33760       36.59080       14.82778    
  -89.84030       36.18680       13.46760    
  -89.81580       36.18610       31.40417    
  -89.83460       36.16140       25.29743    
  -89.81020       36.16070       64.70863    
  -111.2903       33.68900       204.4755    
  -87.14040       31.63740       2.778860    
  -87.14400       31.66070       24.90271    
  -82.39190       27.54960       3.413880    
  -97.21460       20.57670       5.100901    
  -104.5363       19.57430       14.40752    
  -104.7384       19.51940       78.74496    
  -97.88990       16.15470       13.70685    
  -104.9978       20.99570       2.408306    
  -89.86620       36.51730       13.60071    
  -89.84160       36.51660       15.33897    
  -89.86040       36.49170       10.28862    
  -89.83580       36.49100       11.22039    
  -85.23560       30.58600       3.720413    
  -104.6395       28.09430       61.89214    
  -84.39100       31.26320       7.167806    
  -84.54900       31.10380       4.666680    
  -81.18810       28.06430       21.72075    
  -108.6628       26.56160       37.17974    
  -107.5983       24.73810       4.948560    
  -74.93200       20.11060       1.776331    
  -76.61500       17.95450       7.892641    
  -92.48230       17.88280       6.013441    
  -104.6313       28.07170       62.27947    
  -77.21110       18.17140       2.176766    
  -95.90770       34.81130       34.24522    
  -89.42600       36.73460       31.90725    
  -89.40140       36.73390       12.53583    
  -98.34730       36.61680       21.57600    
  -98.32050       36.61560       64.74760    
  -96.27710       36.20070       83.10108    
  -86.18980       31.10860       3.995543    
  -86.16750       31.10820       57.75207    
  -81.90240       26.89120       76.18279    
  -89.73580       37.12810       50.27600    
  -97.82740       37.13360       20.45979    
  -89.43170       36.76030       17.94636    
  -108.2464       37.30750       28.69411    
  -98.31080       36.58960       121.1545    
  -104.1421       23.84280       56.57137    
  -108.2059       30.87750       129.4516    
  -108.1947       30.85360       206.1470    
  -108.1660       30.85220       129.7344    
  -108.1836       30.82980       152.6917    
  -99.01210       21.78680       9.615241    
  -102.7940       18.21940       19.41438    
  -82.88830       32.76430       10.72900    
  -108.1772       30.87600       39.16000    
  -108.1549       30.82840       180.2130    
  -81.90080       26.86950       10.78452    
  -102.7707       18.21880       23.05202    
  -85.64370       31.67890       111.2468    
  -97.08490       28.93250       26.87509    
  -81.15230       27.84400       12.02423    
  -71.38400       49.66290       384.4737    
  -92.94690       30.94480       22.15114    
  -81.18960       28.08640       9.797898    
  -81.35200       27.69230       25.70581    
  -97.89000       37.65510       88.83710    
  -97.81760       37.10740       13.07610    
  -95.11480       33.90140       5.567130    
  -109.2974       33.50290       398.1633    
  -86.83190       30.77510       31.63648    
  -102.7737       23.12310       15.70056    
  -97.37030       47.24620       17.28864    
  -97.93720       37.70930       106.9250    
  -97.95430       37.68400       261.2476    
  -97.92720       37.68280       353.8820    
  -97.90010       37.68160       38.88725    
  -97.94420       37.65750       160.1327    
  -97.91710       37.65630       63.05499    
  -109.2839       33.47790       1194.574    
  -80.20920       27.11520       7.203600    
  -96.72270       18.33750       4.786971    
  -95.36390       18.23090       3.617460    
  -71.47630       49.62670       30.96083    
  -75.51640       44.14450       31.98265    
  -96.74430       18.33790       4.977294    
  -71.38690       49.62750       487.5799    
  -97.33810       47.24450       11.00898    
  -89.80400       36.56650       9.427320    
  -89.79820       36.54080       8.910541    
  -98.16390       35.39660       59.60891    
  -109.3142       33.47950       348.6155    
  -103.3002       19.45830       41.38329    
  -103.2766       19.45760       41.68983    
  -103.3543       18.97590       42.47395    
  -99.24310       16.90740       1.877062    
  -94.29220       37.69220       129.2478    
  -94.28390       37.66580       64.63676    
  -89.78640       37.02660       10.28862    
  -109.3278       33.50460       276.7758    
  -114.9281       32.35730       28.19195    
  -102.4758       18.13140       18.45096    
  -90.26900       41.56850       6.389280    
  -82.49330       32.61690       29.55982    
  -83.23660       32.46150       49.45457    
  -92.71830       30.75380       40.31430    
  -115.8162       49.70320       29.77845    
  -75.51670       44.17470       25.62336    
  -111.4584       33.86990       295.3283    
  -103.9695       19.19430       33.61024    
  -97.87300       37.68040       19.80598    
  -88.49200       34.41140       50.00528    
  -111.4266       33.86800       980.9622    
  -109.2536       33.47620       1069.116    
  -110.3321       27.63280       7.519411    
  -104.8481       20.33580       6.431593    
  -102.8047       18.37960       23.77897    
  -101.2518       17.82260       16.85986    
  -84.97930       30.46740       56.26558    
  -98.38640       36.08460       105.0197    
  -98.43010       36.06110       27.10220    
  -98.40350       36.06000       165.6184    
  -98.37700       36.05890       44.98932    
  -98.35040       36.05770       84.88765    
  -85.57150       31.30580       12.43404    
  -107.9621       25.16140       11.99005    
  -107.9540       25.13950       8.644320    
  -99.33520       21.81620       8.720843    
  -98.97390       21.06820       6.898920    
  -101.1308       17.66090       18.30499    
  -97.31750       37.03470       17.01459    
  -97.29090       37.03360       10.96983    
  -97.30810       37.00850       12.84120    
  -98.43960       36.08680       67.01925    
  -98.41300       36.08570       136.9945    
  -98.35980       36.08340       13.00128    
  -98.33330       36.08230       22.22154    
  -98.30670       36.08120       20.27187    
  -98.32380       36.05660       101.2679    
  -98.29730       36.05550       70.89259    
  -98.39410       36.03430       10.26513    
  -106.6052       24.33590       5.485389    
  -98.85840       21.70050       24.37850    
  -98.82770       20.90120       15.37094    
  -101.3920       17.84580       5.253412    
  -107.8940       30.44430       53.27628    
  -107.8657       30.44290       134.3952    
  -107.8833       30.42060       343.4035    
  -107.8549       30.41920       153.3293    
  -101.4147       17.84640       31.96804    
  -103.0137       20.73040       24.56722    
  -102.4420       18.19050       14.45131    
  -102.0800       50.36630       14.05485    
  -89.83000       37.00210       91.94769    
  -89.80520       37.00140       22.53474    
  -89.82400       36.97630       73.69596    
  -111.2400       33.75930       332.6945    
  -115.0249       32.50700       13.72860    
  -108.3493       25.69670       16.58394    
  -104.5251       20.85780       3.486995    
  -103.9266       19.31420       64.31808    
  -103.7601       19.30950       26.96376    
  -102.2634       18.76610       5.539103    
  -102.2403       18.76550       14.20826    
  -102.3390       18.68790       15.15198    
  -101.5260       18.06800       23.73518    
  -100.5373       17.11290       10.34675    
  -89.85470       37.00280       134.5957    
  -89.84880       36.97700       23.02020    
  -121.2103       35.91370       197.9561    
  -111.4526       33.60090       136.0025    
  -108.3764       25.69780       9.442980    
  -105.0547       20.19930       36.42088    
  -103.7648       19.32980       71.12357    
  -102.7116       18.15740       3.371441    
  -98.76390       16.77940       40.55124    
  -105.3108       20.06450       8.344693    
  -103.7363       19.30890       44.14217    
  -112.2703       36.83290       332.4752    
  -117.2429       35.96170       106.4857    
  -111.4209       33.59900       149.8833    
  -105.2374       20.06230       3.140335    
  -103.4538       18.47670       4.129536    
  -101.6633       50.37430       9.114120    
  -110.3423       27.65560       12.29310    
  -108.2950       26.78730       53.12754    
  -106.2341       23.51570       4.030371    
  -84.41470       32.57380       36.00479    
  -82.45640       31.77050       17.60432    
  -82.66400       31.63330       29.95911    
  -81.95720       30.33490       7.639306    
  -81.95530       30.31210       130.4837    
  -112.4113       39.08170       46.28110    
  -104.8456       19.94870       16.07161    
  -104.5830       19.37330       4.448282    
  -103.2267       18.29060       19.53116    
  -82.50900       28.72000       49.08743    
  -105.3353       20.06520       30.19588    
  -89.36000       36.98890       41.80721    
  -93.07080       34.00330       19.94657    
  -105.3161       20.08500       7.814340    
  -89.36580       37.01480       103.0212    
  -89.38470       36.98960       34.13707    
  -89.21960       36.90810       15.51319    
  -111.3388       33.66740       416.0047    
  -85.24200       29.92530       36.80085    
  -109.7227       27.07160       15.87924    
  -106.7506       24.23490       25.26789    
  -89.72290       37.17920       16.10240    
  -89.78570       36.16000       25.49448    
  -89.80450       36.13530       12.52800    
  -93.06450       33.97880       19.82735    
  -77.28320       17.87740       6.097629    
  -89.69810       37.17850       26.52804    
  -89.69210       37.15260       21.96576    
  -89.95990       37.03150       156.7350    
  -89.95390       37.00570       26.37144    
  -98.98440       34.44040       42.55873    
  -98.95830       34.43930       102.5873    
  -85.66610       31.67930       45.86466    
  -89.39210       36.91280       80.23364    
  -89.36750       36.91220       119.7997    
  -98.14660       35.42090       44.79181    
  -98.13760       35.39550       150.6532    
  -98.11140       35.39450       128.9420    
  -98.96720       34.46420       145.7435    
  -89.19500       36.90740       105.2240    
  -121.2357       35.94100       155.9165    
  -98.99340       34.46530       205.6616    
  -111.3220       33.69080       132.5824    
  -82.77610       30.27630       49.17921    
  -85.24480       29.94800       16.20459    
  -77.30330       17.93620       5.585400    
  -121.6310       39.52760       45.82993    
  -91.54010       34.54240       29.88972    
  -111.3948       33.86610       925.0139    
  -111.2865       33.78640       277.2704    
  -109.2671       33.50120       449.7940    
  -109.3311       33.45620       208.3826    
  -109.3008       33.45450       165.1585    
  -71.35710       49.62780       636.4123    
  -109.3446       33.48120       189.5214    
  -71.41380       49.66260       103.4158    
  -71.35410       49.66320       105.2269    
  -71.41670       49.62730       118.2024    
  -93.76600       39.80380       15.31548    
  -95.08920       37.20330       19.69026    
  -91.54600       34.56710       20.71818    
  -91.56430       34.54310       11.58840    
  -91.51590       34.54170       22.95756    
  -91.53420       34.51770       26.30880    
  -90.92640       34.37760       22.76964    
  -90.90230       34.37700       15.22152    
  -90.92080       34.35300       18.63540    
  -95.90500       17.58880       5.402700    
  -112.2182       36.80380       1352.456    
  -111.4417       33.89330       454.4654    
  -111.4099       33.89150       493.6623    
  -111.3798       33.84080       519.5153    
  -98.05150       18.26630       6.530221    
  -99.17330       16.74860       2.996216    
  -99.15130       16.74810       35.82173    
  -99.14810       16.72840       67.41685    
  -71.50610       49.62640       95.91376    
  -89.78540       37.12950       21.27411    
  -89.76060       37.12880       21.21408    
  -89.95320       37.10850       31.06031    
  -91.23860       35.10060       9.302040    
  -121.2776       35.94410       61.43231    
  -98.14520       21.16960       19.97274    
  -98.22880       20.80460       24.15821    
  -97.77210       20.26560       51.54729    
  -71.50330       49.66180       61.83542    
  -89.97810       37.10920       20.01348    
  -89.77950       37.10360       16.44300    
  -89.75460       37.10280       31.53619    
  -89.94720       37.08260       27.07614    
  -107.4918       33.59950       63.45442    
  -111.3704       33.66920       283.5782    
  -80.55550       26.98760       9.850141    
  -92.79710       45.30860       6.404941    
  -111.3240       33.64210       297.1210    
  -102.2531       18.16570       9.674122    
  -99.01030       17.98940       25.81710    
  -90.26720       36.45240       25.10298    
  -90.24250       36.45170       66.67371    
  -111.3536       33.69260       279.2421    
  -97.59800       25.50510       78.63931    
  -97.56980       25.48280       43.00805    
  -96.12790       18.08730       5.192856    
  -99.38430       17.22570       13.57547    
  -98.86340       16.58510       24.13646    
  -92.78550       45.27700       2.238160    
  -93.01790       44.73140       19.80990    
  -93.28660       42.79980       7.563780    
  -102.6546       31.50550       11.29641    
  -99.30640       29.00860       39.50002    
  -93.04710       44.73260       21.31326    
  -103.6584       37.51700       90.09721    
  -98.12040       35.41980       44.75526    
  -107.4793       33.57450       52.13791    
  -98.02810       20.79960       6.496664    
  -103.3380       19.52000       59.55978    
  -104.8434       19.36060       40.56830    
  -104.4142       19.26740       3.916566    
  -99.03240       17.98990       62.68720    
  -71.38980       49.59220       104.9517    
  -97.90860       33.37570       46.10652    
  -107.4499       33.57300       188.7725    
  -94.94450       32.86080       5.966460    
  -97.68210       27.44060       40.78143    
  -98.52300       18.71510       33.12738    
  -93.11760       17.85400       11.38482    
  -100.8486       17.59480       7.246167    
  -93.92850       45.66920       29.59197    
  -94.03350       44.89720       4.932900    
  -90.03960       36.42050       8.973180    
  -111.2419       33.71050       209.5301    
  -98.58080       21.44680       10.02371    
  -103.9145       21.55870       83.48100    
  -96.62050       17.82000       2.300873    
  -100.8449       17.57490       5.580551    
  -95.33780       45.63930       12.36357    
  -94.91600       44.41670       20.91393    
  -103.4969       37.06770       57.08103    
  -94.96900       32.86160       1.061893    
  -108.2592       32.96310       248.0932    
  -110.8744       32.48150       477.4773    
  -107.3341       30.11730       98.38747    
  -97.57490       25.50440       59.73121    
  -107.1892       24.97960       3.387949    
  -106.8267       24.00370       13.68058    
  -99.11750       21.64570       5.089500    
  -98.07250       21.47470       4.854600    
  -98.60340       21.44740       4.698000    
  -97.63990       21.42280       5.630641    
  -97.19590       20.47490       6.378839    
  -104.7909       19.44000       23.60380    
  -98.86030       16.56540       17.61892    
  -102.6125       37.69710       180.2894    
  -89.50150       36.63450       24.39045    
  -112.2421       36.93440       252.6854    
  -106.8584       24.92360       20.27562    
  -105.8060       22.86910       63.71092    
  -98.11330       20.78140       27.31566    
  -103.5792       18.62030       33.32559    
  -103.5557       18.61970       43.92322    
  -103.5512       18.59950       22.77176    
  -101.6008       18.32910       35.01158    
  -99.68480       17.68710       23.28601    
  -91.73130       37.73320       20.91264    
  -94.87810       37.42820       11.28695    
  -102.6414       37.69860       108.9636    
  -90.26120       36.42690       11.19690    
  -107.1815       24.95780       2.475562    
  -97.85780       21.73600       5.907736    
  -105.2427       20.08280       6.113664    
  -104.7667       19.43930       61.00366    
  -102.6252       37.72390       116.6084    
  -89.92840       37.10780       19.26180    
  -95.09760       37.22950       14.61078    
  -89.25950       36.75560       21.19973    
  -89.23490       36.75490       29.09628    
  -108.1990       25.58190       16.12354    
  -100.9396       24.71120       15.96460    
  -106.3565       23.81640       6.268679    
  -106.3496       23.79490       5.624102    
  -104.6988       22.72640       5.046817    
  -97.64400       21.44340       5.496660    
  -101.7070       17.83360       7.602491    
  -90.09120       36.21920       22.84533    
  -91.14870       34.92480       7.746480    
  -111.3966       33.81730       387.9174    
  -107.4625       33.59800       144.5919    
  -108.2888       32.96460       84.05170    
  -110.7992       32.45340       2196.723    
  -101.3054       17.98300       18.04224    
  -98.45310       16.45920       6.996637    
  -89.25600       36.62780       21.36807    
  -110.8127       32.47800       2548.503    
  -103.2903       21.27170       60.04108    
  -100.2130       17.16490       59.03708    
  -89.23140       36.62710       151.6724    
  -89.25040       36.60220       20.10744    
  -89.22580       36.60150       18.32220    
  -109.2705       33.45280       32.17826    
  -110.8816       32.38620       149.6143    
  -102.6282       31.50440       30.56199    
  -107.7509       25.08810       16.71313    
  -105.7807       22.86820       27.87572    
  -100.4732       21.08780       9.947419    
  -98.21050       20.82450       54.70475    
  -103.4659       19.36190       25.58930    
  -71.29770       17.97950       3.400496    
  -111.9953       36.71220       27.82635    
  -109.2402       33.45120       175.2626    
  -82.76150       31.72780       23.75434    
  -106.8649       24.49530       3.477877    
  -98.24680       21.00880       9.928441    
  -95.42160       36.95840       28.63987    
  -90.06660       36.21850       15.63912    
  -94.15210       35.36830       11.04030    
  -98.19450       20.74270       5.825521    
  -103.7886       19.33050       2.793674    
  -101.3132       18.02300       15.06439    
  -102.2083       17.94540       19.57495    
  -89.15700       36.95770       13.71816    
  -90.08530       36.19370       24.44526    
  -90.06080       36.19300       14.67342    
  -100.4777       21.10840       12.91838    
  -101.4791       17.82810       3.602548    
  -94.12350       35.44210       70.92144    
  -111.3853       33.69450       43.94785    
  -111.3556       33.64400       82.89001    
  -108.2467       32.93830       76.73369    
  -110.8163       32.43040       173.3434    
  -89.64150       37.25430       43.98409    
  -89.92240       37.08190       31.51966    
  -89.94120       37.05670       27.65034    
  -89.91630       37.05600       7.639637    
  -94.09840       35.44120       20.13255    
  -94.11630       35.41690       4.480437    
  -91.66850       34.37470       6.710310    
  -88.38560       30.71480       58.10033    
  -107.3616       30.67320       128.5293    
  -107.3334       30.67190       46.26892    
  -107.8206       24.91880       10.85629    
  -99.22040       19.61400       19.40060    
  -89.24060       36.78060       73.36710    
  -111.3071       33.66550       100.5854    
  -110.8572       32.50440       1205.048    
  -105.9106       23.20890       4.555524    
  -99.19400       21.79170       24.96593    
  -103.8978       20.94110       119.9575    
  -104.3138       19.34540       30.52291    
  -74.06230       46.90230       24.91153    
  -103.6715       37.54380       87.03159    
  -88.60050       36.63590       38.40347    
  -111.4601       33.82100       142.9252    
  -111.4451       33.79570       80.75733    
  -111.4133       33.79380       124.1136    
  -104.5329       21.43380       38.55691    
  -98.16550       21.04760       9.818820    
  -74.03430       46.90240       11.66300    
  -89.68530       36.69070       11.79981    
  -89.66070       36.69000       20.35017    
  -89.67950       36.66500       22.96539    
  -89.65490       36.66430       30.20814    
  -94.16990       35.34400       92.45087    
  -98.09420       35.41870       205.1859    
  -110.8264       32.50270       1072.280    
  -105.9360       23.20980       27.18222    
  -105.0592       22.94800       43.59696    
  -99.43100       21.83940       18.52395    
  -91.25110       35.05140       16.94412    
  -88.24510       33.45990       14.47698    
  -107.1404       30.36170       159.6461    
  -107.1124       30.36030       205.8744    
  -97.38780       32.11670       48.11115    
  -97.36290       32.11580       55.55207    
  -104.8416       30.46290       46.27641    
  -106.5179       29.73500       35.97791    
  -104.6590       36.48690       156.8709    
  -104.6460       36.46070       120.9914    
  -112.1688       36.82640       1020.847    
  -112.1844       36.80160       731.5003    
  -112.2961       36.68010       84.18982    
  -112.2624       36.67790       96.35634    
  -91.39480       34.53810       47.00611    
  -91.38900       34.51340       18.66986    
  -81.35070       27.36430       98.77696    
  -81.32970       27.36410       24.87520    
  -97.66490       21.09640       24.45193    
  -97.88830       20.53190       5.511318    
  -90.28970       36.02280       14.87700    
  -90.26520       36.02210       18.46314    
  -112.3143       36.70700       128.1237    
  -81.34920       27.34250       20.03227    
  -81.32830       27.34230       73.36079    
  -97.58780       25.46190       82.25784    
  -106.4502       23.94710       3.804995    
  -106.4431       23.92560       21.39961    
  -93.33070       16.03680       4.948560    
  -112.2548       36.85770       88.68684    
  -91.41320       34.51410       20.47284    
  -81.89790       28.24780       6.058541    
  -99.15340       21.70840       2.953410    
  -104.3886       21.34680       20.67899    
  -98.13750       37.04380       22.38709    
  -98.15460       37.01880       39.07518    
  -98.12770       37.01770       56.95116    
  -98.33310       37.00080       216.5442    
  -98.32320       36.97470       189.1998    
  -93.42470       32.17190       14.18856    
  -107.4475       30.86330       103.7699    
  -108.9308       26.35400       9.234180    
  -100.1595       16.98620       39.52623    
  -71.32730       49.62810       156.9668    
  -114.4519       39.54980       33.91971    
  -89.76860       36.94900       17.80229    
  -98.16440       37.04500       46.33011    
  -98.10080       37.01650       17.61750    
  -98.14480       36.99270       21.00006    
  -98.11790       36.99150       35.75178    
  -101.2764       36.82750       180.3149    
  -106.6752       34.75840       160.9459    
  -111.4752       33.84640       73.70258    
  -109.2368       33.49960       33.17209    
  -110.7820       32.47630       180.9630    
  -107.4584       30.88710       88.96307    
  -95.82230       18.59740       3.091394    
  -96.63030       18.29590       22.76714    
  -101.5449       18.04850       12.50796    
  -101.0479       17.57960       20.49458    
  -89.77450       36.97490       30.88152    
  -89.74970       36.97420       46.88604    
  -89.74380       36.94830       24.46484    
  -89.69690       36.74210       26.01126    
  -89.67220       36.74140       20.60856    
  -98.34300       37.02700       63.90505    
  -98.36010       37.00200       22.44948    
  -98.30620       36.99970       286.9180    
  -90.16100       36.62760       31.24170    
  -90.13630       36.62690       26.10522    
  -101.2877       36.85380       154.1558    
  -101.2598       36.85240       186.8079    
  -101.2485       36.82620       142.0502    
  -101.6482       35.85300       74.54510    
  -91.41900       34.53880       16.40385    
  -106.6881       34.78390       25.50855    
  -106.6457       34.75680       258.6994    
  -109.2234       33.47450       102.3015    
  -105.7872       22.88940       33.58834    
  -105.0576       19.83310       22.75925    
  -102.7623       18.17870       10.33487    
  -98.66410       16.56140       1.891228    
  -90.15500       36.60190       13.09176    
  -98.67400       36.50330       47.83933    
  -101.6373       35.82730       61.61693    
  -98.40620       29.31510       9.740520    
  -99.22570       21.83380       7.000020    
  -102.6067       43.14370       71.19839    
  -98.65820       21.38740       7.634250    
  -100.6018       17.47020       2.705802    
  -98.31610       37.02580       32.72381    
  -111.3092       33.61690       75.35456    
  -110.7684       32.45170       608.3807    
  -103.9108       25.73770       18.60506    
  -89.86610       34.76550       77.14371    
  -89.84210       34.76480       111.1351    
  -111.3781       33.88960       189.3459    
  -110.8400       32.52740       133.7574    
  -110.7956       32.50100       970.0361    
  -91.77180       30.08680       4.944645    
  -111.6314       28.86600       41.86815    
  -98.23660       21.06980       2.496294    
  -121.0852       38.24660       22.67067    
  -112.1506       36.79940       371.4918    
  -111.6015       28.86440       38.38817    
  -104.4010       20.75150       4.455366    
  -107.0704       42.66160       63.40071    
  -101.2319       36.85110       164.1589    
  -108.4196       30.79500       85.72140    
  -108.4372       30.77260       92.85860    
  -108.4084       30.77120       231.1618    
  -108.3796       30.76980       155.7496    
  -111.2706       28.30540       69.92426    
  -109.7042       27.09290       8.307631    
  -103.4523       24.24270       29.25403    
  -105.1769       21.90950       16.94744    
  -101.6224       18.20990       32.58113    
  -102.2408       18.10560       60.16140    
  -94.91350       37.37770       9.959761    
  -89.72980       37.10210       30.72492    
  -114.9063       32.52380       51.84773    
  -111.2412       28.30390       38.06319    
  -109.7324       27.09420       9.270720    
  -101.3016       17.96300       21.96985    
  -98.35300       37.05320       181.3002    
  -98.37000       37.02820       178.2559    
  -112.9426       33.34790       225.9012    
  -112.9100       33.34600       210.1194    
  -108.2297       32.96150       91.69093    
  -110.7512       32.47460       230.8752    
  -103.1251       26.62140       14.82718    
  -98.58630       16.61870       28.50849    
  -98.56460       16.61830       14.16917    
  -89.24620       36.80640       21.59514    
  -89.26510       36.78130       41.84352    
  -89.21600       36.77990       26.99784    
  -98.29630       36.97350       18.55710    
  -112.9270       33.32270       70.06349    
  -104.7012       19.66020       14.22291    
  -102.2367       18.08550       28.90262    
  -98.58320       16.59900       34.15764    
  -98.56150       16.59860       15.51768    
  -98.25450       16.57280       5.481000    
  -108.2306       37.28060       71.03921    
  -112.9582       33.37320       67.75818    
  -112.9256       33.37120       144.9451    
  -112.8945       33.32080       90.87231    
  -107.2673       30.83130       104.8058    
  -107.2391       30.82990       59.83681    
  -107.9064       30.65340       104.3589    
  -104.7063       19.68060       36.12827    
  -98.11920       16.39380       35.06406    
  -97.69510       16.28780       28.59608    
  -107.0083       40.94740       24.56722    
  -107.0581       40.47750       23.34105    
  -112.9752       33.34990       51.91543    
  -108.4309       30.81890       71.00797    
  -108.4484       30.79650       71.24935    
  -108.3909       30.79360       48.95000    
  -106.2123       26.52380       15.80212    
  -100.9240       17.51730       2.634970    
  -106.0045       38.54210       56.46945    
  -111.3631       33.86430       67.04050    
  -111.4675       33.62610       48.98481    
  -108.3188       31.11650       69.58617    
  -98.85060       21.55650       3.774060    
  -110.2177       42.47040       59.32350    
  -90.79320       34.42280       37.42740    
  -90.76920       34.42210       36.31554    
  -111.3666       33.76670       63.87873    
  -108.3074       31.09250       86.28198    
  -108.2786       31.09110       22.78917    
  -106.0645       39.64830       24.81498    
  -89.31820       36.91080       18.00900    
  -89.31250       36.88500       16.84624    
  -112.1351       36.82420       122.2661    
  -107.8393       24.89800       33.93325    
  -104.0507       19.03530       14.97681    
  -95.06500       16.84600       5.629770    
  -91.04130       31.10060       4.670940    
  -108.4597       30.82030       66.66249    
  -108.4021       30.81740       104.8864    
  -108.2841       30.62560       101.0008    
  -103.7046       27.83370       54.38591    
  -97.67640       27.41850       5.105160    
  -101.8820       25.59990       16.81767    
  -98.98530       20.90520       16.46573    
  -105.2704       20.00220       4.827289    
  -101.7167       18.45180       48.30241    
  -101.6938       18.45120       7.380748    
  -101.7127       18.43170       37.79237    
  -101.6897       18.43120       35.16485    
  -110.8880       32.50620       64.02091    
  -108.2952       30.64940       57.48071    
  -108.2555       30.62420       91.31917    
  -106.1861       24.53350       38.27006    
  -98.96980       22.11550       4.087260    
  -102.7486       18.65850       2.663303    
  -89.42750       37.50720       3.870605    
  -89.35790       36.75820       24.96204    
  -89.89660       36.54360       20.66076    
  -110.7648       32.49930       174.8982    
  -106.9132       28.41580       47.49956    
  -104.7084       19.39710       24.65481    
  -89.70510       37.10140       14.94747    
  -118.3621       34.95320       171.4672    
  -118.3408       34.92670       167.3400    
  -117.8433       49.03190       68.18095    
  -106.3694       39.23310       49.64011    
  -89.15140       36.93190       26.13132    
  -89.12680       36.93120       31.90725    
  -89.34320       36.02170       18.80766    
  -110.8092       32.52570       134.1961    
  -104.7786       28.75030       76.24825    
  -107.9213       28.50630       17.60432    
  -101.9447       17.99860       10.55383    
  -100.8720       17.35770       29.45789    
  -103.6554       37.56900       63.31872    
  -103.6423       37.54220       102.9667    
  -90.00500       35.83860       8.957520    
  -118.3788       34.92930       133.7290    
  -113.5104       32.99410       24.38074    
  -113.4948       32.96900       20.58507    
  -82.78360       31.72810       29.99583    
  -99.45030       17.86030       38.51493    
  -103.3041       47.46790       8.393760    
  -101.0796       47.03340       42.22179    
  -106.5061       41.84770       55.45014    
  -108.1447       41.75460       63.29878    
  -107.0010       39.67780       20.87992    
  -103.6847       37.57050       30.38556    
  -113.4776       32.99210       28.02946    
  -113.4620       32.96710       27.25763    
  -110.8709       32.52910       58.04941    
  -110.7376       32.45000       81.95663    
  -98.68350       22.97890       28.36213    
  -104.7184       19.43790       5.315882    
  -102.6842       18.13670       14.05718    
  -99.45380       17.88020       51.93793    
  -102.9109       47.27850       40.16578    
  -106.9638       40.77710       23.31726    
  -106.6760       25.06690       2.755385    
  -105.4131       24.80380       19.09253    
  -98.51500       21.67090       7.101810    
  -100.1497       18.87330       13.09376    
  -106.0511       38.41200       53.00381    
  -89.30870       36.75690       13.17398    
  -99.82500       36.99050       55.31054    
  -91.60040       34.59330       13.72338    
  -107.8472       24.91980       8.080561    
  -100.2679       18.55610       13.96960    
  -100.3045       18.27770       19.79391    
  -108.9804       39.39450       24.12971    
  -106.1767       38.89910       23.88597    
  -120.0831       35.98450       48.58440    
  -105.8962       26.29240       15.15216    
  -99.54930       17.03210       16.50952    
  -121.5953       45.52250       53.50720    
  -102.8675       44.08100       54.63469    
  -107.2383       40.96200       49.23238    
  -106.9580       38.78500       49.08787    
  -89.40260       37.50650       6.714481    
  -120.1237       35.98740       66.45826    
  -108.1938       30.55160       281.9905    
  -108.1653       30.55020       513.4234    
  -108.1828       30.52790       110.0848    
  -108.1543       30.52650       74.90771    
  -105.2476       22.32750       10.45305    
