  -95.17300       36.74380       13.40030    
  -99.40910       36.48480       1.899167    
  -97.70550       35.92970       5.202528    
  -96.71370       34.89130       35.86552    
  -100.5923       34.01970       84.30164    
  -80.99930       22.85040      0.7955280    
  -80.23990       22.41360      0.1955064    
  -80.66910       22.23210       168.0635    
  -80.64920       22.23200       94.01185    
  -80.20550       22.08600       86.58318    
  -75.10670       20.19060      0.2436696    
  -90.28890       19.59440       14.53662    
  -90.15470       19.13340       57.29045    
  -91.35510       18.39790       66.48204    
  -88.71710       18.31990      0.2643408    
  -88.27440       18.07750       21.10067    
  -88.25450       18.07720       50.74316    
  -93.18470       17.89460       3.121771    
  -99.64940       17.23150       34.26405    
  -89.54500       16.93710       20.23913    
  -94.10460       16.32160       1.068231    
  -92.97090       16.10910       39.66916    
  -96.05030       35.66260       31.60418    
  -103.6862       35.32500       16.81767    
  -78.16630       21.32360      0.2342736    
  -76.45290       20.73360      0.1940187    
  -95.78580       18.35820       23.64759    
  -88.49610       18.10000       8.388624    
  -95.67370       18.17750       1.001574    
  -112.8482       37.75550       35.91890    
  -95.95210       34.22360       1.190547    
  -100.5751       34.04330       80.63548    
  -100.5657       34.01850       87.19192    
  -80.66810       22.21170       82.18999    
  -80.64530       22.15020      0.3873240    
  -79.30910       21.95850      0.2035800    
  -78.16580       21.30330      0.2421036    
  -76.37380       20.63300      0.8988646    
  -77.30090       20.13350      0.1760184    
  -88.61770       18.53590       6.391333    
  -98.56780       18.59640       2.356631    
  -78.15260       18.27220      0.1525284    
  -88.27260       18.05780       27.64725    
  -93.51690       17.90030      0.8405679    
  -93.11510       17.83420       2.042796    
  -112.2601       39.55840       31.96983    
  -98.37600       37.80710       3.147611    
  -96.07610       35.66360       14.31993    
  -95.04270       35.17590       20.27562    
  -95.01740       35.17500       20.71354    
  -95.82630       34.70970       1.973373    
  -97.38800       34.40040       2.135035    
  -78.08950       25.04540       14.55349    
  -79.84970       22.59600      0.2269134    
  -77.32030       20.13350       2.858516    
  -90.17960       19.17360       7.680666    
  -95.93840       18.24220       14.90383    
  -96.29590       18.20970      0.7871610    
  -81.02320       46.49280      0.6233550    
  -96.15370       36.67940       4.017077    
  -79.55630       21.69510       9.261976    
  -76.45310       20.75380      0.1323792    
  -76.89370       20.19260      0.1373382    
  -93.61850       15.86650      0.9404778    
  -95.92030       36.44070       19.44358    
  -81.86250       22.87780      0.1396872    
  -80.40480       22.53780      0.4328424    
  -101.6108       21.71560       2.580878    
  -76.37350       20.61280      0.9442353    
  -90.06620       19.25160       13.88201    
  -96.10940       18.38460      0.3148108    
  -88.70760       18.22110       6.077473    
  -94.65320       36.87800       2.937634    
  -96.14500       36.65350       5.084288    
  -95.89430       36.43970       2.364785    
  -80.99820       22.82980       1.013515    
  -80.38490       22.53770      0.5330665    
  -78.97420       21.99770      0.5112319    
  -76.39330       20.63300      0.9071316    
  -90.13430       19.13310       52.44073    
  -95.28860       18.15020      0.1954368    
  -88.66860       17.37550       12.90858    
  -93.72110       16.04290      0.1866672    
  -92.47810       15.11430      0.2179872    
  -100.4381       35.52040       6.317647    
  -100.4111       35.51910       50.50719    
  -88.74850       19.83120       12.58095    
  -95.60350       18.27520      0.1077408    
  -88.68510       17.98430      0.3313656    
  -80.38400       22.51710      0.5816125    
  -80.59440       22.33400      0.2011639    
  -102.2042       17.92530      0.7467732    
  -80.40390       22.51730      0.6818991    
  -78.97490       22.01810      0.4322160    
  -75.10680       20.21060      0.2455488    
  -95.71890       18.33700      0.1816560    
  -95.29070       18.30880      0.1948104    
  -95.38510       18.23130       1.171930    
  -88.75260       18.06400      0.1559736    
  -88.67030       17.39510       16.72217    
  -112.8831       37.75780       3.335979    
  -98.23640       35.59980       1.685929    
  -98.53220       35.41200       1.276169    
  -90.48030       31.73720       13.44410    
  -88.69230       18.47760      0.1384344    
  -98.56430       18.57630      0.1923048    
  -103.9416       20.73750       2.714483    
  -96.33350       18.58800       1.819281    
  -95.03670       36.22940       3.563487    
  -77.55130       20.01420      0.2039976    
  -95.30900       18.28930      0.1722600    
  -88.77640       18.10370      0.1503360    
  -99.08080       34.49360      0.5950800    
  -88.49440       18.71240       11.93224    
  -90.63480       18.14970       9.064912    
  -88.77830       18.12340      0.2186136    
  -88.64690       18.00350      0.4350348    
  -95.83530       35.30460       2.082552    
  -99.07190       34.46860       34.48104    
  -98.03760       22.71160      0.2079649    
  -96.25030       18.46690      0.9810142    
  -95.17410       36.66710       1.731798    
  -77.43690       20.13380      0.2762424    
  -90.55700       19.43880       17.77059    
  -88.50870       18.65320       22.95648    
  -96.24720       18.44700      0.2270700    
  -96.07910       18.04680      0.9398938    
  -88.72840       17.37630       15.62396    
  -98.59560       35.94190       1.818107    
  -96.70560       34.86620       1.769512    
  -95.25210       18.18910      0.6079938    
  -90.56400       19.49880       7.161717    
  -94.52780       17.97760       28.15486    
  -103.3332       19.49960       11.01747    
  -88.76490       18.39950       13.85224    
  -96.30530       18.40840      0.2837592    
  -92.90450       15.50680      0.9418370    
  -92.88420       15.50650       4.441302    
  -90.53650       19.43850       8.217428    
  -103.4378       19.24000       12.56826    
  -88.57990       18.14050       6.533997    
  -88.65600       18.51670      0.2630880    
  -88.77460       18.49850      0.5756850    
  -93.35830       17.95680      0.1622376    
  -78.20510       21.30350      0.1493964    
  -98.26390       35.67620       1.965218    
  -75.98490       20.75310      0.2137814    
  -95.84320       35.32980       1.427026    
  -79.30830       21.93810      0.1932444    
  -76.93590       20.41310      0.1240272    
  -90.66040       19.62030       3.889193    
  -101.9099       19.15860       13.96960    
  -88.58810       18.43670       3.869649    
  -104.3356       19.73060       15.36585    
  -78.74150       22.13960      0.1570176    
  -79.11200       21.97790      0.1925554    
  -78.14570       21.28300       4.827289    
  -99.35030       22.60240      0.3150792    
  -112.8160       39.97940       4.680644    
  -79.13180       21.97800      0.1365552    
  -100.9475       17.28030      0.1772712    
  -88.61390       18.49630       6.134538    
  -120.1208       44.16950      0.6339169    
  -92.40700       16.35350       13.10836    
  -78.20560       21.32370      0.1290384    
  -96.30260       18.52760      0.8664646    
  -95.84980       18.35950      0.6344284    
  -96.41000       18.52980       5.784929    
  -103.9175       20.73680       7.270249    
  -76.33170       20.33180      0.7481691    
  -103.2955       19.74140       19.66254    
  -92.42740       16.35380      0.1935576    
  -98.91120       22.77710       7.876104    
  -99.35040       18.65420       25.49971    
  -82.95260       21.76050       1.255688    
  -96.35700       19.26730       19.05704    
  -96.42840       18.51030       4.182348    
  -94.50680       17.97720       9.677998    
  -92.43490       16.23710      0.1782108    
  -99.18460       22.47320       2.743967    
  -92.34710       16.17750      0.1841616    
  -92.41240       16.21730       10.55383    
  -98.46780       21.87530      0.2561976    
  -92.43280       16.21770       5.732813    
  -92.49390       16.21860       23.38485    
  -92.21460       16.07840      0.2311416    
  -92.28610       16.17660      0.1810296    
  -101.9414       32.15720       16.43176    
  -92.36750       16.17780       9.809373    
  -92.26150       16.13740      0.1346760    
  -98.70090       18.47970       9.527543    
  -98.53870       18.55580       11.95517    
  -98.78490       18.58130       4.534134    
  -104.1204       19.82580       26.42697    
  -98.58280       18.55680      0.2104704    
  -98.57140       18.61640       6.566677    
  -98.71940       18.46020       5.579721    
  -80.86200       26.55740      0.3817282    
  -80.67810       26.59910      0.2574504    
  -80.73140       27.48990      0.1770624    
  -96.56060       18.53290       26.24979    
  -100.0012       31.13900       1.537111    
  -81.10370       26.77550       6.928235    
  -92.37170       16.21670       6.376646    
  -92.36960       16.19730       8.559821    
  -97.61930       31.58500       16.95018    
  -81.55430       28.75430      0.1897992    
  -104.1874       19.80750       1.807248    
  -81.01520       26.68820       14.88923    
  -82.05450       22.73520      0.2674728    
  -81.55590       28.77650      0.9336825    
  -82.03270       27.52390      0.7460407    
  -81.15220       26.88420       1.973777    
  -81.05130       26.60220       13.74572    
  -90.50900       19.37810       1.092694    
  -93.62070       15.88590       1.163119    
  -104.1964       19.74690       19.79857    
  -80.75230       27.49000       11.14502    
  -80.54880       26.51170      0.7003153    
  -91.36260       17.56990      0.2627748    
  -97.95420       36.11690      0.2236248    
  -104.1824       19.78700       20.48178    
  -98.41370       18.59290       7.250706    
  -81.69120       27.14970       3.629742    
  -80.99440       26.68810       1.835730    
  -92.52120       14.94140      0.6316115    
  -80.75840       26.55650       5.885338    
  -90.56580       19.33910       10.22623    
  -88.33150       19.30610       46.18648    
  -88.68460       18.39840      0.2962872    
  -92.45530       16.23740      0.1747656    
  -81.28380       26.66900       2.585687    
  -80.90660       22.60280      0.5073057    
  -96.01960       16.60860      0.1883376    
  -81.13720       27.29700       3.253744    
  -96.55510       19.03140       14.75785    
  -81.69280       27.17150       2.845137    
  -80.89960       26.49300      0.6339169    
  -96.77150       19.03600       19.00566    
  -99.13560       18.56940       20.25373    
  -101.0465       38.61930      0.4513212    
  -96.85380       19.39830       19.00566    
  -80.24730       34.54050       52.78947    
  -77.99990       34.01220       16.91832    
  -90.85320       16.97450       26.59297    
  -81.40020       27.16870      0.1666224    
  -79.26880       21.93790      0.4119206    
  -82.04940       31.16200       9.984540    
  -81.86140       28.60180      0.1459512    
  -92.48010       15.13360      0.2161080    
  -80.87770       32.45650       11.99446    
  -79.63770       21.75650      0.3907257    
  -99.03560       18.62700       26.58165    
  -81.37930       27.16850       1.750552    
  -81.67290       26.88900       3.454218    
  -81.65210       26.88880       6.837972    
  -80.50640       26.85720       1.245910    
  -80.50510       26.83550       1.700433    
  -92.51660       15.09550       1.221862    
  -78.02340       34.03650       17.22778    
  -82.71590       30.09350       1.057381    
  -88.35170       19.30640       74.61613    
  -79.65740       21.75660      0.9560482    
  -89.98810       17.37340       7.504110    
  -105.4586       38.03450       19.64848    
  -80.89870       27.81980       22.67817    
  -81.87840       26.84760      0.8722273    
  -98.37140       22.05820      0.2007612    
  -92.42980       15.03650      0.1609848    
  -82.56920       30.38770       70.50681    
  -84.53660       30.05040       8.824738    
  -82.83960       30.02700       1.380469    
  -81.85750       26.84740       8.801351    
  -80.77660       26.51360       1.024164    
  -87.71690       21.02450       2.211890    
  -87.69660       21.02420      0.3911421    
  -96.72480       19.01500       13.48789    
  -80.24550       34.51600       100.9561    
  -81.87990       26.86930      0.6695322    
  -81.85910       26.86910      0.9913564    
  -80.60020       26.68480      0.4140504    
  -90.71960       18.54640       9.587000    
  -80.22450       34.54030       57.42282    
  -79.50090       33.13230       83.94717    
  -82.30770       27.54860       1.054443    
  -81.60190       27.36670      0.2184048    
  -81.67030       27.14950       3.967131    
  -80.90730       26.27780      0.2925288    
  -79.63050       22.08270      0.3288600    
  -96.24450       19.10480      0.1998216    
  -103.7619       18.80600       14.53889    
  -80.22270       34.51580       50.39769    
  -81.55230       26.95290       37.11359    
  -90.57030       18.48470       4.954323    
  -113.9960       45.39010       2.544183    
  -77.43620       34.64320       15.06426    
  -82.75860       31.47180       1.472990    
  -82.71380       30.07080       1.788001    
  -97.47540       29.23800      0.1810296    
  -82.86130       30.02720       1.750552    
  -81.13860       27.31880       3.418338    
  -80.50440       27.18280      0.1847880    
  -81.20900       26.47410       2.155881    
  -96.70510       18.49620       13.88201    
  -99.20670       36.98810       7.179978    
  -78.27220       34.06220       14.57173    
  -82.56080       33.95850       8.798557    
  -82.59090       30.38800       106.5925    
  -82.58890       30.36510       154.1863    
  -82.56710       30.36490       134.3933    
  -81.11630       27.29680       19.84465    
  -81.83670       26.84720       6.060059    
  -80.43550       26.70510      0.4049677    
  -80.82840       26.68670       2.654268    
  -103.5518       19.12220       20.01287    
  -116.4187       52.13180       48.45976    
  -106.1125       39.67830       23.68565    
  -79.76600       33.44560       6.876390    
  -81.70960       32.06560       14.96029    
  -98.39930       26.50130       41.04217    
  -98.96170       22.79930      0.4578984    
  -96.39480       18.56930       11.99896    
  -81.60000       33.36800       2.299435    
  -81.05960       27.71160       2.787907    
  -81.03860       27.71140       4.163681    
  -81.93890       27.39190       2.349735    
  -81.91790       27.39160       24.55908    
  -81.91630       27.36980       4.326122    
  -98.42280       26.50200       2.562122    
  -78.07050       25.08770       41.69858    
  -90.41180       19.59630       25.98448    
  -97.88290       36.06330      0.4184353    
  -79.92610       33.49500      0.2992544    
  -82.58680       30.34230       66.90180    
  -103.6961       20.42370       21.72075    
  -101.9055       20.18940      0.2229984    
  -103.5845       19.26430       15.71082    
  -95.67120       28.99980      0.5947669    
  -80.43680       26.72680       21.36124    
  -80.76960       22.25330      0.2937816    
  -87.80980       21.33010       20.70624    
  -96.67250       18.69460       26.11788    
  -106.4046       39.39730       19.75776    
  -81.73430       33.60990      0.1446984    
  -79.50230       33.15610       79.80715    
  -81.09040       32.34080       16.51249    
  -81.65360       26.91050       3.332217    
  -81.67140       26.86730       17.27184    
  -81.65060       26.86710       38.66194    
  -79.26950       21.95830      0.5988384    
  -79.28860       21.93800      0.3351240    
  -96.57660       18.63280       6.078085    
  -91.47800       18.39990       17.41455    
  -79.52320       33.13240       91.88290    
  -80.67680       32.73830       6.144383    
  -81.28700       32.57890       10.35738    
  -80.20090       26.96320       1.092627    
  -78.06990       25.06650       16.95947    
  -80.40590       22.12810      0.3512016    
  -79.64950       22.06240      0.3584574    
  -96.01070       40.52690      0.3676968    
  -81.03710       27.68940       1.866081    
  -81.93730       27.37000       16.09911    
  -81.65500       23.10320       8.886655    
  -80.40500       22.10770       1.967903    
  -77.02890       20.13280       1.294312    
  -90.39130       19.59600       24.08698    
  -72.53840       19.35670      0.2518128    
  -72.02320       19.04090      0.3714552    
  -96.12480       18.48420      0.2108880    
  -79.52460       33.15630       33.41769    
  -81.67450       26.91070       1.618379    
  -81.85110       23.02220       3.516599    
  -81.84990       23.00150       3.021217    
  -98.16510       21.92910       4.925008    
  -71.28680       18.41170       2.141898    
  -91.35750       18.41780       24.83091    
  -92.64410       16.64950       20.18804    
  -105.9691       37.61770       2.870360    
  -80.77150       34.54580       14.83405    
  -80.59810       27.70760       2.286586    
  -81.65250       27.19290       2.199766    
  -90.15600       20.03310       25.05705    
  -92.70880       16.31910       37.19179    
  -92.70660       16.29960       20.17619    
  -80.74870       34.54560       17.78243    
  -81.06340       27.44900       1.469563    
  -98.26860       22.73860       5.149759    
  -77.06870       20.19300      0.2634012    
  -90.13550       20.03280       8.306064    
  -69.50790       18.57750      0.1991952    
  -96.17430       18.66430      0.2706048    
  -102.2505       38.12450      0.4217761    
  -97.96000       36.77930       3.687842    
  -99.60570       33.01100       3.498251    
  -83.89690       30.38250       30.24822    
  -81.77870       26.91170       16.79164    
  -81.77720       26.89000       43.29699    
  -98.80030       23.69370       1.667582    
  -93.04950       16.61680       21.19526    
  -96.23790       16.04620       26.01236    
  -98.41370       37.83490       2.005990    
  -79.71210       33.30130       8.779856    
  -82.11530       28.05150       11.82380    
  -81.64780       27.71710      0.2950344    
  -80.52590       26.83570      0.3094416    
  -79.62970       22.06230      0.3626856    
  -93.90090       16.51340       4.314641    
  -93.88020       16.51300       2.446330    
  -94.12530       16.32200       2.140121    
  -98.62410       36.01890       2.349735    
  -99.71230       29.22620       3.991594    
  -99.43020       28.60900       1.659427    
  -81.63120       26.88860       23.91588    
  -97.73880       26.09060      0.4043413    
  -90.06520       20.13210       8.474223    
  -90.52150       18.22690       18.31802    
  -98.41440       35.73280       2.556415    
  -82.43580       29.86340       11.06172    
  -97.71550       26.08990       4.353279    
  -83.16390       42.30190      0.4453245    
  -95.77820       38.85860       1.119061    
  -95.42580       36.57450       2.819904    
  -79.95020       33.85660      0.1641168    
  -102.2846       30.99980       16.43176    
  -99.70540       29.20340       2.739889    
  -97.33450       28.27010       2.971435    
  -72.25110       45.75740      0.8194699    
  -81.43150       34.52870       17.91876    
  -82.03570       22.75570      0.4444308    
  -104.8327       21.46390       2.556415    
  -77.00070       18.19060       23.36831    
  -103.1397       38.14460       35.40649    
  -81.63840       30.94990       10.18619    
  -84.19000       30.66120       16.94744    
  -99.86880       31.04080       3.028013    
  -81.79960       26.91190       26.19305    
  -81.75790       26.91150       16.19499    
  -81.79800       26.89020      0.5637600    
  -81.75630       26.88980       3.343317    
  -80.22090       22.43400       23.72058    
  -78.19980       21.85170      0.2361528    
  -91.62290       18.06620      0.2349000    
  -90.83300       16.97420       35.09560    
  -91.23600       46.06300       10.74739    
  -79.08330       44.31490       1.110249    
  -79.99860       33.90550      0.2843857    
  -81.63650       30.92680       23.91035    
  -84.11900       30.61430       16.55332    
  -81.07780       22.43980       39.10577    
  -81.07670       22.41930       50.24677    
  -95.87720       18.39980       1.415715    
  -92.56590       16.31690       25.24553    
  -89.58680       36.68790      0.1966896    
  -119.1677       36.48180       34.04158    
  -82.03950       22.81750      0.3736476    
  -79.85400       22.69870      0.4859074    
  -80.24340       22.04540       16.39715    
  -98.39840       22.07960       12.87929    
  -90.18610       20.11390      0.2825064    
  -92.04600       18.34970      0.2349000    
  -93.90330       16.53290       2.886669    
  -97.94500       42.89160      0.6354306    
  -95.08920       39.85610      0.3943188    
  -81.89540       27.36960       5.292227    
  -81.91470       27.34800       2.374701    
  -79.49100       22.06150      0.6690997    
  -79.47120       22.06140      0.4006454    
  -79.49020       22.04110      0.4237149    
  -92.55520       15.07680      0.4391064    
  -94.51300       40.43670       2.636843    
  -95.07950       39.82840      0.3119472    
  -81.63280       26.91030      0.6213889    
  -97.53790       26.21430       1.569728    
  -87.89300       15.40500      0.1910520    
  -92.21230       14.87940       25.74960    
  -81.72490       26.73790      0.9516426    
  -79.51080       22.06160      0.2831328    
  -89.19270       19.99810       37.16622    
  -91.17000       17.66520      0.1259064    
  -98.82600       16.62360       24.57244    
  -106.0759       40.03130       21.28614    
  -79.92770       33.85640      0.8018469    
  -82.04050       27.34920       1.169482    
  -97.74410       26.11240       4.028290    
  -97.72080       26.11170      0.7140961    
  -79.47040       22.04100      0.3363768    
  -89.65150       20.44750       48.60195    
  -88.37190       19.30670       40.94050    
  -88.34970       19.28650       27.84233    
  -113.7581       44.69520       27.47157    
  -95.92150       41.58770      0.5775409    
  -95.41750       36.54870       31.14055    
  -78.00390       34.10920       13.25071    
  -83.07210       30.41690       1.374595    
  -81.68260       27.32390       4.682683    
  -81.68110       27.30200      0.7044913    
  -79.87480       22.71940      0.3996432    
  -79.85490       22.71930       1.009131    
  -79.87400       22.69890      0.5700241    
  -98.97050       22.73710      0.5556168    
  -98.94760       22.73650       4.320575    
  -98.96580       22.71620      0.5036256    
  -98.94300       22.71560       65.90672    
  -89.19490       20.01810       18.34655    
  -102.1481       20.23680       22.77176    
  -106.2004       39.41220       1.606423    
  -81.97920       22.81700      0.3003588    
  -103.6737       20.52510       15.82387    
  -102.1528       20.25720       37.69759    
  -91.72770       18.08760      0.2474280    
  -95.82180       36.99970       1.533033    
  -98.43950       35.65850       1.345481    
  -82.75820       29.37120       33.85498    
  -97.31080       28.26930      0.6323508    
  -81.67340       27.19310      0.4425516    
  -81.24640       22.97600      0.1926180    
  -98.86550       22.77580       11.21807    
  -103.6686       20.50450       58.88114    
  -99.80450       16.97850       51.66249    
  -98.80420       16.62310       1.887751    
  -95.77200       16.01850       9.721789    
  -91.03580       14.72940       13.03090    
  -99.29870       30.02890       1.382176    
  -82.97250       21.76070       40.02575    
  -89.67210       20.44780       22.98817    
  -89.64920       20.42730       45.16640    
  -90.29920       16.86910       5.237706    
  -93.13860       16.67680       12.83101    
  -97.49320       29.21600       2.301910    
  -92.71930       16.59210       21.05330    
  -92.99960       16.36250       40.59504    
  -92.97920       16.36220       28.96940    
  -95.75340       36.71490       2.189465    
  -82.97830       30.11950      0.7019832    
  -97.50000       26.34310       2.576801    
  -88.36990       19.28670       21.31395    
  -70.96610       18.86670       12.69963    
  -90.68580       18.42710       6.163072    
  -93.89850       16.49380       71.56318    
  -105.9991       39.53570       27.16397    
  -99.25280       21.95820       16.67076    
  -93.92160       16.51370       4.331486    
  -103.5083       38.13790      0.4954824    
  -81.62680       27.71690      0.2731104    
  -78.16070       21.10100      0.1804032    
  -91.42750       18.14210      0.2641320    
  -90.85470       17.56230       8.959280    
  -92.89540       32.13240       48.92545    
  -92.87170       32.13170       55.66454    
  -92.19560       29.71180       26.34518    
  -92.19090       29.68900       25.05859    
  -78.09020       25.06660       24.81646    
  -80.26420       22.06600       4.188932    
  -80.24430       22.06580       38.62088    
  -80.26330       22.04550       43.23170    
  -78.27980       21.89280      0.7378992    
  -82.87670       21.82090       14.42941    
  -92.72920       16.31940       3.881510    
  -92.72700       16.29990       24.02855    
  -92.90100       32.15610       92.04765    
  -92.87730       32.15540       46.50800    
  -92.58500       30.04030      0.1897992    
  -98.58360       27.29390       2.658345    
  -98.55980       27.29320       4.913725    
  -98.55390       27.27100       3.774687    
  -92.92440       40.32010       1.418652    
  -96.08090       39.84290      0.2793744    
  -95.36480       39.27090       3.563487    
  -103.1104       38.14300       4.245741    
  -79.98740       35.37680       16.99735    
  -80.24080       22.43420      0.3454596    
  -98.36360       21.91370       1.510608    
  -93.91920       16.49410       49.36977    
  -95.59900       15.97660       15.41473    
  -98.97070       43.14880      0.6240335    
  -99.77800       33.06600      0.3472344    
  -98.95280       21.82640      0.3949452    
  -93.52980       17.99920      0.1979424    
  -84.63200       31.05900       2.431241    
  -81.57080       28.97730       10.07720    
  -78.19920       21.83140       1.654534    
  -91.30500       17.96260       1.259860    
  -93.15910       16.67710       25.74960    
  -98.94050       43.14720      0.5494733    
  -113.2940       37.49730       49.88431    
  -82.83750       30.00430       2.217562    
  -78.24810       21.44550      0.1841616    
  -78.13960       21.04040      0.6047893    
  -78.12000       21.04030      0.6702481    
  -78.13910       21.02020      0.9803160    
  -78.11950       21.02010       1.027296    
  -71.77320       19.00210       20.53837    
  -103.5698       48.99600      0.2706048    
  -109.9598       43.74380       3.004908    
  -93.14000       40.82700       2.101544    
  -93.73910       39.72110      0.2447136    
  -98.73980       39.90830      0.3463992    
  -95.17910       38.88770       1.001574    
  -94.90030       38.45110      0.8312186    
  -91.92770       37.24640       2.132384    
  -113.2742       37.46980       8.255569    
  -79.98560       35.35190       22.34321    
  -78.25820       21.08120       29.16537    
  -71.77370       18.98230       1.639041    
  -95.26430       16.61470       6.280036    
  -118.2112       46.15450       2.700828    
  -113.2369       44.41110       2.189465    
  -95.91030       41.55890      0.4740595    
  -93.71230       39.72010      0.2812536    
  -97.58460       33.14690       14.40752    
  -101.8153       31.75100       1.649234    
  -98.98480       30.91420       5.192335    
  -93.58960       17.98050      0.2198664    
  -93.02900       16.61650       25.83719    
  -95.16980       38.86060       1.831814    
  -98.99220       30.93770       6.729445    
  -96.40190       29.74570      0.4428648    
  -80.44900       26.57570       2.537714    
  -80.44780       26.55410       71.81862    
  -79.86790       22.55500      0.3240576    
  -98.39400       22.05880      0.3570480    
  -92.94170       40.45870      0.2358396    
  -96.12300       39.51850       1.201302    
  -91.93470       37.27250       27.67645    
  -99.17950       36.98680       9.999588    
  -95.15910       36.53890       32.84388    
  -79.11720       35.04720       1.188084    
  -92.94410       32.03970       12.98746    
  -81.65380       23.08250       20.60064    
  -81.09670       22.41950       137.6430    
  -84.37310       22.26520       22.02730    
  -83.86620       22.21880      0.3992256    
  -76.23650       20.55240      0.3142962    
  -76.91350       20.21260      0.8172092    
  -76.91320       20.19260      0.6226417    
  -108.8940       45.49260       14.42519    
  -108.8568       45.48990       2.022019    
  -110.1056       43.57590       2.920646    
  -97.18840       39.05230       1.747615    
  -99.18980       37.01310       6.107548    
  -84.63480       31.08210      0.4882503    
  -79.86880       22.57550      0.1791504    
  -81.74860       27.36810       1.542013    
  -97.85520       26.09420       2.519720    
  -82.96070       21.88280       1.418871    
  -101.7443       19.88080       27.41369    
  -99.77580       37.79270       7.327267    
  -77.37110       36.74390       11.02264    
  -99.15230       36.98560       4.197213    
  -95.18490       36.53990       1.745048    
  -99.86110       31.01730       2.764353    
  -95.47400       30.72210       29.64848    
  -98.56570       27.31530       1.912215    
  -98.53600       27.29240       3.751039    
  -80.31670       22.35270      0.9114121    
  -100.2184       22.19170       32.09170    
  -78.04260       21.08040      0.3438936    
  -95.49220       39.33000       1.247628    
  -93.26020       38.86780      0.3626856    
  -122.1452       39.54200       109.0855    
  -98.52080       37.97080       3.666097    
  -81.35840       27.16830      0.3426408    
  -80.48440       26.83530       70.68003    
  -93.02670       16.59690       8.445889    
  -96.22700       40.59170      0.2536920    
  -98.72500       37.32800       8.104148    
  -80.31760       22.37320      0.6282793    
  -80.29680       22.35250      0.7491745    
  -98.84380       21.84410      0.7109641    
  -102.1305       20.66400       28.42091    
  -89.30420       19.33980       24.40179    
  -118.2857       46.25580      0.8995106    
  -112.4092       39.48710       5.761106    
  -102.8343       38.10220      0.6379884    
  -79.79150       33.49380       1.086752    
  -98.37330       21.85220      0.3307392    
  -101.8650       21.41430       54.78359    
  -91.76690       18.24630       15.54271    
  -91.81820       17.81300      0.2157948    
  -110.0812       43.54450       32.66871    
  -96.06730       39.21920       1.720585    
  -122.1048       39.62050      0.9037561    
  -98.04580       37.92340       1.550825    
  -104.9116       27.06370       15.23340    
  -81.52610       22.95760       3.078298    
  -81.50600       22.95740       1.564083    
  -77.99720       20.81800      0.9151705    
  -77.97760       20.81800      0.5499793    
  -90.05340       20.03140       17.73637    
  -93.60520       18.09940      0.1622376    
  -94.76310       41.82210      0.3545424    
  -94.05880       40.91850      0.5762880    
  -81.56150       22.87530      0.3283902    
  -76.93290       20.21270      0.6392412    
  -89.32450       19.34010       17.20524    
  -93.55060       17.99960      0.2067120    
  -99.35220       16.77200       29.07779    
  -99.33020       16.77150       45.71917    
  -97.36570       40.06340      0.3670704    
  -93.37480       39.57160       1.718243    
  -94.90920       38.47790      0.9898257    
  -98.27440       37.95970       9.285860    
  -98.24710       37.95850       1.018840    
  -81.56030       22.85470      0.6710832    
  -98.11290       21.78370      0.2271744    
  -77.93850       20.81780      0.3601801    
  -90.52420       17.30250       28.56127    
  -90.52220       17.28290       48.69653    
  -99.78240       16.97800       37.78593    
  -99.34890       16.75230       50.30397    
  -99.32690       16.75180       28.87342    
  -117.3236       49.29060       34.02626    
  -97.40430       44.02080      0.3736476    
  -110.4888       44.32250       30.05607    
  -113.8749       43.68110       22.26108    
  -93.84690       41.95570      0.3504708    
  -97.37690       40.09130      0.3282336    
  -97.21580       39.05350      0.8194699    
  -98.40900       38.09710       3.726576    
  -97.85180       37.34150       1.728740    
  -81.58040       22.85490      0.6815232    
  -80.61720       22.39560      0.1897992    
  -78.55910       21.99580       1.119196    
  -77.82160       20.83760       2.160688    
  -90.13400       20.19350      0.9540686    
  -93.49570       16.74110       20.03572    
  -92.99270       41.69390      0.2408508    
  -95.80790       39.31610       3.271966    
  -98.36860       37.65010       3.449325    
  -81.87120       23.02230      0.3094416    
  -98.94810       22.84050       4.896737    
  -78.55970       22.01630      0.2085912    
  -78.36660       21.46620      0.3376296    
  -93.51630       16.74150      0.4425801    
  -90.51140       16.57950      0.1840363    
  -93.71060       41.32560      0.2493072    
  -93.99900       39.86730      0.3651912    
  -76.62060       37.59060       27.96109    
  -98.28480       37.98640       16.56981    
  -98.25750       37.98520       10.78831    
  -98.53010       27.27020       3.294391    
  -80.43520       22.33290      0.6821496    
  -80.45410       22.31260      0.8412553    
  -80.43420       22.31240      0.9612107    
  -99.06570       22.03560      0.2781217    
  -93.48300       17.95890      0.2577636    
  -97.04740       40.02170      0.3034908    
  -93.97210       39.86630       1.944405    
  -98.65960       38.31940       1.725097    
  -97.12980       37.38860       13.97373    
  -88.92650       21.26570       18.41536    
  -76.73990       20.31240       1.020666    
  -95.18280       18.14820      0.1948104    
  -102.7919       18.09960       5.159532    
  -97.99810       37.86890       1.016260    
  -99.80400       33.06710       2.966540    
  -81.20740       22.99630      0.2157664    
  -80.93400       22.74700      0.1340496    
  -89.36510       19.34070       9.957926    
  -90.73910       16.44630       15.84151    
  -93.22410       41.16590      0.2148552    
  -94.78100       39.81630      0.3521934    
  -82.06590       22.92080      0.1453248    
  -77.66520       20.83710      0.2211192    
  -97.55100       39.77120      0.2298888    
  -98.84260       22.77520       13.27016    
  -78.32130       21.24320       1.943813    
  -89.05860       21.16620       14.18856    
  -100.6398       18.50520       42.35902    
  -91.05570       14.72970       34.43498    
  -97.34050       39.16640       1.115145    
  -98.64880       38.29250       1.915033    
  -102.8474       38.12920      0.9291078    
  -98.01510       37.84340       2.288543    
  -98.30900       37.07710       5.624677    
  -80.92240       22.52080      0.1706940    
  -78.07980       20.99980      0.2406942    
  -98.46700       18.89370       12.09754    
  -100.6172       18.50460       50.71096    
  -93.19330       40.24750      0.6389281    
  -79.43380       22.12250      0.5594448    
  -98.97110       21.80630      0.2104704    
  -93.54280       17.94020      0.3251016    
  -98.36030       16.41820       2.422007    
  -93.18440       40.21970       1.370189    
  -93.88230       39.83550      0.5165712    
  -79.43460       22.14290      0.4860864    
  -79.45370       22.12260      0.6260868    
  -99.61040       17.38860       10.77279    
  -95.90000       43.08740      0.3906648    
  -97.93150       42.86170      0.2702916    
  -98.68730       38.32070      0.2680992    
  -98.33590       37.07820       1.797768    
  -98.32600       37.05200       1.059243    
  -98.29900       37.05090       6.708491    
  -82.31470       31.90890      0.9487053    
  -83.30980       22.58240       1.936678    
  -78.34090       21.24320       52.61021    
  -110.1234       44.87340       20.27562    
  -109.4208       44.60810       26.21749    
  -97.36680       39.79020       1.413512    
  -78.67710       21.97600      0.7028208    
  -80.72490       22.56050       9.546620    
  -88.62030       18.97200       10.78537    
  -92.82580       18.32320       11.51943    
  -93.43350       18.05680      0.1327968    
  -98.38190       16.41860       1.724662    
  -94.14360       16.30280       1.679813    
  -93.12070       39.34590      0.2154816    
  -93.90410       38.01790       1.597820    
  -95.26080       31.17770       23.77897    
  -80.57940       26.68470      0.5377644    
  -92.82830       18.34310      0.1522152    
  -93.51940       17.92010      0.1465776    
  -94.76630       40.69640      0.2994192    
  -95.01210       31.68210       6.195347    
  -77.82120       20.81740       55.87292    
  -111.3100       44.84010       30.14182    
  -93.43030       40.89390      0.4208625    
  -95.86800       28.75920       2.725692    
  -110.5160       43.96360       2.148693    
  -83.13300       22.64230      0.2998368    
  -80.87730       22.41790      0.2110968    
  -90.92450       17.26900       11.93443    
  -80.87630       22.39740      0.2248776    
  -79.18400       21.77450      0.3639384    
  -93.45950       18.09680      0.1647432    
  -110.2800       43.88640       26.12284    
  -97.87780       34.27280       6.805814    
  -78.35840       21.16240      0.1503360    
  -76.88820       21.13780       14.36373    
  -77.24430       20.23340      0.3213432    
  -98.69140       20.32850       1.985604    
  -98.43800       19.81680       29.26438    
  -110.3526       43.80210       40.62764    
  -93.40990       41.88110      0.5387040    
  -95.93270       41.61660      0.6067032    
  -93.70090       41.29700      0.3848184    
  -97.39370       40.20200      0.4800313    
  -98.02530       37.87010       2.851990    
  -97.14210       37.13040       1.410717    
  -97.86950       34.24800       11.19400    
  -97.89760       34.02940       2.079380    
  -80.37270       22.27110      0.3871152    
  -79.20380       21.77460      0.5139613    
  -69.66400       18.53720       9.752297    
  -99.54700       16.75650       16.48489    
  -94.13970       42.08220      0.2029536    
  -95.61930       40.64870      0.3097548    
  -98.68530       26.24990       4.631852    
  -80.40780       22.16900      0.4485024    
  -76.90770       21.13790      0.1246536    
  -77.06270       21.03720      0.2605824    
  -89.20650       21.02660       23.73605    
  -92.81500       16.53510       10.94796    
  -87.86760       15.32770       24.16590    
  -97.73220       41.35940      0.5474736    
  -93.49000       39.60300      0.2568240    
  -95.93670       39.07930       1.541188    
  -96.96570       38.74850       2.487102    
  -77.06240       21.01700       4.819269    
  -84.53490       15.68210       10.98212    
  -123.1658       39.35330       49.74753    
  -100.7512       33.61340       2.014145    
  -96.19640       18.80430       28.31143    
  -96.25390       18.62610      0.1985688    
  -90.52740       18.46430       23.76151    
  -92.46710       16.15980      0.2613878    
  -90.52520       18.44440       12.06935    
  -121.8576       39.54590      0.6558408    
  -95.84700       29.05020       17.42915    
  -92.46500       16.14040       15.15671    
  -111.8580       43.23140      0.2956608    
  -93.91010       41.90110       1.599617    
  -95.55710       40.70160      0.2887704    
  -98.28900       39.29000       1.210113    
  -98.42410       37.86160       1.672717    
  -81.81770       27.74070      0.1468908    
  -98.10450       21.18900      0.4226809    
  -100.6390       21.11280       4.749957    
  -100.6344       21.09220       7.269491    
  -96.00730       16.82380       1.174238    
  -112.6079       44.57420      0.3902472    
  -94.65420       41.44850      0.2129760    
  -100.3204       40.78660       1.948811    
  -100.7247       33.61230       1.836786    
  -88.62630       19.03170       22.06907    
  -96.22860       18.18850       1.154307    
  -93.58960       18.13870      0.1434456    
  -98.36330       16.43780       4.048676    
  -94.51010       42.93810      0.4516344    
  -92.46590       39.94670      0.1741392    
  -97.35580       38.92570       1.918330    
  -96.91820       38.69320       1.951627    
  -99.78690       37.81930       1.218975    
  -123.1323       39.32340       19.46551    
  -99.80360       37.79400       13.67090    
  -99.76470       37.76600       10.31944    
  -97.22980       37.08250       4.147282    
  -98.23170       22.03390       5.648124    
  -78.00480       21.14090      0.1315440    
  -99.71190       21.25130       27.36468    
  -76.17760       20.49200      0.2862648    
  -88.62830       19.05160       12.86826    
  -109.9474       43.68340       25.04385    
  -95.27430       39.24030       2.175874    
  -95.10260       38.11590       2.246546    
  -98.51450       38.02300       1.484107    
  -95.87360       28.78180       4.722967    
  -76.90740       21.11760      0.1346760    
  -90.83090       16.95460       26.47241    
  -98.05980       42.37420      0.2117232    
  -80.42760       22.16920      0.1384344    
  -97.07540       16.43250       7.719754    
  -98.45760       38.15190       5.139066    
  -80.20640       22.10650      0.1728864    
  -99.03920       21.80820      0.2818800    
  -90.65410       16.60100       16.79207    
  -90.04170       19.93090       16.25146    
  -96.14300       18.32570      0.1497096    
  -100.7513       51.00160      0.1998216    
  -93.97660       40.91530      0.3023424    
  -91.58290       18.42140       12.47610    
  -91.00080       18.33300      0.3232224    
  -95.57650       41.62930      0.2060856    
  -97.40240       38.55460       1.696122    
  -98.48510       38.15320       14.62497    
  -97.88940       37.86410       3.746961    
  -80.85330       22.33580       6.664395    
  -109.7521       42.84440       2.266932    
  -94.00860       41.79090      0.2436696    
  -98.38260       37.75510       10.34569    
  -80.23010       22.63940      0.3780325    
  -110.7409       43.06130       46.89806    
  -97.80890       37.65160       2.246934    
  -98.98990       22.92500      0.2677860    
  -80.34910       22.18910      0.1678752    
  -95.56740       18.17540      0.9296137    
  -92.55910       15.11540      0.2630880    
  -111.0815       43.70660      0.4171824    
  -98.35530       37.75390       9.818953    
  -98.37230       37.72850       314.0328    
  -98.34500       37.72730       1.603584    
  -80.76890       22.64300      0.1425060    
  -79.99850       22.35070      0.1415664    
  -98.85260       21.88550      0.2142288    
  -98.10310       21.84520      0.2760858    
  -75.43690       20.21070      0.1795680    
  -95.85590       18.39930      0.1766448    
  -108.2308       44.67500       2.132384    
  -98.47450       38.12640       10.82640    
  -98.44700       38.12510       7.668946    
  -96.17900       35.66760       26.14373    
  -98.47420       21.69030      0.4685473    
  -90.67850       19.60060       10.42246    
  -94.92940       41.15010      0.4046544    
  -93.82430       40.46470      0.2843857    
  -81.25410       22.74940      0.7431035    
  -80.43800       22.39440      0.7498008    
  -80.41810       22.39430      0.6746328    
  -98.84820       21.86480      0.2756160    
  -77.84070       20.81750      0.8990406    
  -75.43700       20.23080       15.32715    
  -95.50530       18.61100      0.7548523    
  -95.70660       18.39640       1.057381    
  -113.2076       44.37850       1.789898    
  -95.55420       40.17650      0.2038932    
  -99.39410       22.89480      0.2017008    
  -80.41910       22.41480      0.6483241    
  -78.04210       21.06020      0.1634904    
  -112.5187       44.26460       2.442253    
  -83.21200       22.62250      0.1547208    
  -80.43900       22.41490      0.6307849    
  -99.14760       22.09970      0.1553472    
  -88.87030       19.83290       6.990521    
  -69.27590       18.57880       12.08655    
  -93.41530       18.07630      0.3639384    
  -92.52900       15.01860      0.3376296    
  -95.92940       18.18250      0.1327968    
  -94.91780       18.06400      0.3664441    
