  -101.8286       50.81790       737.5233    
  -115.9345       45.30270       8047.571    
  -118.2855       34.72300       646.2516    
  -82.51790       33.09240       401.2301    
  -101.1066       33.31480       1142.940    
  -101.0973       33.29030       11661.92    
  -116.6261       32.53330       1042.548    
  -112.7950       32.27950       336.6581    
  -101.1476       31.53520       2240.839    
  -95.33780       31.01790       10461.45    
  -99.38510       30.92940       1637.410    
  -108.7175       25.88620       367.8221    
  -115.7521       43.71150       797.7830    
  -119.3885       39.81300       7816.168    
  -117.1227       38.79980       745.9288    
  -78.54190       34.96910       234.5242    
  -115.1627       32.41940       732.6375    
  -101.1392       31.51150       3341.322    
  -95.33160       30.99460       6654.017    
  -93.31540       30.22040       793.7266    
  -119.3995       39.70450       666.0551    
  -117.1085       38.82560       8447.991    
  -98.67850       25.58080       2497.213    
  -118.0265       42.77880       772.9935    
  -120.0503       41.82230       6047.326    
  -119.7925       41.77240       7319.418    
  -118.3991       34.73080       1768.776    
  -118.3612       34.72820       3974.217    
  -118.3780       34.70440       3688.387    
  -118.3191       34.67550       2011.387    
  -95.31380       31.01720       779.9326    
  -121.0766       42.74480       13484.17    
  -119.9262       41.89770       8806.787    
  -120.6788       40.60640       5271.026    
  -118.1864       37.18700       6738.076    
  -99.06990       22.26300       1780.928    
  -118.3068       41.96460       7117.188    
  -122.2618       40.90510       1199.663    
  -123.8485       40.62050       296.9418    
  -120.3532       39.58880       6210.416    
  -119.8812       41.89390       8819.833    
  -120.5349       40.04150       914.0726    
  -97.81310       38.57270       3499.538    
  -119.5885       40.68500       7246.320    
  -111.9251       34.58720       406.6303    
  -121.3811       41.14010       734.7069    
  -98.68390       25.60240       276.5878    
  -107.3681       45.35210       3659.709    
  -112.8024       40.66900       5498.271    
  -120.8867       40.76280       571.6587    
  -120.7098       40.44230       1718.119    
  -124.9553       51.39030       3437.915    
  -107.8158       45.94640       1097.314    
  -120.0422       42.30920       6053.851    
  -114.4519       39.54980       448.8776    
  -109.5101       43.92050       4246.828    
  -120.0314       42.33710       5153.601    
  -118.4395       41.54810       5323.213    
  -117.6495       40.08920       677.9371    
  -119.0715       39.00070       5995.139    
  -121.9344       38.95590       357.2829    
  -122.4418       38.80820       556.4848    
  -126.3201       51.64620       3392.613    
  -115.2364       45.89770       1195.468    
  -105.0013       41.32880       2850.790    
  -119.9156       42.15470       6601.828    
  -119.6211       39.96850       6111.756    
  -118.3959       39.62630       9964.651    
  -122.4532       38.70170       788.8278    
  -118.1144       37.78380       6399.248    
  -119.8024       41.97320       6654.017    
  -120.4422       39.95160       570.9987    
  -118.9462       39.31540       555.1558    
  -114.5458       38.88100       3979.363    
  -119.0431       39.13350       6006.514    
  -83.16390       42.30190       1389.522    
  -120.5699       40.54190       5525.443    
  -121.0054       40.02440       1464.763    
  -114.3731       39.40830       4122.881    
  -115.0574       46.07130       1333.891    
  -119.4210       42.83680       462.7399    
  -117.7983       42.12400       7665.166    
  -119.1324       39.71080       526.7710    
  -119.9599       41.92910       6882.340    
  -120.1406       41.82990       6171.274    
  -114.9723       40.60510       4168.546    
  -120.5196       40.64910       8898.117    
  -114.7437       40.03560       4005.458    
  -122.4733       38.83760       702.3663    
  -114.6046       46.28600       1046.979    
  -115.5740       41.74790       6243.033    
  -119.1439       41.26570       574.9593    
  -119.4177       39.84270       756.4906    
  -114.7068       46.23130       1877.514    
  -110.0746       44.90040       401.3493    
  -109.9473       43.50520       3209.585    
  -120.4202       42.68850       1392.180    
  -119.9349       42.58930       856.8281    
  -120.3589       40.02730       1151.239    
  -119.4634       38.68160       576.9396    
  -107.6667       44.09070       3327.008    
  -112.2976       42.47600       3972.839    
  -119.1200       41.63170       868.0500    
  -120.7097       41.70640       1070.272    
  -120.8484       41.83210       573.6391    
  -119.3777       41.45430       5205.790    
  -120.4279       41.37100       677.9371    
  -115.5471       42.29000       7025.858    
  -122.2218       42.06350       4068.317    
  -122.1735       42.05930       6527.148    
  -122.8208       38.22360       423.9757    
  -122.4858       37.98480       583.5408    
  -115.5082       46.04630       1191.274    
  -112.8196       42.80530       689.5412    
  -115.4762       41.59820       3327.008    
  -121.4609       41.28760       6151.704    
  -120.4252       40.75290       5610.249    
  -114.7545       40.09140       455.4787    
  -118.9609       39.45220       9025.172    
  -119.9987       41.08200       9498.283    
  -120.5322       40.62230       5531.967    
  -119.5162       39.82310       648.2320    
  -118.7970       39.68470       9633.524    
  -118.8079       39.33180       941.9827    
  -119.2108       38.90380       4749.142    
  -122.5210       38.41280       2500.245    
  -116.6479       32.17480       409.2707    
  -114.7337       46.29680       1575.501    
  -81.02320       46.49280       3333.785    
  -114.1307       46.59620       1023.489    
  -101.1735       31.53630       1150.909    
  -120.2698       40.99200       5381.925    
  -122.9849       43.73670       1958.051    
  -102.7465       27.75170       1284.670    
  -115.2240       42.87370       1113.612    
  -102.7212       27.75070       283.6840    
  -90.28930       20.96320       267.5657    
  -118.9405       37.87130       434.8831    
  -97.59100       27.81260       10316.03    
  -122.1360       42.02740       2055.366    
  -101.7799       31.37450       3814.312    
  -119.0489       36.60190       573.8009    
  -118.9149       37.84310       473.9372    
  -93.11510       17.83420       1420.285    
  -70.34600       18.92870       934.4911    
  -100.1795       32.10680       2836.488    
  -98.89300       22.79740       104.0619    
  -99.06120       22.53200       1539.557    
  -93.18470       17.89460       290.3015    
  -93.11760       17.85400       410.6320    
  -84.40180       46.52400       777.8686    
  -98.61570       26.16110       251.5622    
  -65.26120       46.37130       254.5283    
  -97.43890       20.60230       3244.998    
  -83.98760       31.21080       2167.126    
  -101.8153       31.75100       6291.755    
  -97.88030       20.83670       255.5712    
  -99.04390       22.76000       273.2611    
  -84.00970       31.21110       2550.872    
  -84.09750       31.98040       3442.831    
  -88.45060       18.04040       100.4352    
  -65.82270       18.13150       1846.163    
  -89.00670       18.20540       1273.556    
  -83.77780       32.30430       513.1469    
  -83.99020       31.23400       1598.491    
  -98.15550       21.99070       81.40757    
  -94.75230       31.23100       206.3690    
  -71.44460       19.02310       382.2808    
  -84.11980       31.98070       683.5276    
  -110.8616       33.42080       5852.500    
  -103.0034       31.19360       184.1718    
  -101.4631       26.88850       2298.647    
  -112.6653       39.28810       649.5522    
  -86.80410       31.79400       798.3757    
  -81.92020       31.69410       1348.748    
  -114.9252       32.45300       864.4321    
  -115.1835       42.87050       705.0018    
  -94.62950       32.58860       352.3735    
  -86.78150       31.79360       1070.729    
  -84.82240       31.71150       645.6863    
  -79.85490       22.71930       229.5130    
  -85.12190       29.65190       108.6741    
  -98.13750       27.47730       374.5037    
  -111.7579       24.97690       141.5945    
  -111.7486       24.95490       148.5257    
  -89.67500       19.20580       129.0750    
  -98.92260       28.43470       1474.321    
  -98.65050       26.20550       247.5533    
  -88.81620       18.71680       377.6905    
  -101.1455       30.95250       362.2559    
  -112.9329       27.82640       4983.610    
  -88.34520       18.82930       304.0905    
  -101.0151       35.82320       3842.369    
  -99.74410       28.68740       2107.105    
  -112.9141       27.84780       396.3985    
  -97.97160       24.25980       2550.706    
  -88.91420       19.67350       76.50340    
  -86.80060       31.77060       546.6602    
  -98.75120       28.67470       342.8912    
  -111.5308       26.27320       526.7710    
  -111.5498       26.25210       198.3317    
  -111.5208       26.25080       515.8131    
  -111.7199       24.95360       153.1465    
  -111.6742       24.77900       142.2546    
  -90.26860       20.96280       239.7106    
  -87.96320       20.06060       88.66548    
  -89.19120       16.77650       262.0732    
  -93.85530       42.91060       356.7974    
  -111.5509       26.31800       354.4812    
  -111.5408       26.29560       5267.763    
  -111.5399       26.22970       3053.019    
  -97.96680       24.23860       379.8490    
  -84.36030       31.37850       301.1731    
  -96.89810       34.60240       3428.123    
  -84.84480       31.71190       884.2971    
  -101.1218       31.53420       109.0904    
  -76.96230       37.93050       172.4485    
  -98.87380       22.40250       802.7943    
  -111.6834       24.80090       143.9048    
  -98.65180       22.10700       2850.790    
  -108.1734       47.64660       1848.203    
  -98.05400       35.74280       1533.928    
  -99.21110       27.93300       142.5846    
  -101.1373       30.92900       2818.172    
  -101.1238       33.29150       2692.050    
  -100.8811       30.91860       2692.920    
  -102.8173       30.97600       197.0440    
  -100.8730       30.89510       2315.859    
  -100.6680       31.39860       525.4507    
  -102.2034       27.84180       7664.804    
  -108.9030       25.74180       1083.923    
  -91.18000       32.31920       358.8019    
  -108.9117       25.76390       1058.365    
  -84.35660       30.38920       305.4128    
  -112.4327       29.11170       292.4305    
  -113.3689       28.50160       718.8642    
  -118.8649       35.03800       559.1165    
  -70.16430       19.14740       64.46971    
  -88.55680       32.37140       76.53793    
  -99.56670       28.90550       300.4215    
  -79.85400       22.69870       357.2985    
  -71.55170       18.58810       476.7322    
  -92.89430       39.20300       523.1693    
  -80.52870       27.59750       2526.748    
  -80.50110       25.65390       8783.954    
  -80.48060       25.65370       8917.688    
  -80.49990       25.63260       6119.086    
  -80.47940       25.63240       8108.768    
  -115.0850       32.19920       1417.668    
  -98.30750       35.65290       3322.116    
  -102.7390       27.72920       2162.114    
  -89.01370       19.07680       229.2091    
  -98.10930       30.85870       1835.783    
  -81.78580       27.30310       3515.203    
  -89.40290       18.54670       325.0733    
  -89.41500       18.27020       340.1697    
  -112.9026       27.82480       5090.136    
  -108.4806       25.89790       766.2340    
  -108.8756       25.74060       483.8998    
  -88.76300       18.37970       350.6611    
  -88.98470       18.18530       428.1235    
  -98.50740       34.69130       3807.576    
  -98.07320       24.60160       10117.30    
  -98.06830       24.58030       11987.02    
  -98.04520       24.57960       4842.102    
  -98.09630       24.60230       5440.638    
  -98.05020       24.60100       938.0967    
  -98.09130       24.58090       641.1672    
  -85.74010       15.80810       281.2312    
  -85.37080       15.78550       539.1460    
  -97.57160       26.54070       2257.147    
  -71.43080       18.80560       324.3917    
  -94.03550       31.67440       207.1076    
  -98.69350       24.21740       9988.143    
  -98.95610       35.00680       162.3881    
  -98.68850       24.19610       5109.567    
  -94.01530       18.20560       71.79549    
  -98.66540       24.19540       9948.407    
  -96.04360       18.92080       380.8512    
  -85.47620       15.61290       212.2707    
  -98.71660       24.21810       7348.774    
  -76.77850       20.29250       229.5130    
  -100.2699       20.57210       259.7549    
  -102.2107       27.86430       1419.245    
  -102.2286       27.84280       13690.75    
  -99.57350       28.92820       1376.944    
  -102.2359       27.86520       1461.823    
  -110.7256       28.12140       619.8188    
  -110.7149       28.09850       6089.730    
  -102.4051       22.17360       2752.936    
  -120.0342       36.98460       13066.66    
  -98.76930       34.77620       2095.963    
  -90.68150       16.27060       285.6127    
  -85.77370       15.42290       277.5308    
  -99.68940       25.33350       4046.377    
  -99.59120       28.90640       1826.593    
  -70.01060       19.64490       97.68896    
  -89.58270       18.52950       209.3876    
  -111.9069       41.81560       784.7540    
  -98.65610       26.22730       426.9543    
  -98.63250       26.22660       241.2383    
  -99.68380       25.31190       3766.260    
  -98.39920       24.52630       465.0394    
  -88.30550       19.24600       348.8592    
  -89.00960       19.03700       114.1666    
  -102.7138       27.72830       10211.07    
  -88.24390       19.02650       159.5334    
  -88.54800       18.43610       319.1132    
  -101.4882       20.07650       257.6055    
  -88.22380       19.02620       80.42665    
  -98.94580       35.40460       1484.107    
  -111.7457       33.88670       3972.839    
  -99.66580       25.33270       500.6189    
  -114.9427       32.43010       654.1730    
  -111.7531       28.75870       676.9469    
  -88.51070       18.67300       433.9552    
  -92.48230       17.88280       372.0315    
  -87.13620       14.91660       148.7280    
  -111.8130       28.76170       656.5934    
  -111.7830       28.76020       793.4571    
  -111.8014       28.73850       693.7798    
  -88.49280       18.27740       267.5981    
  -119.4758       39.22100       17673.71    
  -88.51280       18.27770       461.0304    
  -111.7946       28.78350       693.1198    
  -112.0789       27.09320       852.2073    
  -98.42950       26.43710       1865.734    
  -92.48470       17.90260       328.4842    
  -119.4476       39.19180       1490.934    
  -97.12610       20.33140       474.0595    
  -95.91090       18.34090       386.8646    
  -109.0952       25.75000       3940.222    
  -109.0677       25.74880       627.4022    
  -103.1048       26.40240       334.6778    
  -97.81270       25.92020       2459.377    
  -97.80740       25.89850       5505.873    
  -97.78410       25.89780       230.3798    
  -118.3980       47.94470       1981.541    
  -111.9365       39.34630       6060.375    
  -97.78650       36.95160       807.3044    
  -107.7942       32.19750       586.1813    
  -107.7653       32.19600       697.7405    
  -107.7824       32.17310       18027.82    
  -107.7535       32.17170       2539.789    
  -110.0192       27.30680       495.1066    
  -104.2845       42.57220       4240.305    
  -89.61180       19.18500       81.21131    
  -88.43470       19.12840       175.7617    
  -120.7112       40.63690       693.1197    
  -103.2024       31.50610       557.1363    
  -88.43670       19.14830       140.8447    
  -99.42600       19.17660       147.8655    
  -89.30440       18.17000       161.4555    
  -109.6677       37.86470       359.8396    
  -88.86060       19.93300       73.36209    
  -121.1587       38.11950       8816.571    
  -84.82390       46.37330       9801.302    
  -108.8050       25.62900       889.3210    
  -108.7777       25.62790       751.6801    
  -90.17870       16.86750       307.5342    
  -106.1396       41.31410       2642.036    
  -101.8308       35.96270       525.1738    
  -99.19480       23.81030       4592.576    
  -114.7389       33.60340       1822.575    
  -111.7206       24.88890       316.8547    
  -111.7112       24.86690       353.8211    
  -115.0000       35.78440       20814.88    
  -114.7729       33.60560       856.8281    
  -115.4756       33.23510       6024.482    
  -115.7542       32.76820       2504.097    
  -115.7197       32.76610       6237.441    
  -115.7372       32.74310       4700.795    
  -115.7028       32.74090       18460.76    
  -115.6684       32.73880       2362.878    
  -115.7203       32.71790       1699.134    
  -115.6859       32.71580       2304.651    
  -115.7034       32.69280       2563.730    
  -115.6690       32.69060       4337.695    
  -115.6866       32.66760       13946.17    
  -115.6522       32.66550       19020.01    
  -115.6179       32.66340       4752.622    
  -115.6697       32.64250       7331.556    
  -115.6354       32.64040       8873.912    
  -115.6011       32.63830       2936.563    
  -99.19980       23.83150       566.2892    
  -97.30940       36.57290       350.7840    
  -115.6853       32.76400       3188.126    
  -115.7717       32.74520       10811.72    
  -98.60340       26.20400       249.5578    
  -112.6458       33.01540       2886.349    
  -110.3436       42.27720       3790.180    
  -118.4414       34.78360       5672.140    
  -112.6932       33.04240       1581.633    
  -112.6609       33.04050       2034.472    
  -112.6780       33.01730       4350.152    
  -112.6629       32.99230       800.7183    
  -112.6307       32.99040       864.7494    
  -116.1538       32.62430       751.8699    
  -110.4283       42.25440       4853.518    
  -98.57960       35.61430       6830.152    
  -118.4626       34.81000       2934.867    
  -118.4246       34.80740       1640.383    
  -118.4794       34.78620       2378.061    
  -118.4034       34.78100       2830.633    
  -118.4202       34.75720       3459.657    
  -118.3822       34.75460       1394.161    
  -117.9766       34.60240       782.8952    
  -117.9392       34.59990       19616.30    
  -118.5387       34.81530       3140.823    
  -118.5174       34.78880       4811.572    
  -115.3928       33.79120       17946.38    
  -115.3581       33.78900       21473.29    
  -111.5092       40.49450       5003.560    
  -114.1713       38.26780       8131.600    
  -118.4975       37.83840       536.0126    
  -120.0749       35.37480       2672.142    
  -120.0348       35.37190       2680.063    
  -120.0515       35.34790       2091.241    
  -120.0984       35.40170       24316.52    
  -120.0583       35.39880       1929.843    
  -109.4991       44.12970       3405.291    
  -98.60610       35.61540       12290.36    
  -98.59680       35.58990       7384.653    
  -98.57040       35.58880       7841.301    
  -108.9853       25.74530       550.2298    
  -118.2841       50.81630       827.1229    
  -119.7722       39.24410       481.2231    
