  -102.6246       50.98120       16.04428    
  -102.6272       50.43910       3.278891    
  -100.1002       49.67180       5.986505    
  -99.10490       48.67850       6.334626    
  -96.78550       48.27800       5.022475    
  -103.7789       48.16290       14.95606    
  -97.07410       46.77530       7.063600    
  -96.94610       46.19180       6.343553    
  -102.3093       42.05250       23.74367    
  -105.1336       40.66490       17.43010    
  -103.4572       37.45440       704.9025    
  -103.4281       37.45280       1449.267    
  -103.4734       37.42920       399.7266    
  -103.4443       37.42770       1101.428    
  -103.4152       37.42610       1325.876    
  -103.4895       37.40410       75.15501    
  -103.4604       37.40250       1170.894    
  -103.4313       37.40100       451.4353    
  -103.4475       37.37590       137.8844    
  -111.8580       36.16580       19.87031    
  -94.16050       34.25820       15.07749    
  -84.92490       31.99370       4.763772    
  -102.4743       26.35740       16.88784    
  -105.0849       21.84430       2.106583    
  -103.4986       21.15470       13.99572    
  -105.3161       20.08500       5.014541    
  -103.2155       19.90130       21.51425    
  -89.31060       19.39970       3.232605    
  -104.3530       19.50830       39.31327    
  -104.1608       19.40160       9.470263    
  -102.0836       19.32430       70.68143    
  -100.8378       19.27180       26.03425    
  -100.6061       19.24580       18.17362    
  -88.47160       18.89060       15.11461    
  -69.46930       18.57770       2.751253    
  -101.5511       18.86810       80.86441    
  -88.47470       18.29690       1.731683    
  -101.2704       18.38080       18.37068    
  -91.14610       18.17720       1.341905    
  -89.26210       18.14970       4.004352    
  -88.49800       18.11980       3.762635    
  -88.23630       18.09670       4.558846    
  -92.51390       18.13990       8.143730    
  -88.76700       18.00510       7.548568    
  -93.82150       18.00440       1.449020    
  -88.95980       17.92890       18.13939    
  -93.62350       17.92190       13.94091    
  -92.48470       17.90260       16.83068    
  -93.18470       17.89460       21.05643    
  -90.27860       17.84880       3.986879    
  -102.2096       18.06490       13.37841    
  -101.4309       18.04570       31.44493    
  -101.3626       18.04410       19.31220    
  -93.11510       17.83420       33.80637    
  -101.2784       17.84310       41.99732    
  -101.0668       17.79830       13.86132    
  -100.6306       17.74840       63.63878    
  -101.1761       17.54300       24.81824    
  -89.12210       17.32260       11.30101    
  -99.96080       17.49530       64.16331    
  -99.05200       17.33700       12.72839    
  -99.50820       17.30740       49.32486    
  -95.31490       17.14470       7.924988    
  -99.84880       16.97940       41.28934    
  -99.84540       16.95970       53.90590    
  -99.65840       16.89650       16.04393    
  -98.72980       16.83770       4.202257    
  -98.81080       16.80000       34.65843    
  -98.17360       16.74780       16.31246    
  -98.38130       16.69310       41.06149    
  -98.84780       16.62400       32.62675    
  -98.84470       16.60440       22.99705    
  -98.82290       16.60390       28.83385    
  -98.33810       16.55490       15.86139    
  -93.78570       16.41390       8.386384    
  -93.65960       16.39240       57.22493    
  -93.38740       16.17390       92.96914    
  -88.08610       15.36850       19.97662    
  -104.3118       49.53150       16.12799    
  -103.0900       47.65150       15.62573    
  -103.5040       46.86200       17.46883    
  -106.9806       24.45710       18.33918    
  -90.46110       19.31750       7.168518    
  -103.0601       19.33050       25.00514    
  -69.48860       18.57760       4.882632    
  -88.53480       18.29770       1.282397    
  -95.59460       18.21560       6.334003    
  -93.52190       18.09790       1.749535    
  -94.94450       18.10400       2.439828    
  -101.5082       18.20710       32.79892    
  -93.49100       17.86040       1.556134    
  -93.82920       17.74790       6.361906    
  -101.6575       17.81250       5.569949    
  -101.3954       17.74660       19.75012    
  -93.55430       17.54620       1.822928    
  -101.2553       17.60430       10.52340    
  -100.7287       17.55240       19.97291    
  -99.88350       17.43420       55.52859    
  -100.3127       17.22640       8.594152    
  -99.00760       16.80410       7.302189    
  -98.37210       16.63400       8.379353    
  -98.32870       16.63320       3.481218    
  -98.19010       16.43440       9.470353    
  -88.10570       15.36870       9.872328    
  -88.08460       15.34930       8.626398    
  -103.3691       51.10630       4.867754    
  -98.16880       48.28600       9.705755    
  -104.2923       47.96410       14.64913    
  -102.1528       47.75630       3.046809    
  -102.6122       46.45140       25.47553    
  -102.0975       45.50410       22.15559    
  -108.5476       43.91200       22.42673    
  -100.8781       35.09120       12.39474    
  -102.4495       26.35650       16.33021    
  -105.4382       20.45610       7.983692    
  -105.2939       20.18620       7.118586    
  -103.2107       19.88090       13.57547    
  -96.10320       18.34470       1.850699    
  -95.84080       18.29980       2.082780    
  -99.32260       18.13550       6.742570    
  -101.2822       17.86310       9.156714    
  -100.6531       17.74890       66.89355    
  -101.4182       17.74710       10.80666    
  -88.90970       17.39820       4.151213    
  -100.3733       17.56400       18.70203    
  -99.11070       16.76700       6.246140    
  -98.82600       16.62360       29.44916    
  -93.09810       16.14990       5.906363    
  -102.9845       47.64460       2.249402    
  -102.5603       47.35410       9.096408    
  -96.93050       46.15920       7.021944    
  -120.2143       42.72920       32.66042    
  -102.1844       41.02560       15.45469    
  -106.2482       40.98370       38.25069    
  -103.4863       37.45590       263.2234    
  -103.4023       37.39950       108.0854    
  -107.3725       26.68170       17.99572    
  -100.8150       19.27120       24.06362    
  -96.10630       18.36460       3.112268    
  -90.92670       18.03570       104.3211    
  -96.17390       17.96940       7.860106    
  -100.7244       17.77040       11.30745    
  -95.31220       17.12510       7.656188    
  -98.94830       16.84220       20.53838    
  -98.34120       16.57460       3.369342    
  -97.93180       16.29230       54.83578    
  -102.1714       50.19400       4.171510    
  -102.7299       46.84440       16.04428    
  -106.6438       41.31750       20.36321    
  -102.1690       41.05280       13.90534    
  -105.9192       40.07670       15.91949    
  -103.4184       37.37440       117.7694    
  -109.0075       26.07300       2.725466    
  -103.7765       20.65080       4.135806    
  -105.3215       20.10550       4.852877    
  -103.9247       19.90130       38.03322    
  -91.08520       17.99870       1.438903    
  -94.52780       17.97760       31.13315    
  -92.48230       17.88280       15.68251    
  -89.12400       17.34220       8.566402    
  -95.01780       16.96280       15.31713    
  -98.30700       16.63270       22.87862    
  -101.8624       50.45920       3.787684    
  -103.8244       49.88250       3.094416    
  -103.6683       47.65670       15.17928    
  -102.6056       47.06330       3.493119    
  -102.8603       47.04710       15.96057    
  -102.7515       46.87810       20.78781    
  -97.67080       46.29310       2.606450    
  -122.2552       39.79690       17.55023    
  -117.9247       36.31590       58.20495    
  -103.9018       20.67500       6.896130    
  -103.9197       19.88090       35.47139    
  -89.31490       19.43970       5.073151    
  -96.36320       18.23090       7.485230    
  -99.54930       17.03210       29.31007    
  -98.95470       16.88170       18.68660    
  -98.24500       16.65110       4.797973    
  -97.84470       16.42760       12.11880    
  -93.00610       15.87650       89.19096    
  -102.9417       50.67660       4.052495    
  -97.47870       47.08870       2.939695    
  -97.44660       47.08690       2.993252    
  -97.63920       46.29140       3.008129    
  -106.0761       40.44450       50.39144    
  -106.6698       40.14990       38.21412    
  -110.0788       37.91690       30.62930    
  -103.4411       37.47950       394.9306    
  -103.3990       37.45130       284.5767    
  -103.3861       37.42460       113.8929    
  -114.7961       37.15610       30.14182    
  -104.8780       21.36230       16.42194    
  -103.6839       20.56630       33.62285    
  -105.0130       20.50430       32.93146    
  -91.18050       18.65270       41.60448    
  -88.46350       18.17840       2.425283    
  -93.59490       18.17830       15.01883    
  -100.1685       17.53960       26.95905    
  -95.34620       17.06680       5.202994    
  -95.32520       17.06640       31.13007    
  -100.1100       17.08370       16.90365    
  -98.95870       17.03920       14.39920    
  -98.73020       16.97540       5.999910    
  -97.92790       16.40970       12.32740    
  -102.4051       51.07570       3.754955    
  -103.0431       51.01030       5.183147    
  -98.31790       48.73540       6.605801    
  -97.35580       48.20760       10.91377    
  -103.9461       48.10730       14.53751    
  -102.9390       47.11720       22.68522    
  -106.3743       43.31880       18.12730    
  -110.2055       37.42740       23.35788    
  -110.8315       36.53610       30.62930    
  -110.9115       36.46420       24.82029    
  -103.9814       20.80020       23.59289    
  -101.0059       19.09510       21.72075    
  -88.68460       18.39840       1.435631    
  -99.89990       17.02000       8.293845    
  -97.58360       16.40300       19.81581    
  -93.10000       15.43230       2.117295    
  -103.7757       47.86260       14.90025    
  -103.7399       47.86020       16.15589    
  -110.8788       36.46220       21.85485    
  -112.9046       36.33460       22.58606    
  -101.5661       20.93410       11.87183    
  -90.62170       19.63970       7.524519    
  -95.41160       18.41040       6.292148    
  -91.16200       18.13790       2.360343    
  -96.26220       18.12970       7.840770    
  -102.7498       50.41170       2.374369    
  -99.13900       48.68050       5.674088    
  -96.91160       47.58370       3.577918    
  -102.7438       47.43150       10.99382    
  -101.9912       42.52440       13.63421    
  -109.9193       38.01210       30.83191    
  -116.3493       37.05600       28.11070    
  -117.8682       36.46590       50.43209    
  -118.9696       35.29670       49.35622    
  -77.64480       20.79680       1.832846    
  -104.9647       20.31900       9.452922    
  -101.0100       19.11530       12.39309    
  -101.5469       18.84790       18.36494    
  -102.9561       18.86460       35.95132    
  -95.41450       18.43030       1.202062    
  -100.2073       18.35510       81.77155    
  -93.39960       18.11550       2.023272    
  -101.5813       17.77090       7.895648    
  -100.8642       17.43670       48.52292    
  -100.9134       17.33880       10.11592    
  -97.83880       16.38840       11.77966    
  -93.30350       15.97810       75.63046    
  -102.8247       50.41680       3.290792    
  -96.98210       48.28850       8.769991    
  -108.0781       44.23970       26.70203    
  -108.3305       44.07670       42.76184    
  -103.4702       37.48110       494.9260    
  -103.4120       37.47800       203.3829    
  -96.58950       36.28910       14.77039    
  -106.3500       29.59020       15.84202    
  -101.7516       20.32740       12.13034    
  -102.1533       19.32610       15.77966    
  -102.9605       18.88480       156.8066    
  -95.84060       18.57790       18.88849    
  -91.22100       18.11910       23.19738    
  -100.3715       17.30670       12.78722    
  -100.7712       17.29600       33.82264    
  -100.1601       17.24270       9.612617    
  -100.1135       17.10350       9.401407    
  -98.94580       16.96020       24.95653    
  -101.7601       50.66840       3.992986    
  -96.92850       47.61770       4.278625    
  -106.4499       41.95830       12.27854    
  -122.3946       40.72060       62.23964    
  -122.4341       40.52900       43.26635    
  -118.1221       39.57800       45.49709    
  -119.7435       39.21480       13.06724    
  -118.3676       36.19360       27.49114    
  -104.0297       20.80160       11.18876    
  -101.7562       20.34790       19.67541    
  -103.5369       19.46490       21.76455    
  -96.24390       18.14910       3.808512    
  -101.0931       17.69970       13.28219    
  -98.96850       17.09850       17.89627    
  -98.18920       16.70880       18.24660    
  -98.07530       16.53010       1.970905    
  -97.33980       47.31010       24.94377    
  -97.30750       47.30840       18.72887    
  -102.1030       45.56680       13.19816    
  -108.4834       44.51040       28.15929    
  -107.0344       43.56980       24.28594    
  -109.2982       37.97310       16.42303    
  -101.8168       20.30890       7.649913    
  -98.99640       17.90970       11.90043    
  -99.41310       17.26580       13.65136    
  -95.52450       16.83460       9.145406    
  -98.89180       16.76240       15.76506    
  -100.4275       50.61750       24.09227    
  -96.77700       48.00890       2.868285    
  -106.4229       43.44020       17.89490    
  -104.5783       21.33210       23.51622    
  -104.6860       21.19140       29.68966    
  -68.96290       18.65960       2.426439    
  -91.27900       17.54890       1.457946    
  -98.94760       17.23610       8.177937    
  -99.74480       17.01660       5.288520    
  -99.21230       16.98550       7.065042    
  -98.07230       16.51040       1.820945    
  -97.95240       16.42970       20.95440    
  -99.98330       51.06200       5.795418    
  -101.5050       50.76000       3.629988    
  -96.94930       48.28680       3.612135    
  -103.3121       47.93140       16.04428    
  -103.1345       47.91960       17.31390    
  -96.01330       46.08160       3.332448    
  -121.7776       39.15930       22.67067    
  -112.5044       37.96920       33.54455    
  -113.9898       37.25730       23.84535    
  -105.1793       21.39260       28.07578    
  -104.6874       21.37680       11.78001    
  -103.1500       20.61180       12.56826    
  -103.1023       18.78820       13.66306    
  -103.0788       18.78760       19.39979    
  -93.37630       18.09540       1.797142    
  -100.4620       17.80400       14.86195    
  -97.28980       49.12450       4.141757    
  -99.15930       48.88680       6.260241    
  -123.0199       38.72040       20.17141    
  -110.5065       36.56730       21.04241    
  -104.7855       21.37990       11.64863    
  -104.3184       20.52400       33.33182    
  -101.0486       18.05640       48.11795    
  -95.47970       16.81420       13.17433    
  -99.11710       16.80640       13.45869    
  -93.63540       16.70430       7.290292    
  -98.22330       16.65070       2.624303    
  -98.35160       48.73740       9.570623    
  -106.9657       40.27830       2.570745    
  -104.4638       20.52840       27.78573    
  -104.7802       19.78420       20.23183    
  -103.2575       19.57840       11.34209    
  -68.96370       18.63980       19.88968    
  -88.56920       18.23900       1.434143    
  -96.12160       18.32520       2.243452    
  -88.57990       18.14050       3.205178    
  -99.97030       17.29780       30.99697    
  -98.88740       17.13620       13.53168    
  -98.76170       17.03510       14.80164    
  -98.44050       16.51770       80.54053    
  -97.98670       16.37170       10.22649    
  -107.6539       43.46340       23.74367    
  -107.4199       43.27030       18.15822    
  -108.7190       38.83950       18.48319    
  -111.3661       36.28800       21.57050    
  -100.3066       18.75700       13.66306    
  -103.1225       18.66830       11.91138    
  -88.58170       18.16030       1.315127    
  -100.5517       18.04460       11.13408    
  -100.5479       18.02460       12.30551    
  -101.1157       17.70020       50.36062    
  -100.8234       17.33680       1.553159    
  -98.45280       16.87130       9.015049    
  -98.02020       16.45060       1.332979    
  -119.6879       38.59180       56.02299    
  -104.8762       21.44470       7.160524    
  -103.0637       20.54800       28.54663    
  -104.7744       20.51740       6.877195    
  -104.4616       20.42620       18.99881    
  -105.3591       20.24940       13.74777    
  -98.76410       49.52110       3.594283    
  -95.85380       47.66170       3.250625    
  -112.2717       45.19080       42.41324    
  -122.0383       40.85840       109.4862    
  -120.2658       40.40630       40.05369    
  -111.7410       38.05050       34.66697    
  -103.2101       20.47070       9.040806    
  -104.9700       20.33950       14.19585    
  -88.33280       18.90850       3.308323    
  -97.84320       16.70200       6.500653    
  -97.74980       16.36710       75.34340    
  -119.8137       42.06000       51.62088    
  -109.6968       38.15630       17.89490    
  -105.0590       21.92640       12.08655    
  -95.92300       18.42050       2.118484    
  -96.00320       17.96610       1.219914    
  -114.6931       37.01940       25.51087    
  -110.4601       33.34940       17.30514    
  -102.9125       20.60490       22.34926    
  -95.92920       18.32140       15.82105    
  -101.2184       18.00080       88.06042    
  -98.30090       16.59340       2.204771    
  -97.93640       49.22980       3.094416    
  -119.8859       41.12900       35.47993    
  -106.3774       29.59150       14.17722    
  -104.0350       20.82230       1.743584    
  -92.50290       17.88310       6.036839    
  -97.74880       16.50410       32.29010    
  -96.00760       48.44020       2.475533    
  -114.8625       36.92730       24.04846    
  -88.96170       17.94860       16.36347    
  -104.2923       51.20930       4.498805    
  -96.04010       48.44190       7.908612    
  -123.6281       48.61400       27.55655    
  -108.2842       39.78510       18.43636    
  -118.8967       38.69190       23.64224    
  -104.1115       20.55860       2.100632    
  -102.9371       18.88420       124.4376    
  -98.99040       17.09900       21.42078    
  -99.18050       16.92580       1.481749    
  -111.3325       45.45830       49.80634    
  -123.5294       41.71940       85.20468    
  -120.1959       39.63080       31.88859    
  -104.4585       20.50780       34.29856    
  -103.4776       18.89880       6.058541    
  -93.89250       18.22320       12.25152    
  -93.58460       16.62540       10.99175    
  -92.98570       15.87620       75.80277    
  -95.12210       18.16680       2.090962    
  -97.80750       16.46610       32.45847    
  -98.91910       17.19600       26.98502    
  -93.30570       15.99760       39.44504    
  -103.9910       20.55500       8.036272    
  -105.0112       20.21840       5.903507    
  -103.2056       19.75910       17.12261    
  -95.30690       18.13070       1.721765    
  -99.15950       17.06320       5.099942    
  -99.06840       17.04150       22.42806    
  -97.81040       16.48570       36.97306    
  -104.6071       21.16840       16.46573    
  -102.4734       20.63300       20.03477    
  -102.0605       19.32370       65.60018    
  -102.9327       18.86400       95.83061    
  -95.30980       18.15060       1.440094    
  -98.90280       17.09710       11.71930    
  -98.01420       16.41140       7.105989    
  -103.4541       37.50620       221.9215    
  -110.2087       27.29340       14.09597    
  -90.70920       19.34140       12.61205    
  -98.81770       16.97720       12.81241    
  -105.2067       21.57930       9.449848    
  -101.8592       20.69720       6.104475    
  -95.16270       18.00920       1.939961    
  -100.7469       17.77100       39.89477    
  -100.9469       17.39900       29.02695    
  -98.79330       17.09480       11.16692    
  -97.93730       50.00120       2.820680    
  -102.8888       20.60420       11.71956    
  -88.35290       18.90880       1.769030    
  -95.13190       18.08780       5.081357    
  -101.3665       18.06410       28.77903    
  -91.33550       17.13800       25.94051    
  -90.64130       19.46010       2.023272    
  -104.0174       19.39760       5.882720    
  -88.62320       17.96380       5.872281    
  -100.1615       17.12430       10.24729    
  -104.7477       21.42000       8.677395    
  -104.6505       21.14920       13.41954    
  -93.45430       18.05720       1.698954    
  -97.41340       48.37930       3.870004    
  -103.9227       20.75740       33.92621    
  -95.23480       18.07000       4.588067    
  -95.12500       18.18670       1.678126    
  -103.7114       20.48540       19.46117    
  -96.52750       45.94880       4.891557    
  -109.6423       30.50830       78.64166    
  -97.82900       16.46650       29.57014    
  -104.0267       20.88350       7.894608    
  -104.9868       20.21770       57.36731    
  -91.20280       18.13860       7.984936    
  -101.1548       18.13860       52.81805    
  -120.6044       46.08710       35.86727    
  -98.17690       17.18050       10.59763    
  -103.4755       19.30160       37.98802    
  -101.1011       17.97810       26.34206    
  -99.95730       17.47540       6.410023    
  -97.83200       16.48610       24.42960    
  -93.78100       16.37490       42.86966    
  -93.77870       16.35530       76.40651    
  -104.6685       21.39680       13.04997    
  -103.9500       20.67640       7.057495    
  -101.0640       18.13640       43.23335    
  -103.7011       20.73030       33.32992    
  -91.32810       18.51630       27.48926    
  -101.4804       18.06690       71.70614    
  -101.4765       18.04690       55.98788    
  -104.4498       21.12230       7.390477    
  -95.13760       18.12750       14.64837    
  -95.12620       18.04810       26.44569    
  -95.20680       18.16840       9.021119    
  -95.09240       18.10680       1.719781    
  -103.7238       20.34300       5.687211    
  -104.6638       21.10850       28.95203    
  -97.76060       16.58270       9.199644    
  -100.3689       18.49860       12.04276    
  -96.17360       18.38580       8.426735    
  -104.4471       20.65060       13.08419    
  -103.9123       20.71620       8.474146    
  -103.9071       20.69560       8.860505    
  -103.3380       19.62110       9.862207    
  -92.99940       18.38570       2.979095    
  -102.9445       18.38320       43.56150    
  -104.8951       21.42470       7.402795    
  -91.20100       18.65300       28.12526    
  -95.11640       18.12710       4.564263    
  -93.11650       17.00890       17.29778    
  -99.76550       17.39210       11.21071    
  -88.56710       33.44340       31.06944    
  -93.28520       15.99730       41.35524    
  -100.4289       18.46010       56.35354    
  -91.33340       17.11840       25.12767    
  -100.5084       17.44830       15.49806    
  -105.2783       22.43280       7.044617    
  -101.1950       17.76170       5.899199    
  -90.99570       17.74130       10.26183    
  -95.84370       18.59790       34.98468    
  -91.33040       18.53620       8.247516    
  -100.2970       17.99880       62.04961    
  -99.27490       16.96710       48.28773    
  -99.25300       16.96670       6.250293    
  -104.9590       39.82830       8.291376    
  -91.08940       18.21580       6.297945    
  -95.20970       18.18830       1.695978    
  -93.24150       16.15210       1.378602    
  -101.2146       17.98080       10.72900    
  -99.51160       17.32720       27.01457    
  -56.42640       49.49140       38.03128    
  -104.0822       20.53730       13.48818    
  -103.8931       20.45000       6.166031    
  -106.2587       24.90030       53.66229    
  -104.8270       21.44310       6.312609    
  -103.8365       20.50950       13.09194    
  -104.1485       19.74550       18.43637    
  -98.51790       16.73510       9.152494    
  -104.1204       19.82580       10.18701    
  -100.7748       17.31590       12.67026    
  -61.03670       50.87340       36.12971    
  -102.5203       18.67250       16.07422    
  -103.8880       20.42940       29.81260    
  -57.07150       50.06190       17.50826    
  -104.1675       19.72570       14.33604    
  -103.8058       20.38620       15.49998    
  -96.09710       18.30490       2.100632    
  -90.04310       35.14090       6.671303    
  -65.64570       48.85190       11.19272    
  -100.0926       32.22140       25.35741    
  -102.5468       21.51670       15.71614    
  -101.0705       17.58010       6.480055    
  -103.7697       19.45120       10.77279    
  -56.99930       49.71080       39.85970    
  -82.21750       28.00860       1.691109    
  -104.2695       19.85040       9.066564    
  -80.67090       28.54610       10.95196    
  -80.95150       26.66610       20.22974    
  -81.04720       26.53740       8.602126    
  -92.79490       17.23890       2.197021    
  -80.90610       26.60090       16.94744    
  -80.66950       28.52390       8.711884    
  -82.39190       27.54960       1.530843    
  -93.54810       16.66380       9.021119    
  -57.89990       48.66460       29.29140    
  -81.02790       26.55880       22.32989    
  -92.06210       15.78510       41.33307    
  -95.28990       17.41960       1.499602    
  -56.76330       48.34040       14.68433    
  -56.77770       48.30600       19.70633    
  -104.4010       20.75150       9.607467    
  -99.17300       17.91360       8.670784    
  -100.5346       18.54260       37.72259    
  -94.13010       30.42740       22.64007    
  -91.04940       17.86020       8.417996    
  -93.74350       16.74520       13.83822    
  -94.36780       16.44300       10.41263    
  -82.07240       29.11670       5.947794    
  -80.97230       26.66630       4.784443    
  -93.54420       17.46740       5.658670    
  -108.9565       47.41050       16.00523    
  -98.79740       17.25260       7.237796    
  -93.72850       16.45200       8.371965    
  -98.82770       20.90120       15.21329    
  -102.2042       17.92530       4.080384    
  -94.27430       31.77550       19.06139    
  -81.18130       26.68970       19.69959    
  -98.42910       21.68920       1.627544    
  -90.52070       19.47820       6.050327    
  -96.84250       18.28040       8.131996    
  -102.8634       20.39950       30.21637    
  -103.1418       19.07070       68.37063    
  -103.1372       19.05050       24.99054    
  -90.90930       17.87780       9.993256    
  -93.56500       17.46770       25.44297    
  -93.72620       16.43250       59.72833    
  -96.50500       48.16230       4.812213    
  -102.7601       46.68520       26.87998    
  -80.16170       27.00630       29.97864    
  -88.07820       21.17160       9.691076    
  -98.08300       20.73990       1.553159    
  -100.4230       19.12070       14.10097    
  -94.67890       18.15850       3.766321    
  -101.5310       18.20760       24.63535    
  -96.03650       17.47300       9.598665    
  -92.08190       17.26680       10.68070    
  -91.94670       15.84170       4.201891    
  -92.11280       15.68900       24.31072    
  -55.09220       48.72520       14.39064    
  -96.47250       48.16060       21.90393    
  -89.83470       17.03860       7.172531    
  -93.17740       16.30680       2.041124    
  -96.63290       47.20760       2.445779    
  -108.0018       26.99490       19.31020    
  -103.1913       20.49050       14.67697    
  -91.26860       18.17910       9.907495    
  -93.68150       16.74420       6.464944    
  -57.24870       48.59040       8.032453    
  -80.97500       26.70950       12.86333    
  -98.08200       21.74180       2.956357    
  -102.4949       20.22620       14.31993    
  -91.26630       18.15930       4.679369    
  -90.82720       18.05390       13.13067    
  -101.4270       18.02570       19.35231    
  -89.00780       17.37990       5.413302    
  -95.10240       17.27840       5.915456    
  -91.56110       17.16090       5.346902    
  -99.58880       16.87540       12.94049    
  -92.06010       15.76570       20.88871    
  -96.69850       48.10530       7.629917    
  -81.04860       26.55900       14.23058    
  -88.00000       21.39380       12.48229    
  -90.27290       17.98650       2.472837    
  -92.06620       15.82400       15.72127    
  -91.96290       15.80310       8.705766    
  -95.79040       47.85790       6.062378    
  -82.60160       32.80790       21.11516    
  -102.3899       23.91020       14.29909    
  -102.5985       20.26980       33.81439    
  -103.5220       18.67900       7.443855    
  -96.37910       18.46950       7.198998    
  -96.66590       48.10360       5.373572    
  -96.24380       48.08160       3.005154    
  -82.59920       32.78410       3.008129    
  -91.15060       18.21680       12.38360    
  -96.03200       17.29570       7.439911    
  -90.01160       15.95130       6.556321    
  -89.32500       15.59470       6.372016    
  -104.2055       19.68630       6.977094    
  -65.82270       18.13150       23.66620    
  -100.2635       17.93840       16.66280    
  -82.27720       27.15560       67.66978    
  -80.74410       26.66440       2.588598    
  -90.63580       18.52530       15.81514    
  -90.90640       18.03540       156.6161    
  -93.81880       17.98460       3.878504    
  -94.67270       17.50680       9.570761    
  -93.43990       16.27200       18.07738    
  -90.20740       19.77320       8.353751    
  -103.5837       18.64050       17.85613    
  -94.21330       17.97190       7.907737    
  -90.98620       17.83950       3.231285    
  -91.52300       17.72960       2.350566    
  -100.1909       17.54010       59.99483    
  -92.68770       16.49410       12.39309    
  -93.45830       16.42820       7.555231    
  -98.07780       21.72110       3.534775    
  -105.1055       20.48670       23.70323    
  -105.0810       20.48590       105.1125    
  -105.1001       20.46610       30.30794    
  -105.0756       20.46530       58.13906    
  -95.99510       19.01960       9.322335    
  -90.65620       18.52560       12.01830    
  -93.85320       17.45300       3.522873    
  -93.28610       17.05080       3.345342    
  -95.64880       16.97410       32.15769    
  -95.05200       16.74790       8.680204    
  -96.54660       47.86330       8.955955    
  -86.13120       33.65540       14.42629    
  -88.59040       33.44400       5.589493    
  -84.23420       32.00590       7.309533    
  -90.65840       18.54550       31.27534    
  -90.63800       18.54510       17.96474    
  -103.0950       18.32710       27.42013    
  -91.59120       17.61270       30.31698    
  -91.28020       17.00020       2.605990    
  -89.66660       16.74360       9.445199    
  -89.28370       15.57490       6.845259    
  -103.5023       50.89700       5.927741    
  -81.49890       26.77910       10.57313    
  -89.13140       21.08620       8.235279    
  -98.08950       20.65870       2.639180    
  -91.06430       18.35380       2.927793    
  -92.71090       17.39460       9.654470    
  -93.49480       16.38980       23.89860    
  -93.47420       16.38950       3.760906    
  -89.51680       15.75160       2.244576    
  -89.66200       15.59870       1.645388    
  -89.85720       15.56250       7.365096    
  -88.88200       15.49300       1.547208    
  -57.69530       48.40110       43.44342    
  -96.28650       47.71690       29.34011    
  -88.09860       21.17190       9.449239    
  -93.13580       17.83460       4.346977    
  -96.59000       17.76010       13.58628    
  -93.24730       17.06980       9.106202    
  -88.08170       15.31070       11.73523    
  -95.75840       47.85630       11.63976    
  -96.55060       18.87150       21.37042    
  -90.13610       18.59700       8.690423    
  -93.68130       17.07700       1.916158    
  -89.91860       15.58260       3.233710    
  -88.06210       15.31050       9.114635    
  -96.31860       47.71850       18.76917    
  -85.57210       43.82180       9.821890    
  -98.33360       21.76890       2.148239    
  -90.26450       20.25600       3.766321    
  -102.3634       20.06000       33.93105    
  -89.17310       18.86060       2.406261    
  -90.13820       18.61680       19.46748    
  -90.78990       18.44850       62.16949    
  -96.58700       17.74030       12.67998    
  -91.98920       15.86160       12.41410    
  -89.44050       15.55750       8.448456    
  -101.9099       48.78310       7.349238    
  -102.4547       20.65290       16.57796    
  -102.4312       20.65220       20.34658    
  -90.81030       18.44880       8.286521    
  -95.14730       18.04850       2.621327    
  -95.14440       18.02870       2.784974    
  -90.98840       17.85930       4.184802    
  -95.25180       17.14360       8.175607    
  -89.44750       15.86690       5.560177    
  -89.67680       15.54100       6.933306    
  -89.39920       15.53770       5.871108    
  -95.72640       47.85470       16.25163    
  -95.74230       47.82220       9.556985    
  -95.71030       47.82060       11.33627    
  -80.16050       26.98460       29.54372    
  -80.64800       26.79330       25.51605    
  -102.8780       20.46100       10.62199    
  -91.21920       18.63350       7.723303    
  -93.28520       18.19270       16.06820    
  -90.92450       18.01590       86.08379    
  -96.11770       17.59290       11.94340    
  -91.24360       17.41100       1.457946    
  -100.7973       17.31640       14.10097    
  -100.6967       17.25480       33.68418    
  -88.20010       21.35610       2.314862    
  -90.77850       18.88460       6.075799    
  -100.8472       18.87040       16.87081    
  -90.92890       18.05540       17.06388    
  -90.90860       18.05510       5.674257    
  -101.5300       18.08800       33.98247    
  -101.5260       18.06800       31.88046    
  -101.5032       18.06740       69.15630    
  -90.02680       16.74840       2.406261    
  -89.68000       16.02470       6.628295    
  -89.22600       15.59350       8.461561    
  -121.2490       40.29250       55.29161    
  -82.21930       27.22030       12.22156    
  -88.68250       21.09950       6.817592    
  -97.76300       20.56950       1.487700    
  -103.8605       20.51020       11.52638    
  -102.9017       20.46170       25.06183    
  -90.23980       18.61830       3.680723    
  -102.4208       18.52970       21.11643    
  -90.95150       18.07550       13.75623    
  -90.54490       18.06940       6.351696    
  -90.26050       17.86820       10.71904    
  -95.16230       17.10270       33.57859    
  -93.21890       16.83440       15.73735    
  -88.39610       21.09520       4.130807    
  -104.4584       19.45060       29.44540    
  -90.34150       18.61990       10.56336    
  -90.94000       18.15430       12.13034    
  -91.12600       17.99930       3.181298    
  -91.12370       17.97950       8.986390    
  -95.10920       17.92910       15.29322    
  -101.5252       17.94850       29.76532    
  -95.18330       17.10310       26.18241    
  -93.12260       16.36440       19.88968    
  -88.94240       15.74480       4.717412    
  -89.39820       15.05580       13.00618    
  -115.3332       31.88030       25.87903    
  -82.21770       27.19850       60.05330    
  -101.8029       20.24750       23.48127    
  -89.14100       18.34540       23.64388    
  -89.12090       18.34510       23.02576    
  -90.50860       18.10830       9.309306    
  -103.1184       18.32770       48.43378    
  -103.0907       18.30700       19.85638    
  -95.06840       18.08660       1.741601    
  -101.0375       18.11590       26.49406    
  -92.64450       17.35420       3.490505    
  -95.18060       17.08340       20.22975    
  -95.15160       17.02400       32.03275    
  -89.71540       15.75400       1.410340    
  -96.65380       47.57030       7.658679    
  -90.64030       19.10120       17.11248    
  -89.02480       18.18590       6.488508    
  -90.90420       18.01560       15.32779    
  -96.40040       17.77610       8.453321    
  -92.25250       17.50510       2.510881    
  -95.15430       17.04370       20.46594    
  -95.13060       17.02360       34.85097    
  -89.46740       15.86710       6.220579    
  -90.50010       15.84140       3.823387    
  -89.83560       15.54290       2.558435    
  -105.1141       51.30670       35.93919    
  -82.29810       27.15590       116.2038    
  -87.46300       21.12220       5.649483    
  -101.8124       20.18690       15.45469    
  -88.31340       19.32580       5.972853    
  -103.3628       19.11700       25.38380    
  -103.3977       18.85640       18.25025    
  -89.13900       18.32560       15.59513    
  -89.11890       18.32530       17.05854    
  -92.04360       18.32990       5.734340    
  -100.4327       18.48020       56.13161    
  -90.94710       18.03600       19.88150    
  -101.5638       18.02910       26.11745    
  -93.11760       17.85400       7.918779    
  -90.07850       17.47260       5.235072    
  -100.1944       17.56000       33.53598    
  -89.15290       17.01010       2.644034    
  -92.93550       16.69310       13.73801    
  -90.26570       15.89650       14.00941    
  -89.62800       15.88840       1.610683    
  -89.85550       15.54320       1.707880    
  -68.25840       46.02450       15.17129    
  -77.33190       41.43520       8.164105    
  -88.38460       21.17610       1.565060    
  -103.5375       19.16210       15.94023    
  -92.69910       17.29620       10.58457    
  -100.2928       17.36430       44.29375    
  -100.0843       17.06340       23.54906    
  -93.83110       16.78580       27.56860    
  -93.81040       16.78540       33.85110    
  -93.82870       16.76620       25.17681    
  -93.80800       16.76580       24.32467    
  -93.52910       16.33190       24.52343    
  -89.51340       15.71290       12.60841    
  -89.51170       15.69350       10.66468    
  -95.95470       48.20110       5.206950    
  -82.23860       27.19880       88.41193    
  -88.92140       20.86010       5.425948    
  -89.99830       20.43290       8.814199    
  -102.0127       20.45680       39.98196    
  -102.0080       20.43630       32.08207    
  -88.85970       20.11350       2.824741    
  -90.28070       19.87460       18.43717    
  -90.26250       17.88790       4.593771    
  -93.12580       17.75550       8.649960    
  -93.10510       17.75520       2.975400    
  -96.50730       17.77820       18.64509    
  -94.50280       17.64160       18.89040    
  -92.10910       17.50280       4.260522    
  -100.2552       17.40300       17.53281    
  -99.69710       17.25230       8.553617    
  -100.6742       17.25430       31.46473    
  -94.88200       16.72530       23.15210    
  -89.88810       16.12420       5.084799    
  -85.56930       15.86450       20.73235    
  -85.54990       15.86430       27.50335    
  -76.09560       41.40240       18.10941    
  -87.75500       21.39030       17.13589    
  -88.65980       21.07890       11.09483    
  -87.74510       20.90350       10.12591    
  -90.24400       20.25560       4.184802    
  -90.24160       20.23550       19.44424    
  -89.18920       18.82110       5.278556    
  -101.7391       18.89300       17.03503    
  -101.7161       18.89240       18.39257    
  -101.7774       18.41340       21.87403    
  -103.3935       18.41500       17.56053    
  -91.71650       18.16640       5.231002    
  -100.4021       18.31990       7.973822    
  -100.6931       17.23490       116.1178    
  -95.15960       17.08300       21.79232    
  -89.47080       15.90590       9.824495    
  -89.30680       15.61380       6.932626    
  -107.0894       24.24780       30.00723    
  -90.71720       18.88360       13.06147    
  -89.19120       18.84100       3.604636    
  -90.95810       18.13480       3.046809    
  -100.3194       17.99940       10.36304    
  -101.9716       18.01920       15.98402    
  -92.70380       17.33550       10.31812    
  -100.6995       17.39330       14.30100    
  -100.6706       17.23440       21.82787    
  -91.03690       16.80130       8.631928    
  -94.86110       16.72500       5.299107    
  -89.97530       15.98960       3.525603    
  -88.66210       21.09920       2.511237    
  -90.65080       19.54020       30.34775    
  -104.0575       19.76310       24.13014    
  -101.7815       18.43350       21.85213    
  -91.06710       18.01810       5.097849    
  -91.04670       18.01780       4.898120    
  -96.51340       17.81790       9.936359    
  -93.26040       17.34470       5.373113    
  -94.86080       16.88160       6.185633    
  -92.80410       15.89290       17.99845    
  -89.67910       15.79230       11.56748    
  -89.42730       15.63460       15.26022    
  -88.19930       14.79300       2.285107    
  -57.83850       49.28800       22.24077    
  -103.2611       21.25020       33.41414    
  -90.83800       19.04460       3.395758    
  -91.04650       18.72990       4.135806    
  -90.69950       18.36800       12.86926    
  -95.53080       18.21430       26.44516    
  -90.97850       18.13510       3.728278    
  -90.51080       18.12810       8.755569    
  -99.97200       18.17030       17.21019    
  -99.64140       18.06320       18.40812    
  -96.32730       17.71540       8.420363    
  -91.97730       17.42220       4.945674    
  -95.03390       16.61060       10.01958    
  -89.49070       15.90610       5.211980    
  -92.18160       15.76750       14.55380    
  -104.4891       20.34540       28.43950    
  -100.9060       19.81800       36.71133    
  -103.1539       19.43400       16.24677    
  -91.04880       18.74980       3.814463    
  -90.70180       18.38780       6.334268    
  -103.2119       18.33020       13.95419    
  -96.29650       17.79380       8.454638    
  -96.34870       17.71580       10.20825    
  -100.2608       17.68040       31.22359    
  -95.85390       17.52870       15.93267    
  -96.40530       17.38160       27.76166    
  -93.44160       17.30840       2.976915    
  -93.68370       17.09660       11.93443    
  -93.31910       16.64060       40.06954    
  -93.31680       16.62100       10.45587    
  -89.89090       15.71750       3.281265    
  -106.8994       24.21930       26.34517    
  -103.2903       21.27170       39.95589    
  -103.2663       21.27090       19.39385    
  -104.4943       20.36590       37.06979    
  -95.53380       18.23420       27.50548    
  -93.79800       17.98420       14.31429    
  -93.81620       17.96480       11.83091    
  -96.46120       17.89600       8.329735    
  -99.08900       17.55520       8.602932    
  -96.38390       17.38120       68.38458    
  -100.5469       17.29090       15.02060    
  -98.70760       16.56230       11.71956    
  -56.85970       49.29680       15.50013    
  -103.9570       20.22760       26.61059    
  -100.9103       19.83840       20.78055    
  -100.5817       19.12460       18.91808    
  -95.55500       18.23460       3.028957    
  -93.63130       18.13940       3.618086    
  -102.0526       18.08100       30.42074    
  -102.0297       18.08040       31.48634    
  -95.28800       17.85340       5.784929    
  -96.75620       15.82170       11.09846    
  -77.52380       41.21080       8.369108    
  -103.1137       19.04980       32.31838    
  -96.80650       18.45850       18.97410    
  -95.55210       18.21470       3.356251    
  -102.0567       18.10100       13.93469    
  -101.6015       17.99020       14.53889    
  -101.0482       17.93700       31.63363    
  -96.32380       17.83390       9.849792    
  -93.72520       17.09730       17.91379    
  -95.47260       17.06910       22.04784    
  -95.34350       17.04710       19.79033    
  -98.21070       16.98440       19.75583    
  -109.1514       26.49520       80.87920    
  -109.1236       26.49390       103.2077    
  -109.1080       26.12100       28.50789    
  -104.7685       21.93760       11.89986    
  -102.0337       18.10040       24.17310    
  -96.36470       17.53850       6.747826    
  -95.51500       17.52220       4.641624    
  -101.3952       17.62750       8.654447    
  -95.32250       17.04670       19.18063    
  -99.27820       16.98690       27.93920    
  -98.20760       16.96460       14.12031    
  -86.00250       31.68540       16.79766    
  -109.0059       26.20400       6.403061    
  -106.4431       23.92560       30.04351    
  -104.2638       20.68590       15.30525    
  -105.2789       19.94140       2.094682    
  -104.5122       19.57360       3.332448    
  -96.50430       17.75840       35.38582    
  -98.91490       17.43280       23.81935    
  -56.83010       48.84860       8.032453    
  -109.1145       26.47160       42.57228    
  -105.9759       23.33750       11.74532    
  -105.1039       22.42690       16.69501    
  -102.9589       20.50420       20.39231    
  -103.9621       20.24810       27.96703    
  -101.4942       19.89430       5.589493    
  -100.3045       18.27770       23.51622    
  -102.9992       18.20470       13.83822    
  -98.96970       16.70510       19.52946    
  -80.78130       27.62150       8.175607    
  -80.47600       27.05210       8.901088    
  -106.4502       23.94710       17.83949    
  -103.2850       21.25090       44.54358    
  -102.3307       20.01850       25.00514    
  -102.3073       20.01780       41.83440    
  -100.8591       19.59470       49.34610    
  -103.5244       18.47850       21.18726    
  -100.3007       18.25770       20.45079    
  -100.6278       17.49060       26.62544    
  -101.1311       17.42300       29.31864    
  -98.36690       16.32040       11.85247    
  -103.4940       51.07860       4.629723    
  -119.0847       35.91280       3.814463    
  -116.6084       32.99080       650.8494    
  -104.0099       20.53510       85.52132    
  -103.1181       18.64810       17.03503    
  -100.2820       18.27710       24.43585    
  -100.6756       17.74940       26.59868    
  -117.2429       35.96170       43.74516    
  -82.31910       27.15610       37.60468    
  -82.29650       27.13410       40.79523    
  -106.4689       23.92660       25.34001    
  -105.1829       19.75560       10.79230    
  -104.5108       19.37120       16.77228    
  -103.4436       18.53650       17.38536    
  -116.6437       32.99300       636.6390    
  -82.27550       27.13390       9.307422    
  -106.4760       23.94810       18.82857    
  -105.0202       21.07860       28.50849    
  -103.7165       20.50600       43.70466    
  -103.3118       18.99480       37.74214    
  -105.3781       22.43620       9.968069    
  -105.1357       20.32420       26.59812    
  -66.85550       18.12280       1.945912    
  -103.5325       51.08140       5.278359    
  -97.21840       49.05150       2.892089    
  -80.52340       27.86060       54.23182    
  -80.88470       27.60050       3.320546    
  -80.43860       27.48750       25.89407    
  -105.5919       22.90360       43.58173    
  -100.3926       49.86590       13.57378    
  -102.9758       32.13180       32.14248    
  -80.52480       27.88250       21.53225    
  -80.56930       27.57600       16.96508    
  -80.54860       27.22660       4.647575    
  -80.54580       27.88270       4.010839    
  -80.54440       27.86070       35.18943    
  -80.45950       27.48760       3.272940    
  -80.54730       27.20490       12.39069    
  -85.41070       15.80520       64.63676    
  -102.5636       48.68940       14.49168    
  -102.5279       48.68700       31.56899    
  -106.3582       37.24950       30.21217    
  -102.9491       32.13060       64.40128    
  -85.39140       15.80500       4.804080    
  -88.32930       15.71850       4.405704    
  -86.00170       15.65620       2.033190    
  -71.02580       48.35020       34.20361    
  -112.1818       33.83910       28.61303    
  -81.78580       27.30310       18.20677    
  -87.75290       21.36990       34.88602    
  -88.10080       21.19220       3.691480    
  -88.89190       20.96090       7.704120    
  -88.93240       20.03430       8.404772    
  -89.22640       17.99150       3.661230    
  -89.22450       17.97180       2.862334    
  -89.24720       16.95280       31.26738    
  -89.30300       16.25270       3.547570    
  -85.41190       15.82450       5.097849    
  -85.10950       14.95620       1.949737    
  -87.77540       21.39050       4.955185    
  -88.07760       19.38240       6.395315    
  -90.11360       18.57680       7.637263    
  -90.09330       18.57650       11.91695    
  -90.66540       18.42680       18.03050    
  -88.49240       18.06060       9.069686    
  -90.87710       17.58220       2.951597    
  -88.77000       17.39640       9.378297    
  -89.20740       17.16720       10.18999    
  -91.15440       16.95930       6.467421    
  -91.13420       16.95900       16.84449    
  -91.15240       16.93970       6.400845    
  -91.13210       16.93940       13.73129    
  -88.30400       16.84360       7.036843    
  -89.92670       16.74700       7.679619    
  -90.87010       15.94310       10.82583    
  -90.00980       15.93190       27.02570    
  -89.53210       15.92600       4.279911    
  -85.40950       15.78590       15.77861    
  -87.89590       15.44360       4.409543    
  -87.87630       15.44340       4.106052    
  -89.55770       15.30800       4.508173    
  -70.99680       48.35050       53.62975    
  -103.4360       48.51000       59.37779    
  -102.9586       32.15470       41.30622    
  -81.76640       27.32470       13.56090    
  -89.30100       20.24070       6.744785    
  -91.00130       18.86820       10.45078    
  -90.98280       18.70910       11.07780    
  -90.64510       18.42650       10.75059    
  -91.68080       18.38340       7.908423    
  -91.57820       18.38170       13.36726    
  -90.76990       18.27020       1.776314    
  -89.31230       18.24900       7.973823    
  -89.02680       18.20560       5.690548    
  -91.04410       18.17560       3.830332    
  -90.39240       17.96860       3.195667    
  -91.13750       17.92060       3.190621    
  -90.89330       17.91690       26.20504    
  -92.03480       17.91500       10.88221    
  -90.89110       17.89720       4.126880    
  -91.17950       17.56710       2.356517    
  -91.73050       17.22220       13.39349    
  -89.48320       16.91680       7.348424    
  -92.38290       15.94490       24.12930    
  -89.45090       15.90560       7.697093    
  -92.37870       15.90600       20.53755    
  -92.26280       15.76860       1.823920    
  -88.01800       15.50270       9.462486    
  -102.9854       32.15590       23.92660    
  -102.9396       32.10650       32.55886    
  -82.24030       27.22050       65.75022    
  -87.83880       21.41180       9.164870    
  -88.45690       19.94720       10.98572    
  -88.10520       19.04450       7.171917    
  -90.66320       18.40700       12.79500    
  -90.24020       17.86790       8.850348    
  -88.76820       17.37680       4.936164    
  -91.72830       17.20260       2.330174    
  -91.06120       16.84070       4.752802    
  -90.89020       15.94340       9.260975    
  -89.64790       15.88870       4.298490    
  -91.77070       15.89730       1.814994    
  -88.79240       15.83970       5.410973    
  -89.44080       15.78940       10.62391    
  -89.67730       15.77290       4.879098    
  -89.85110       15.71700       3.728278    
  -88.02730       15.36790       11.16559    
  -82.63330       30.13800       12.08655    
  -90.18180       19.19360       7.035264    
  -90.78780       18.96420       11.65485    
  -90.95340       18.80790       7.047451    
  -89.46740       18.38940       20.59631    
  -90.72480       18.23000       11.26693    
  -91.15790       17.92090       18.52109    
  -93.60550       17.78350       3.186653    
  -93.68640       17.60750       7.503137    
  -93.73100       17.47050       21.31286    
  -93.71030       17.47020       15.87180    
  -93.72850       17.45080       12.19403    
  -93.70770       17.45050       11.33783    
  -93.88460       17.37490       10.85325    
  -89.24540       16.93320       4.993229    
  -89.57030       16.78140       11.41896    
  -94.69150       16.70250       28.11436    
  -89.64270       15.83050       1.969715    
  -89.43910       15.77000       5.792146    
  -103.6301       51.16150       10.46150    
  -103.1110       48.38690       7.254025    
  -90.13670       19.69200       2.919850    
  -91.19170       18.57360       4.013605    
  -89.46540       18.36960       18.27732    
  -91.87670       18.30740       7.708793    
  -90.88820       18.05480       21.10333    
  -88.43780       17.90240       1.303225    
  -90.60470       17.87320       9.808137    
  -93.60800       17.80320       4.320281    
  -92.64680       17.37390       2.439828    
  -91.92070       17.28400       2.092401    
  -94.26240       17.24390       7.087386    
  -95.83990       17.13480       16.62239    
  -93.70200       17.07730       13.47719    
  -93.95430       16.94440       3.570480    
  -95.06500       16.84600       3.130121    
  -89.16270       20.82340       6.078085    
  -89.54320       20.74850       11.18550    
  -89.66360       18.53070       6.744784    
  -92.64650       18.53810       1.071144    
  -89.44720       18.38910       5.563884    
  -95.86540       18.18120       2.451189    
  -95.15300       18.08820       8.257205    
  -88.75580       17.88690       49.17662    
  -88.73580       17.88660       12.13100    
  -90.60260       17.85350       4.394042    
  -95.10630       17.90930       2.939695    
  -94.17900       17.87250       3.901742    
  -90.64440       17.67710       13.87601    
  -96.45250       17.69810       14.92102    
  -96.43120       17.69770       22.17143    
  -96.03550       17.61100       9.793986    
  -96.19710       17.55500       42.91600    
  -96.32210       17.53770       14.75623    
  -96.19420       17.53520       66.63599    
  -93.73360       17.49030       17.18716    
  -96.40820       17.40130       11.19694    
  -91.82090       17.30200       10.34870    
  -95.13910       17.23980       1.661355    
  -95.13640       17.22010       9.009637    
  -91.22140       17.01890       15.09339    
  -95.22000       17.06450       18.62449    
  -93.74680       16.43280       29.73466    
  -94.39960       16.36550       8.749055    
  -90.42260       16.28650       4.240979    
  -94.32530       16.26680       15.62899    
  -98.00010       50.11140       10.81855    
  -97.96540       50.10940       10.67772    
  -90.59020       19.71930       16.00523    
  -92.01490       18.09220       3.087473    
  -88.66290       17.74810       2.076829    
  -93.65120       17.33160       5.495428    
  -93.48900       17.19140       5.617743    
  -95.21730       17.04480       32.54034    
  -93.86520       16.72770       29.62148    
  -93.84450       16.72730       25.95923    
  -98.36390       16.30080       8.223004    
  -97.84400       16.13430       35.07726    
  -91.03840       16.02300       10.72487    
  -89.67130       15.92770       8.195090    
  -89.54510       15.84870       12.25498    
  -88.79070       15.82040       2.976915    
  -89.39600       15.73080       3.595125    
  -71.43200       46.85190       28.54665    
  -119.9566       37.10880       34.92456    
  -98.34270       20.70570       6.117172    
  -87.98750       20.30190       6.913696    
  -99.08710       18.78800       12.14456    
  -98.89140       18.68360       14.28113    
  -98.72940       18.63990       12.89796    
  -89.31460       18.07150       13.34396    
  -89.31270       18.05180       14.82921    
  -88.75770       17.90660       3.560066    
  -96.18750       17.63370       18.67393    
  -90.54260       17.47920       2.377728    
  -96.00260       17.53150       19.65026    
  -93.71280       17.48990       13.16552    
  -91.89330       17.40120       1.939961    
  -88.54620       17.11970       9.610446    
  -91.22350       17.03850       10.66759    
  -91.24170       17.01920       9.990495    
  -95.31710       17.00740       11.04864    
  -90.82110       16.66170       10.55402    
  -90.80090       16.66140       12.97410    
  -99.48750       16.79450       24.70298    
  -99.46540       16.79410       24.93047    
  -93.12710       16.57900       39.23749    
  -93.76340       16.56970       11.37128    
  -89.28660       16.29140       5.789565    
  -90.00800       15.91250       3.488359    
  -102.5279       48.48350       6.843420    
  -81.58290       26.17630       20.36321    
  -88.09770       20.58530       13.44605    
  -88.54510       20.20930       6.686541    
  -90.19560       20.19450       13.27115    
  -88.45900       19.96730       11.39275    
  -96.35370       19.50780       13.19099    
  -99.68960       18.92230       28.30413    
  -91.15770       18.63250       23.17683    
  -98.89500       18.70360       15.92684    
  -90.76950       18.44820       12.82827    
  -89.14540       18.18750       8.387299    
  -100.2111       18.37510       24.14390    
  -95.88670       18.18170       2.376820    
  -100.2071       18.23550       95.91615    
  -88.77580       17.88710       3.794627    
  -94.48310       17.95700       25.43832    
  -90.62500       17.87350       57.22111    
  -96.69400       17.88090       16.16512    
  -100.6717       17.84860       14.30273    
  -96.18450       17.61390       20.51537    
  -91.30890       17.45120       3.336416    
  -100.9548       17.32000       30.41495    
  -95.61640       16.73830       6.008286    
  -98.97290       16.72480       22.19620    
  -93.55190       16.35170       18.21741    
  -90.02980       15.93220       3.540726    
  -89.76300       15.61930       7.420429    
  -88.69430       15.60670       3.205178    
  -103.0053       49.58050       9.467723    
  -88.21670       21.13310       8.415176    
  -88.32820       21.03340       4.479640    
  -90.21620       20.19480       27.98299    
  -88.43940       20.16760       22.01922    
  -90.08430       19.59120       10.44918    
  -88.69490       19.51060       6.048940    
  -88.89450       18.89640       16.14482    
  -91.04190       18.69020       3.062514    
  -91.22800       18.53450       5.874290    
  -89.35850       18.50650       10.00069    
  -90.76730       18.42830       8.233532    
  -95.90810       18.18210       17.47514    
  -92.01250       18.07240       12.28646    
  -95.72280       18.07940       1.731683    
  -95.15140       17.92990       12.48253    
  -101.2745       17.82320       15.37094    
  -93.90540       17.37520       8.902767    
  -94.26490       17.26360       2.472837    
  -100.9511       17.30010       15.50588    
  -100.7155       17.23540       17.04879    
  -93.65700       16.88070       4.080182    
  -89.59030       16.78160       3.505021    
  -89.56850       16.76180       3.737102    
  -99.46220       16.77430       8.853288    
  -89.91160       16.16330       2.082890    
  -97.84110       16.11470       6.748408    
  -96.47570       15.77780       25.48685    
  -103.4608       48.54550       11.62786    
  -103.4246       48.54310       9.140429    
  -103.3999       48.50760       24.80293    
  -103.1710       48.42470       14.93056    
  -103.1351       48.42230       10.75905    
  -103.1468       48.38930       11.60406    
  -112.1495       33.83720       27.58261    
  -87.89720       20.80450       17.27516    
  -90.22220       20.41640       2.898039    
  -90.56960       19.71890       7.079235    
  -88.69290       19.49060       7.551665    
  -88.91470       18.89660       9.092432    
  -88.91270       18.87680       17.51114    
  -88.89250       18.87650       22.36188    
  -90.62870       18.82260       7.681367    
  -100.9878       18.89400       19.24453    
  -91.24850       18.53490       18.53206    
  -91.24620       18.51500       15.97109    
  -91.22570       18.51470       4.135013    
  -100.5896       18.24460       9.245859    
  -88.75400       17.86720       16.78371    
  -100.7432       17.75100       25.44993    
  -89.00050       17.30140       13.34930    
  -99.72120       17.39110       9.165986    
  -91.35370       17.11870       5.506819    
  -99.24230       16.76970       7.881728    
  -98.94790       16.70460       11.61653    
  -93.15920       16.32600       22.13678    
  -93.23930       16.13260       20.55806    
  -90.22210       15.85720       2.577457    
  -89.33360       15.22830       7.727672    
  -101.9424       48.20980       17.35848    
  -107.1111       28.17800       15.59900    
  -80.25010       22.63950       1.606716    
  -87.88680       20.70340       5.433143    
  -102.5797       20.28960       3.400882    
  -88.15130       19.92290       11.06075    
  -88.13100       19.92260       19.10149    
  -88.14920       19.90280       7.323403    
  -88.12900       19.90250       11.21337    
  -88.11980       19.40290       2.644034    
  -103.5231       19.20210       33.71972    
  -90.78770       18.42870       3.528548    
  -91.88230       18.01110       3.100367    
  -91.88000       17.99140       2.898040    
  -96.16320       17.61350       11.18211    
  -93.76320       17.23530       5.915456    
  -90.28640       17.14250       16.02781    
  -100.7604       17.23650       13.13621    
  -95.62850       17.13080       21.02208    
  -89.76710       16.95960       8.789189    
  -91.03890       16.82090       10.30065    
  -97.65920       16.18940       24.81830    
  -56.87060       49.78730       39.78656    
  -97.79240       49.92200       6.278094    
  -96.71190       48.00550       4.736836    
  -97.91890       29.79690       23.27886    
  -104.9621       22.27630       25.55801    
  -104.7308       21.35760       33.34270    
  -104.3830       21.32600       26.31223    
  -101.5513       20.56620       22.73660    
  -90.33640       19.47520       13.21457    
  -98.91310       18.92400       14.52711    
  -100.1258       18.63260       49.57895    
  -90.25840       17.84850       12.35129    
  -96.40380       17.65770       12.29686    
  -96.38690       17.40090       9.170121    
  -95.59830       17.36620       7.505824    
  -95.59730       17.20890       31.09894    
  -95.64960       17.13120       16.58532    
  -95.64680       17.11150       13.39903    
  -95.74420       17.05440       9.318427    
  -95.66990       16.97450       16.86545    
  -89.50860       16.76110       5.482002    
  -98.73880       16.62180       6.234434    
  -98.73560       16.60210       11.97714    
  -93.13870       16.32570       14.40369    
  -89.46040       16.23530       9.063651    
  -108.4879       26.66380       28.77420    
  -107.5941       25.44870       17.15435    
  -106.2033       24.81240       45.96146    
  -107.0149       24.77950       10.41882    
  -105.7743       22.84700       14.52508    
  -104.9681       22.29740       13.58697    
  -88.25600       20.54730       12.29263    
  -90.46390       19.51720       15.72582    
  -89.20280       19.33830       17.13280    
  -104.5072       19.55320       22.37508    
  -90.78550       18.94430       12.60741    
  -102.6816       18.77700       27.49161    
  -102.2588       18.52560       35.90931    
  -98.90040       18.36470       16.43654    
  -95.70990       18.27730       3.084895    
  -93.41790       18.09610       2.415772    
  -95.08670       18.06710       3.380054    
  -100.0439       17.83410       11.39760    
  -95.86660       17.46980       35.80302    
  -95.84540       17.46940       40.21394    
  -90.42940       17.16410       15.27013    
  -90.44760       17.14480       21.73170    
  -90.42740       17.14450       15.93004    
  -95.62570       17.11110       15.62134    
  -95.31440       16.98770       15.37417    
  -95.66720       16.95490       16.48645    
  -98.98250       16.78390       14.36372    
  -93.29550       15.72570       4.364912    
  -89.66170       15.36710       4.966853    
  -82.25960       27.19900       31.79288    
  -107.5480       25.75020       46.71666    
  -107.4926       25.31500       41.85452    
  -106.7940       24.66370       11.95138    
  -101.0693       21.18620       5.257250    
  -88.45300       20.48970       5.801215    
  -88.12300       19.84240       7.534089    
  -88.70320       19.59050       3.832898    
  -89.20060       19.31840       13.04691    
  -103.0883       19.35140       22.94693    
  -91.03490       18.27430       1.612667    
  -100.3124       18.43740       15.44471    
  -91.24140       18.11940       9.055659    
  -71.41420       17.92030       58.96832    
  -93.47790       17.91940       1.880453    
  -101.6661       17.97180       16.37815    
  -95.86380       17.45000       24.44542    
  -99.10350       17.12110       27.43559    
  -93.40440       16.83740       28.77124    
  -93.55520       16.72260       18.49111    
  -94.41430       16.48280       9.724289    
  -89.46910       15.88650       6.238052    
  -89.66090       15.81140       2.862785    
  -96.94170       49.45270       4.825107    
  -88.05040       21.29300       14.81040    
  -88.27640       20.54760       12.20235    
  -88.29880       19.78480       3.937370    
  -102.3560       19.08990       4.024389    
  -95.71290       18.29720       43.58969    
  -95.68860       18.27690       2.645130    
  -90.55140       18.12870       9.112449    
  -90.53110       18.12840       9.418236    
  -91.31400       18.04160       8.462415    
  -95.15420       17.94970       2.484459    
  -94.68220       17.88160       1.981616    
  -95.86950       17.48950       18.66717    
  -95.84250       17.44960       22.99215    
  -89.00230       17.32100       15.75221    
  -100.4950       17.25020       14.75564    
  -94.37210       17.12800       2.225554    
  -95.57740       16.91400       7.612932    
  -93.41080       16.72020       22.02730    
  -89.79140       15.71630       3.928007    
  -77.02570       46.80880       75.40911    
  -76.99780       46.80860       55.08470    
  -84.35910       30.41210       29.67377    
  -106.8613       24.70920       18.72554    
  -103.1578       23.55590       19.33626    
  -88.46190       21.13670       2.106583    
  -100.9246       19.79830       14.14311    
  -100.9065       19.49500       9.191393    
  -100.9837       18.87380       14.95468    
  -95.35220       18.15140       2.618352    
  -90.71690       17.97340       18.49768    
  -93.52980       17.99920       4.611870    
  -93.50890       17.99890       23.10377    
  -93.52720       17.97940       4.126880    
  -93.50640       17.97910       3.632964    
  -92.92060       17.92950       18.94440    
  -88.98230       17.32080       9.208554    
  -95.85810       17.41050       30.33067    
  -88.98050       17.30120       14.64282    
  -94.37460       17.14770       2.596479    
  -98.17440       16.47320       9.555951    
  -89.57290       15.71360       4.588051    
  -119.0733       37.93410       38.38817    
  -107.5006       25.33690       30.98601    
  -104.6431       22.70360       23.11245    
  -87.97640       20.78550       8.986184    
  -89.81430       20.61150       5.074184    
  -90.44990       19.39720       55.30910    
  -90.44760       19.37720       12.85311    
  -90.60670       19.33980       3.931991    
  -88.08610       19.26300       13.97883    
  -91.79690       18.32590       26.93273    
  -92.52470       18.06110       1.507536    
  -94.12420       17.93080       4.094962    
  -93.71530       17.50960       11.89074    
  -89.25730       16.40760       6.386578    
  -90.26230       16.28440       15.88563    
  -88.81850       16.14990       4.857643    
  -89.14680       15.82450       1.344881    
  -90.55100       15.74520       2.682077    
  -84.35660       30.38920       28.23257    
  -107.5192       25.31600       42.65924    
  -101.3759       25.08870       20.02685    
  -103.8815       23.36980       18.61153    
  -100.5748       23.20090       16.57394    
  -97.60560       21.36060       1.832846    
  -87.95520       20.38190       24.49621    
  -88.47790       20.14810       8.475443    
  -88.09680       19.78200       6.442743    
  -88.31730       19.36570       2.567946    
  -101.3677       19.08430       15.17581    
  -99.05370       18.84720       28.39901    
  -88.50410       18.39600       2.814728    
  -90.69000       17.34400       6.671396    
  -95.59550       17.34650       16.84979    
  -95.61290       17.16980       11.79016    
  -91.08960       16.91920       5.958476    
  -99.82660       16.97890       28.07057    
  -89.75430       15.96750       7.505932    
  -114.9776       46.38080       63.84866    
  -88.18180       19.62320       4.688733    
  -96.30260       18.52760       11.37051    
  -88.70950       18.24080       2.796208    
  -100.6122       18.24510       24.28594    
  -95.15010       18.06830       11.87277    
  -94.14510       17.93110       4.164568    
  -96.47960       17.87660       21.25286    
  -100.4245       17.84290       16.37815    
  -95.70130       17.34850       8.070203    
  -94.16330       17.28140       1.522661    
  -89.49770       16.64400       8.164510    
  -90.28230       16.28470       23.73780    
  -90.77430       16.19410       14.60458    
  -91.03650       16.00360       12.01306    
  -89.40280       15.80830       2.453815    
  -87.87730       15.71350       18.85239    
  -97.93070       50.10740       3.582381    
  -96.35080       47.72020       10.47936    
  -106.8578       37.66880       40.81048    
  -102.9754       23.50780       22.20724    
  -98.45530       22.45320       2.499336    
  -88.44840       19.66690       3.718766    
  -100.8793       19.25270       17.75212    
  -95.86840       18.20110       2.083630    
  -93.62340       18.07990       6.534905    
  -90.69660       17.97310       3.680723    
  -89.25310       17.85410       8.891118    
  -101.1426       17.95920       8.759478    
  -92.89620       17.39760       5.180903    
  -91.31860       16.98120       12.55810    
  -91.01830       16.02270       6.315246    
  -106.3593       39.47580       30.93698    
  -88.06070       20.42360       5.863105    
  -103.3285       19.58040       22.42142    
  -104.4966       19.41120       23.47243    
  -91.22320       18.13890       13.46161    
  -93.49590       18.05790       3.743053    
  -93.21560       17.97400       3.618086    
  -95.29940       17.93270       2.493385    
  -91.44360       17.74810       1.666224    
  -91.53270       17.45460       8.253333    
  -99.31890       16.96810       10.69528    
  -99.31560       16.94830       33.07047    
  -89.40900       16.54560       3.842409    
  -89.57460       15.73300       3.064662    
  -101.8327       48.40480       14.69252    
  -101.8100       48.36960       14.27597    
  -113.8573       46.00310       55.36475    
  -102.9695       23.48650       19.29564    
  -98.33070       20.64440       19.42429    
  -87.95310       20.36170       11.10251    
  -100.3325       19.11840       22.55923    
  -89.33280       18.05210       6.002160    
  -94.40940       16.44370       19.22016    
  -88.93070       16.07370       2.406261    
  -101.8679       48.40700       17.29898    
  -107.3677       25.33150       19.81379    
  -102.7656       20.58020       11.37184    
  -88.18570       20.06370       9.222281    
  -88.85000       19.83270       2.910339    
  -100.9647       19.88030       13.77100    
  -90.47460       19.25790       8.345152    
  -90.45420       19.25760       21.91824    
  -88.58400       19.01120       12.25769    
  -90.91000       18.60880       2.717284    
  -100.4872       18.76140       29.81286    
  -93.54550       18.27640       1.166357    
  -96.66950       17.86060       8.230865    
  -93.91860       17.31650       2.720121    
  -90.85340       17.17010       9.584235    
  -93.50720       17.17210       8.430720    
  -89.93150       16.37720       1.895330    
  -97.79520       16.09430       4.586580    
  -97.77380       16.09390       12.50044    
  -89.90660       15.89190       7.018538    
  -89.21190       15.18840       8.527085    
  -107.3598       25.30960       20.06492    
  -84.16420       22.42700       10.58896    
  -87.80460       21.08650       1.644404    
  -88.68320       17.96460       12.91293    
  -96.03770       17.33510       11.93846    
  -95.26210       17.06520       13.04662    
  -89.98420       16.30020       4.983638    
  -88.96890       16.28750       3.328820    
  -89.39770       15.75020       2.025824    
  -108.2688       26.04140       42.01913    
  -105.6591       24.70600       18.56444    
  -102.0891       21.85360       9.644655    
  -87.95050       21.31180       3.033981    
  -87.47130       21.20340       8.802295    
  -87.84620       20.70280       4.328925    
  -100.4699       20.76080       8.753782    
  -88.82980       20.21350       4.426630    
  -90.37730       19.47590       23.91151    
  -90.35680       19.47560       16.15189    
  -88.58600       19.03110       6.686172    
  -101.2126       18.65920       11.45260    
  -95.35510       18.17130       11.29455    
  -101.4993       18.04740       25.13652    
  -90.46590       17.51740       2.824741    
  -100.9323       17.31950       30.56671    
  -94.07880       16.94650       3.870942    
  -89.52350       15.82910       2.824741    
  -89.67220       15.71480       2.054357    
  -96.76460       47.47700       6.575634    
  -108.2960       26.04260       51.80378    
  -104.4383       22.84310       14.29909    
  -105.3766       21.83320       7.797929    
  -101.6032       21.48890       10.88413    
  -88.00680       19.48110       11.69853    
  -100.4345       19.40240       28.51331    
  -93.05930       18.20850       2.199812    
  -88.68000       18.14180       2.406261    
  -90.85190       18.09370       6.080791    
  -94.12690       17.95060       4.323256    
  -91.51240       17.45430       14.34577    
  -93.84810       17.41360       7.662146    
  -99.86580       17.07840       12.18320    
  -92.28080       16.68300       12.49450    
  -89.51490       16.17770       4.612309    
  -97.79240       16.07470       11.31579    
  -97.77090       16.07430       3.603209    
  -89.20620       15.59330       8.761572    
  -88.06650       15.36830       6.334157    
  -105.7807       22.86820       29.17742    
  -102.0706       21.87380       15.07703    
  -100.4732       21.08780       7.917707    
  -104.4631       20.71240       26.61620    
  -100.2928       20.57270       10.05405    
  -88.53330       20.28960       6.833491    
  -90.81950       18.35000       4.768658    
  -90.63040       18.11010       12.28125    
  -90.61010       18.10980       8.343615    
  -102.4362       18.05070       14.91242    
  -93.99890       17.45550       2.910339    
  -100.7524       17.31540       18.82057    
  -91.11190       16.93910       3.471483    
  -90.80670       16.91520       6.748147    
  -94.96820       16.74640       2.035174    
  -90.73800       16.23250       2.183944    
  -89.91600       15.77590       3.167134    
  -89.55310       15.71340       8.502756    
  -113.4274       46.31530       67.72492    
  -118.4773       37.73160       41.84108    
  -120.7699       35.85600       40.03112    
  -81.02100       25.42380       37.73973    
  -87.71210       21.36930       6.478313    
  -102.1312       21.25770       4.944551    
  -98.07910       20.71950       10.45569    
  -88.53120       20.26940       7.906776    
  -102.9107       20.40080       71.91906    
  -88.20600       20.06400       7.237804    
  -102.1112       19.97190       29.61059    
  -88.00870       19.50110       7.913079    
  -95.24860       17.87240       10.12882    
  -95.20210       17.69390       10.07302    
  -95.73370       17.42790       6.873461    
  -95.54680       17.14900       7.967214    
  -90.00870       16.76760       8.260614    
  -91.10990       16.33470       7.688356    
  -90.69210       16.17360       12.59245    
  -89.46530       15.61570       3.908985    
  -96.29870       47.22320       7.670580    
  -106.1638       39.81770       20.14425    
  -92.21100       30.97020       4.371854    
  -105.6776       24.68530       22.15559    
  -87.77020       21.14680       3.628500    
  -102.9058       20.38030       11.41047    
  -87.98660       19.48080       7.275848    
  -90.44110       19.49690       9.299416    
  -103.0736       19.49240       17.92546    
  -100.2037       19.03500       15.19577    
  -91.30760       18.51600       7.247315    
  -91.30530       18.49610       10.75787    
  -91.59870       18.38200       2.612401    
  -89.59350       15.94610       5.847810    
  -75.56970       44.17480       11.58430    
  -105.0731       21.80250       17.88897    
  -105.3263       20.30960       21.76013    
  -88.82630       19.41270       5.463393    
  -93.67560       18.16000       3.933479    
  -90.72990       18.09190       3.195580    
  -90.72770       18.07210       7.962109    
  -91.45850       16.96370       6.897678    
  -100.1956       17.06590       32.65412    
  -95.61910       16.75800       8.602932    
  -89.76470       15.63860       6.106006    
  -105.2137       35.65440       55.85378    
  -102.0942       21.87450       17.64811    
  -87.69170       21.36900       3.994583    
  -89.30920       21.02820       20.29752    
  -90.46160       19.49720       11.08127    
  -88.98130       18.95710       2.919850    
  -101.1611       17.82050       15.78921    
  -90.02870       16.76790       5.820679    
  -108.9675       26.37750       5.833766    
  -101.7304       21.53380       18.80817    
  -104.6119       21.00410       40.70452    
  -103.8081       20.20290       12.09304    
  -103.6509       19.24590       21.88306    
  -93.57660       18.03960       2.195845    
  -96.60210       17.83950       10.82618    
  -95.72960       17.25060       21.64412    
  -94.85020       16.95980       5.999248    
  -90.83720       16.62300       14.43751    
  -93.72920       16.62770       18.56774    
  -98.48430       16.38150       11.92993    
  -89.99320       16.18380       1.987567    
  -88.00730       15.61840       4.983718    
  -96.80950       48.01060       8.348972    
  -118.5612       38.16030       47.09434    
  -90.10970       19.81170       3.823387    
  -90.62720       19.34010       4.305404    
  -95.88380       18.16180       2.377345    
  -91.02580       17.27050       8.712305    
  -93.67880       17.05730       5.592417    
  -92.21850       17.03390       2.139956    
  -94.14810       16.67370       15.24408    
  -89.63610       16.19870       4.481962    
  -106.8156       34.86520       61.54761    
  -106.7861       34.86360       65.23959    
  -106.8026       34.83970       111.8238    
  -106.7730       34.83810       150.5872    
  -108.4773       27.03780       22.30278    
  -107.3507       25.78560       57.33621    
  -106.2328       24.89930       45.19318    
  -102.5585       21.08560       5.296338    
  -88.11590       20.56540       5.672182    
  -89.82340       18.51320       4.315964    
  -100.0008       17.59520       24.34826    
  -95.72690       17.23090       49.18874    
  -96.18550       16.43560       49.67747    
  -106.0156       32.99160       91.40041    
  -105.9872       32.99010       190.3663    
  -106.9273       25.11990       23.94319    
  -106.4860       24.43810       17.83323    
  -87.83670       21.39140       9.456568    
  -101.7353       21.55450       25.56165    
  -103.1954       20.79710       11.24949    
  -93.26160       17.18770       20.88871    
  -100.4091       17.26810       14.91347    
  -95.64610       16.95450       8.997103    
  -96.18280       16.41600       29.03399    
  -84.56790       44.64590       43.09711    
  -106.6017       35.17730       18.76226    
  -104.7063       21.35680       14.84445    
  -88.72400       18.59670       11.46264    
  -95.46600       18.49090       10.55667    
  -90.63260       18.12990       4.165780    
  -95.75240       17.70430       8.947451    
  -99.68720       17.44960       13.90035    
  -92.13870       17.22850       3.072025    
  -95.75080       17.25100       18.68629    
  -93.26410       17.20730       3.671212    
  -95.24100       17.06490       20.82434    
  -99.54470       16.87440       15.34904    
  -100.2620       22.37930       2.427926    
  -88.11900       19.80230       6.634119    
  -88.74350       18.79510       6.658812    
  -100.4912       18.78150       22.67542    
  -91.32580       18.49650       5.126382    
  -90.37630       18.00780       5.221491    
  -100.5480       18.14400       23.91155    
  -99.29690       16.96760       19.79391    
  -99.54800       16.89420       11.27146    
  -93.71570       16.68610       13.24703    
  -98.42190       16.53700       16.26809    
  -96.20670       16.43600       86.36434    
  -89.83390       15.52360       3.452461    
  -98.49800       18.19660       11.47346    
  -95.17830       17.67370       10.03116    
  -92.68090       17.31560       8.439719    
  -100.8386       17.29760       10.21253    
  -89.48550       15.84800       1.332979    
  -89.24670       19.17960       3.110069    
  -89.68170       18.51110       2.916742    
  -99.36890       18.63470       22.07109    
  -99.34670       18.63420       16.64090    
  -95.21850       17.35920       5.775941    
  -89.22730       17.16740       4.536705    
  -88.93730       16.15130       3.195667    
  -88.91750       16.15110       2.967405    
  -84.57370       44.67660       45.44488    
  -116.6708       31.91360       24.74055    
  -99.06990       28.19460       1.895330    
  -106.4245       23.71300       13.61926    
  -102.3823       21.32670       42.99088    
  -87.99040       20.72510       8.714529    
  -102.1678       20.62430       11.23273    
  -90.07530       19.69100       5.408360    
  -100.6766       19.14710       25.13807    
  -89.66150       18.51080       10.78467    
  -93.62970       17.48850       2.739143    
  -100.6025       17.35150       14.93302    
  -99.41980       17.30540       19.92529    
  -93.66790       17.13560       15.85265    
  -99.58780       16.73770       30.17988    
  -93.33960       16.11480       12.04115    
  -106.7506       24.23490       20.68435    
  -101.7118       21.55380       50.52144    
  -68.77510       18.52260       17.05675    
  -98.51590       18.67500       14.73035    
  -88.45840       18.33620       3.992987    
  -91.77790       17.28180       4.651396    
  -100.8532       17.37700       7.915191    
  -94.84760       16.94020       7.408780    
  -107.0526       39.76270       18.55337    
  -116.8204       38.83110       27.61702    
  -104.4835       37.90140       14.21521    
  -81.63000       22.32110       16.15276    
  -102.4060       21.32740       30.96747    
  -102.3773       21.30600       47.38053    
  -102.5566       21.27020       20.74234    
  -102.5329       21.26950       106.0228    
  -102.5515       21.24950       16.68469    
  -102.5278       21.24880       34.03710    
  -103.6103       20.74800       40.51942    
  -102.0140       19.84760       12.49228    
  -100.6726       19.12690       18.21741    
  -98.51940       18.69500       14.30597    
  -94.18900       17.63600       6.057914    
  -93.62720       17.46880       2.986427    
  -88.74860       17.16130       2.263597    
  -98.50870       16.53870       14.12161    
  -89.66000       15.34780       4.700382    
  -110.8256       32.12090       43.07171    
  -110.8122       32.09640       58.51657    
  -84.16580       22.44750       7.903568    
  -68.77600       18.50290       14.63822    
  -102.2677       18.78630       16.79291    
  -101.5739       18.30840       9.703437    
  -88.82650       17.14280       7.133571    
  -91.46060       16.98330       10.89184    
  -91.17470       16.95960       1.578812    
  -90.93590       16.79990       2.815230    
  -89.64450       15.84990       1.921204    
  -98.43500       46.33400       4.707083    
  -107.0205       39.76070       19.28931    
  -89.92400       33.11740       7.117929    
  -112.9426       33.34790       81.09044    
  -112.9100       33.34600       80.78983    
  -110.8429       32.09810       51.91543    
  -102.5380       21.29020       56.44967    
  -102.5092       21.26880       55.46391    
  -104.2851       20.76840       9.015049    
  -103.5863       20.74730       84.86252    
  -101.9847       20.43570       22.46521    
  -98.20290       20.09390       45.19318    
  -90.23550       18.57870       3.072025    
  -90.72260       18.21020       16.00576    
  -101.1653       17.95970       40.24471    
  -91.11740       17.36990       2.606450    
  -100.9244       17.39850       25.42616    
  -98.02490       16.90200       33.86205    
  -99.00710       16.66660       14.67697    
  -98.51180       16.55840       2.371989    
  -92.90520       16.06920       16.31684    
  -87.79700       21.20810       4.187875    
  -102.5143       21.28950       39.01437    
  -103.5701       19.40520       13.90391    
  -94.91040       16.94130       4.595540    
  -90.95410       16.78060       6.392402    
  -93.43140       16.72060       2.031207    
  -82.10200       31.51010       7.143193    
  -87.81740       21.20840       7.807449    
  -87.79490       21.18780       3.512955    
  -104.1409       20.57990       68.05819    
  -101.8960       20.35180       15.88076    
  -90.80360       18.38930       2.301641    
  -91.44800       18.14240       11.88450    
  -100.1174       18.23340       29.74342    
  -102.1176       18.06260       19.92529    
  -88.80660       17.14250       2.796208    
  -98.00320       16.90150       34.12426    
  -98.14620       16.57070       7.966334    
  -97.59200       16.16860       10.71503    
  -97.01960       16.04080       11.73244    
  -90.41280       15.76280       3.024470    
  -113.5026       46.35320       40.49593    
  -120.0580       46.89420       49.97487    
  -115.5005       35.58980       296.1779    
  -115.4648       35.58750       458.3426    
  -115.4809       35.56330       129.8292    
  -115.4452       35.56090       125.7670    
  -112.9752       33.34990       53.94656    
  -112.9596       33.32470       60.77112    
  -112.9270       33.32270       111.3460    
  -103.6817       25.40550       10.07436    
  -101.7069       21.53310       42.92773    
  -101.8683       20.63620       14.97697    
  -90.64860       18.09070       5.763613    
  -100.0278       18.23130       20.92291    
  -95.73090       17.40810       7.316325    
  -100.8271       17.35660       15.45852    
  -91.22300       16.84300       5.061502    
  -98.14920       16.59030       7.598398    
  -97.98080       16.33240       7.868673    
  -98.40420       16.28200       24.23417    
  -112.6257       46.76030       57.01698    
  -115.4843       35.61400       342.8125    
  -115.4486       35.61170       544.0559    
  -115.4129       35.60930       162.4084    
  -115.4291       35.58510       832.0457    
  -115.3934       35.58270       154.3448    
  -115.4096       35.55850       175.3693    
  -87.41240       21.22290       9.312564    
  -103.6155       20.76870       28.24715    
  -103.5915       20.76790       54.76871    
  -103.5812       20.72670       45.04712    
  -104.1167       20.57920       56.39604    
  -101.8961       20.25010       7.915191    
  -88.68210       19.97050       13.56087    
  -90.24140       18.81670       5.497307    
  -100.0315       18.25130       43.44151    
  -102.3520       18.08840       12.04276    
  -100.3070       17.06830       10.86038    
  -98.57400       16.81480       6.259020    
  -98.40720       16.30160       31.90931    
  -91.30560       15.67780       2.320663    
  -97.89150       49.08890       8.241858    
  -67.74190       47.06410       2.453218    
  -80.83190       46.29750       11.35588    
  -115.0194       35.81100       379.1898    
  -114.9840       35.80870       234.1557    
  -114.9486       35.80630       82.21162    
  -115.0354       35.78670       358.1677    
  -115.0000       35.78440       644.8495    
  -114.9646       35.78200       251.2902    
  -114.9806       35.75780       408.7834    
  -103.6052       20.72740       33.73692    
  -102.8189       20.70430       5.941278    
  -90.66420       19.48050       1.374635    
  -90.71900       17.99310       13.29736    
  -90.79600       17.95490       13.32879    
  -91.20640       17.62650       2.505286    
  -95.65750       17.48550       13.33768    
  -98.52770       16.38230       13.82788    
  -98.42890       16.30210       4.043568    
  -107.0056       39.78710       20.99359    
  -115.0034       35.83530       101.6779    
  -115.0548       35.81340       190.0723    
  -115.0160       35.76010       262.5396    
  -114.9453       35.75540       167.4862    
  -103.5624       20.74660       52.67917    
  -93.61560       18.02050       3.024470    
  -100.5657       17.27160       14.03772    
  -93.82140       17.04010       3.500016    
  -93.19570       16.28770       3.909675    
  -118.2703       43.47420       33.73692    
  -115.3612       35.63110       60.20240    
  -104.7793       24.31090       14.68002    
  -88.16010       19.40340       16.17301    
  -88.13990       19.40310       13.48083    
  -90.95110       18.78800       3.072025    
  -91.46840       18.14270       13.17699    
  -94.20990       17.63640       5.474736    
  -101.4636       17.74820       15.13008    
  -91.45860       17.33570       6.185633    
  -88.70130       17.29760       12.94040    
  -90.95040       17.13230       2.805719    
  -90.93020       17.13210       3.014960    
  -114.9292       35.77970       74.05855    
  -116.6259       32.96770       172.8668    
  -116.5906       32.96550       118.8321    
  -110.0479       32.10230       63.48605    
  -106.7579       24.25650       18.12982    
  -103.2517       21.02410       12.29940    
  -101.5746       20.66880       12.43688    
  -104.1461       20.60050       42.31752    
  -89.23230       18.05070       17.10160    
  -93.48040       17.93910       1.868551    
  -94.19170       17.65580       4.379789    
  -101.4598       17.72830       12.78207    
  -93.54170       17.44760       6.808356    
  -100.3938       17.30720       9.723373    
  -98.25290       20.92740       1.499602    
  -102.3778       20.32460       13.18134    
  -88.80600       18.20270       5.189976    
  -89.21410       18.07020       7.409001    
  -91.20940       17.46940       1.986080    
  -100.6351       17.53040       8.551417    
  -99.34890       16.75230       6.362049    
  -102.5160       48.72030       25.65390    
  -102.1366       48.55960       13.21078    
  -102.1012       48.55730       13.66006    
  -113.4948       32.96900       62.53794    
  -103.8349       20.40740       14.50135    
  -88.35880       18.55230       2.596479    
  -91.35050       18.35830       4.144723    
  -91.36180       18.27940       1.365709    
  -89.23420       18.07040       23.26227    
  -101.1950       17.52360       10.38127    
  -91.69850       17.30020       1.612667    
  -90.82910       17.13060       6.947871    
  -100.5881       17.27210       26.01236    
  -98.89780       16.66430       12.86021    
  -97.32660       16.10500       9.713903    
  -97.23280       16.04470       10.17667    
  -102.5518       48.72270       24.41018    
  -102.4803       48.71800       14.87700    
  -102.4921       48.68470       37.94825    
  -102.8725       48.33740       12.74661    
  -113.5104       32.99410       275.1066    
  -113.4620       32.96710       504.6115    
  -90.27070       19.61410       3.332287    
  -105.0560       19.73150       13.47694    
  -88.35690       18.53250       2.938872    
  -103.3629       18.59450       13.90534    
  -91.34130       18.27900       6.334003    
  -102.3116       18.22710       29.17996    
  -100.0877       18.07350       19.83770    
  -102.5518       18.05360       6.683939    
  -92.51940       17.50940       11.66349    
  -99.15070       17.14180       1.636470    
  -97.84570       16.29070       9.427164    
  -112.2722       43.17410       34.43413    
  -115.3928       33.79120       176.4666    
  -115.3581       33.78900       216.7711    
  -113.5432       32.99610       320.7545    
  -113.4776       32.99210       419.3045    
  -113.4448       32.99020       22.58606    
  -113.5276       32.97100       554.1358    
  -113.5119       32.94590       124.2030    
  -113.4791       32.94390       349.6777    
  -113.4464       32.94200       201.1215    
  -110.0350       32.07790       50.16867    
  -69.41360       18.51890       18.15608    
  -90.37420       17.98800       7.539832    
  -93.53230       18.01900       1.816584    
  -93.46740       17.99820       1.951862    
  -100.0914       18.09350       17.64811    
  -88.68140       17.29740       11.08972    
  -88.69950       17.27800       10.07206    
  -98.73830       17.29080       5.198619    
  -91.44030       16.98300       5.154694    
  -95.31270       16.18600       24.50154    
  -112.5657       43.22560       4.373838    
  -119.2447       35.79700       5.626481    
  -115.3235       33.78690       84.67836    
  -113.5261       33.01920       58.78062    
  -113.4932       33.01730       25.79523    
  -108.8771       26.22030       24.61102    
  -97.52130       21.15410       1.755486    
  -91.27810       16.98060       2.006803    
  -97.32380       16.08540       1.707880    
  -105.3359       44.84390       23.00773    
  -120.3156       45.74760       45.78306    
  -120.1120       36.52490       8.866692    
  -99.72460       17.41090       10.94685    
  -93.68870       17.13590       5.713847    
  -98.13190       16.33540       16.46147    
  -102.9267       43.48740       17.35263    
  -117.9870       39.84070       46.39079    
  -120.3445       37.11170       14.31763    
  -120.3029       37.10860       23.27358    
  -106.7270       34.86040       29.50205    
  -100.0222       20.68770       37.06249    
  -100.7034       19.16790       23.01262    
  -66.93860       18.02390       2.252378    
  -88.70840       17.37600       6.736049    
  -90.65090       16.36730       1.845117    
  -101.6697       48.36060       14.03794    
  -104.2124       45.32550       16.30682    
  -103.0180       41.75020       19.13438    
  -108.9489       26.39860       11.13338    
  -104.0047       20.51450       47.37114    
  -90.64300       19.30050       9.029181    
  -99.73340       18.32400       26.06768    
  -98.88230       16.70330       4.495047    
  -93.37150       16.56340       12.52447    
  -97.77130       16.36750       17.38863    
  -105.6279       48.35860       14.59332    
  -103.5166       46.47720       14.98989    
  -91.03500       18.63060       2.404123    
  -95.58130       17.54320       8.370929    
  -91.34660       16.86440       2.967405    
  -98.75800       16.87760       22.30464    
  -98.22680       16.53310       5.003182    
  -111.7660       25.19370       53.56409    
  -104.2668       20.03320       7.212039    
  -103.0829       19.83670       28.11436    
  -93.54280       17.94020       1.636470    
  -91.46910       17.06170       13.61671    
  -91.32630       16.86410       2.425283    
  -90.85520       16.79870       2.197021    
  -98.16240       16.39470       10.40056    
  -93.47640       16.23360       10.55383    
  -104.4000       45.71180       10.65898    
  -106.7872       44.97220       21.96193    
  -118.1748       42.06850       68.00190    
  -100.5966       23.66320       19.90498    
  -101.8416       20.92140       17.31390    
  -103.0877       19.85710       18.34878    
  -88.48220       18.37600       1.100898    
  -99.45140       17.74140       14.17648    
  -91.21940       16.99930       1.835606    
  -90.86930       16.74040       1.968759    
  -98.48130       16.36180       7.192075    
