  -108.3278       47.52670       289.1462    
  -108.2893       47.52380       191.4171    
  -108.3375       47.49470       567.7979    
  -108.2990       47.49180       1222.519    
  -108.2605       47.48890       386.6637    
  -108.3088       47.45970       567.9860    
  -108.2703       47.45680       697.4598    
  -108.2319       47.45400       218.8583    
  -115.9306       47.16780       949.7760    
  -114.8416       40.87410       57.92909    
  -116.0444       32.01840       58.95327    
  -98.49810       26.15740       5.752858    
  -70.34600       18.92870       102.8071    
  -88.33450       18.29510       26.23943    
  -88.26540       17.97890       23.54951    
  -93.18470       17.89460       21.75070    
  -108.3663       47.52960       214.2730    
  -110.8731       45.17550       42.25367    
  -105.0747       43.64960       41.29404    
  -120.6793       42.76890       124.1346    
  -118.2855       34.72300       284.2050    
  -111.5652       42.74140       43.03366    
  -115.6488       43.52510       58.32051    
  -123.0313       42.62450       145.8382    
  -115.4237       47.64500       169.6091    
  -115.4951       46.64770       155.2915    
  -115.4427       40.14220       60.73421    
  -115.1280       41.82750       78.69574    
  -114.2027       43.79620       139.0465    
  -110.2274       43.46610       67.54344    
  -115.3829       47.38000       138.2893    
  -122.2879       46.08610       289.3819    
  -109.3682       40.59870       60.23287    
  -118.5965       47.96300       3605.431    
  -118.5468       47.95840       3581.406    
  -110.4810       44.74710       67.18285    
  -120.3558       36.74940       182.7898    
  -109.3500       42.75790       80.67448    
  -115.2320       40.40260       78.14735    
  -114.8619       47.95850       107.2448    
  -110.4432       44.74430       72.27663    
  -115.7984       45.01430       106.2987    
  -83.16390       42.30190       8.528645    
  -110.0690       43.48430       115.0919    
  -115.4192       43.80380       78.08684    
  -111.4839       43.29200       84.58174    
  -111.8375       42.47120       61.05548    
  -115.2853       40.29600       50.88366    
  -115.1917       39.33190       48.43733    
  -115.2383       39.17300       47.26309    
  -115.0265       47.80770       203.2006    
  -114.8863       32.64280       120.3134    
  -93.27930       30.26510       40.17577    
  -122.9020       42.41040       11.43556    
  -99.23900       21.99900       22.22849    
  -107.6191       48.91210       37.21979    
  -109.1831       44.92680       61.78667    
  -116.0668       33.36960       68.07383    
  -110.0962       50.72010       77.49973    
  -111.3100       44.84010       57.94785    
  -116.6118       44.53310       78.21732    
  -121.1877       43.90400       167.6014    
  -109.9569       42.80050       62.83778    
  -115.0099       40.69140       57.66815    
  -116.0782       38.93770       70.28691    
  -106.8786       28.59420       28.49159    
  -108.9214       48.40250       55.84155    
  -117.4990       45.21970       499.5966    
  -116.9326       44.80340       100.9060    
  -116.8886       44.79970       62.82175    
  -108.9590       41.18620       39.79363    
  -115.2986       40.26930       48.33947    
  -116.3676       33.51060       86.00777    
  -116.2664       31.55640       44.87759    
  -111.5933       43.12360       29.35596    
  -109.3017       42.78370       36.07521    
  -111.1684       45.01330       132.9890    
  -115.2453       40.37590       69.14959    
  -117.6024       45.35210       105.3174    
  -121.2543       40.68150       96.90587    
  -117.1166       46.18450       62.69127    
  -113.9698       43.54010       56.68962    
  -120.7697       43.80750       70.84571    
  -119.4984       43.69710       109.0745    
  -116.9006       42.94940       55.84155    
  -115.1269       42.40150       44.03394    
  -97.29110       20.39600       2.335219    
  -116.3625       44.90820       148.2703    
  -112.1092       43.87310       44.49058    
  -114.4689       41.07030       49.67680    
  -120.8461       40.64800       86.99491    
  -108.6696       46.22980       5.712769    
  -119.4523       43.69320       67.97534    
  -115.9930       42.84710       110.6510    
  -115.6448       42.55780       74.30853    
  -121.2211       40.65090       94.88597    
  -97.77360       37.41600       8.293536    
  -111.4526       43.94320       6.133709    
  -119.2947       43.88820       81.87051    
  -118.5430       47.99110       1671.040    
  -118.4971       47.95390       3177.902    
  -118.5928       47.99570       3842.505    
  -114.8419       32.42400       14.30197    
  -121.1372       45.48050       91.26440    
  -93.11510       17.83420       30.75290    
  -88.56710       33.44340       68.54025    
  -118.5009       47.92120       928.6284    
  -94.01530       18.20560       20.63140    
  -70.36530       18.92860       16.68759    
  -89.71060       35.93100       2.655936    
  -107.9860       25.01150       56.69264    
  -92.48230       17.88280       2.295130    
  -93.11760       17.85400       10.75766    
  -110.7764       33.00450       144.0309    
  -114.9633       32.31150       6.012105    
  -121.8030       37.87850       118.1764    
  -121.8321       37.90720       61.14798    
  -121.8471       37.88190       171.0509    
  -101.4631       26.88850       21.25382    
  -88.24320       32.93330       30.77683    
  -80.91780       38.11900       40.90881    
  -89.53430       17.03460       3.135103    
  -88.57480       18.29830       17.12407    
  -72.46600       43.67120       18.79594    
  -97.21820       30.20620       74.88404    
  -71.92920       43.40700       18.91879    
  -101.1246       50.77120       9.223474    
  -65.82270       18.13150       29.30703    
  -109.6423       30.50830       113.8989    
  -93.98200       31.64940       109.8605    
  -90.62750       16.73700       9.701131    
  -110.8616       33.42080       62.64487    
  -70.64430       43.74540       28.39747    
  -98.13750       27.47730       4.697165    
  -110.0847       27.26540       13.52523    
  -110.0562       27.26410       5.301850    
  -110.0748       27.24280       351.6043    
  -109.7212       26.93890       5.021223    
  -98.76740       26.29590       111.0005    
  -98.07430       21.37240       14.79701    
  -90.85720       30.40570       45.17535    
  -109.6930       26.93760       2.345242    
  -109.7115       26.91640       3.993927    
  -98.14340       27.49950       5.166548    
  -93.95450       30.76680       29.46096    
  -99.38890       33.62830       70.54865    
  -98.16120       27.47810       4.414868    
  -109.8933       27.14580       5.963328    
  -98.69200       26.18510       9.354239    
  -99.41480       33.62940       42.99017    
  -113.3695       31.83640       55.70283    
  -113.3227       31.81000       73.65568    
  -113.3197       31.85730       85.10144    
  -113.3051       31.83270       60.14948    
  -113.3549       31.81180       39.75917    
  -108.1677       25.42900       4.790707    
  -96.62430       19.95630       48.28266    
  -113.3841       31.86100       43.20070    
  -90.66770       17.32410       10.28975    
  -110.1149       32.55920       60.50706    
  -97.64670       21.11630       22.62794    
  -102.2004       18.24420       34.38754    
  -98.77300       26.31780       4.720551    
  -110.1246       27.35610       5.368666    
  -110.0961       27.35470       5.144832    
  -98.03710       21.74060       4.697773    
  -90.89740       33.50330       3.497818    
  -92.05280       32.24920       4.540147    
  -98.01470       21.74010       5.341940    
  -104.0840       19.07650       59.69044    
  -104.0601       19.07590       61.32133    
  -118.8431       35.01140       6.965569    
  -99.69070       25.24780       3.167078    
  -100.8811       30.91860       28.63837    
  -108.1781       25.38620       3.828557    
  -77.26380       17.85780       6.404314    
  -101.7799       31.37450       27.72237    
  -110.0640       27.59800       43.59800    
  -56.49730       50.26750       31.16753    
  -113.3168       31.90460       70.13054    
  -113.3021       31.88000       70.25368    
  -118.6426       48.00030       2583.128    
  -113.2905       31.80810       48.63517    
  -88.41410       18.71140       14.64681    
  -89.10400       17.34190       57.10352    
  -82.35670       27.63670       117.2076    
  -88.39400       18.71110       15.78812    
  -82.37610       27.61500       7.466689    
  -82.35330       27.59290       8.980071    
  -88.27370       19.12620       33.96856    
  -93.86040       16.68850       59.21751    
  -89.28240       32.19990       16.13421    
  -88.43140       18.89000       17.91856    
  -97.61140       19.25470       21.46247    
  -88.72140       18.77490       14.64681    
  -112.1232       48.76240       97.72272    
  -109.4600       31.52700       14.64684    
  -98.86040       27.78810       3.116966    
  -88.78620       18.61740       55.60080    
  -89.63050       15.00080       58.12479    
  -90.22500       14.77720       59.09435    
  -90.20520       14.77690       40.64169    
  -109.1119       40.88810       64.12646    
  -94.93600       39.41550       3.708288    
  -95.71690       17.60490       3.858624    
  -91.35610       16.37710       10.88048    
  -98.69760       26.20700       6.580423    
  -95.71400       17.58510       16.63612    
  -109.0515       26.24980       207.3266    
  -98.09220       22.00960       18.42480    
  -96.50190       19.49090       57.21706    
  -97.89970       42.33750       4.800731    
  -117.5033       41.58650       57.08103    
  -102.6243       38.19660       19.10270    
  -89.55820       32.67930       16.84760    
  -100.8586       19.37290       35.37286    
  -92.48470       17.90260       2.906496    
  -113.2846       31.90270       45.44737    
  -102.2166       22.72920       33.81815    
  -98.00230       22.00730       6.404314    
  -102.4025       18.76970       41.28476    
  -98.76930       34.77620       20.95963    
  -81.97900       32.84750       17.31754    
  -98.02900       22.02860       50.64526    
  -118.8074       46.84380       239.1532    
  -107.0526       39.76270       40.90263    
  -118.7501       34.63010       335.2047    
  -118.7118       34.62750       266.2654    
  -108.0727       25.31700       8.453178    
  -88.56130       17.72710       23.74571    
  -90.49340       16.19030       23.34464    
  -103.0275       26.85850       56.30265    
  -103.1368       26.42540       35.96208    
  -118.7642       46.80790       298.6965    
  -98.83520       23.54770       49.35622    
  -113.6358       43.99070       58.98705    
  -104.5626       40.35420       12.76520    
  -104.5786       40.38280       12.17722    
  -109.1977       26.47530       87.83578    
  -109.1699       26.47400       107.3041    
  -109.1885       26.45290       114.8903    
  -109.1608       26.45170       116.7420    
  -109.0203       25.83380       11.14453    
  -108.9928       25.83260       12.55908    
  -78.39340       47.93980       21.31435    
  -98.06970       22.00900       19.36290    
  -93.02730       16.24610       71.13984    
  -119.0245       45.75640       52.32695    
  -118.9768       45.75210       27.05046    
  -109.9662       44.67840       309.6056    
  -119.6039       35.69560       98.16404    
  -109.9598       27.17100       26.98531    
  -109.9500       27.14840       35.59734    
  -118.7587       46.83940       28.82442    
  -119.8782       41.04410       107.6697    
  -101.4302       25.11190       21.00582    
  -90.61560       19.24020       20.02729    
  -99.59360       19.12040       24.63291    
  -95.63940       18.51420       12.80605    
  -105.3902       46.28280       113.5351    
  -107.1263       29.51190       34.64003    
  -98.68500       21.40860       5.348621    
  -118.6463       47.96760       223.8881    
  -118.9191       41.78610       60.47326    
  -98.56450       36.70290       70.09550    
  -108.6267       32.09810       37.77134    
  -103.8892       30.58230       44.14640    
  -88.39790       17.90190       56.84724    
  -108.9132       42.29320       33.66150    
  -118.8755       41.78250       128.0520    
  -109.9882       27.17230       15.72180    
  -109.9784       27.14970       23.30208    
  -99.28010       22.18600       65.55032    
  -88.39970       17.92160       43.63607    
  -102.0360       20.35570       32.81275    
  -105.4137       46.31620       76.09717    
  -71.35470       18.76640       52.29567    
  -105.3548       46.28030       83.10997    
  -88.01060       41.49980       4.432406    
  -91.77840       34.23140       14.51244    
  -107.2876       24.29810       5.592500    
  -91.78430       34.25600       94.59395    
  -91.80260       34.23220       12.08367    
  -114.1626       38.61310       42.40305    
  -114.9200       35.90590       70.19551    
  -108.8591       47.33780       129.0544    
  -108.7106       26.34440       31.72672    
  -84.40180       46.52400       7.884088    
  -113.8050       45.18920       59.29903    
  -99.47270       37.51770       42.81216    
  -116.8020       32.54430       74.73078    
  -116.7845       32.51910       198.9787    
  -110.0433       27.86480       61.78667    
  -115.4648       35.58750       356.0960    
  -91.77250       34.20690       12.24403    
  -115.4291       35.58510       445.7912    
  -88.51410       17.86410       10.81743    
  -108.8204       47.33480       111.2265    
  -114.9554       35.90830       46.35797    
  -114.9840       35.80870       372.7308    
  -114.7729       33.60560       463.5828    
  -114.7389       33.60340       568.0535    
  -114.7559       33.58010       845.5451    
  -114.7219       33.57800       882.2881    
  -120.0543       41.48150       129.3711    
  -115.0034       35.83530       163.4239    
  -114.9486       35.80630       191.7581    
  -114.1032       50.92550       17.89730    
  -115.0194       35.81100       184.5831    
  -114.9646       35.78200       625.9100    
  -115.3807       35.65770       165.6412    
  -115.3968       35.63350       315.8798    
  -115.3612       35.63110       574.5734    
  -115.0000       35.78440       249.8864    
  -114.9292       35.77970       134.8417    
  -114.9453       35.75540       111.8741    
  -115.3773       35.60690       49.45473    
  -115.3417       35.60460       452.1578    
  -118.4414       34.78360       906.0156    
  -97.63460       50.59260       5.612545    
  -118.4626       34.81000       559.7361    
  -118.4246       34.80740       370.7200    
  -118.4794       34.78620       572.9282    
  -118.4034       34.78100       317.7949    
  -118.4582       34.75980       273.7442    
  -118.4202       34.75720       636.3296    
  -118.3822       34.75460       283.5241    
  -118.3233       34.72560       325.2940    
  -118.6019       39.56050       121.4711    
  -118.5387       34.81530       1310.271    
  -118.5006       34.81260       465.7307    
  -118.5556       34.79140       327.3962    
  -118.5174       34.78880       1054.075    
  -115.3928       33.79120       472.7691    
  -115.3581       33.78900       480.5981    
  -110.0463       27.24150       13.60708    
  -110.0648       27.22020       90.54682    
  -110.0364       27.21880       11.33534    
  -120.1151       35.37760       741.6229    
  -120.0749       35.37480       2210.016    
  -120.0916       35.35070       808.6194    
  -120.0515       35.34790       1311.291    
  -115.3235       33.78690       177.7312    
  -108.9741       25.85360       3.557952    
  -98.17270       37.27780       50.31828    
  -120.1386       35.40460       285.4891    
  -120.0984       35.40170       1558.899    
  -120.0583       35.39880       1375.424    
  -120.0348       35.37190       2219.781    
  -120.0115       35.34500       734.6765    
  -120.0281       35.32100       307.6158    
  -107.6051       39.55190       5.141491    
  -120.1220       35.42870       318.5304    
  -119.9948       35.36910       259.5771    
  -111.7606       51.59040       51.01413    
  -119.6547       37.81950       137.6487    
  -119.3772       39.07820       101.8201    
  -108.1265       25.31920       3.066855    
