  -120.1868       49.77060       1.634197    
  -121.0561       41.79250      0.4519047    
  -121.0097       41.78860      0.4540989    
  -109.7290       40.92940      4.5642398E-02
  -121.0210       41.76100      0.4755802    
  -122.6983       41.87560       4.595310    
  -122.6433       41.16190       4.976345    
  -120.6490       40.77120       1.258861    
  -108.3317       39.76080       5.333207    
  -120.6285       40.13160       43.47046    
  -109.1386       39.29640      7.5065628E-02
  -120.7303       40.11230       46.75323    
  -120.6859       40.10870       62.84168    
  -120.6415       40.10510       69.72726    
  -120.5972       40.10150       9.303257    
  -120.5530       40.09800       22.60408    
  -120.6989       40.08220       23.32727    
  -120.6545       40.07860       51.23342    
  -120.6103       40.07510       2.393366    
  -120.5660       40.07150       2.275026    
  -120.6676       40.05220       26.02775    
  -120.6233       40.04860       33.67113    
  -120.5791       40.04500       13.74591    
  -120.5922       40.01860       4.815328    
  -122.8139       40.14540       12.38642    
  -122.6720       40.13360       2.109401    
  -96.59600       37.80890      4.2099018E-02
  -113.1089       38.11550      0.2787755    
  -113.0737       38.11310      0.2690545    
  -98.00230       36.32180      1.8928243E-02
  -101.4070       35.66540      1.3013223E-02
  -95.40450       33.11550      5.2539002E-02
  -93.38920       32.12370      0.7844689    
  -97.53270       21.44060      8.7477513E-02
  -118.6726       46.25870      8.8477619E-02
  -111.2818       42.69170      1.0670098E-02
  -120.5349       40.04150       1.422447    
  -109.0944       39.37470      6.6852078E-02
  -122.8614       40.14930       1.777073    
  -122.7665       40.14140       4.666574    
  -122.7795       40.11490       6.524256    
  -111.9356       33.99600      0.2436735    
  -117.2811       43.98650      1.4535612E-02
  -122.6849       40.10710       4.051363    
  -111.9511       34.02150      0.2990621    
  -111.0609       43.20200      1.4759236E-02
  -94.07770       31.55900      6.2009249E-02
  -96.90320       20.30600      8.0871947E-02
  -111.7262       42.46300      0.1479288    
  -108.3500       39.78930       1.109322    
  -108.3171       39.78720       1.426615    
  -108.2988       39.75870       1.709100    
  -120.7119       40.05570       4.358108    
  -120.6364       40.02210       4.564039    
  -122.7063       40.16400       1.922091    
  -120.2695       46.53050      1.4615478E-02
  -118.6854       46.19670      0.2383723    
  -118.1458       44.42060      9.3052268E-02
  -120.7173       40.13880       49.01620    
  -96.56920       37.80780      5.5961322E-02
  -123.3668       51.72950       1.216656    
  -122.6443       49.08830      0.3752085    
  -122.6873       41.90320       1.606434    
  -120.7618       40.14240       28.38605    
  -120.6729       40.13520       66.82666    
  -118.9363       46.40900      8.9933194E-02
  -119.0029       46.32000      0.2032745    
  -117.6772       41.00790      0.1706141    
  -98.36950       35.68060      1.1963928E-02
  -98.34310       35.67950      1.1476744E-02
  -98.64710       19.03790      0.9975673    
  -121.6324       49.63700       1.057814    
  -112.8519       43.60200      6.0198061E-02
  -118.7835       42.81250      0.2631845    
  -120.1628       42.87050      0.2339850    
  -120.5219       40.06790       3.051555    
  -94.52780       17.97760      0.1804706    
  -122.8344       51.85630      2.0717241E-02
  -94.04100       18.08740      3.8175946E-03
  -121.0149       49.71370       1.064359    
  -120.2299       46.17870      0.1616718    
  -120.7488       40.16890       16.48974    
  -115.9022       39.41100      0.1330790    
  -124.0651       50.90160       1.761312    
  -124.0808       43.12670       1.386163    
  -120.5842       40.12800       21.47789    
  -123.4490       51.26680      0.3892438    
  -123.0999       41.51180      0.7627766    
  -120.7043       40.16530       37.92173    
  -123.2079       50.99040      0.2824882    
  -113.1739       38.06700      0.4426070    
  -122.6378       40.10320       1.525795    
  -111.9678       33.99800      0.1269856    
  -120.6599       40.16170       39.02061    
  -122.7192       40.13750       2.096753    
  -102.6546       31.50550      0.3130715    
  -113.2092       38.06940       1.014220    
  -113.2445       38.07180      0.3492666    
  -122.6494       41.87140       1.194715    
  -102.6282       31.50440      5.4328147E-02
  -100.7466       26.84120      6.3858420E-02
  -99.30520       49.13630      1.3976551E-02
  -91.25650       32.13280      0.1657858    
  -83.12150       37.62740      7.5053230E-02
  -83.08860       36.98120      0.3004049    
  -70.34600       18.92870      0.3875413    
  -92.48470       17.90260      1.0154070E-02
  -93.18470       17.89460      2.2334084E-02
  -92.48230       17.88280      1.6153339E-02
  -93.11760       17.85400      3.6760550E-02
  -93.11510       17.83420      3.2084174E-02
  -92.26530       18.29400      0.2361312    
  -91.95410       18.26910      7.8981832E-02
  -125.9000       53.08310       1.888657    
  -110.7764       33.00450      0.3640482    
  -80.58120       37.56690      5.2210946E-02
  -92.48940       31.69830      0.1650787    
  -109.6423       30.50830      0.2834819    
  -94.70530       30.10180      0.2426257    
  -83.50080       32.01840      6.2272005E-02
  -85.94680       15.40520      4.9198922E-02
  -110.4663       45.54750      0.6461875    
  -83.30510       30.35150      2.3334824E-02
  -89.71060       35.93100      1.9478206E-02
  -84.09930       31.02770      1.6252819E-02
  -97.03710       32.17470      0.1072252    
  -70.37480       19.22570      7.6396890E-02
  -85.34420       30.74830      1.9473424E-02
  -81.18810       28.06430      7.4270971E-02
  -85.47670       33.57060      0.2670194    
  -85.78790       31.91510      0.3256658    
  -97.01240       32.17380      0.1055753    
  -90.22310       36.57840      1.1862765E-02
  -72.25470       42.67050      0.1048058    
  -85.47330       33.54650      0.2250053    
  -96.99450       20.20700      4.1210856E-03
  -97.03000       32.15090      0.1086476    
  -84.09130       32.30910      4.6628363E-02
  -90.99260       32.31420      2.4792191E-02
  -91.86420       32.24380      1.2251443E-02
  -90.37100       30.82970      7.3044799E-02
  -90.34810       30.82920      6.8793014E-02
  -84.09410       32.33270      4.2115342E-02
  -80.59520       22.76520      3.8655144E-03
  -92.76680       18.18370      0.1186848    
  -86.02780       31.54610      8.2787029E-02
  -85.10760       30.97440      6.0385088E-03
  -80.57520       22.76500      4.1530319E-03
  -85.49620       33.54690      0.4472805    
  -85.76540       31.91470      0.4591807    
  -115.8809       47.42340      0.6246765    
  -91.98350       34.38420      1.3958580E-02
  -87.42630       33.94840      0.1788496    
  -90.99760       32.33790      8.7468140E-02
  -90.96920       32.31350      1.7239077E-02
  -86.04690       31.52320      0.2435177    
  -92.00780       34.38490      2.0589454E-02
  -86.03100       31.56940      0.1717299    
  -92.24470       18.29360      1.7985370E-02
  -83.16390       42.30190      1.5924960E-02
  -97.63740       36.10370      1.1309027E-02
  -97.62830       36.07800      1.7043404E-02
  -97.60190       36.07690      8.5202597E-02
  -90.75620       34.47070      8.5536484E-03
  -85.34120       32.09460      8.7914012E-02
  -90.04810       35.81460      9.9335555E-03
  -91.52750       31.55470      1.2978225E-02
  -87.40300       33.94790      9.2423864E-02
  -87.42210       33.92400      7.1976766E-02
  -93.09690       30.78760      0.1421913    
  -90.43780       35.92630      6.7726378E-03
  -81.19880       32.86240      4.9447522E-02
  -101.8494       31.49440      0.1525778    
  -101.8407       31.47060      8.4332101E-02
  -92.39010       18.13790      9.8070219E-02
  -90.86370       34.52280      1.2101479E-02
  -97.05280       34.53460      3.9575953E-02
  -90.78190       33.83820      2.0978361E-02
  -90.77650       33.81380      1.6183740E-02
  -91.43790       33.59080      1.9863814E-02
  -91.41400       33.59010      2.3343945E-02
  -92.34610       18.61240      0.1535487    
  -92.24220       18.27380      1.0201550E-02
  -90.75800       33.83750      9.8714372E-03
  -90.75270       33.81320      1.3061631E-02
  -82.17130       31.30220      7.9219446E-02
  -92.32540       18.61200      1.1325000E-02
  -91.91000       34.67630      5.3031025E-03
  -91.69750       34.59620      1.1420838E-02
  -91.40850       33.56580      9.2644561E-03
  -70.22450       19.08770      6.5432243E-02
  -100.0781       34.31520      3.7324872E-02
  -89.71900       37.80180      2.2362480E-02
  -90.83480       32.99810      2.1180460E-02
  -90.81120       32.99750      2.1970250E-02
  -93.84530       18.18280      9.8618530E-03
  -93.84260       18.16290      0.1641576    
  -92.22050       18.09560      7.0708026E-03
  -92.21810       18.07580      3.5276856E-02
  -91.67320       34.59550      0.1771717    
  -95.92810       33.56700      1.2963848E-02
  -95.90320       33.56610      1.4497276E-02
  -84.72920       31.31480      3.9453804E-03
  -98.08950       20.65870      5.9220637E-03
  -98.95650       36.13450      0.1486549    
  -98.92970       36.13330      3.2367025E-02
  -119.2153       36.40810      0.1032199    
  -107.9165       24.96560      0.1015953    
  -93.63910       18.04070      1.4605068E-02
  -98.96620       36.16020      8.8685572E-02
  -98.93940       36.15900      7.4337840E-02
  -82.95370       32.31610      2.5844730E-02
  -86.10020       15.07970      6.3786311E-03
  -93.11230       35.18380      7.1187229E-03
  -84.06890       32.30870      4.5238264E-02
  -111.7857       25.10790      6.5087408E-02
  -94.73760       34.64580      0.2095121    
  -111.8528       25.13260      0.1598167    
  -93.79820       18.14240      0.1061517    
  -93.79560       18.12250      5.3736649E-02
  -92.23150       18.01680      1.0833252E-02
  -90.26600       33.41400      1.0833379E-02
  -111.8627       25.08970      4.9396835E-02
  -111.7475       25.08460      0.1460782    
  -111.7187       25.08330      0.1718328    
  -111.7381       25.06250      0.1794860    
  -111.7093       25.06130      0.1841587    
  -111.6806       25.06000      0.1791936    
  -111.6331       25.01470      0.1661050    
  -98.61040       21.26330      9.0894205E-03
  -97.69220       20.89320      4.5732211E-02
  -91.95170       18.24930      0.1193115    
  -91.39410       32.23070      0.6319050    
  -111.7664       25.12870      0.1397140    
  -111.7376       25.12740      0.1349476    
  -111.7569       25.10660      0.1613035    
  -111.7282       25.10540      0.1720278    
  -111.6994       25.10410      0.1428284    
  -111.6900       25.08200      0.1574524    
  -111.7668       25.06380      0.1516028    
  -111.6519       25.05870      0.1728077    
  -111.6232       25.05750      0.1540402    
  -111.7574       25.04180      0.1481905    
  -111.7286       25.04050      0.1618397    
  -111.6999       25.03920      8.1983142E-02
  -111.6712       25.03800      0.1516028    
  -111.6425       25.03670      0.1533090    
  -111.6138       25.03540      0.1630583    
  -111.7480       25.01970      0.1525778    
  -111.7192       25.01850      8.2064956E-02
  -111.6905       25.01720      0.1663487    
  -111.6618       25.01590      0.1494092    
  -111.6045       25.01340      0.1659831    
  -111.6525       24.99390      0.1918190    
  -75.70890       20.23090      4.9895018E-02
  -71.86960       44.85680      2.9659519E-02
  -90.22760       35.64420      6.5010926E-03
  -90.77220       35.48480      4.7120941E-03
  -111.8338       25.08840      9.8078728E-02
  -111.1492       24.45510      0.1316653    
  -76.64340       20.37240      3.4182647E-03
  -92.88760       17.83040      4.2967908E-03
  -93.03820       17.71470      5.4388745E-03
  -101.1455       30.95250      0.1005405    
  -111.8240       25.13130      0.1592398    
  -111.7952       25.13000      7.3655076E-02
  -111.8145       25.10920      0.1272294    
  -111.6133       25.10030      0.1347851    
  -111.7762       25.08590      5.3049717E-02
  -109.9289       23.99770      0.2015684    
  -68.42720       18.50510      2.8851399E-02
  -92.37410       31.60160      0.1961846    
  -96.78520       31.22900      3.2854207E-02
  -111.8335       25.15340      0.1290818    
  -111.8722       25.11180      0.1027950    
  -111.8433       25.11050      0.1090468    
  -111.8050       25.08710      9.1562897E-02
  -111.8532       25.06760      8.1041701E-02
  -111.2698       24.54620      0.1394161    
  -111.1581       24.47700      0.1362475    
  -111.1210       24.45390      0.1220135    
  -111.1403       24.43330      0.1280689    
  -92.51500       17.98200      7.3044799E-02
  -93.27100       16.23040      5.6851063E-02
  -97.60720       36.89260      7.2518326E-03
  -111.8623       25.15460      0.1580618    
  -111.1121       24.43210      6.0260065E-02
  -111.0224       24.27820      0.1396598    
  -90.71300       36.06020      1.5541925E-02
  -90.52140       35.55250      1.8202601E-02
  -90.47120       35.22730      8.7840306E-03
  -91.41950       33.61440      2.9140441E-02
  -91.78440       32.62000      4.1468408E-02
  -113.8362       27.78230      0.2263127    
  -113.8053       27.78080      0.2607997    
  -113.7744       27.77920      0.2592042    
  -113.8243       27.75930      0.2411016    
  -113.7934       27.75770      0.2429425    
  -111.8817       25.13380      0.1001748    
  -112.0363       25.03250      0.2359349    
  -112.0074       25.03120      0.1218702    
  -112.0268       25.01040      0.2409315    
  -112.0462       24.98970      0.2266730    
  -111.9701       24.87830      0.2291104    
  -111.9412       24.87700      0.2377629    
  -111.1315       24.41150      0.1245483    
  -111.0486       24.34360      0.1165965    
  -111.0417       24.25760      0.1408297    
  -111.0136       24.25640      0.1466063    
  -85.83960       15.84760      5.2785564E-02
  -90.44700       35.22660      1.0342647E-02
  -90.98420       34.52620      1.6288102E-02
  -91.24220       34.19140      1.6029106E-02
  -82.83820       32.92990      4.4189692E-02
  -92.01590       31.24260      5.5218391E-02
  -111.8915       25.09100      6.9951780E-02
  -112.0557       25.01170      0.2364224    
  -112.0367       24.96760      0.2344116    
  -97.81520       38.78580      0.1120845    
  -97.80460       38.75860      6.5011278E-02
  -87.44960       33.94890      0.1718608    
  -90.76340       33.86190      1.3577221E-02
  -99.92480       34.11290      0.1029984    
  -91.44340       33.61510      2.4235338E-02
  -91.41750       32.23140      0.4986217    
  -84.41640       31.10180      4.7919601E-03
  -113.8314       27.71490      0.2171080    
  -113.8005       27.71330      0.2298719    
  -113.7696       27.71170      0.2426708    
  -113.8195       27.69190      0.2250241    
  -113.7886       27.69030      0.2351983    
  -113.7958       27.64590      0.2158807    
  -113.7649       27.64430      0.2375834    
  -113.7839       27.62290      0.2259445    
  -113.7531       27.62130      0.2297083    
  -112.0178       24.92360      0.2096116    
  -111.9889       24.92230      0.2386160    
  -111.9795       24.90030      0.2394556    
  -111.3058       24.63380      0.1189424    
  -111.2684       24.61060      0.1253404    
  -111.2877       24.59000      0.1152864    
  -92.74610       18.18340      5.3207666E-02
  -90.14280       36.01860      6.8173623E-03
  -97.47830       26.53780      0.1900154    
  -111.8430       25.17540      5.2037198E-02
  -111.0399       24.32180      0.1166513    
  -92.49080       18.11980      0.1302215    
  -113.3689       28.50160      0.2688797    
  -113.8173       27.80380      0.2744226    
  -113.7863       27.80220      0.2761408    
  -113.8124       27.73630      0.2484040    
  -113.7815       27.73470      0.2396902    
  -113.7767       27.66730      0.2372765    
  -113.7459       27.66570      0.2355174    
  -113.7341       27.64270      0.2470049    
  -97.45500       26.53710      6.8550229E-02
  -97.47290       26.51590      7.8491993E-02
  -97.44960       26.51520      0.1151362    
  -111.2787       24.56810      0.1389286    
  -111.2712       24.48180      0.1589148    
  -111.0117       24.32060      0.1064510    
  -92.26770       18.31380      1.2223491E-02
  -90.33030       34.70430      5.6065931E-03
  -91.44180       33.71160      9.4912751E-03
  -92.77370       33.00610      0.5668274    
  -91.38890       32.20700      0.3929642    
  -86.61890       31.30180      0.3343129    
  -113.8076       27.66890      0.2295037    
  -111.2623       24.46000      0.1559088    
  -111.1686       24.43450      0.1099242    
  -71.51380       19.34000      0.1078593    
  -97.94790       35.66300      7.1133990E-03
  -92.80350       33.03090      0.2733396    
  -92.77960       33.03020      0.5283724    
  -92.79770       33.00680      0.2306954    
  -91.47030       32.04460      1.0620398E-02
  -111.2490       24.63130      5.6240678E-02
  -111.0205       24.34240      0.1013935    
  -98.54140       21.36390      1.3880710E-02
  -90.98980       34.55090      5.7671294E-02
  -91.13510       32.43610      5.3989412E-03
  -89.86610       34.76550      0.3512982    
  -91.38050       32.49020      1.5492229E-02
  -91.35690       32.48950      1.2042018E-02
  -111.1775       24.45630      0.1316166    
  -111.0928       24.45270      9.5056430E-02
  -92.22410       18.29330      1.3161917E-02
  -94.86520       38.02780      3.3166111E-02
  -96.45120       36.87060      3.8884405E-02
  -91.52340       34.37050      9.9552972E-03
  -91.62970       34.00790      1.2171577E-02
  -91.60560       34.00720      1.1956666E-02
  -90.93940       33.26420      1.4327960E-02
  -90.93410       33.24000      0.5089920    
  -86.62230       31.32500      0.1129829    
  -113.9015       27.96530      0.1524297    
  -111.1509       24.39080      0.1579399    
  -111.1420       24.36900      0.1406348    
  -111.1138       24.36780      7.1182966E-02
  -111.0699       24.25880      0.1338914    
  -97.83920       38.36180      0.1273466    
  -98.08990       37.68990      0.3716803    
  -98.06280       37.68870      0.3438255    
  -98.07980       37.66340      0.2876823    
  -98.05270       37.66220      3.5061173E-02
  -95.38880       33.40320      1.2617491E-02
  -90.91570       33.26350      1.1133321E-02
  -90.91040       33.23940      1.5086687E-02
  -91.37530       32.46640      9.6478136E-03
  -113.8123       28.14070      0.1949875    
  -111.9419       24.81230      0.2395909    
  -111.9131       24.81100      0.2642081    
  -111.0999       24.19580      0.1596461    
  -96.12790       18.08730      4.9996115E-03
  -91.24780       34.21590      1.9678980E-02
  -91.22380       34.21520      0.2190825    
  -91.49380       33.83410      1.1317013E-02
  -90.28960       33.41460      1.2983017E-02
  -111.9513       24.83430      0.2566524    
  -111.9225       24.83300      0.2668892    
  -111.2850       24.31080      0.1412035    
  -111.0030       24.29880      5.0932638E-02
  -111.2761       24.28890      7.5478487E-02
  -97.78760       38.78450      3.7973177E-02
  -90.19920       35.51840      1.4008496E-02
  -98.88850       28.56760      5.3829686E-03
  -112.0272       24.94560      0.2369099    
  -111.9984       24.94430      0.2607958    
  -111.9607       24.85630      0.2660605    
  -111.0311       24.30000      0.1273512    
  -111.0505       24.27940      6.4647630E-02
  -110.9942       24.27700      5.7182956E-02
  -111.0718       24.19460      0.1525778    
  -90.78030       34.47140      6.0644913E-03
  -90.21020       30.94100      5.1234039E-03
  -94.37180       29.68240      4.1210856E-03
  -113.7721       27.59990      0.2604315    
  -113.7413       27.59840      0.2700043    
  -87.14480       15.32030      0.1393514    
  -90.87830       34.37630      1.1534102E-02
  -90.72880       33.81250      1.3018158E-02
  -111.9845       33.97440      0.1428182    
  -84.45750       31.26420      3.7598688E-02
  -112.0656       24.96890      0.2071743    
  -112.0083       24.90160      0.2321164    
  -108.3646       39.76290      0.2583333    
  -89.83800       37.88360      2.0919569E-02
  -112.5134       34.77200      0.1718328    
  -98.87410       22.19560      1.4104337E-02
  -89.86320       37.88440      2.1867309E-02
  -89.83180       37.85730      2.0924894E-02
  -98.81430       37.48770      6.6288784E-03
  -90.31460       35.17320      5.5906200E-03
  -90.95280       33.00130      6.9084088E-03
  -111.9895       24.85750      0.2332538    
  -98.47390       21.36210      1.0486405E-02
  -97.33470       34.54560      3.6077250E-02
  -85.72960       33.26320      0.1400833    
  -91.57760       34.39650      0.3390997    
  -90.56770       34.05060      4.7799801E-03
  -91.37000       33.70960      1.1708356E-02
  -90.51570       33.37260      9.7915707E-03
  -112.0278       24.88080      0.2107084    
  -111.9989       24.87950      0.2088804    
  -101.6202       18.64940      0.1951114    
  -89.79330       36.94970      3.0995106E-02
  -89.88740       36.82420      1.1622499E-02
  -90.69160       34.39550      1.0781909E-02
  -91.16710       34.38450      0.1636282    
  -90.85420       34.37560      2.0626726E-02
  -91.39390       33.71030      1.0228172E-02
  -91.75540       32.59540      6.9483421E-03
  -106.9874       30.26210      0.1023685    
  -89.78740       36.92390      1.9806769E-02
  -89.14120       36.54830      1.9462202E-02
  -89.11670       36.54760      1.8720590E-02
  -91.16150       34.35990      1.4471718E-02
  -91.87720       32.19710      5.3259213E-03
  -111.3046       28.55520      0.2142426    
  -91.58340       34.42120      2.0701267E-02
  -90.85980       34.40020      1.6691994E-02
  -115.5669       32.63620      1.4546261E-02
  -112.0184       24.85880      0.2222858    
  -83.43270       34.60480      8.0139071E-02
  -91.66530       34.05760      1.9183815E-02
  -91.36680       33.90320      7.5473376E-03
  -90.30070       33.80080      9.5626228E-03
  -87.30580       30.66950      0.1382594    
  -111.2487       28.43950      0.2066868    
  -113.9504       27.18500      4.4427987E-02
  -113.9196       27.18340      4.7864404E-02
  -101.1290       32.19350       2.629600    
  -101.1203       32.16940      0.1212019    
  -91.46290       30.69650      4.1690050E-03
  -113.8772       27.15910      5.2241750E-02
  -92.48830       18.10000      7.4355893E-02
  -91.48190       34.29590      6.4782728E-03
  -113.9080       27.16060      3.9150629E-02
  -90.08460       36.93240      3.9605945E-02
  -90.61890       35.55530      8.0664661E-03
  -94.72360       34.76850      0.1017346    
  -101.0942       32.16830      8.8858850E-02
  -93.12090       17.71610      4.8458697E-03
  -89.27080       36.80700      6.5005600E-02
  -89.24620       36.80640      7.8747876E-02
  -89.26510       36.78130      3.9326016E-02
  -89.24060       36.78060      4.5725953E-02
  -90.10870       36.29560      2.3086600E-02
  -98.55980       35.48820      1.0158955E-02
  -98.55060       35.46280      0.2046831    
  -90.68380       33.49740      1.5612916E-02
  -90.66010       33.49680      1.4224136E-02
  -101.1030       32.19240       1.196957    
  -92.22620       31.03990      1.3225811E-02
  -91.39970       16.98240      5.5506867E-03
  -90.87270       34.35170      8.8491533E-03
  -87.30240       30.64650      0.1290421    
  -74.27230       20.09090      4.7554560E-02
  -107.4182       37.28460      0.4947507    
  -90.76180       36.16270      6.8365294E-03
  -91.62530       32.85320      1.1692383E-02
  -91.78960       34.37840      1.1361738E-02
  -90.80570       33.83880      1.0132333E-02
  -101.1378       32.21750       2.769894    
  -101.1551       32.19460      0.3550056    
  -97.82360       30.13570      4.9039323E-02
  -97.79920       30.13480      1.3771341E-02
  -97.79250       30.11170      6.5850183E-02
  -112.0553       29.64100      0.2047369    
  -97.43330       38.63570      6.4590745E-02
  -90.53940       33.37330      8.8012340E-03
  -90.53420       33.34910      9.8474780E-03
  -82.01560       32.51630      3.1232376E-02
  -93.04060       17.73440      4.8611774E-03
  -92.12590       18.33130      6.5863073E-02
  -97.81690       30.11260      9.2165358E-03
  -113.5901       28.06180      0.3229481    
  -113.9272       27.13930      0.1291792    
  -113.8964       27.13780      0.1225984    
  -113.7577       27.68870      0.2147762    
  -113.7269       27.68720      0.2182126    
  -85.79550       15.46160      7.1095452E-02
  -108.3135       39.73240       2.567211    
  -113.5284       28.05860      0.2615271    
  -98.78700       37.48650      0.1045408    
  -90.82280       34.44810      1.1356944E-02
  -90.87420       33.71980      9.7117061E-03
  -91.46510       32.02100      1.0743119E-02
  -107.4304       24.41040      0.3195053    
  -90.79880       34.44740      9.3682818E-03
  -113.6846       27.95420      0.2917501    
  -91.27330       34.11920      2.1531874E-02
  -91.24930       34.11850      1.4567558E-02
  -90.89800       33.72040      8.4072268E-03
  -101.1117       32.21640      0.5278149    
  -113.4668       28.05550      9.7493768E-02
  -113.4925       27.98930      0.1464844    
  -113.4806       27.96620      0.1316166    
  -113.4687       27.94320      0.1238171    
  -101.0598       20.00430      4.3035187E-02
  -87.51560       15.32400      3.9232511E-02
  -91.22300       33.89910      8.1871524E-03
  -90.64610       32.65990      4.2504497E-02
  -120.0501       38.03430       1.487459    
  -90.05380       36.90590      0.1610480    
  -91.46580       33.08730      6.6927709E-03
  -117.3304       33.94070      3.0178916E-02
  -97.20110       38.73200      0.1053206    
  -120.5400       40.12450       2.064918    
  -120.5088       40.09440       2.596418    
  -91.56320       34.03030      1.2222691E-02
  -91.49520       33.73740      4.0779576E-02
  -91.47130       33.73670      3.0117467E-02
  -91.48960       33.71300      3.8610421E-02
  -91.46570       33.71230      0.1428301    
  -96.06320       33.52350      6.3629031E-02
  -91.55600       32.11750      4.5443755E-03
  -101.1466       32.24150      9.6435979E-02
  -101.1639       32.21860      0.1644047    
  -89.40710       36.75960      9.7330045E-03
  -116.6697       31.96120      0.6641066    
  -116.6528       31.93640      0.3366622    
  -94.08770       17.96960      5.9934225E-02
  -122.8456       38.94840      0.5417926    
  -97.83130       35.10900      4.3459043E-02
  -120.6155       40.15810       16.91460    
  -90.28210       33.82450      1.0158956E-02
  -112.0167       33.97630      0.3758733    
  -117.2940       33.93830      3.0270865E-02
  -116.6348       31.95910      0.2357160    
  -116.6180       31.93420      0.2377407    
  -90.67850       33.47320      1.2810506E-02
  -91.04600       31.12390      7.8074597E-02
  -90.55790       33.34970      5.2072629E-03
  -97.04430       32.19860      7.7300958E-02
  -97.01950       32.19770      0.1053726    
  -121.4331       39.45720       1.246132    
  -86.08090       15.07960      4.0731663E-03
  -108.3464       39.73450      0.2277855    
  -91.71450       33.96180      5.3856303E-03
  -91.43160       31.97310      5.8062575E-03
  -90.80660       34.69310      1.8554868E-02
  -97.62700       37.30600      9.5839202E-03
  -115.6011       32.63830      1.1340972E-02
  -97.63670       37.33230      6.7635095E-03
  -97.46610       37.29910      4.8865434E-02
  -90.54580       35.55320      1.2116812E-02
  -122.8521       41.37720      0.2510586    
  -84.76290       35.21880      4.2448875E-02
  -92.01410       34.31180      5.3989412E-03
  -112.2703       36.83290      0.2898003    
  -120.7359       40.19550       5.905172    
  -120.6914       40.19180       14.99224    
  -90.01320       36.09060      4.4086031E-03
  -96.95480       31.39780      3.3114132E-02
  -96.86300       38.90420      4.2731255E-02
  -120.6469       40.18830       4.752188    
  -121.4644       39.48690       1.354219    
  -121.4195       39.48330       2.549167    
  -121.3883       39.45360       1.260679    
  -121.5022       50.24950       1.782823    
  -103.8818       23.79150      2.3185086E-02
