  -109.6423       30.50830       7054.319    
  -112.2858       30.57760       1984.963    
  -76.09900       20.41170       330.6139    
  -76.07960       20.41170       1955.762    
  -92.44350       16.31510       1019.474    
  -92.44570       16.33460       1364.609    
  -101.4585       31.68890       2264.956    
  -93.11510       17.83420       1306.735    
  -92.26360       16.15680       1446.910    
  -92.43280       16.21770       1530.808    
  -93.18470       17.89460       1055.732    
  -92.40280       16.31450       1976.292    
  -108.1762       30.57390       14710.68    
  -92.41240       16.21730       1651.336    
  -110.8616       33.42080       5691.734    
  -92.47780       16.25720       444.6187    
  -92.34920       16.19700       214.1662    
  -66.07320       46.09760       6255.704    
  -70.34600       18.92870       5710.181    
  -71.19060       18.41210       2618.888    
  -80.62850       26.81480       438.3755    
  -80.58070       26.70630       1060.245    
  -80.52690       26.49000       469.0483    
  -80.46120       26.79180       988.5844    
  -92.48470       17.90260       177.5217    
  -81.08430       26.79700       2198.241    
  -80.97900       26.77440       206.8373    
  -81.25880       26.60400       1046.219    
  -81.18960       26.81960       451.9476    
  -69.56590       18.57720       288.6764    
  -81.27960       26.60420       285.0120    
  -103.5400       31.49770       1785.482    
  -92.53100       15.03790       363.1867    
  -92.39790       14.92040       1531.146    
  -81.16880       26.81940       1462.087    
  -80.91000       26.66570       278.4974    
  -92.51470       15.07620       210.0946    
  -80.91140       26.68740       765.4608    
  -76.70150       20.35240       169.3785    
  -106.1945       29.92620       2528.282    
  -69.64460       19.05110       674.4425    
  -92.55710       15.09610       2256.626    
  -97.95030       31.78460       1978.253    
  -97.86360       32.29970       3512.385    
  -83.16390       42.30190       553.2300    
  -77.01060       20.21280       348.5290    
  -90.45360       14.89530       1789.389    
  -77.17840       20.93660       381.9161    
  -92.86120       41.29270       1446.188    
  -72.53910       19.31700       2851.605    
  -82.11600       22.75640       791.5190    
  -82.09590       22.75620       4869.050    
  -123.2027       51.56650       15304.57    
  -98.03830       29.96050       1830.398    
  -98.01400       29.95970       1816.469    
  -104.6225       20.86080       2335.541    
  -72.23110       19.25830       1205.837    
  -123.1388       51.55980       221315.4    
  -78.40090       21.28400       2251.339    
  -99.90560       18.76730       1425.802    
  -72.40750       19.11900       265.4683    
  -104.5222       19.61440       9712.050    
  -92.56460       41.96280       537.4512    
  -87.74050       41.69090       1543.221    
  -94.24000       16.24590       2125.453    
  -72.03950       19.17950       1425.802    
  -69.64380       19.07090       711.2973    
  -114.8324       32.20800       4572.475    
  -104.6063       21.43610       4388.906    
  -112.2598       30.52960       13055.08    
  -97.81340       38.91930       1932.308    
  -94.05930       34.15720       2283.163    
  -114.8483       32.23280       6560.721    
  -111.9237       30.62780       3708.172    
  -97.36350       42.95090       361.5581    
  -102.9685       32.77370       2528.282    
  -107.4157       24.51670       2500.897    
  -111.8930       30.62620       5236.776    
  -109.0059       26.20400       332.2426    
  -89.96330       43.35330       2080.983    
  -94.61670       40.57930       351.7862    
  -112.2728       30.55360       4598.744    
  -104.2354       19.80890       1758.193    
  -94.31180       33.29440       3155.768    
  -104.3456       19.77150       1303.319    
  -96.92360       15.96110       2222.261    
