  -106.7591       45.77720       18833.44    
  -115.1751       45.79860       217758.7    
  -121.7223       44.73550       1231006.    
  -118.0505       43.99130       146733.3    
  -118.0060       43.98750       133966.5    
  -118.0155       43.95840       79932.50    
  -117.9710       43.95470       101807.3    
  -120.2780       41.07680       154337.3    
  -120.2333       41.07320       489542.2    
  -120.1887       41.06950       628418.1    
  -111.4442       40.40690       10558.77    
  -120.2454       41.04610       912712.9    
  -120.2008       41.04240       320969.6    
  -120.2130       41.01540       276930.8    
  -123.5085       41.15140       445129.5    
  -114.5519       40.10410       61096.75    
  -114.5141       40.10130       166568.1    
  -114.4765       40.09850       41131.16    
  -114.5277       40.07480       235059.4    
  -114.4901       40.07200       542708.1    
  -114.5036       40.04560       389843.2    
  -114.4660       40.04280       310784.3    
  -114.4284       40.04010       158498.6    
  -120.7800       40.39260       306010.9    
  -120.7352       40.38890       349798.5    
  -120.7927       40.36590       1389231.    
  -120.7480       40.36230       478039.8    
  -120.7033       40.35870       346309.4    
  -120.7608       40.33560       878166.7    
  -120.7161       40.33200       883973.1    
  -120.8630       40.31630       1226598.    
  -120.8183       40.31260       1013905.    
  -120.8759       40.28970       1127514.    
  -120.8311       40.28600       1749914.    
  -120.7864       40.28240       1481966.    
  -120.7993       40.25580       889149.2    
  -108.5671       39.34120       55343.03    
  -97.47110       38.66390       19180.86    
  -122.7882       40.19840       206991.5    
  -122.7408       40.19450       156685.8    
  -122.7536       40.16800       187939.2    
  -122.7063       40.16400       121886.9    
  -122.6378       40.10320       165378.0    
  -120.9109       39.93440       421951.2    
  -120.8664       39.93080       1791167.    
  -112.6511       39.31410       24846.39    
  -120.9240       39.90800       256350.5    
  -120.8795       39.90440       1090393.    
  -120.8351       39.90080       1274065.    
  -120.8927       39.87800       846645.5    
  -120.8483       39.87440       1144505.    
  -121.1423       39.84330       770576.6    
  -121.0975       39.83970       305015.5    
  -122.9049       39.96020       246912.7    
  -121.1108       39.81340       679587.7    
  -122.9654       39.93770       522801.4    
  -122.9180       39.93380       1572393.    
  -122.8706       39.92990       1886133.    
  -122.8234       39.92600       309770.4    
  -122.9311       39.90740       296951.1    
  -122.8838       39.90350       1832028.    
  -122.8365       39.89960       2491550.    
  -122.8497       39.87330       470348.0    
  -122.8157       39.84300       1375477.    
  -122.7686       39.83910       1074076.    
  -122.8289       39.81670       931106.0    
  -122.7818       39.81280       1631715.    
  -122.7348       39.80890       783812.2    
  -122.8421       39.79040       1075444.    
  -122.7950       39.78650       408865.8    
  -122.7011       39.77880       500761.0    
  -122.8083       39.76020       226849.6    
  -122.8081       39.56890       609257.7    
  -122.6678       39.55740       667502.8    
  -122.9626       39.55430       223345.2    
  -96.62610       37.52340       5810.033    
  -122.2625       38.87450       150645.3    
  -122.2171       38.87080       85775.90    
  -122.4389       38.72740       338551.2    
  -122.3934       38.72370       251297.1    
  -122.4076       38.69800       455547.7    
  -122.3621       38.69440       428023.3    
  -122.1048       38.64710       114387.3    
  -123.0021       38.66530       119683.1    
  -122.3598       38.61380       222598.0    
  -122.3288       38.58460       1052394.    
  -117.9708       37.40610       17502.63    
  -121.7520       37.50600       117153.8    
  -121.5931       37.46760       101018.8    
  -121.6518       37.44590       277729.3    
  -121.6084       37.44260       493896.0    
  -121.5650       37.43920       527398.7    
  -121.5216       37.43590       193941.5    
  -121.6672       37.42090       261645.9    
  -121.6237       37.41750       649327.8    
  -121.5803       37.41420       899519.1    
  -121.5370       37.41090       616240.4    
  -121.4937       37.40760       112796.4    
  -121.6391       37.39250       280665.7    
  -121.5957       37.38920       504143.2    
  -121.5523       37.38590       765696.4    
  -121.5090       37.38260       228102.2    
  -121.5677       37.36090       254534.7    
  -121.5244       37.35760       360708.7    
  -121.5553       37.30760       940168.4    
  -121.5120       37.30430       1263564.    
  -121.4688       37.30100       1302488.    
  -121.5275       37.27940       728474.1    
  -121.4843       37.27610       1140847.    
  -121.4412       37.27280       835820.3    
  -121.4998       37.25120       193736.1    
  -121.4566       37.24790       353859.1    
  -121.4291       37.21970       245979.6    
  -121.4446       37.19480       311380.9    
  -121.4016       37.19150       452110.5    
  -121.3586       37.18820       379243.9    
  -121.4171       37.16660       420900.7    
  -121.3741       37.16330       643339.7    
  -121.3312       37.16010       370645.6    
  -121.2884       37.15680       209273.2    
  -122.3355       37.15870       169782.7    
  -122.1592       37.14510       62520.57    
  -122.1341       37.03900       467147.3    
  -118.5001       36.17750       990752.4    
  -118.4612       36.17470       190181.5    
  -117.6099       36.06370       263984.5    
  -117.5720       36.06100       139721.1    
  -117.6259       36.03930       124117.7    
  -117.5880       36.03660       267753.5    
  -117.5501       36.03400       368870.3    
  -106.2764       34.24390       346468.8    
  -110.7725       33.63470       62120.75    
  -110.7893       33.61130       133832.3    
  -110.7581       33.60950       134689.2    
  -110.7268       33.60770       97863.94    
  -110.7749       33.58610       39921.73    
  -110.7436       33.58430       45337.69    
  -110.6357       33.55380       87331.89    
  -91.38570       32.72750       632.5699    
  -110.6214       33.52860       110545.1    
  -110.5903       33.52690       102962.4    
  -110.9530       33.47460       42270.78    
  -106.9498       47.82010       18508.93    
  -113.6651       48.32080       50961.91    
  -117.7230       46.20600       92812.41    
  -121.6718       44.73090       870780.8    
  -105.8981       41.32730       8521.382    
  -114.4524       40.06930       726408.9    
  -120.7546       40.25220       239964.8    
  -108.0605       38.93240       6096.680    
  -122.7812       39.62130       316139.9    
  -122.9290       39.52430       53902.02    
  -122.3741       38.58820       392501.3    
  -122.1174       38.54100       45854.16    
  -121.5398       37.33260       505215.0    
  -121.3157       37.18500       79452.63    
  -105.8778       35.84110       75124.68    
  -110.6956       33.60590       26380.13    
  -110.6046       33.55200       138693.8    
  -117.2342       33.20060       2918.851    
  -109.6423       30.50830       51584.53    
  -113.5132       47.15590       50385.41    
  -121.7149       44.76530       405127.9    
  -121.6214       44.72640       238536.9    
  -109.2088       39.11210       28590.05    
  -117.6479       36.06630       43563.62    
  -106.2641       34.21870       388568.4    
  -110.7412       33.63290       86012.62    
  -92.04960       32.13130       8121.618    
  -106.7350       45.74420       13207.36    
  -121.5321       44.47560       140894.7    
  -123.4239       41.22860       89889.53    
  -122.8025       39.86930       423482.4    
  -122.3765       38.66870       191453.0    
  -117.9468       37.37820       41408.95    
  -118.7402       37.22740       40450.77    
  -118.4842       36.20190       164602.1    
  -117.6639       36.04190       78353.95    
  -106.2474       34.24240       96931.66    
  -111.7248       34.05720       76364.85    
  -92.05500       32.15500       62208.43    
  -116.0346       47.60030       51077.20    
  -114.6956       45.79000       78172.33    
  -117.8283       43.97250       73430.32    
  -121.1012       42.95110       17027.27    
  -105.8475       40.68020       320791.8    
  -120.1563       41.03880       276901.2    
  -122.7893       39.89570       81931.29    
  -118.1788       37.81490       37576.23    
  -106.2888       34.26910       205218.1    
  -111.7402       34.08270       18424.10    
  -117.0392       45.73830       59205.74    
  -117.5606       45.16340       33186.72    
  -120.3479       44.76440       14011.87    
  -120.1685       41.01170       131922.2    
  -108.6612       39.53680       72695.65    
  -122.6878       39.80510       292130.0    
  -118.3834       37.54090       14997.03    
  -122.1622       37.06720       215233.3    
  -105.8646       35.81520       202272.3    
  -118.5837       36.36270       50801.77    
  -106.3055       34.24550       205064.9    
  -91.21880       32.39110       623.6439    
  -112.2700       32.80060       14476.30    
  -93.80490       30.92380       3149.207    
  -105.8278       40.59560       457862.6    
  -122.7480       39.78260       337578.0    
  -108.4896       38.37220       33189.79    
  -120.3312       44.64120       19459.74    
  -120.9716       44.48600       17492.07    
  -97.48090       38.26690       35120.65    
  -122.8617       39.65520       805990.6    
  -122.1480       38.57020       59435.92    
  -117.9134       37.63770       17151.21    
  -92.93500       33.37050       8747.727    
  -113.7421       51.84240       1978.046    
  -113.0814       50.15740       2158.950    
  -112.0765       49.27040       12998.98    
  -113.1045       47.41460       52057.24    
  -97.53500       36.83820       31985.24    
  -117.9959       37.77510       48012.63    
  -117.9376       37.66570       21520.22    
  -115.8374       36.76160       11284.10    
  -116.9898       47.26110       40990.61    
  -119.0440       38.97170       34968.70    
  -110.3755       37.15220       16703.42    
  -115.8585       36.78890       19707.45    
  -117.6859       36.06900       73503.76    
  -117.3646       33.37940       15797.04    
  -113.1020       48.47390       24912.70    
  -120.2909       44.60730       59955.18    
  -122.4357       41.65350       43385.74    
  -122.3081       38.87810       490235.2    
  -122.9210       38.55170       51224.75    
  -106.2931       34.22030       179293.5    
  -106.2351       34.21720       81322.38    
  -114.7362       30.50380       15046.03    
  -122.4992       52.48750       158247.1    
  -114.4794       51.24940       13541.25    
  -119.5768       45.27810       36902.91    
  -121.6644       44.76070       162988.2    
  -121.0448       44.40180       18111.81    
  -110.4930       37.23740       12146.84    
  -118.2871       37.09030       16953.36    
  -113.5501       52.34770       1780.479    
  -114.4787       51.28570       12518.69    
  -120.2595       46.02410       24161.70    
  -120.2135       45.30420       39363.11    
  -120.2990       44.57760       34399.56    
  -118.2000       44.39500       15609.62    
  -121.0940       44.40620       24006.31    
  -120.2576       41.01900       343811.6    
  -118.0708       37.30890       36126.01    
  -115.9619       30.83150       22167.64    
  -120.2901       41.04970       110696.6    
  -99.14690       24.18850       8123.934    
  -118.5025       44.63300       24342.97    
  -121.0529       44.37230       14823.33    
  -122.9830       40.51940       60935.21    
  -120.3472       44.58190       31420.62    
  -118.9276       37.05890       20742.55    
  -112.9664       52.18140       2366.038    
  -120.4710       45.73060       21504.87    
  -121.5821       44.48010       68026.07    
  -120.9581       44.72750       39475.06    
  -96.67480       41.31040       2492.195    
  -108.7418       39.51480       314379.1    
  -108.7235       39.48650       222498.9    
  -122.6507       40.07670       970444.7    
  -110.8879       33.51950       25516.96    
  -122.8028       38.00980       229172.1    
  -97.81050       22.27050       1226.619    
  -122.7924       40.08850       661232.3    
  -118.4136       37.49080       22711.48    
  -113.5156       44.92020       516562.5    
  -113.4750       44.91700       556665.9    
  -112.6001       34.06040       52622.26    
  -122.6714       42.76720       56669.18    
  -110.7428       40.63590       174864.1    
  -117.5341       36.05840       156105.8    
  -117.5123       36.03140       163097.9    
  -117.5283       36.00700       73624.74    
  -120.2416       47.46060       15152.57    
  -122.5900       52.12520       78345.27    
  -122.9155       39.55050       601682.8    
  -112.5841       34.03490       159746.8    
  -112.5515       34.03290       195091.7    
  -112.5682       34.00940       203254.9    
  -122.3536       38.88180       87354.68    
  -122.5275       38.65400       722365.9    
  -121.6647       37.49930       113930.5    
  -121.1874       37.17520       42824.16    
  -121.4914       36.42120       779981.7    
  -81.02320       46.49280       1792.365    
  -122.4104       38.77880       702378.2    
  -122.3791       38.74940       430694.8    
  -121.4650       36.39350       3389928.    
  -121.5915       36.06950       596341.4    
  -121.5491       36.06640       345530.2    
  -112.5356       34.00740       66721.38    
  -121.5655       36.04200       736057.7    
  -119.6585       48.86430       189327.6    
  -121.3468       37.13520       477847.1    
  -112.6008       34.01130       82960.34    
  -112.6168       34.03680       58604.42    
  -82.38490       40.92660       6417.712    
  -110.7216       40.60670       734836.2    
  -120.6906       40.38530       84377.16    
  -121.2146       37.20340       90982.48    
  -121.5751       36.09390       872427.7    
  -118.0346       43.90020       12030.64    
  -121.4488       36.41800       403469.7    
  -122.7451       40.08450       267794.8    
  -117.8726       43.97630       44361.19    
  -108.7088       39.51270       247695.8    
  -121.6012       36.12140       261956.0    
  -95.19290       29.23250       9277.977    
  -116.9439       32.40890       19675.80    
  -106.9397       47.85250       68456.81    
  -106.9775       47.85520       23264.78    
  -121.6535       36.17650       242427.1    
  -122.8550       39.57280       875629.0    
  -119.6074       48.82570       127434.7    
  -121.2456       37.15360       282321.8    
  -121.5231       36.03890       47830.47    
  -121.2729       37.18170       237247.3    
  -122.6036       40.07280       225338.6    
  -108.7271       39.54100       174564.7    
  -118.6568       34.64870       61383.90    
  -110.4843       36.97780       26285.23    
  -93.11510       17.83420       4348.217    
  -117.7107       49.60200       302071.1    
  -93.18470       17.89460       2548.166    
  -110.5734       33.55020       209793.4    
  -99.83920       36.22440       9296.945    
  -88.34860       33.00730       8816.067    
  -65.13020       48.76140       8701.318    
  -117.7239       36.07170       18904.65    
  -121.5587       36.11820       216535.2    
  -97.81660       39.13390       11751.76    
  -93.96320       31.95330       67206.78    
  -92.73950       35.44550       12065.48    
  -121.6273       36.14890       296490.1    
  -98.81350       20.94160       16667.58    
  -97.39380       38.95410       6809.358    
  -122.8954       39.68530       2718827.    
  -92.73560       33.72610       14227.87    
  -98.20050       21.99190       4307.171    
  -86.51190       40.28860       725.9976    
  -110.6525       33.53040       91657.53    
  -110.6071       33.50350       116821.7    
  -98.19620       21.97110       4024.288    
  -87.05150       15.37710       7342.249    
  -122.9088       39.65910       896345.1    
  -92.73290       35.42030       24441.59    
  -98.38540       34.48940       15949.62    
  -93.96910       31.97700       32635.32    
  -122.9426       39.68920       696430.6    
  -98.12910       21.31230       4040.369    
  -90.53180       19.39850       2356.804    
  -97.45370       38.26570       3990.210    
  -79.93550       22.74040       502.2475    
  -122.8147       39.65140       148117.7    
  -89.14830       19.77700       3772.648    
  -86.00170       15.65620       514.1492    
  -93.93920       31.95260       64307.70    
  -93.11760       17.85400       1176.936    
  -91.60340       31.90740       4923.193    
  -91.58000       31.90680       3875.723    
  -93.95720       31.92970       35789.97    
  -109.9598       27.17100       1204.442    
  -91.59830       31.88390       1874.899    
  -122.8483       39.68140       368426.1    
  -110.5592       33.52510       101326.1    
  -96.97440       44.63560       1022.943    
  -97.03100       20.28870       6005.250    
  -105.8647       40.70900       286440.7    
  -105.8155       40.67820       111301.4    
  -113.4932       33.01730       10824.85    
  -95.28440       17.38010       478.4443    
  -88.84100       15.47330       536.7621    
  -121.5848       36.14580       523519.8    
  -112.7657       32.85360       17409.11    
  -112.7507       32.82860       15891.99    
  -112.7185       32.82670       16729.32    
  -112.7679       32.80550       16030.11    
  -112.7357       32.80360       13777.09    
  -116.5603       32.19340       14645.25    
  -116.5781       32.17050       14602.50    
  -116.5433       32.16840       31015.72    
  -113.0960       33.13880       15175.51    
  -113.0634       33.13680       14955.39    
  -113.0805       33.11360       16690.48    
  -113.5089       33.04240       10643.58    
  -113.5104       32.99410       5787.250    
  -113.4776       32.99210       12805.96    
  -113.4448       32.99020       10268.07    
  -112.7808       32.87860       52852.20    
  -112.6841       32.87290       17988.85    
  -112.7980       32.85550       55117.45    
  -112.7335       32.85170       16871.75    
  -112.7013       32.84980       15143.14    
  -112.6691       32.84790       14761.17    
  -91.56170       31.92970       6964.613    
  -112.6863       32.82480       16418.56    
  -112.6713       32.79990       15738.77    
  -97.97160       24.25980       5748.059    
  -123.0301       40.10820       351609.6    
  -113.0789       33.16200       16010.68    
  -91.44680       32.04400       2562.811    
  -112.6498       32.91910       11342.79    
  -112.7637       32.90170       17045.26    
  -112.6992       32.89790       16560.99    
  -112.6670       32.89600       17291.99    
  -112.6348       32.89410       12657.05    
  -112.8131       32.88040       57449.39    
  -112.7486       32.87670       17816.98    
  -112.7163       32.87480       12896.60    
  -112.6520       32.87100       18341.98    
  -112.6370       32.84600       13013.13    
  -112.7035       32.80180       17221.36    
  -92.07660       30.98960       3355.722    
  -110.7778       40.63830       914461.2    
  -122.8687       39.73780       265320.9    
  -122.8216       39.73390       247661.0    
  -88.11940       15.29180       1730.986    
  -93.14130       47.43480       11883.36    
  -78.02080       46.62070       9685.396    
  -117.5661       36.00960       49199.36    
  -112.7314       32.89980       15322.26    
  -101.4412       31.85270       22620.84    
  -101.4325       31.82880       25220.62    
  -108.7565       39.48860       69870.44    
  -117.6040       36.01230       32923.52    
  -112.6971       32.94600       14269.13    
  -112.6649       32.94410       15745.25    
  -112.7143       32.92290       16220.02    
  -112.6220       32.82110       5595.423    
  -112.6392       32.79800       13474.96    
  -112.6564       32.77490       15667.55    
  -97.94100       38.20790       14227.53    
  -92.71470       35.44470       10195.79    
  -112.6048       32.84420       5175.767    
  -112.6541       32.82300       14528.09    
  -112.6071       32.79610       4954.281    
  -112.6243       32.77310       5222.395    
  -101.4673       31.85380       11886.62    
  -101.4585       31.82990       7793.190    
  -91.55260       34.49370       3739.015    
  -110.6382       33.50530       11852.47    
  -113.0618       33.18520       8286.970    
  -112.8530       33.10020       11472.27    
  -112.8206       33.09830       10384.61    
  -112.7883       33.09640       10281.02    
  -113.5232       33.11580       7018.028    
  -112.8054       33.07320       11575.86    
  -113.5075       33.09070       6992.131    
  -113.5246       33.06750       7018.028    
  -112.7749       33.02300       5000.910    
  -113.7911       32.98670       9426.430    
  -112.6198       32.86910       18192.49    
  -110.7640       40.66520       73671.70    
  -97.03510       38.43270       11000.33    
  -99.49490       33.99700       30558.20    
  -99.46880       33.99590       9660.147    
  -99.48600       33.97230       8893.224    
  -99.45990       33.97120       9594.758    
  -115.8483       33.91840       16159.59    
  -91.75540       32.59540       5105.721    
  -91.20040       32.41430       7799.473    
  -109.1491       25.81760       1129.462    
  -109.0040       25.72440       1102.088    
  -98.70710       21.94340       1083.522    
  -97.56170       36.83930       6300.231    
  -97.55220       36.81320       7961.109    
  -97.52560       36.81210       3116.179    
  -110.9192       33.52130       59597.88    
  -91.20560       32.43800       1981.616    
  -97.77460       20.63070       4396.730    
  -122.7946       39.59510       2078339.    
  -100.1302       36.74770       7340.375    
  -113.0626       32.10410       14903.60    
  -90.04640       19.97110       2805.571    
  -110.7991       40.66760       327948.2    
  -110.7566       40.60910       172706.5    
  -122.8416       39.59900       1520048.    
  -98.41130       34.49040       15356.56    
  -109.2391       27.35980       14857.08    
  -98.68450       21.94280       1055.275    
  -91.22390       32.41490       1685.267    
  -98.70270       21.92270       940.2265    
  -98.68010       21.92210       925.0519    
  -110.7078       40.63350       1029404.    
  -106.0058       39.80820       334892.7    
  -97.95130       38.23470       10048.84    
  -94.09310       34.28040       3579.914    
  -113.1442       33.16590       10125.64    
  -113.1286       33.14070       11705.35    
  -122.8751       39.62900       778262.6    
  -122.8281       39.62510       1057792.    
  -91.57150       32.18850       11891.50    
  -113.0188       33.01320       15408.59    
  -120.2659       41.10390       131481.4    
  -122.7613       39.56510       209670.2    
  -97.58300       37.33000       1302.035    
  -101.7799       31.37450       3712.680    
  -98.46410       22.59860       7436.842    
  -113.1115       33.16390       15058.98    
  -112.7959       32.90360       18443.69    
  -76.39280       20.59280       1190.954    
  -100.1195       36.72160       5484.671    
  -91.83920       34.18450       1204.442    
  -91.17190       32.38990       1524.000    
  -91.02110       32.33850       1316.317    
  -113.1758       32.39720       17070.29    
  -113.1782       32.34950       20710.36    
  -113.1162       32.29810       17652.97    
  -113.1188       32.25040       20864.17    
  -113.1241       32.15530       16496.25    
  -113.0920       32.15340       15874.73    
  -113.0598       32.15160       15356.79    
  -100.3730       31.20020       20986.59    
  -98.21280       24.41490       9647.236    
  -109.9980       50.49700       37339.14    
  -112.8282       32.90550       15369.74    
  -113.1584       32.42010       16119.13    
  -113.2105       32.35130       20821.01    
  -113.1336       32.27520       20835.58    
  -113.1014       32.27330       17970.84    
  -116.1398       31.31240       8350.393    
  -120.2212       41.10030       637085.1    
  -97.47070       38.24000       36980.61    
  -97.44350       38.23880       6138.845    
  -121.2029       37.15030       41166.93    
  -113.2057       32.44680       19411.80    
  -113.1734       32.44490       18825.44    
  -113.1410       32.44300       13524.59    
  -113.1907       32.42200       17877.41    
  -113.1459       32.34760       19448.48    
  -113.1633       32.32470       21812.15    
  -113.1310       32.32280       20123.03    
  -113.1484       32.29990       21054.09    
  -113.1067       32.17810       18222.70    
  -113.0745       32.17630       17670.23    
  -116.3551       31.49070       15583.25    
  -99.36320       30.62810       18072.06    
  -71.44060       18.41120       7917.137    
  -108.7382       39.46030       139165.2    
  -97.59270       37.35630       5887.553    
  -97.77110       37.33810       7480.819    
  -95.02450       34.77920       7867.417    
  -113.0479       33.11170       10876.38    
  -113.0496       33.06340       14346.82    
  -113.0342       33.03830       16263.18    
  -113.0513       33.01520       14320.92    
  -113.0360       32.99010       10396.09    
  -113.0035       32.98820       15589.86    
  -112.7294       32.94790       14657.58    
  -112.6820       32.92100       21494.33    
  -112.8454       32.88230       60700.91    
  -113.1884       32.46980       19791.62    
  -113.2381       32.44870       20044.11    
  -116.2062       32.60340       18567.99    
  -113.2231       32.42390       18762.22    
  -113.2081       32.39910       20665.63    
  -113.2255       32.37610       19103.19    
  -97.91360       38.20670       9241.507    
  -113.8158       38.42910       12425.72    
  -91.57240       31.43950       2987.897    
  -99.35580       30.60480       22551.19    
  -83.03520       41.41480       1753.502    
  -120.1807       40.98470       49021.19    
  -121.4257       37.29770       621545.6    
  -110.5760       33.50170       121531.1    
  -113.0206       32.96500       20587.94    
  -91.58910       31.30050       2679.526    
  -113.0893       32.20100       19571.06    
  -91.60730       31.27780       2473.986    
  -91.58410       31.27720       13641.51    
  -100.3985       31.20120       22323.44    
  -71.10180       18.13720       1917.400    
  -105.8794       40.68210       99370.78    
  -106.0556       39.89320       71619.54    
  -97.64600       39.04570       8622.090    
  -113.1560       32.46790       15313.63    
  -113.1040       32.22570       19936.82    
  -99.38820       30.62900       12084.87    
  -97.71940       38.33010       15013.21    
  -97.69210       38.32890       4081.059    
  -91.73630       32.40550       4190.792    
  -113.0945       33.18710       14424.51    
  -91.57740       31.46290       91825.24    
  -113.1659       32.27700       20918.13    
  -113.1214       32.20280       19772.19    
  -89.30100       15.07400       2083.841    
  -97.68180       38.30200       11573.58    
  -110.6189       33.57720       128895.1    
  -113.1807       32.30180       21200.83    
  -91.61230       31.30120       2842.300    
  -100.8781       30.31840       3517.007    
  -120.1442       41.06590       1181296.    
  -112.5362       32.93660       18075.95    
  -113.1510       32.25230       21446.23    
  -100.3650       31.17660       14350.35    
  -115.3055       31.73610       12802.34    
  -99.38080       30.60570       10458.06    
  -100.8859       30.34170       3713.256    
  -88.83820       19.91260       5108.680    
  -117.8740       47.14580       50566.65    
  -98.37670       34.46440       5145.331    
  -110.5877       33.57540       135132.8    
  -110.5423       33.54850       202795.5    
  -91.42340       32.04330       1885.213    
  -105.8597       40.59760       155937.5    
  -97.96160       37.13940       2696.903    
  -113.3168       31.90460       12295.74    
  -115.3213       31.76070       19785.14    
  -92.98580       29.98310       28859.68    
  -90.48930       16.55970       4815.441    
  -105.8450       40.62440       445492.2    
  -108.7748       39.51690       205292.2    
  -97.97140       37.16560       2391.031    
  -97.94450       37.16450       2245.832    
  -97.93480       37.13820       3187.249    
  -118.5231       36.20470       251540.2    
  -91.75990       32.40610       2973.123    
  -112.5512       32.96160       21313.05    
  -113.1931       32.37430       17929.21    
  -96.61780       17.66190       23111.72    
  -88.01650       15.48340       4449.871    
  -121.4966       37.32930       792407.3    
  -118.4384       36.14750       482094.2    
  -91.76530       32.42990       7127.210    
  -91.74170       32.42930       4808.841    
  -115.2880       33.00520       23223.66    
  -113.1956       32.32660       20484.35    
  -97.87890       20.71460       672.4404    
  -88.01800       15.50270       4677.840    
  -88.27340       15.25500       3182.351    
  -65.64670       49.12860       37819.32    
  -117.9805       43.92560       40243.60    
  -105.8107       40.56680       404029.0    
  -98.14460       36.35320       3918.602    
  -121.4534       37.32600       856253.6    
  -118.4772       36.15030       152676.8    
  -98.39410       34.36700       27179.33    
  -115.2041       32.87920       26362.92    
  -115.1874       32.85400       25430.64    
  -113.3021       31.88000       15753.88    
  -97.33550       20.51870       1156.835    
  -65.61660       49.12930       40258.55    
  -97.73220       39.26470       13164.68    
  -122.2979       38.55530       311651.6    
  -98.40270       34.39190       14341.75    
  -99.51220       33.97340       15278.06    
  -91.77370       32.57220       2049.753    
  -112.9831       32.69780       29612.97    
  -112.9508       32.69590       27541.23    
  -113.3051       31.83270       12298.38    
  -108.9196       26.79270       14250.84    
  -99.85690       21.60410       21747.58    
  -87.91990       15.50170       3508.575    
  -105.8769       40.62640       104126.0    
  -120.1766       41.09660       148120.4    
  -97.61840       39.04450       4685.830    
  -97.50470       37.40440       4504.756    
  -97.47790       37.40330       3637.129    
  -97.49500       37.37810       3482.408    
  -97.46820       37.37690       8270.477    
  -98.15410       36.37900       2815.919    
  -98.11800       36.35210       4425.015    
  -121.5986       37.31100       635343.4    
  -98.42000       34.36810       11139.77    
  -113.0953       32.72840       30169.75    
  -113.0003       32.67480       25560.12    
  -112.9680       32.67290       27191.62    
  -115.8272       32.48390       23720.92    
  -115.7780       32.36090       28122.48    
  -115.7614       32.33590       43843.25    
  -98.89630       31.49240       5484.671    
  -115.7449       32.31090       42690.85    
  -113.3197       31.85730       7277.936    
  -111.8244       25.06640       16172.54    
  -96.35450       18.44910       528.4310    
  -101.3022       47.66980       5093.885    
  -97.59080       39.04330       20718.58    
  -122.1192       38.62140       82650.24    
  -99.63880       35.16030       12529.75    
  -99.52110       33.99810       10251.48    
  -99.53830       33.97450       9979.977    
  -115.2711       32.98000       26362.92    
  -115.8227       32.82070       20209.41    
  -115.2248       32.66340       23839.17    
  -115.1908       32.66130       17162.46    
  -115.1744       32.63630       16016.34    
  -115.8104       32.45880       27525.04    
  -115.7937       32.43380       27854.25    
  -115.7460       32.26310       36166.62    
  -115.7118       32.26100       36495.83    
  -92.05340       30.98890       2156.570    
  -98.92960       20.29390       5930.529    
  -108.6247       39.48020       157908.4    
  -110.5281       33.52330       51681.34    
  -110.9048       33.49620       17931.05    
  -115.2365       33.02630       27036.24    
  -115.2370       32.97790       21416.64    
  -115.7882       32.81860       27295.21    
  -115.8402       32.79770       22532.13    
  -115.8057       32.79550       25508.33    
  -113.1608       32.37240       16392.66    
  -102.7888       31.65210       39916.25    
  -102.7623       31.65100       30707.11    
  -102.7796       31.62820       30126.59    
  -96.12790       18.08730       645.5428    
  -88.08960       15.15680       1990.634    
  -109.5607       40.16920       48875.86    
  -106.0223       39.83650       95774.56    
  -120.8055       40.33930       1197892.    
  -97.29710       38.84290       7656.610    
  -122.3432       38.55900       116097.6    
  -76.20480       35.55410       13051.98    
  -91.77570       35.01760       10845.87    
  -113.0478       32.70160       30493.46    
  -113.0154       32.69970       34494.51    
  -112.9357       32.67100       29833.09    
  -102.8061       31.62940       7665.447    
  -102.7531       31.62710       20270.71    
  -98.11160       21.55780       5980.366    
  -98.60200       21.22210       818.8301    
  -97.78110       37.08010       2314.464    
  -97.75440       37.07890       1455.566    
  -99.02710       36.11220       15670.38    
  -99.01730       36.08650       41011.09    
  -121.5707       37.28270       514804.3    
  -115.3048       33.03050       23048.14    
  -115.1404       32.63420       22222.31    
  -108.6213       39.42580       143248.3    
  -98.01260       38.18470       11511.61    
  -122.0742       38.61780       32700.97    
  -97.38480       36.85750       2990.277    
  -121.4812       37.35430       447377.9    
  -91.53710       35.33300       823.5906    
  -118.6398       34.67240       39378.64    
  -115.2073       32.68640       20113.17    
  -115.1569       32.65930       25746.11    
  -89.16860       19.77730       721.2369    
  -89.43380       19.60120       3928.528    
  -89.50690       16.95610       3912.156    
  -89.93150       16.37720       759.3221    
  -84.09640       15.02500       2690.925    
  -105.7374       49.28690       1853.079    
  -109.5946       40.17140       26300.08    
  -108.6394       39.45410       50737.86    
  -97.59040       37.27850       4069.157    
  -97.56360       37.27740       1773.339    
  -97.58080       37.25230       3980.461    
  -97.55400       37.25110       2144.668    
  -122.1499       38.65070       232914.3    
  -121.5831       37.33590       132939.5    
  -113.0133       32.74770       31404.16    
  -112.9982       32.72270       26168.70    
  -112.9658       32.72080       29341.05    
  -111.8338       25.08840       16781.12    
  -122.3336       38.74580       89335.36    
  -122.4819       38.65040       70035.51    
  -97.77290       36.33750       3854.532    
  -97.74640       36.33640       18886.48    
  -113.0456       32.74960       31814.20    
  -115.7547       32.72000       24013.54    
  -115.7203       32.71790       20147.70    
  -122.6849       40.10710       634800.8    
  -122.5589       38.68330       180936.2    
  -97.78220       36.36330       2509.452    
  -91.77910       32.59610       3169.793    
  -113.0284       32.77260       30066.16    
  -99.11680       31.17450       8087.566    
  -88.07580       15.23360       8329.635    
  -116.1826       50.15600       242837.7    
  -122.5132       38.67970       46023.63    
  -122.5732       38.65770       166202.7    
  -121.5500       36.39980       29648.17    
  -117.6920       36.12050       38303.87    
  -91.34130       32.84520       2285.407    
  -115.2702       33.07680       21635.96    
  -115.2706       33.02840       28866.28    
  -115.2538       33.00310       26246.39    
  -116.1348       50.11640       186956.4    
  -97.34820       38.76510       11869.36    
  -122.5050       38.86700       42797.22    
  -121.4136       37.24460       99093.52    
  -99.66550       35.16150       7591.776    
  -99.61220       35.15910       10512.29    
  -94.98570       33.53380       5056.041    
  -115.2875       33.05360       25974.47    
  -115.2533       33.05150       22404.10    
  -112.9035       32.66910       20484.35    
  -115.1734       32.68440       19526.18    
  -115.1230       32.65720       19029.77    
  -115.2083       32.63830       16269.43    
  -92.19790       31.01600       1137.793    
  -100.3670       25.31240       10514.09    
  -120.2538       41.13110       829931.2    
  -97.60770       39.01720       46185.89    
  -97.58010       39.01600       2901.610    
  -97.77280       38.67730       11730.46    
  -98.23960       37.80100       13840.79    
  -108.7268       38.25440       13259.15    
  -98.74670       37.58880       3040.065    
  -98.71940       37.58750       4581.322    
  -98.73630       37.56230       2030.413    
  -122.4532       38.70170       105857.8    
  -97.35820       36.85640       2673.100    
  -99.52940       33.94980       12549.67    
  -115.2028       32.97580       21416.64    
  -115.2202       32.95270       22167.64    
  -115.2375       32.92960       21235.36    
  -115.2034       32.92750       20354.87    
  -99.75090       28.71000       6367.795    
  -88.04540       15.34880       5657.057    
  -98.25890       45.19310       1978.046    
  -97.78340       38.70440       15245.53    
  -97.74530       38.67610       9464.730    
  -97.04230       38.38000       11163.01    
  -99.09680       32.56080       7338.717    
  -91.58510       31.93040       1992.328    
  -115.2885       32.95690       22335.97    
  -115.2543       32.95480       24342.97    
  -115.2717       32.93170       25042.19    
  -99.17180       21.68830       804.5482    
  -88.73730       17.47430       3909.995    
  -121.7811       45.38480       59493.98    
  -98.24990       37.82760       12227.14    
  -123.0950       38.67280       56658.16    
  -91.81350       32.64450       2396.387    
  -115.2890       32.90860       14356.92    
  -99.09170       31.17350       6383.290    
  -115.6563       37.94880       14951.15    
  -96.75480       36.16900       7370.442    
  -121.3039       37.13190       141255.9    
  -91.31660       32.08740       2131.180    
  -99.17620       21.70900       5067.202    
  -97.22850       20.29330       3868.549    
  -90.99040       16.74210       842.6333    
  -120.8375       40.36960       313291.6    
  -97.20460       38.81220       2000.064    
  -117.6539       36.11780       38791.10    
  -121.6961       36.17970       71289.05    
  -111.8097       33.89050       16159.59    
  -113.0629       32.72650       25836.35    
  -108.6759       39.51060       75253.76    
  -122.2767       38.84870       116393.8    
  -90.94480       33.07280       1222.691    
  -113.0781       32.75150       26906.76    
  -91.43780       31.78580       1983.401    
  -115.2588       32.66550       24873.86    
  -113.1040       32.53680       15149.62    
  -113.2682       32.49840       18386.71    
  -113.2034       32.49460       17816.99    
  -113.2532       32.47350       18917.60    
  -113.2208       32.47160       19513.22    
  -113.2846       31.90270       9342.532    
  -98.65480       21.69510       1200.701    
  -98.36470       20.93020       7621.422    
  -119.6600       48.83070       122621.3    
  -108.5343       39.33910       59090.44    
  -97.75570       36.36220       13556.74    
  -117.7141       36.14760       56330.32    
  -117.6760       36.14490       52786.09    
  -91.71470       32.83190       749.5032    
  -110.8038       33.63650       17739.29    
  -115.2413       32.68850       17594.08    
  -115.6343       31.99360       34529.75    
  -100.3810       31.22380       9678.224    
  -115.6522       31.97090       33057.48    
  -97.21500       38.83930       25997.96    
  -97.33120       38.79100       30413.59    
  -97.39420       36.88360       4063.206    
  -97.41140       36.85860       2637.395    
  -121.3981       37.26950       119458.1    
  -121.4225       36.39030       231292.0    
  -115.2423       32.64040       24563.10    
  -107.8825       25.37400       16558.12    
  -80.27090       22.66020       2297.604    
  -113.4345       44.91370       172764.5    
  -105.8622       40.65330       167004.5    
  -105.8130       40.62250       189909.8    
  -110.7290       40.66280       389339.7    
  -98.28540       36.30840       11016.14    
  -98.25880       36.30720       38227.43    
  -98.23220       36.30610       13990.56    
  -98.24930       36.28140       17205.05    
  -91.16670       32.36610       2085.875    
  -80.27000       22.63960       2306.530    
  -110.6866       40.60430       45938.00    
  -120.8503       40.34290       205461.8    
  -121.5339       36.42440       260542.8    
  -121.5075       36.39660       316552.2    
  -104.5200       24.19520       78285.97    
  -122.6211       39.55360       446931.5    
  -97.57880       36.81440       3949.903    
  -121.4387       36.36580       246363.2    
  -91.16170       32.34230       2073.259    
  -91.46120       31.78640       1799.522    
  -104.4830       24.23640       13206.64    
  -104.5265       24.21670       24835.02    
  -104.5450       24.19610       29317.37    
  -104.4949       24.19430       22426.61    
  -104.4883       24.17290       36074.22    
  -104.4633       24.17200       55807.56    
  -104.4818       24.15140       37006.50    
  -104.4567       24.15050       65596.55    
  -105.8302       40.65130       145571.5    
  -120.2091       41.12740       1198928.    
  -122.5907       40.09930       89809.95    
  -122.6347       39.52740       316119.5    
  -96.97790       36.81500       14284.93    
  -96.99530       36.79010       34757.04    
  -96.96880       36.78900       28229.01    
  -91.10660       32.41170       2050.646    
  -112.8303       32.85730       25119.88    
  -104.5926       24.02800       14377.90    
  -113.4850       44.88710       123801.7    
  -97.58830       37.20090       3553.818    
  -121.4811       36.36900       130345.9    
  -98.67740       21.69570       1119.941    
  -113.4651       44.94680       118340.4    
  -105.8426       40.56880       112416.0    
  -120.1320       41.09300       698388.9    
  -122.7145       39.56120       220220.0    
  -122.3395       38.90760       77051.74    
  -92.69660       35.46900       16295.78    
  -121.5178       36.44890       108365.7    
  -91.64290       31.76800       3948.951    
  -113.5056       44.95000       134034.4    
  -121.6793       44.70120       489637.2    
  -98.38920       37.70320       2953.184    
  -121.6265       37.33920       82107.30    
  -121.4103       37.32270       148037.8    
  -111.7569       34.05910       12492.13    
  -110.5618       33.47660       29302.21    
  -108.6912       32.96210       8882.734    
  -112.9596       32.86490       19888.73    
  -114.8852       32.69090       19185.23    
  -114.8515       32.68880       23643.76    
  -98.36200       37.70190       5018.905    
  -121.2301       37.17850       43338.96    
  -121.3897       37.13850       121833.6    
  -91.29150       32.93910       892.1440    
  -91.13510       32.43610       3187.487    
  -91.13000       32.41230       4659.079    
  -91.64800       31.79160       7484.917    
  -91.62470       31.79090       5347.389    
  -91.61960       31.76740       22448.97    
  -97.68760       39.28960       12651.26    
  -97.93250       39.21990       7918.898    
  -117.0710       40.23760       21287.15    
  -122.6543       39.58360       664432.2    
  -91.58240       31.48630       1113.990    
  -90.03730       17.06090       4643.090    
  -90.01720       17.06060       4690.771    
  -108.6941       39.53890       11504.09    
  -122.6077       39.57980       136470.9    
  -122.5746       39.54980       190263.6    
  -98.39300       37.78170       12335.86    
  -97.56940       36.78830       3965.613    
  -97.54280       36.78720       2806.397    
  -92.72140       35.46980       76175.27    
  -113.0418       32.48520       19396.69    
  -113.0268       32.46030       18101.85    
  -121.7729       44.74010       438946.3    
  -120.1645       41.12370       2589202.    
  -121.6954       37.44920       91261.64    
  -91.28620       32.91510       840.2529    
  -116.2222       31.03460       13044.67    
  -104.0449       51.41200       1485.320    
  -103.9018       51.18100       1292.514    
  -110.8425       44.40930       190320.1    
  -120.0997       41.06220       161143.5    
  -120.6715       40.32840       192288.9    
  -121.7543       37.42760       63958.53    
  -91.66530       34.05760       3086.482    
  -100.3475       31.19920       13564.49    
  -105.2917       40.67440       257770.6    
  -105.2600       40.67250       106830.1    
  -120.2417       41.15820       1199256.    
  -97.22530       38.86650       3090.846    
  -121.7107       37.42420       50669.89    
  -121.4721       37.22300       96230.92    
  -118.4224       36.17190       353356.1    
  -91.64120       34.05690       2756.411    
  -100.3395       31.17560       8908.717    
  -99.13580       21.62570       8010.881    
  -105.9236       40.60150       54201.96    
  -122.8216       39.54280       250971.7    
  -121.4380       37.35100       91275.61    
  -112.5188       34.03090       38443.77    
  -104.5619       23.35090       9763.088    
  -120.1199       41.12010       1286601.    
  -120.0875       41.08930       437660.9    
  -98.36570       37.78050       9776.349    
  -121.7957       37.50940       33527.43    
  -121.6111       37.36420       104724.8    
  -116.1856       50.08600       102730.9    
  -122.7010       39.58740       237505.1    
  -118.4765       35.84430       23825.04    
  -110.5566       33.57360       24905.67    
  -110.8804       44.41210       203905.3    
  -105.2749       40.64560       98469.52    
  -105.2433       40.64370       110146.0    
  -120.1970       41.15450       2833727.    
  -112.5674       34.05840       30454.62    
  -105.9409       40.63030       61653.49    
  -91.14330       32.36550       14484.50    
  -120.1524       41.15090       2109370.    
  -122.7478       39.59120       259415.0    
  -113.4245       44.94360       54149.50    
  -122.9020       39.57660       114969.0    
  -98.48210       36.90450       4475.682    
  -121.6545       37.36750       73562.09    
  -121.6419       37.31430       71914.96    
  -91.13820       32.34170       4644.004    
  -114.6042       33.35130       17635.71    
  -114.8891       30.44270       15408.54    
  -97.25270       38.86770       17616.02    
  -91.34000       32.08800       711.7156    
  -114.8563       30.44080       19344.89    
  -114.8746       30.41860       20225.38    
  -97.35340       39.05960       1104.469    
  -122.8761       39.82060       260404.8    
  -91.15860       32.43680       4112.399    
  -121.5408       42.03370       53878.37    
  -121.5045       42.00200       62304.74    
  -105.3086       40.70320       39112.14    
  -120.2297       41.18530       520699.2    
  -120.0754       41.11640       102305.9    
  -122.7215       39.83520       230020.3    
  -122.8886       39.60280       213590.3    
  -98.82730       34.36030       15237.40    
  -110.5929       33.47840       32257.03    
  -98.02230       25.92660       12329.22    
  -120.1078       41.14720       127272.4    
  -113.0535       50.43810       7007.662    
  -120.1850       41.18170       315332.9    
  -98.50910       36.90560       2889.708    
  -115.6222       33.97770       11375.80    
  -115.5873       33.97550       12912.08    
  -108.3930       49.76660       8504.863    
  -115.1198       40.22850       15028.62    
  -122.8629       39.84690       717489.2    
  -113.0995       50.44210       8059.763    
  -120.2745       41.18900       233380.5    
  -120.9818       39.88520       61627.01    
  -96.18970       37.16890       6508.865    
  -122.9558       38.66160       16246.66    
  -96.94550       37.01920       5438.191    
  -118.4453       36.19910       39441.94    
  -120.2865       41.16190       168883.4    
  -97.32460       38.84410       2631.841    
  -120.8977       39.96080       115111.2    
  -122.7581       40.05810       243222.0    
  -98.49810       26.15740       771.2237    
  -107.3591       43.32520       10736.94    
  -122.6979       40.08060       281587.6    
  -120.8219       39.92720       296038.3    
  -122.9101       39.85080       240888.5    
  -107.9788       44.65720       17221.36    
  -110.8691       44.44160       60184.20    
  -113.0777       44.39860       11217.24    
  -126.6845       53.78390       217798.7    
  -113.2558       44.47310       13215.89    
  -109.9980       43.92580       10798.91    
  -121.7298       44.70580       93032.84    
  -97.60340       37.09830       3049.190    
  -113.2159       44.47000       11279.21    
  -120.7907       39.89720       219585.8    
  -122.5881       39.52360       201883.9    
  -97.63010       37.09940       4865.374    
  -113.0110       41.01910       15028.62    
  -120.2591       40.51670       27269.31    
  -108.6906       39.48440       128269.5    
  -120.1098       39.97990       17662.50    
