  -106.7591       45.77720       406.2114    
  -115.1751       45.79860       1040.042    
  -121.7223       44.73550       5879.433    
  -118.0505       43.99130       154.4561    
  -118.0060       43.98750       141.0174    
  -118.0155       43.95840       84.13948    
  -117.9710       43.95470       107.1655    
  -120.2780       41.07680       3328.844    
  -120.2333       41.07320       515.3077    
  -120.1887       41.06950       661.4927    
  -111.4442       40.40690       11.11449    
  -120.2454       41.04610       19685.96    
  -120.2008       41.04240       337.8628    
  -120.2130       41.01540       291.5061    
  -123.5085       41.15140       2125.992    
  -114.5519       40.10410       64.31238    
  -114.5141       40.10130       3592.646    
  -114.4765       40.09850       43.29596    
  -114.5277       40.07480       5069.908    
  -114.4901       40.07200       11705.47    
  -114.5036       40.04560       1861.938    
  -114.4660       40.04280       6703.191    
  -114.4284       40.04010       3418.598    
  -120.7800       40.39260       1461.545    
  -120.7352       40.38890       7544.673    
  -120.7927       40.36590       6635.134    
  -120.7480       40.36230       10310.66    
  -120.7033       40.35870       7469.418    
  -120.7608       40.33560       4194.229    
  -120.7161       40.33200       4221.961    
  -120.8630       40.31630       5858.380    
  -120.8183       40.31260       4842.530    
  -120.8759       40.28970       5385.142    
  -120.8311       40.28600       8357.797    
  -120.7864       40.28240       7078.045    
  -120.7993       40.25580       4246.683    
  -108.5671       39.34120       58.25582    
  -97.47110       38.66390       20.19037    
  -122.7882       40.19840       4464.521    
  -122.7408       40.19450       3379.498    
  -122.7536       40.16800       4053.592    
  -122.7063       40.16400       2628.934    
  -122.6378       40.10320       3566.976    
  -120.9109       39.93440       9100.909    
  -120.8664       39.93080       8554.828    
  -112.6511       39.31410       535.9026    
  -120.9240       39.90800       1224.361    
  -120.8795       39.90440       5207.848    
  -120.8351       39.90080       6085.088    
  -120.8927       39.87800       4043.680    
  -120.8483       39.87440       5466.294    
  -121.1423       39.84330       3680.366    
  -121.0975       39.83970       1456.791    
  -122.9049       39.96020       1179.285    
  -121.1108       39.81340       3245.792    
  -122.9654       39.93770       2496.962    
  -122.9180       39.93380       7509.939    
  -122.8706       39.92990       9008.396    
  -122.8234       39.92600       1479.501    
  -122.9311       39.90740       1418.274    
  -122.8838       39.90350       8749.984    
  -122.8365       39.89960       11899.94    
  -122.8497       39.87330       10144.76    
  -122.8157       39.84300       6569.442    
  -122.7686       39.83910       5129.913    
  -122.8289       39.81670       1496.420    
  -122.7818       39.81280       7793.264    
  -122.7348       39.80890       1259.698    
  -122.8421       39.79040       5136.450    
  -122.7950       39.78650       8818.674    
  -122.7011       39.77880       2391.695    
  -122.8083       39.76020       1083.461    
  -122.8081       39.56890       2909.888    
  -122.6678       39.55740       3188.073    
  -122.9626       39.55430       4817.250    
  -96.62610       37.52340       6.115824    
  -122.2625       38.87450       3249.212    
  -122.2171       38.87080       1850.068    
  -122.4389       38.72740       7302.084    
  -122.3934       38.72370       5420.134    
  -122.4076       38.69800       9825.539    
  -122.3621       38.69440       9231.875    
  -122.1048       38.64710       2467.176    
  -123.0021       38.66530       571.6209    
  -122.3598       38.61380       4801.134    
  -122.3288       38.58460       5026.361    
  -117.9708       37.40610       18.42382    
  -121.7520       37.50600       2526.847    
  -121.5931       37.46760       2178.836    
  -121.6518       37.44590       5990.241    
  -121.6084       37.44260       10652.66    
  -121.5650       37.43920       11375.27    
  -121.5216       37.43590       4183.052    
  -121.6672       37.42090       275.4167    
  -121.6237       37.41750       14005.11    
  -121.5803       37.41420       19401.39    
  -121.5370       37.41090       13291.46    
  -121.4937       37.40760       2432.862    
  -121.6391       37.39250       6053.573    
  -121.5957       37.38920       10873.68    
  -121.5523       37.38590       16515.02    
  -121.5090       37.38260       4919.852    
  -121.5677       37.36090       5489.963    
  -121.5244       37.35760       7779.991    
  -121.5553       37.30760       20278.14    
  -121.5120       37.30430       27253.34    
  -121.4688       37.30100       28092.87    
  -121.5275       37.27940       15712.19    
  -121.4843       37.27610       24606.50    
  -121.4412       37.27280       18027.50    
  -121.4998       37.25120       4178.621    
  -121.4566       37.24790       7632.254    
  -121.4291       37.21970       5305.442    
  -121.4446       37.19480       6716.058    
  -121.4016       37.19150       9751.403    
  -121.3586       37.18820       8179.771    
  -121.4171       37.16660       9078.249    
  -121.3741       37.16330       13875.95    
  -121.3312       37.16010       7994.317    
  -121.2884       37.15680       4513.736    
  -122.3355       37.15870       810.9025    
  -122.1592       37.14510       298.6057    
  -122.1341       37.03900       2231.152    
  -118.5001       36.17750       4731.952    
  -118.4612       36.17470       200.1911    
  -117.6099       36.06370       5693.782    
  -117.5720       36.06100       3013.592    
  -117.6259       36.03930       130.6502    
  -117.5880       36.03660       5775.075    
  -117.5501       36.03400       7956.026    
  -106.2764       34.24390       7472.856    
  -110.7725       33.63470       1339.859    
  -110.7893       33.61130       2886.579    
  -110.7581       33.60950       2905.061    
  -110.7268       33.60770       2110.791    
  -110.7749       33.58610       861.0571    
  -110.7436       33.58430       977.8718    
  -110.6357       33.55380       1883.629    
  -91.38570       32.72750      0.6658632    
  -110.6214       33.52860       2384.305    
  -110.5903       33.52690       108.3815    
  -110.9530       33.47460       911.7227    
  -106.9498       47.82010       19.48309    
  -113.6651       48.32080       243.4002    
  -117.7230       46.20600       2001.836    
  -121.6718       44.73090       4158.954    
  -105.8981       41.32730       8.969875    
  -114.4524       40.06930       3469.416    
  -120.7546       40.25220       1146.101    
  -108.0605       38.93240       131.4970    
  -122.7812       39.62130       6818.704    
  -122.9290       39.52430       257.4425    
  -122.3741       38.58820       8465.715    
  -122.1174       38.54100       989.0114    
  -121.5398       37.33260       10896.79    
  -121.3157       37.18500       1713.684    
  -105.8778       35.84110       1620.336    
  -110.6956       33.60590       27.76856    
  -110.6046       33.55200       2991.435    
  -117.2342       33.20060       3.072475    
  -109.6423       30.50830       1112.607    
  -113.5132       47.15590       240.6468    
  -121.7149       44.76530       1934.939    
  -121.6214       44.72640       5144.913    
  -109.2088       39.11210       616.6481    
  -117.6479       36.06630       45.85645    
  -106.2641       34.21870       8380.888    
  -110.7412       33.63290       410.8066    
  -92.04960       32.13130       8.549071    
  -106.7350       45.74420       284.8646    
  -121.5321       44.47560       672.9298    
  -123.4239       41.22860       429.3232    
  -122.8025       39.86930       9133.935    
  -122.3765       38.66870       914.4026    
  -117.9468       37.37820       893.1342    
  -118.7402       37.22740       872.4676    
  -118.4842       36.20190       173.2654    
  -117.6639       36.04190       1689.987    
  -106.2474       34.24240       2090.683    
  -111.7248       34.05720       1647.085    
  -92.05500       32.15500       297.1150    
  -116.0346       47.60030       243.9508    
  -114.6956       45.79000       373.3604    
  -117.8283       43.97250       1583.791    
  -121.1012       42.95110       17.92344    
  -105.8475       40.68020       1532.140    
  -120.1563       41.03880       291.4750    
  -122.7893       39.89570       131.6753    
  -118.1788       37.81490       810.4678    
  -106.2888       34.26910       4426.273    
  -111.7402       34.08270       397.3824    
  -117.0392       45.73830       282.7737    
  -117.5606       45.16340       715.7921    
  -120.3479       44.76440       302.2169    
  -120.1685       41.01170       138.8655    
  -108.6612       39.53680       347.2032    
  -122.6878       39.80510       1395.248    
  -118.3834       37.54090       15.78635    
  -122.1622       37.06720       1027.980    
  -105.8646       35.81520       966.0768    
  -118.5837       36.36270       53.47556    
  -106.3055       34.24550       4422.969    
  -91.21880       32.39110      0.6564673    
  -112.2700       32.80060       312.2339    
  -93.80490       30.92380       5.061225    
  -105.8278       40.59560       2186.807    
  -122.7480       39.78260       1612.313    
  -108.4896       38.37220       158.5184    
  -120.3312       44.64120       20.48394    
  -120.9716       44.48600       18.41271    
  -97.48090       38.26690       36.96911    
  -122.8617       39.65520       17384.11    
  -122.1480       38.57020       1281.951    
  -117.9134       37.63770       18.05391    
  -92.93500       33.37050       41.78019    
  -113.7421       51.84240       2.082154    
  -113.0814       50.15740       2.272579    
  -112.0765       49.27040       13.68314    
  -113.1045       47.41460       248.6316    
  -97.53500       36.83820       33.66867    
  -117.9959       37.77510       1035.567    
  -117.9376       37.66570       464.1617    
  -115.8374       36.76160       243.3826    
  -116.9898       47.26110       195.7761    
  -119.0440       38.97170       36.80915    
  -110.3755       37.15220       360.2700    
  -115.8585       36.78890       425.0627    
  -117.6859       36.06900       77.37238    
  -117.3646       33.37940       340.7204    
  -113.1020       48.47390       537.3328    
  -120.2909       44.60730       286.3531    
  -122.4357       41.65350       935.7708    
  -122.3081       38.87810       2341.422    
  -122.9210       38.55170       1104.848    
  -106.2931       34.22030       3867.114    
  -106.2351       34.21720       1754.012    
  -114.7362       30.50380       324.5222    
  -122.4992       52.48750       755.8070    
  -114.4794       51.24940       14.25395    
  -119.5768       45.27810       795.9453    
  -121.6644       44.76070       3515.431    
  -121.0448       44.40180       19.06506    
  -110.4930       37.23740       12.78615    
  -118.2871       37.09030       365.6606    
  -113.5501       52.34770       1.874189    
  -114.4787       51.28570       13.17756    
  -120.2595       46.02410       521.1346    
  -120.2135       45.30420       849.0082    
  -120.2990       44.57760       741.9512    
  -118.2000       44.39500       16.43118    
  -121.0940       44.40620       517.7833    
  -120.2576       41.01900       361.9070    
  -118.0708       37.30890       779.1885    
  -115.9619       30.83150       478.1256    
  -120.2901       41.04970       116.5228    
  -99.14690       24.18850       175.2221    
  -118.5025       44.63300       525.0445    
  -121.0529       44.37230       15.60351    
  -122.9830       40.51940       291.0339    
  -120.3472       44.58190       33.07433    
  -118.9276       37.05890       447.3884    
  -112.9664       52.18140       2.490566    
  -120.4710       45.73060       22.63671    
  -121.5821       44.48010       324.9006    
  -120.9581       44.72750       851.4228    
  -96.67480       41.31040       2.623363    
  -108.7418       39.51480       6780.725    
  -108.7235       39.48650       4798.997    
  -122.6507       40.07670       4634.960    
  -110.8879       33.51950       550.3658    
  -122.8028       38.00980       1094.553    
  -97.81050       22.27050       1.291178    
  -122.7924       40.08850       3158.125    
  -118.4136       37.49080       489.8554    
  -113.5156       44.92020       2467.164    
  -113.4750       44.91700       2658.703    
  -112.6001       34.06040       1134.990    
  -122.6714       42.76720       270.6588    
  -110.7428       40.63590       184.0675    
  -117.5341       36.05840       3366.988    
  -117.5123       36.03140       3517.798    
  -117.5283       36.00700       77.49973    
  -120.2416       47.46060       15.95007    
  -122.5900       52.12520       374.1864    
  -122.9155       39.55050       2873.709    
  -112.5841       34.03490       3445.520    
  -112.5515       34.03290       4207.859    
  -112.5682       34.00940       4383.928    
  -122.3536       38.88180       1884.121    
  -122.5275       38.65400       3450.106    
  -121.6647       37.49930       2457.324    
  -121.1874       37.17520       923.6584    
  -121.4914       36.42120       16823.13    
  -81.02320       46.49280       1.886700    
  -122.4104       38.77880       3354.643    
  -122.3791       38.74940       9289.496    
  -121.4650       36.39350       16190.70    
  -121.5915       36.06950       2848.198    
  -121.5491       36.06640       7452.612    
  -112.5356       34.00740       1439.089    
  -121.5655       36.04200       3515.500    
  -119.6585       48.86430       199.2922    
  -121.3468       37.13520       10306.51    
  -112.6008       34.01130       1789.341    
  -112.6168       34.03680       1264.017    
  -82.38490       40.92660       6.755486    
  -110.7216       40.60670       3509.666    
  -120.6906       40.38530       88.81808    
  -121.2146       37.20340       1962.367    
  -121.5751       36.09390       4166.819    
  -118.0346       43.90020       12.66383    
  -121.4488       36.41800       8702.287    
  -122.7451       40.08450       1279.020    
  -117.8726       43.97630       956.8100    
  -108.7088       39.51270       5342.458    
  -121.6012       36.12140       5650.031    
  -95.19290       29.23250       9.766292    
  -116.9439       32.40890       424.3799    
  -106.9397       47.85250       1476.519    
  -106.9775       47.85520       24.48924    
  -121.6535       36.17650       389.6150    
  -122.8550       39.57280       4182.109    
  -119.6074       48.82570       134.1418    
  -121.2456       37.15360       6089.294    
  -121.5231       36.03890       1031.638    
  -121.2729       37.18170       5117.099    
  -122.6036       40.07280       4860.244    
  -108.7271       39.54100       3765.121    
  -118.6568       34.64870       1323.966    
  -110.4843       36.97780       566.9364    
  -93.11510       17.83420       4.577071    
  -117.7107       49.60200       1442.728    
  -93.18470       17.89460       2.682280    
  -110.5734       33.55020       4524.955    
  -99.83920       36.22440       200.5224    
  -88.34860       33.00730       42.10659    
  -65.13020       48.76140       187.6755    
  -117.7239       36.07170       407.7474    
  -121.5587       36.11820       4670.367    
  -97.81660       39.13390       12.37027    
  -93.96320       31.95330       320.9876    
  -92.73950       35.44550       19.39095    
  -121.6273       36.14890       476.5020    
  -98.81350       20.94160       79.60634    
  -97.39380       38.95410       7.167746    
  -122.8954       39.68530       12985.44    
  -92.73560       33.72610       67.95400    
  -98.20050       21.99190       4.533864    
  -86.51190       40.28860      0.7642080    
  -110.6525       33.53040       1976.927    
  -110.6071       33.50350       2519.684    
  -98.19620       21.97110       86.79837    
  -87.05150       15.37710       158.3622    
  -122.9088       39.65910       4281.052    
  -92.73290       35.42030       527.1716    
  -98.38540       34.48940       16.78907    
  -93.96910       31.97700       703.8991    
  -122.9426       39.68920       3326.236    
  -98.12910       21.31230       4.253020    
  -90.53180       19.39850       3.787721    
  -97.45370       38.26570       4.200222    
  -79.93550       22.74040      0.5286816    
  -122.8147       39.65140       3194.695    
  -89.14830       19.77700       3.971209    
  -86.00170       15.65620      0.5412097    
  -93.93920       31.95260       307.1412    
  -93.11760       17.85400       1.238880    
  -91.60340       31.90740       5.182308    
  -91.58000       31.90680       4.079709    
  -93.95720       31.92970       771.9407    
  -109.9598       27.17100       1.267834    
  -91.59830       31.88390       1.973578    
  -122.8483       39.68140       7946.446    
  -110.5592       33.52510       2185.466    
  -96.97440       44.63560       1.076782    
  -97.03100       20.28870       6.321316    
  -105.8647       40.70900       1368.075    
  -105.8155       40.67820       531.5889    
  -113.4932       33.01730       233.4772    
  -95.28440       17.38010      0.5036256    
  -88.84100       15.47330      0.5650128    
  -121.5848       36.14580       2500.393    
  -112.7657       32.85360       375.4906    
  -112.7507       32.82860       342.7685    
  -112.7185       32.82670       360.8285    
  -112.7679       32.80550       345.7474    
  -112.7357       32.80360       297.1529    
  -116.5603       32.19340       315.8778    
  -116.5781       32.17050       314.9559    
  -116.5433       32.16840       668.9665    
  -113.0960       33.13880       327.3150    
  -113.0634       33.13680       322.5672    
  -113.0805       33.11360       359.9907    
  -113.5089       33.04240       229.5673    
  -113.5104       32.99410       124.8230    
  -113.4776       32.99210       276.2069    
  -113.4448       32.99020       221.4683    
  -112.7808       32.87860       1139.949    
  -112.6841       32.87290       387.9947    
  -112.7980       32.85550       1188.808    
  -112.7335       32.85170       363.9005    
  -112.7013       32.84980       326.6168    
  -112.6691       32.84790       318.3781    
  -91.56170       31.92970       7.331172    
  -112.6863       32.82480       354.1258    
  -112.6713       32.79990       339.4636    
  -97.97160       24.25980       6.050589    
  -123.0301       40.10820       1679.329    
  -113.0789       33.16200       345.3285    
  -91.44680       32.04400       2.697696    
  -112.6498       32.91910       244.6484    
  -112.7637       32.90170       367.6429    
  -112.6992       32.89790       357.1978    
  -112.6670       32.89600       372.9644    
  -112.6348       32.89410       272.9952    
  -112.8131       32.88040       1239.104    
  -112.7486       32.87670       384.2879    
  -112.7163       32.87480       278.1619    
  -112.6520       32.87100       395.6114    
  -112.6370       32.84600       280.6754    
  -112.7035       32.80180       371.4411    
  -92.07660       30.98960       3.532339    
  -110.7778       40.63830       4367.576    
  -122.8687       39.73780       1267.204    
  -122.8216       39.73390       1182.859    
  -88.11940       15.29180       2.781942    
  -93.14130       47.43480       56.75637    
  -78.02080       46.62070       208.9007    
  -117.5661       36.00960       51.78880    
  -112.7314       32.89980       330.4802    
  -101.4412       31.85270       487.9004    
  -101.4325       31.82880       26.54802    
  -108.7565       39.48860       73.54783    
  -117.6040       36.01230       34.65634    
  -112.6971       32.94600       307.7655    
  -112.6649       32.94410       339.6033    
  -112.7143       32.92290       349.8435    
  -112.6220       32.82110       120.6856    
  -112.6392       32.79800       290.6364    
  -112.6564       32.77490       337.9276    
  -97.94100       38.20790       14.97635    
  -92.71470       35.44470       10.73241    
  -112.6048       32.84420       111.6342    
  -112.6541       32.82300       313.3510    
  -112.6071       32.79610       106.8571    
  -112.6243       32.77310       112.6399    
  -101.4673       31.85380       256.3781    
  -101.4585       31.82990       8.203359    
  -91.55260       34.49370       3.935805    
  -110.6382       33.50530       12.47628    
  -113.0618       33.18520       178.7386    
  -112.8530       33.10020       247.4412    
  -112.8206       33.09830       223.9818    
  -112.7883       33.09640       221.7476    
  -113.5232       33.11580       151.3692    
  -112.8054       33.07320       249.6754    
  -113.5075       33.09070       150.8107    
  -113.5246       33.06750       151.3692    
  -112.7749       33.02300       107.8628    
  -113.7911       32.98670       203.3151    
  -112.6198       32.86910       392.3870    
  -110.7640       40.66520       77.54916    
  -97.03510       38.43270       11.57929    
  -99.49490       33.99700       659.0984    
  -99.46880       33.99590       10.16858    
  -99.48600       33.97230       9.361288    
  -99.45990       33.97120       206.9458    
  -115.8483       33.91840       348.5402    
  -91.75540       32.59540       5.374444    
  -91.20040       32.41430       8.209972    
  -109.1491       25.81760       1.188907    
  -109.0040       25.72440       1.160093    
  -98.70710       21.94340       1.140549    
  -97.56170       36.83930       6.631822    
  -97.55220       36.81320       8.380116    
  -97.52560       36.81210       3.280189    
  -110.9192       33.52130       1285.444    
  -91.20560       32.43800       2.085912    
  -97.77460       20.63070       4.628138    
  -122.7946       39.59510       9926.396    
  -100.1302       36.74770       7.726711    
  -113.0626       32.10410       321.4501    
  -90.04640       19.97110       4.508952    
  -110.7991       40.66760       1566.320    
  -110.7566       40.60910       824.8672    
  -122.8416       39.59900       7259.932    
  -98.41130       34.49040       16.16480    
  -109.2391       27.35980       320.4468    
  -98.68450       21.94280       1.110816    
  -91.22390       32.41490       1.773965    
  -98.70270       21.92270      0.9897121    
  -98.68010       21.92210      0.9737388    
  -110.7078       40.63350       4916.557    
  -106.0058       39.80820       1599.487    
  -97.95130       38.23470       10.57772    
  -94.09310       34.28040       77.21382    
  -113.1442       33.16590       218.3962    
  -113.1286       33.14070       252.4682    
  -122.8751       39.62900       3717.075    
  -122.8281       39.62510       5052.139    
  -91.57150       32.18850       12.51737    
  -113.0188       33.01320       332.3420    
  -120.2659       41.10390       138.4015    
  -122.7613       39.56510       1001.410    
  -97.58300       37.33000       1.370563    
  -101.7799       31.37450       3.908084    
  -98.46410       22.59860       7.828255    
  -113.1115       33.16390       324.8015    
  -112.7959       32.90360       397.8051    
  -76.39280       20.59280       1.253635    
  -100.1195       36.72160       5.773339    
  -91.83920       34.18450       1.267834    
  -91.17190       32.38990       1.604210    
  -91.02110       32.33850       1.385597    
  -113.1758       32.39720       368.1828    
  -113.1782       32.34950       446.6941    
  -113.1162       32.29810       380.7504    
  -113.1188       32.25040       450.0116    
  -113.1241       32.15530       355.8015    
  -113.0920       32.15340       342.3961    
  -113.0598       32.15160       331.2249    
  -100.3730       31.20020       22.09115    
  -98.21280       24.41490       10.15499    
  -109.9980       50.49700       39.30436    
  -112.8282       32.90550       331.5042    
  -113.1584       32.42010       347.6675    
  -113.2105       32.35130       449.0806    
  -113.1336       32.27520       449.3949    
  -113.1014       32.27330       387.6064    
  -116.1398       31.31240       180.1065    
  -120.2212       41.10030       670.6159    
  -97.47070       38.24000       797.6209    
  -97.44350       38.23880       6.461943    
  -121.2029       37.15030       887.9141    
  -113.2057       32.44680       418.6858    
  -113.1734       32.44490       406.0388    
  -113.1410       32.44300       291.7069    
  -113.1907       32.42200       385.5912    
  -113.1459       32.34760       419.4771    
  -113.1633       32.32470       470.4582    
  -113.1310       32.32280       434.0262    
  -113.1484       32.29990       454.1077    
  -113.1067       32.17810       393.0386    
  -113.0745       32.17630       381.1227    
  -116.3551       31.49070       336.1094    
  -99.36320       30.62810       19.02323    
  -71.44060       18.41120       8.333830    
  -108.7382       39.46030       664.6697    
  -97.59270       37.35630       6.197424    
  -97.77110       37.33810       7.874547    
  -95.02450       34.77920       12.64406    
  -113.0479       33.11170       11.44882    
  -113.0496       33.06340       309.4411    
  -113.0342       33.03830       350.7744    
  -113.0513       33.01520       308.8826    
  -113.0360       32.99010       10.94325    
  -113.0035       32.98820       336.2520    
  -112.7294       32.94790       316.1438    
  -112.6820       32.92100       463.6031    
  -112.8454       32.88230       1309.235    
  -113.1884       32.46980       426.8780    
  -113.2381       32.44870       432.3239    
  -116.2062       32.60340       400.4861    
  -113.2231       32.42390       404.6753    
  -113.2081       32.39910       445.7293    
  -113.2255       32.37610       412.0296    
  -97.91360       38.20670       9.727901    
  -113.8158       38.42910       13.07971    
  -91.57240       31.43950       3.145154    
  -99.35580       30.60480       486.3983    
  -83.03520       41.41480       1.845792    
  -120.1807       40.98470       51.60125    
  -121.4257       37.29770       13405.88    
  -110.5760       33.50170       2621.258    
  -113.0206       32.96500       444.0536    
  -91.58910       31.30050       2.820554    
  -113.0893       32.20100       422.1209    
  -91.60730       31.27780       2.604196    
  -91.58410       31.27720       14.35949    
  -100.3985       31.20120       23.49836    
  -71.10180       18.13720       3.081535    
  -105.8794       40.68210       474.6068    
  -106.0556       39.89320       342.0635    
  -97.64600       39.04570       9.075884    
  -113.1560       32.46790       330.2940    
  -113.1040       32.22570       430.0099    
  -99.38820       30.62900       12.72091    
  -97.71940       38.33010       323.8144    
  -97.69210       38.32890       4.295851    
  -91.73630       32.40550       4.411360    
  -113.0945       33.18710       311.1168    
  -91.57740       31.46290       438.5684    
  -113.1659       32.27700       451.1753    
  -113.1214       32.20280       426.4590    
  -89.30100       15.07400       3.349030    
  -97.68180       38.30200       12.18272    
  -110.6189       33.57720       2780.090    
  -113.1807       32.30180       457.2729    
  -91.61230       31.30120       2.991895    
  -100.8781       30.31840       3.702112    
  -120.1442       41.06590       25478.93    
  -112.5362       32.93660       389.8735    
  -113.1510       32.25230       462.5659    
  -100.3650       31.17660       15.10563    
  -115.3055       31.73610       13.47615    
  -99.38080       30.60570       11.00848    
  -100.8859       30.34170       3.908691    
  -88.83820       19.91260       8.210378    
  -117.8740       47.14580       53.22806    
  -98.37670       34.46440       5.416138    
  -110.5877       33.57540       2914.629    
  -110.5423       33.54850       4374.021    
  -91.42340       32.04330       1.984435    
  -105.8597       40.59760       744.7764    
  -97.96160       37.13940       2.838845    
  -113.3168       31.90460       12.94288    
  -115.3213       31.76070       426.7384    
  -92.98580       29.98310       137.8373    
  -90.48930       16.55970       103.8624    
  -105.8450       40.62440       2127.724    
  -108.7748       39.51690       4427.871    
  -97.97140       37.16560       2.516875    
  -97.94450       37.16450       2.364034    
  -97.93480       37.13820       3.354999    
  -118.5231       36.20470       5425.378    
  -91.75990       32.40610       3.129603    
  -112.5512       32.96160       459.6933    
  -113.1931       32.37430       386.7084    
  -96.61780       17.66190       110.3844    
  -88.01650       15.48340       4.684075    
  -121.4966       37.32930       17091.14    
  -118.4384       36.14750       2302.540    
  -91.76530       32.42990       7.502326    
  -91.74170       32.42930       5.061939    
  -115.2880       33.00520       500.9025    
  -113.1956       32.32660       441.8194    
  -97.87890       20.71460      0.7078320    
  -88.01800       15.50270       4.924042    
  -88.27340       15.25500       5.114492    
  -65.64670       49.12860       180.6296    
  -117.9805       43.92560       867.9991    
  -105.8107       40.56680       1929.691    
  -98.14460       36.35320       4.124845    
  -121.4534       37.32600       18468.21    
  -118.4772       36.15030       729.2027    
  -98.39410       34.36700       28.60983    
  -115.2041       32.87920       568.6121    
  -115.1874       32.85400       548.5040    
  -113.3021       31.88000       339.7895    
  -97.33550       20.51870       1.217722    
  -65.61660       49.12930       192.2796    
  -97.73220       39.26470       13.85756    
  -122.2979       38.55530       1488.486    
  -98.40270       34.39190       15.09657    
  -99.51220       33.97340       16.08217    
  -91.77370       32.57220       2.157635    
  -112.9831       32.69780       638.7111    
  -112.9508       32.69590       594.0265    
  -113.3051       31.83270       12.94566    
  -108.9196       26.79270       15.00088    
  -99.85690       21.60410       469.0654    
  -87.91990       15.50170       5.638782    
  -105.8769       40.62640       497.3183    
  -120.1766       41.09660       155.9162    
  -97.61840       39.04450       4.932453    
  -97.50470       37.40440       4.741848    
  -97.47790       37.40330       3.828557    
  -97.49500       37.37810       3.665693    
  -97.46820       37.37690       8.705766    
  -98.15410       36.37900       2.964125    
  -98.11800       36.35210       4.657910    
  -121.5986       37.31100       13703.49    
  -98.42000       34.36810       11.72607    
  -113.0953       32.72840       650.7202    
  -113.0003       32.67480       551.2968    
  -112.9680       32.67290       586.4860    
  -115.8272       32.48390       24.96939    
  -115.7780       32.36090       29.60262    
  -115.7614       32.33590       945.6388    
  -98.89630       31.49240       5.773339    
  -115.7449       32.31090       920.7830    
  -113.3197       31.85730       156.9751    
  -111.8244       25.06640       348.8195    
  -96.35450       18.44910      0.5562432    
  -101.3022       47.66980       5.361985    
  -97.59080       39.04330       21.80903    
  -122.1192       38.62140       1782.652    
  -99.63880       35.16030       13.18921    
  -99.52110       33.99810       10.79103    
  -99.53830       33.97450       10.50524    
  -115.2711       32.98000       568.6121    
  -115.8227       32.82070       21.27307    
  -115.2248       32.66340       514.1781    
  -115.1908       32.66130       18.06574    
  -115.1744       32.63630       16.85931    
  -115.8104       32.45880       28.97373    
  -115.7937       32.43380       29.32026    
  -115.7460       32.26310       38.07013    
  -115.7118       32.26100       38.41666    
  -92.05340       30.98890       2.270074    
  -98.92960       20.29390       127.9134    
  -108.6247       39.48020       754.1895    
  -110.5281       33.52330       1114.696    
  -110.9048       33.49620       18.87479    
  -115.2365       33.02630       583.1346    
  -115.2370       32.97790       461.9275    
  -115.7882       32.81860       588.7202    
  -115.8402       32.79770       23.71803    
  -115.8057       32.79550       550.1796    
  -113.1608       32.37240       353.5672    
  -102.7888       31.65210       42.01711    
  -102.7623       31.65100       662.3102    
  -102.7796       31.62820       649.7892    
  -96.12790       18.08730      0.6795188    
  -88.08960       15.15680       3.199233    
  -109.5607       40.16920       1054.185    
  -106.0223       39.83650       457.4308    
  -120.8055       40.33930       5721.278    
  -97.29710       38.84290       8.059590    
  -122.3432       38.55900       2504.065    
  -76.20480       35.55410       281.5133    
  -91.77570       35.01760       233.9305    
  -113.0478       32.70160       657.7021    
  -113.0154       32.69970       743.9993    
  -112.9357       32.67100       643.4589    
  -102.8061       31.62940       165.3332    
  -102.7531       31.62710       437.2113    
  -98.11160       21.55780       128.9883    
  -98.60200       21.22210      0.8619265    
  -97.78110       37.08010       2.436278    
  -97.75440       37.07890       1.532174    
  -99.02710       36.11220       16.49514    
  -99.01730       36.08650       43.16957    
  -121.5707       37.28270       11103.62    
  -115.3048       33.03050       497.1167    
  -115.1404       32.63420       479.3048    
  -108.6213       39.42580       3089.670    
  -98.01260       38.18470       12.11749    
  -122.0742       38.61780       705.3152    
  -97.38480       36.85750       3.147660    
  -121.4812       37.35430       9649.328    
  -91.53710       35.33300      0.8669376    
  -118.6398       34.67240       849.3433    
  -115.2073       32.68640       433.8134    
  -115.1569       32.65930       555.3082    
  -89.16860       19.77730      0.7591968    
  -89.43380       19.60120       6.313705    
  -89.50690       16.95610       84.37984    
  -89.93150       16.37720      0.7992865    
  -84.09640       15.02500       4.324700    
  -105.7374       49.28690       1.950610    
  -109.5946       40.17140       27.68430    
  -108.6394       39.45410       53.40827    
  -97.59040       37.27850       4.283323    
  -97.56360       37.27740       1.866672    
  -97.58080       37.25230       4.189959    
  -97.55400       37.25110       2.257546    
  -122.1499       38.65070       1112.427    
  -121.5831       37.33590       2867.322    
  -113.0133       32.74770       677.3447    
  -112.9982       32.72270       564.4230    
  -112.9658       32.72080       632.8463    
  -111.8338       25.08840       361.9456    
  -122.3336       38.74580       1926.841    
  -122.4819       38.65040       1510.570    
  -97.77290       36.33750       4.057402    
  -97.74640       36.33640       19.88051    
  -113.0456       32.74960       686.1885    
  -115.7547       32.72000       25.27741    
  -115.7203       32.71790       434.5582    
  -122.6849       40.10710       3031.885    
  -122.5589       38.68330       864.1727    
  -97.78220       36.36330       2.641529    
  -91.77910       32.59610       3.336624    
  -113.0284       32.77260       648.4859    
  -99.11680       31.17450       8.513228    
  -88.07580       15.23360       13.38691    
  -116.1826       50.15600       1159.822    
  -122.5132       38.67970       73.96655    
  -122.5732       38.65770       793.8038    
  -121.5500       36.39980       639.4703    
  -117.6920       36.12050       40.31986    
  -91.34130       32.84520       2.405692    
  -115.2702       33.07680       22.77470    
  -115.2706       33.02840       622.6060    
  -115.2538       33.00310       566.0986    
  -116.1348       50.11640       892.9260    
  -97.34820       38.76510       256.0059    
  -122.5050       38.86700       923.0772    
  -121.4136       37.24460       2137.311    
  -99.66550       35.16150       7.991343    
  -99.61220       35.15910       11.06556    
  -94.98570       33.53380       5.322149    
  -115.2875       33.05360       560.2337    
  -115.2533       33.05150       23.58327    
  -112.9035       32.66910       441.8194    
  -115.1734       32.68440       421.1528    
  -115.1230       32.65720       20.03134    
  -115.2083       32.63830       17.12572    
  -92.19790       31.01600       1.197677    
  -100.3670       25.31240       226.7746    
  -120.2538       41.13110       17900.48    
  -97.60770       39.01720       48.61673    
  -97.58010       39.01600       3.054327    
  -97.77280       38.67730       12.34786    
  -98.23960       37.80100       14.56925    
  -108.7268       38.25440       285.9817    
  -98.74670       37.58880       3.200069    
  -98.71940       37.58750       4.822445    
  -98.73630       37.56230       2.137277    
  -122.4532       38.70170       2283.206    
  -97.35820       36.85640       2.813789    
  -99.52940       33.94980       13.21018    
  -115.2028       32.97580       461.9275    
  -115.2202       32.95270       478.1256    
  -115.2375       32.92960       458.0176    
  -115.2034       32.92750       439.0266    
  -99.75090       28.71000       6.702943    
  -88.04540       15.34880       9.091699    
  -98.25890       45.19310       2.082154    
  -97.78340       38.70440       16.04792    
  -97.74530       38.67610       9.962874    
  -97.04230       38.38000       11.75054    
  -99.09680       32.56080       7.724966    
  -91.58510       31.93040       2.097187    
  -115.2885       32.95690       481.7563    
  -115.2543       32.95480       525.0445    
  -115.2717       32.93170       540.1256    
  -99.17180       21.68830      0.8468928    
  -88.73730       17.47430       6.283921    
  -121.7811       45.38480       284.1504    
  -98.24990       37.82760       12.87067    
  -123.0950       38.67280       1222.039    
  -91.81350       32.64450       2.522513    
  -115.2890       32.90860       15.11254    
  -99.09170       31.17350       6.719253    
  -115.6563       37.94880       15.73805    
  -96.75480       36.16900       7.758360    
  -121.3039       37.13190       3046.697    
  -91.31660       32.08740       2.243347    
  -99.17620       21.70900       5.333898    
  -97.22850       20.29330       83.43929    
  -90.99040       16.74210      0.8869824    
  -120.8375       40.36960       1496.318    
  -97.20460       38.81220       2.105331    
  -117.6539       36.11780       40.83274    
  -121.6961       36.17970       114.5717    
  -111.8097       33.89050       348.5402    
  -113.0629       32.72650       557.2547    
  -108.6759       39.51060       79.21449    
  -122.2767       38.84870       555.9105    
  -90.94480       33.07280       1.287043    
  -113.0781       32.75150       580.3419    
  -91.43780       31.78580       2.087791    
  -115.2588       32.66550       536.4950    
  -113.1040       32.53680       326.7564    
  -113.2682       32.49840       396.5762    
  -113.2034       32.49460       384.2880    
  -113.2532       32.47350       408.0267    
  -113.2208       32.47160       420.8735    
  -113.2846       31.90270       9.834245    
  -98.65480       21.69510       1.263896    
  -98.36470       20.93020       164.3836    
  -119.6600       48.83070       2644.772    
  -108.5343       39.33910       282.2231    
  -97.75570       36.36220       14.27026    
  -117.7141       36.14760       59.29508    
  -117.6760       36.14490       55.56430    
  -91.71470       32.83190      0.7889509    
  -110.8038       33.63650       382.6122    
  -115.2413       32.68850       18.52008    
  -115.6343       31.99360       36.34711    
  -100.3810       31.22380       10.18760    
  -115.6522       31.97090       34.79736    
  -97.21500       38.83930       27.36628    
  -97.33120       38.79100       32.01430    
  -97.39420       36.88360       4.277059    
  -97.41140       36.85860       2.776205    
  -121.3981       37.26950       2576.548    
  -121.4225       36.39030       4988.650    
  -115.2423       32.64040       529.7924    
  -107.8825       25.37400       26.61127    
  -80.27090       22.66020       2.418531    
  -113.4345       44.91370       825.1439    
  -105.8622       40.65330       797.6336    
  -105.8130       40.62250       907.0320    
  -110.7290       40.66280       1859.533    
  -98.28540       36.30840       11.59594    
  -98.25880       36.30720       40.23941    
  -98.23220       36.30610       14.72691    
  -98.24930       36.28140       18.11058    
  -91.16670       32.36610       2.195657    
  -80.27000       22.63960       2.427927    
  -110.6866       40.60430       48.35579    
  -120.8503       40.34290       981.3101    
  -121.5339       36.42440       5619.552    
  -121.5075       36.39660       6827.597    
  -104.5200       24.19520       1688.521    
  -122.6211       39.55360       9639.699    
  -97.57880       36.81440       4.157793    
  -121.4387       36.36580       5313.715    
  -91.16170       32.34230       2.182378    
  -91.46120       31.78640       1.894234    
  -104.4830       24.23640       284.8492    
  -104.5265       24.21670       535.6572    
  -104.5450       24.19610       30.86039    
  -104.4949       24.19430       483.7112    
  -104.4883       24.17290       778.0714    
  -104.4633       24.17200       1203.693    
  -104.4818       24.15140       798.1794    
  -104.4567       24.15050       1414.828    
  -105.8302       40.65130       695.2668    
  -120.2091       41.12740       25859.23    
  -122.5907       40.09930       1937.078    
  -122.6347       39.52740       1509.824    
  -96.97790       36.81500       15.03677    
  -96.99530       36.79010       749.6616    
  -96.96880       36.78900       29.71475    
  -91.10660       32.41170       2.158575    
  -112.8303       32.85730       541.8013    
  -104.5926       24.02800       15.13463    
  -113.4850       44.88710       591.2916    
  -97.58830       37.20090       3.740861    
  -121.4811       36.36900       2811.381    
  -98.67740       21.69570       1.178885    
  -113.4651       44.94680       2552.440    
  -105.8426       40.56880       536.9121    
  -120.1320       41.09300       735.1463    
  -122.7145       39.56120       1051.797    
  -122.3395       38.90760       1661.900    
  -92.69660       35.46900       26.18965    
  -121.5178       36.44890       2337.298    
  -91.64290       31.76800       4.156791    
  -113.5056       44.95000       640.1644    
  -121.6793       44.70120       2338.566    
  -98.38920       37.70320       3.108615    
  -121.6265       37.33920       1770.942    
  -121.4103       37.32270       3192.972    
  -111.7569       34.05910       13.14961    
  -110.5618       33.47660       632.0085    
  -108.6912       32.96210       191.5884    
  -112.9596       32.86490       428.9726    
  -114.8852       32.69090       20.19498    
  -114.8515       32.68880       509.9635    
  -98.36200       37.70190       5.283058    
  -121.2301       37.17850       934.7619    
  -121.3897       37.13850       2627.784    
  -91.29150       32.93910      0.9390990    
  -91.13510       32.43610       3.355249    
  -91.13000       32.41230       4.904294    
  -91.64800       31.79160       7.878860    
  -91.62470       31.79090       5.628831    
  -91.61960       31.76740       23.63050    
  -97.68760       39.28960       13.31712    
  -97.93250       39.21990       8.335683    
  -117.0710       40.23760       459.1347    
  -122.6543       39.58360       3173.408    
  -91.58240       31.48630       1.172621    
  -90.03730       17.06090       100.1451    
  -90.01720       17.06060       7.538738    
  -108.6941       39.53890       12.10957    
  -122.6077       39.57980       2943.490    
  -122.5746       39.54980       4103.726    
  -98.39300       37.78170       12.98512    
  -97.56940       36.78830       4.174330    
  -97.54280       36.78720       2.954103    
  -92.72140       35.46980       363.8222    
  -113.0418       32.48520       418.3600    
  -113.0268       32.46030       390.4321    
  -121.7729       44.74010       2096.460    
  -120.1645       41.12370       12366.34    
  -121.6954       37.44920       1968.388    
  -91.28620       32.91510      0.8844768    
  -116.2222       31.03460       281.3557    
  -104.0449       51.41200       1.563495    
  -103.9018       51.18100       1.360541    
  -110.8425       44.40930       908.9915    
  -120.0997       41.06220       3475.644    
  -120.6715       40.32840       918.3950    
  -121.7543       37.42760       1379.498    
  -91.66530       34.05760       3.248928    
  -100.3475       31.19920       14.27841    
  -105.2917       40.67440       1231.143    
  -105.2600       40.67250       2304.179    
  -120.2417       41.15820       5727.793    
  -97.22530       38.86650       3.253522    
  -121.7107       37.42420       1092.880    
  -121.4721       37.22300       2075.569    
  -118.4224       36.17190       1687.671    
  -91.64120       34.05690       2.901485    
  -100.3395       31.17560       9.377597    
  -99.13580       21.62570       12.87463    
  -105.9236       40.60150       1169.062    
  -122.8216       39.54280       1198.671    
  -121.4380       37.35100       1968.690    
  -112.5188       34.03090       829.1793    
  -104.5619       23.35090       210.5764    
  -120.1199       41.12010       27750.22    
  -120.0875       41.08930       9439.745    
  -98.36570       37.78050       10.29089    
  -121.7957       37.50940       723.1406    
  -121.6111       37.36420       2258.769    
  -116.1856       50.08600       490.6550    
  -122.7010       39.58740       1134.353    
  -118.4765       35.84430       513.8734    
  -110.5566       33.57360       26.21650    
  -110.8804       44.41210       973.8760    
  -105.2749       40.64560       470.3022    
  -105.2433       40.64370       526.0707    
  -120.1970       41.15450       13534.22    
  -112.5674       34.05840       656.8643    
  -105.9409       40.63030       64.89841    
  -91.14330       32.36550       15.24684    
  -120.1524       41.15090       10074.60    
  -122.7478       39.59120       1238.997    
  -113.4245       44.94360       56.99949    
  -122.9020       39.57660       2479.724    
  -98.48210       36.90450       4.711244    
  -121.6545       37.36750       1586.633    
  -121.6419       37.31430       1551.107    
  -91.13820       32.34170       4.888426    
  -114.6042       33.35130       380.3780    
  -114.8891       30.44270       16.21951    
  -97.25270       38.86770       18.54318    
  -91.34000       32.08800      0.7491745    
  -114.8563       30.44080       417.2428    
  -114.8746       30.41860       436.2338    
  -97.35340       39.05960       1.162598    
  -122.8761       39.82060       418.5078    
  -91.15860       32.43680       4.328842    
  -121.5408       42.03370       56.71408    
  -121.5045       42.00200       65.58394    
  -105.3086       40.70320       843.5952    
  -120.2297       41.18530       2486.922    
  -120.0754       41.11640       107.6904    
  -122.7215       39.83520       1098.605    
  -122.8886       39.60280       1020.133    
  -98.82730       34.36030       16.03937    
  -110.5929       33.47840       695.7399    
  -98.02230       25.92660       265.9244    
  -120.1078       41.14720       2745.092    
  -113.0535       50.43810       7.376487    
  -120.1850       41.18170       1506.068    
  -98.50910       36.90560       3.041799    
  -115.6222       33.97770       11.97453    
  -115.5873       33.97550       13.59166    
  -108.3930       49.76660       8.952488    
  -115.1198       40.22850       15.81960    
  -122.8629       39.84690       3426.814    
  -113.0995       50.44210       8.483961    
  -120.2745       41.18900       1114.653    
  -120.9818       39.88520       294.3380    
  -96.18970       37.16890       10.46068    
  -122.9558       38.66160       350.4182    
  -96.94550       37.01920       5.724412    
  -118.4453       36.19910       850.7086    
  -120.2865       41.16190       806.6072    
  -97.32460       38.84410       2.770359    
  -120.8977       39.96080       2482.791    
  -122.7581       40.05810       1161.657    
  -98.49810       26.15740      0.8118145    
  -107.3591       43.32520       11.30204    
  -122.6979       40.08060       1344.896    
  -120.8219       39.92720       1413.914    
  -122.9101       39.85080       1150.512    
  -107.9788       44.65720       371.4411    
  -110.8691       44.44160       63.35178    
  -113.0777       44.39860       11.80762    
  -126.6845       53.78390       1040.233    
  -113.2558       44.47310       13.91146    
  -109.9980       43.92580       11.36728    
  -121.7298       44.70580       97.92931    
  -97.60340       37.09830       3.209674    
  -113.2159       44.47000       11.87285    
  -120.7907       39.89720       1048.768    
  -122.5881       39.52360       4354.359    
  -97.63010       37.09940       5.121447    
  -113.0110       41.01910       15.81960    
  -120.2591       40.51670       588.1616    
  -108.6906       39.48440       612.6305    
  -120.1098       39.97990       18.59211    
