  -116.1252       46.89440       1.512024    
  -107.8933       39.16400       14.62133    
  -92.56370       36.72770      0.1199211    
  -109.6423       30.50830       4.965307    
  -98.27680       22.03510      1.5221520E-02
  -77.39890       26.70980       26.28802    
  -122.0104       42.76750       2.756353    
  -101.8407       31.47060       6.411464    
  -93.11760       17.85400      3.8239989E-02
  -93.11510       17.83420      0.1240294    
  -93.18470       17.89460      0.1089782    
  -110.8616       33.42080      0.5475259    
  -98.64710       19.03790       8.041227    
  -70.34600       18.92870       1.493817    
  -101.4139       26.88680      4.4268940E-02
  -89.71060       35.93100      0.1076490    
  -102.2042       17.92530      4.4137191E-02
  -116.3798       32.71060       12.31304    
  -116.3449       32.70840       17.42159    
  -80.52810       26.51160      1.7413918E-02
  -80.54290       26.77090      2.2487761E-02
  -80.51850       26.70580      0.6173360    
  -80.72080       26.62100      2.3020199E-02
  -80.52940       26.53310      3.8523600E-02
  -80.88270       26.55760      2.0859119E-02
  -80.61340       26.55540      7.0516989E-02
  -80.74150       26.62120      2.6058238E-02
  -88.56710       33.44340       1.132293    
  -80.62470       26.74990      1.3342319E-02
  -80.63910       26.64190      2.4304321E-02
  -80.53430       26.61950      3.4545962E-02
  -80.57200       26.55510      0.9895126    
  -80.60720       26.44750      5.0785381E-02
  -85.47800       30.06540       1.964479    
  -80.54390       26.42550       1.131498    
  -80.61220       26.53380      3.4013521E-02
  -71.02230       19.60030      2.5901638E-02
  -84.52460       30.89600      0.6900547    
  -97.60740       32.03050      0.1422439    
  -80.52590       26.83570      3.4671240E-02
  -80.57940       26.68470      6.7212716E-02
  -97.58250       32.02960       1.102277    
  -96.21130       29.83040      0.1546377    
  -80.79980       26.55690      3.9555423E-02
  -106.0965       41.39610      0.1537111    
  -95.95720       33.66470       5.458872    
  -95.93220       33.66380      0.2310923    
  -80.74580       28.06040      0.1327600    
  -98.29690       31.07410      0.1268755    
  -71.00230       19.62030      2.2299837E-02
  -83.19920       32.31950      0.3629199    
  -99.15700       31.22250      0.3316868    
  -100.1699       32.22460      0.1516725    
  -80.52450       26.44690      6.0593765E-02
  -96.65240       31.01550      0.1650661    
  -82.14920       31.79010       1.072626    
  -91.77980       30.56710      2.8160144E-02
  -91.77490       30.54400      0.9809372    
  -80.62090       26.68500      3.5422917E-02
  -71.50520       19.67810      4.1436363E-02
  -80.61970       26.66340      4.7387160E-02
  -86.64220       31.00170       7.222444    
  -86.64560       31.02480       3.613671    
  -106.4730       41.64630       1.544210    
  -96.31360       31.86660      0.1042328    
  -82.61220       40.15520       3.054340    
  -105.3104       39.17080      0.1696122    
  -93.61360       35.12600       1.463742    
  -80.45750       26.72690      6.0760804E-02
  -97.82150       38.73270      0.2256739    
  -109.8199       43.02460       3.257670    
  -114.1200       49.55060      0.4529787    
  -105.9753       40.99490       1.325814    
  -116.2175       52.22430       2.207018    
  -97.69040       38.67360      0.5899731    
  -98.21350       35.82490      0.1622732    
  -83.05770       32.45900      0.1064310    
  -83.05520       32.43530      8.6059019E-02
  -93.28640       31.69830      0.2687328    
  -92.17260       30.89990      1.7601840E-02
  -80.45630       26.70530      4.7042638E-02
  -81.27820       41.19040      6.7261145E-02
  -105.2492       39.32910      0.4575996    
  -87.70770       30.81540       1.250120    
  -98.72660       27.29860      0.1467798    
  -93.77840       33.92890       4.905231    
  -92.88830       31.19760      0.5394440    
  -82.38270       39.71470      7.6072641E-02
  -83.90850       31.09410       1.311109    
  -106.1003       41.45280       1.875021    
  -92.27460       32.09070       6.474157    
  -64.78030       44.08390      0.6248038    
  -80.63090       41.54880      1.7727118E-02
  -101.3809       37.19340      0.3657263    
  -79.80350       34.02490      6.3442834E-02
  -92.91180       31.19830      0.4648193    
  -106.0860       41.48020      0.2051859    
  -81.07720       22.80980      2.6120879E-02
  -97.78860       37.02880      5.0550476E-02
  -92.32450       31.06580      4.4098560E-02
  -109.0335       26.20520      0.3958977    
  -80.52840       26.87900      2.5619762E-02
  -92.36080       31.02060      2.9503439E-02
  -106.9920       41.56580      0.1667581    
  -91.90530       34.25960       1.092059    
  -92.00360       30.75700      3.5830081E-02
  -105.5330       42.36010       1.735799    
  -99.23250       35.19250      0.2060353    
  -105.7162       42.40050       2.001161    
  -97.23550       38.46780      0.1494300    
  -94.20510       42.72080      2.9440802E-02
  -105.9738       41.24740      0.1887751    
  -94.84090       36.98780      0.1712431    
  -80.77910       26.55670      3.0443041E-02
  -71.16430       19.38100       5.421165    
  -119.5768       45.27810       5.399225    
  -92.39440       31.06780      4.7533326E-02
  -122.1762       39.29980      6.6805564E-02
  -70.53980       18.29670      0.1449450    
  -85.71810       15.46090       8.079763    
  -81.62510       22.58770       3.393039    
  -97.69880       38.27640      2.0671200E-02
  -84.07530       14.98650      0.4905275    
  -121.9664       39.33710      9.3521520E-02
  -109.6219       44.19880       1.083074    
  -96.30200       36.73640      0.4871903    
  -97.66700       38.75250      0.1447412    
  -97.36230       36.57510      0.4073139    
  -98.22270       35.85050      2.5651081E-02
  -98.14580       48.89680      4.0026959E-02
  -122.0301       39.39660      0.1263762    
  -122.0536       39.53460      0.2661574    
  -106.8644       41.61440      0.1908137    
  -121.8154       42.08590      8.2371593E-02
  -92.05030       34.36170      1.9706544E-02
  -92.04430       34.33710      0.1033883    
  -111.6891       25.21190       2.074028    
  -106.6093       41.06230      0.7023310    
  -86.24620       37.53110      9.5164247E-02
  -98.35750       39.59080      2.2894921E-02
  -98.34600       39.56310      2.2675680E-02
  -92.30120       31.06520      4.9485601E-02
  -93.91610       30.99650       1.375292    
  -104.8794       32.60040       1.254724    
  -94.06600       35.24080       2.763995    
  -97.83460       31.96830       1.134209    
  -111.7668       25.06380       2.164666    
  -101.8073       31.86820       1.241543    
  -86.82850       33.83860      7.3331296E-02
  -121.9064       39.00760       1.766504    
  -92.00850       30.78010      1.7100718E-02
  -98.14540       28.38590      1.6944120E-02
  -99.20290       34.47410       1.479069    
  -93.73840       29.84530      0.5343995    
  -110.4397       46.87560       1.000257    
  -106.4918       41.67590      0.1329172    
  -98.02230       25.92660       1.212071    
  -80.91300       39.34250       3.328448    
  -102.1753       31.88410       1.080556    
  -105.3757       40.34700      0.6281184    
  -97.73510       37.02660      3.9181318E-02
  -98.28710       35.45170      0.2213928    
  -115.3146       32.45260      0.4489014    
