  -122.0305       52.58770       276.8797    
  -119.0738       50.53730       322.5909    
  -111.4346       40.07550       184.3717    
  -112.2601       39.55840       254.2759    
  -112.5396       38.34190       489.7729    
  -122.7742       38.72740       8165.034    
  -122.7281       38.72370       6352.750    
  -109.7832       34.11630       87.78598    
  -101.9414       32.15720       291.6376    
  -116.8760       32.16500       2415.533    
  -116.8409       32.16280       1140.681    
  -114.9068       32.02150       394.1255    
  -116.4680       31.71090       359.8491    
  -119.3777       49.41630       219.4429    
  -120.8967       49.49540       229.7995    
  -122.7424       38.69810       11329.59    
  -114.8733       32.01950       429.9891    
  -98.02230       25.92660       103.6481    
  -109.0227       26.37990       29.60366    
  -97.37460       25.62730       100.1533    
  -116.6265       32.48520       86.31351    
  -116.4515       31.68620       761.8500    
  -112.2388       39.52970       825.0684    
  -112.2034       39.52730       1648.371    
  -70.34600       18.92870       135.1997    
  -104.0841       31.99300       163.9095    
  -123.4562       42.60400       382.1627    
  -110.8616       33.42080       494.5528    
  -119.7605       50.11170       249.3543    
  -122.2557       39.98900       613.2281    
  -101.4631       26.88850       231.2631    
  -122.6964       38.69440       11502.59    
  -122.1084       39.15890       77.70075    
  -122.7885       38.70180       20529.89    
  -109.6423       30.50830       435.1362    
  -94.92600       29.85800       18.74189    
  -122.7568       38.67240       3962.242    
  -122.7108       38.66870       10348.02    
  -122.8203       38.73120       2077.194    
  -122.8346       38.70550       4625.182    
  -122.8028       38.67610       8794.979    
  -103.7140       31.66980       122.5222    
  -112.2247       39.55590       259.8359    
  -121.4342       38.35370       65.34370    
  -122.7711       38.64670       1840.930    
  -122.7252       38.64300       4911.784    
  -122.6649       38.66500       5445.640    
  -122.8490       38.67980       2476.455    
  -122.6792       38.63940       6037.849    
  -95.31970       28.98900       37.96457    
  -122.7395       38.61740       3344.327    
  -122.7855       38.62110       2689.149    
  -122.8172       38.65040       2142.068    
  -122.8316       38.62480       5308.942    
  -121.6404       37.99800       309.1676    
  -122.7599       38.75310       3146.775    
  -80.56580       26.44720       65.94892    
  -81.17300       26.88440       160.8430    
  -80.65480       26.55570       13.57722    
  -80.57200       26.55510       23.13790    
  -80.55130       26.55490       12.29936    
  -122.7999       38.59550       1319.574    
  -122.8460       38.59920       5751.195    
  -80.68370       26.34050       146.0054    
  -122.7918       38.78260       2109.513    
  -79.94330       36.68560       17.92448    
  -122.6936       38.61370       5244.312    
  -65.82380       48.13230       89.66380    
  -83.93550       35.30380       21.92860    
  -97.92710       26.29120       141.4161    
  -97.92170       26.26940       76.93758    
  -122.8144       38.56990       5192.433    
  -121.2018       51.86980       314.5960    
  -80.52330       26.42540       18.07634    
  -119.1493       50.90090       486.0730    
  -119.8283       50.39930       769.0709    
  -109.5456       27.17420       378.4434    
  -122.6505       38.69070       2378.922    
  -99.09060       29.74760       169.3540    
  -117.4405       45.61720       193.2496    
  -80.86590       26.62220       17.19781    
  -81.38160       26.26040       16.02644    
  -98.02770       26.22930       87.00069    
  -98.00430       26.22860       105.4231    
  -98.02230       26.20750       399.5876    
  -97.99890       26.20680       73.05077    
  -122.2165       38.04310       278.3399    
  -121.5657       41.38110       135.3380    
  -122.6821       38.72000       1157.236    
  -97.97630       26.48800       538.2130    
  -97.95280       26.48730       407.2119    
  -97.97080       26.46610       266.7524    
  -97.94730       26.46540       1100.339    
  -80.60840       26.46910       52.17912    
  -97.91450       26.05280       38.92136    
  -122.7540       38.59180       5269.645    
  -80.89060       26.68720       114.5064    
  -122.7684       38.56620       2325.395    
  -80.50500       26.46830       51.85965    
  -84.49920       31.79960       24.66617    
  -97.98640       26.24970       356.0142    
  -97.96300       26.24900       29.86988    
  -85.70240       15.51850       56.17587    
  -96.18230       31.74480       17.84857    
  -118.9689       50.59800       933.4840    
  -122.7080       38.58810       2096.850    
  -96.20670       31.74560       15.91996    
  -98.09910       29.41740       21.56382    
  -85.85720       32.40980       68.55645    
  -106.4779       39.15870       197.1946    
  -84.50200       31.82300       103.5809    
  -121.5100       38.62670       95.66175    
  -109.7785       34.21430       129.2337    
  -77.97850       20.85830       12.75194    
  -98.52880       21.30210       65.66039    
  -93.18470       17.89460       30.46813    
  -97.98140       34.20350       403.3998    
  -77.37880       26.73130       20.63351    
  -122.6334       38.63570       2508.466    
  -97.98980       34.22830       313.2933    
  -98.16980       20.84380       12.72532    
  -84.77850       30.99210       18.42242    
  -98.58790       21.26270       15.01481    
  -93.11510       17.83420       16.50564    
  -119.9923       50.38020       770.6426    
  -111.6316       25.20940       160.2299    
  -111.6029       25.20810       126.6810    
  -120.3999       49.24140       744.1035    
  -109.5933       34.20380       393.8692    
  -89.56100       15.34660       22.82393    
  -114.8419       32.42400       117.5095    
  -109.6075       34.22920       300.9903    
  -99.67140       30.89410       236.1829    
  -71.20080       18.01910       16.81719    
  -121.0399       39.23570       298.9542    
  -105.9531       37.09720       165.1895    
  -99.67900       30.91750       125.8025    
  -98.61040       21.26330       14.90832    
  -98.60620       21.24270       35.86021    
  -118.9133       50.55710       443.7504    
  -80.68250       26.31900       88.45679    
  -123.0795       39.23770       736.1763    
  -105.9674       37.12380       225.6570    
  -105.9372       37.12210       241.4682    
  -105.9230       37.09550       134.9913    
  -112.9613       39.63430       158.3512    
  -111.9865       36.02130       375.4668    
  -123.1265       39.24150       615.7704    
  -101.8494       31.49440       142.0896    
  -101.8407       31.47060       121.5625    
  -121.3283       37.60470       121.0189    
  -98.60370       33.71730       310.7374    
  -123.1127       39.26750       632.1298    
  -105.9071       37.12050       993.7126    
  -121.9343       38.12700       1921.104    
  -121.9788       38.13050       2419.405    
  -98.57790       33.71630       368.4881    
  -105.9816       37.15050       807.1461    
  -105.9514       37.14880       986.7783    
  -105.9213       37.14710       724.6611    
  -121.9640       38.15590       1376.984    
  -121.3003       37.57630       671.9529    
  -121.0742       49.78870       392.8904    
  -119.4012       44.65040       616.2330    
  -101.8073       31.86820       128.7603    
  -94.05260       38.73720       20.23272    
  -123.3968       52.92220       420.6500    
  -123.3163       52.87560       291.3080    
  -118.6701       34.79930       209.8553    
  -86.53910       15.27600       10.41207    
  -110.7009       32.32850       235.1275    
  -113.4837       31.34640       314.1997    
  -119.4041       37.87970       213.1365    
  -122.1124       37.98200       118.0000    
  -109.9610       27.23750       20.68529    
  -122.7225       38.56250       2643.990    
  -116.5752       32.36200       182.9836    
  -101.7799       31.37450       135.4113    
