  -119.2188       51.63170       3276.049    
  -116.3195       51.05890       3549.492    
  -118.6026       48.39520       2208.051    
  -116.1276       46.67020       2226.869    
  -120.9119       42.15240       14380.73    
  -119.9970       37.60850       6243.759    
  -91.76670       34.18230       118.7153    
  -92.42730       33.74080       460.0123    
  -80.61500       33.40540       572.4361    
  -117.0973       33.99920       1669.664    
  -93.60360       30.36590       489.4119    
  -94.58470       29.89310       438.1618    
  -93.18470       17.89460       1255.242    
  -93.11510       17.83420       1677.774    
  -120.1802       38.73700       14527.22    
  -94.56120       29.89240       533.9625    
  -98.12580       27.43290       538.5900    
  -98.42330       22.93000       121.6527    
  -116.5747       46.96590       1802.073    
  -70.34600       18.92870       1464.094    
  -109.6423       30.50830       4936.961    
  -116.9297       33.86530       2281.532    
  -124.2197       53.35450       7302.004    
  -81.02320       46.49280       440.7422    
  -102.2042       17.92530       465.2881    
  -99.48990       34.33900       1472.330    
  -115.1026       32.17640       2020.203    
  -118.9772       34.14920       3574.792    
  -118.9391       34.14660       2869.059    
  -110.8616       33.42080       3425.213    
  -118.4810       34.33840       37320.93    
  -118.4603       34.31230       3501.239    
  -118.5188       34.34100       9219.533    
  -118.4981       34.31480       7561.629    
  -118.5359       34.31740       55741.54    
  -118.5152       34.29120       4808.042    
  -118.5567       34.34360       43381.14    
  -118.4774       34.28860       2619.114    
  -118.5737       34.31990       45663.43    
  -97.81050       22.27050       142.4906    
  -118.5530       34.29370       7275.380    
  -103.3047       32.62190       1493.838    
  -97.48990       20.52240       524.7838    
  -97.46790       20.52180       674.2623    
  -118.5018       34.36460       30912.76    
  -118.5396       34.36720       4876.636    
  -110.7764       33.00450       1619.869    
  -70.36530       18.92860       188.6504    
  -111.6147       42.71600       1180.069    
  -118.5908       34.29630       4862.538    
  -118.5323       34.26760       2850.416    
  -118.6116       34.32250       14687.80    
  -118.5701       34.27010       3086.755    
  -118.4432       34.33590       2141.410    
  -93.11760       17.85400       112.2634    
  -81.24080       26.64700       350.1765    
  -79.66740       37.42800       781.8781    
  -82.66740       29.79830       93.93409    
  -80.92290       26.53630       500.6843    
  -82.64580       29.79810       430.4978    
  -80.95820       26.77430       1466.534    
  -80.04630       34.27000       373.6225    
  -80.88400       26.57920       344.8551    
  -81.99940       28.73660       453.9437    
  -80.88270       26.55760       155.8139    
  -99.24670       24.78550       971.7176    
  -101.3076       19.66690       436.2149    
  -97.92170       26.26940       139.6841    
  -98.00970       26.25040       917.9212    
  -77.61160       35.70900       1791.658    
  -85.36870       34.73620       377.9189    
  -86.36240       33.51550       1851.876    
  -97.98640       26.24970       1219.189    
  -98.00430       26.22860       275.4970    
  -119.2323       34.24080       759.0777    
  -101.2135       37.62670       1321.086    
  -101.2017       37.60000       386.9217    
  -78.18310       34.59810       591.2941    
  -101.8319       36.34320       827.3078    
  -94.59730       16.77910       177.5925    
  -87.58890       31.90350       809.4095    
  -81.99400       31.53210       948.0334    
  -87.59270       31.92700       2250.750    
  -105.9691       37.61770       2881.929    
  -81.99610       31.55530       1128.431    
  -96.35370       19.50780       694.0219    
  -90.16830       16.96500       727.1102    
  -90.14820       16.96470       508.9765    
  -86.36620       33.53960       1868.071    
  -118.4640       34.36210       4912.746    
  -83.19220       30.96880       1055.521    
  -80.77320       26.10500       1385.747    
  -82.99900       29.41910       1164.170    
  -92.48470       17.90260       95.90964    
  -80.84130       26.55720       231.9465    
  -71.42700       19.69830       141.9422    
  -84.48870       49.20140       3071.585    
  -120.8616       51.21590       6029.714    
  -82.06500       31.83580       680.6960    
  -116.9792       32.41110       4889.262    
  -119.4741       51.43830       8541.370    
  -79.08150       35.22020       414.4584    
  -83.13970       32.38930       1288.712    
  -82.50520       28.67550       1248.626    
  -70.39750       19.12650       161.1367    
  -71.19290       45.26460       382.8099    
  -80.77200       26.08350       2003.633    
  -82.59580       31.84230       173.9868    
  -70.96410       19.60060       124.0919    
  -109.0545       46.83370       1058.164    
  -82.50330       28.65320       977.3824    
  -98.56960       21.28270       170.9759    
  -94.89120       40.59050       95.48841    
  -81.58970       27.19230       1219.839    
  -81.59130       27.21400       1875.210    
  -100.3434       42.92810       653.4612    
  -118.8641       48.31950       3208.049    
  -81.17180       27.82230       558.1647    
  -117.5002       51.82910       7833.760    
  -115.9811       50.24290       1794.181    
  -120.8246       52.05210       8066.113    
  -97.81310       38.57270       1230.282    
  -102.5584       36.12470       579.8663    
  -88.91070       19.05550       187.6622    
  -81.78530       27.87210       1491.464    
  -77.94970       34.99020       487.0706    
  -78.10080       34.79400       465.8936    
  -81.78690       27.89410       2066.170    
  -87.71750       15.67320       86.00409    
  -121.2265       42.87430       31656.74    
  -81.18680       26.77620       3011.656    
  -81.20760       26.77640       1272.888    
  -87.71600       15.65390       323.1451    
  -120.3201       35.69620       2601.923    
  -118.1640       34.06980       566.5699    
  -87.82060       21.43190       446.7253    
  -86.44060       15.54460       828.3002    
  -81.09100       49.41250       966.4418    
  -107.3738       44.52380       980.5909    
  -121.7343       51.19690       6117.174    
  -115.5049       48.58210       14276.46    
  -102.5468       36.09880       964.8846    
  -90.71890       16.44610       250.8265    
  -120.2371       38.71460       2816.849    
  -116.6507       32.03160       7293.118    
  -116.6158       32.02950       6200.231    
  -116.6338       32.00670       4867.021    
  -116.5989       32.00460       3676.691    
  -117.0089       46.90760       3117.219    
  -78.91390       34.26080       748.7575    
  -118.3201       50.04210       7996.312    
  -100.3615       43.60750       618.6704    
  -98.26920       21.89070       297.7561    
  -92.17550       17.72020       102.9081    
  -100.0533       25.90480       4769.097    
  -98.13150       21.43530       156.4591    
  -102.5289       35.99670       1736.506    
  -70.15730       18.79130       915.0853    
  -119.2750       51.63730       3313.447    
  -98.07370       23.29590       106.5642    
  -98.29170       21.89120       216.1393    
  -100.0665       43.32470       727.5804    
  -118.5775       34.36980       1552.470    
  -98.83230       21.57650       151.6201    
  -118.2014       34.07230       612.5063    
  -121.7714       38.99680       4568.971    
  -116.6081       46.58430       751.7024    
  -97.93400       32.44450       874.6693    
  -97.90880       32.44350       927.8342    
  -81.57030       27.21380       393.2087    
  -103.9314       44.63110       1033.085    
  -81.61750       33.05750       783.0439    
  -81.58470       27.71650       96.67127    
  -90.40820       16.34460       270.9659    
  -100.0772       25.90560       1002.614    
  -77.51030       45.91380       705.5214    
  -117.0693       43.81950       340.0162    
  -123.6365       51.53960       3114.090    
  -101.0247       32.11810       2731.533    
  -97.75830       38.57030       940.6953    
  -116.9086       32.40670       2284.828    
  -90.57550       16.61940       512.3969    
  -120.1944       38.71130       3595.073    
  -118.5945       34.34610       9758.136    
  -106.0664       38.43940       4857.620    
  -102.5253       36.17380       542.9290    
  -110.0641       34.08320       1956.693    
  -102.5137       36.14790       750.8422    
  -94.06610       30.05970       212.6805    
  -101.0507       32.11920       1932.951    
  -101.0420       32.09520       5385.900    
  -101.0160       32.09410       4426.307    
  -116.3122       48.58720       2502.148    
  -122.0859       39.56440       352.7587    
  -119.1960       43.61180       2160.182    
  -111.2891       28.28380       2535.448    
  -122.2772       39.19960       1772.661    
  -92.81010       18.36260       109.7633    
  -110.0976       27.42150       568.0378    
  -110.0876       27.39880       583.2535    
  -110.1262       27.42280       401.2287    
  -110.0691       27.42020       184.5249    
  -110.1161       27.40010       335.9837    
  -110.0591       27.39750       172.5889    
  -117.5054       47.04820       464.6672    
  -97.78570       38.57150       1084.179    
  -115.0866       32.15150       3345.382    
  -116.0929       32.14080       4290.394    
  -116.1096       32.16570       11570.14    
  -108.6646       26.36430       2219.753    
  -108.6371       26.36310       3977.390    
  -110.9577       36.33920       3980.170    
  -81.52180       32.46340       1128.472    
  -121.5711       44.72180       2596.353    
  -109.0245       26.18300       209.3648    
  -108.1990       25.58190       1012.949    
  -121.3040       38.58370       650.7073    
  -97.57310       38.08640       1050.583    
  -109.0335       26.20520       1469.836    
  -100.3184       37.97570       5747.060    
  -113.4093       31.48360       1678.046    
