  -117.1415       38.98930       3.908085    
  -112.3831       36.37780       78.81494    
  -92.48470       17.90260       1.760434    
  -92.48230       17.88280       1.997355    
  -93.11510       17.83420       2.179635    
  -81.02320       46.49280       2.259883    
  -118.0818       39.73860       4.841789    
  -93.18470       17.89460       1.562996    
  -116.7853       38.74810       2.564569    
  -112.4282       37.67510       49.05155    
  -112.8825       31.90350       120.6295    
  -109.6423       30.50830       149.2319    
  -119.0431       39.21450       2.454484    
  -98.85490       21.57710      0.1459512    
  -116.7711       38.77380       2.927441    
  -94.04100       18.08740      0.5092023    
  -117.2477       38.64840       1.005274    
  -99.38400       37.56570      0.6376753    
  -92.16520       18.64900       16.63363    
  -101.8153       31.75100       3.020198    
  -93.11760       17.85400       1.624852    
  -70.34600       18.92870       77.77505    
  -101.8065       31.72710       2.578839    
  -96.76530       28.51920      0.2148552    
  -98.64710       19.03790       63.65324    
  -89.07260       32.43070       7.197955    
  -89.07700       32.45450       23.79971    
  -88.59180       34.07240      0.9560483    
  -110.7764       33.00450       160.1148    
  -96.84780       28.56650      0.1601496    
  -110.8616       33.42080       4.760020    
  -83.16390       42.30190      0.5849825    
  -83.14510       31.80290       17.59539    
  -90.46620       32.46560       11.93064    
  -84.94470       32.32290       137.9109    
  -89.71060       35.93100      0.5327360    
  -99.57000       25.41550       101.9265    
  -84.96720       32.32330       127.5245    
  -78.29130       36.90240       52.53378    
  -97.54360       20.80810      0.2655936    
  -84.94780       32.34650      0.6321629    
  -84.97030       32.34690      0.5799895    
  -81.84740       46.18540       24.39326    
  -112.0186       41.03200       57.59174    
  -89.30680       36.85920       1.989603    
  -89.60560       36.66290       4.765385    
  -89.59990       36.63720       3.361589    
  -89.74320       36.51390      0.7147225    
  -89.71860       36.51320      0.6414336    
  -89.73750       36.48830      0.8115012    
  -89.71290       36.48760      0.8929332    
  -90.53920       16.65780       7.932985    
  -89.33140       36.85990      0.6564673    
  -89.28210       36.85850      0.6223285    
  -89.30110       36.83350       1.250294    
  -90.02170       37.08480      0.6411204    
  -87.74050       36.94670       1.420121    
  -90.47610       35.77660      0.5031782    
  -89.28260       36.52660       5.180745    
  -90.07410       35.71500      0.3111120    
  -88.11760       32.07910       42.70330    
  -88.59520       15.10450      0.2794527    
  -88.22920       37.78700      0.5142744    
  -89.74070       36.28530      0.4411109    
  -98.31260       31.68090       2.183349    
  -90.06850       35.68980      0.2931552    
  -90.46270       16.28700       5.135893    
  -90.29990       33.12720      0.5293081    
  -89.30710       36.52730      0.9876763    
  -89.27710       36.50100       3.329280    
  -87.29400       34.26150       63.83310    
  -89.69410       32.06890       30.53933    
  -84.06160       31.86290      0.3752136    
  -90.05640       36.06660      0.4162344    
  -99.60570       33.01100       1.557497    
  -92.76680       18.18370       18.40837    
  -119.2153       36.40810       80.63417    
  -92.78750       18.18410       14.62535    
  -83.45170       15.13560       48.70201    
  -89.31430       36.78260       6.637548    
  -89.30870       36.75690       1.568923    
  -119.1914       36.38070       6.625476    
  -89.69800       15.32900       3.423928    
  -78.29000       36.87680       47.33536    
  -89.33890       36.78330      0.6284881    
  -89.28970       36.78200      0.7435368    
  -89.33330       36.75760      0.6646104    
  -89.28410       36.75620       1.290384    
  -90.16450       34.38090      0.2800008    
  -87.39420       36.65690      0.8287272    
  -87.41850       36.65750       3.638784    
  -90.15920       34.35640      0.6163167    
  -92.72040       18.14340      0.3517236    
  -87.42330       36.68310       2.951905    
  -87.39910       36.68260       2.814638    
  -89.35620       36.52860      0.6971833    
  -89.35050       36.50300       30.03665    
  -89.85910       36.16200      0.2806272    
  -89.67650       35.55390       3.622997    
  -86.00170       15.65620      0.2073384    
  -89.86480       36.18750      0.2906497    
  -89.68200       35.57910       1.025208    
  -90.30490       33.15120      0.5020596    
  -89.32000       36.80840      0.8942904    
  -89.85750       36.26320      0.7197336    
  -89.83300       36.26250      0.5578093    
  -89.85180       36.23770      0.9218103    
  -89.82730       36.23700       1.400136    
  -90.15450       35.64220      0.4482518    
  -83.19950       31.68700       1.539076    
  -85.50930       31.67650       3.663383    
  -85.48690       31.67610      0.6672726    
  -96.67320       19.09390       83.31261    
  -89.77090       36.74420      0.5822388    
  -91.37550       33.42040      0.6267580    
  -91.35160       33.41980      0.8223938    
  -98.62260       21.75590      0.3119472    
  -89.76500       36.71840       1.045148    
  -90.29080       35.49600      0.3069360    
  -89.34110       37.01410       29.33705    
  -89.36000       36.98890       1.496908    
  -89.33540       36.98830       2.887577    
  -89.95280       36.03840      0.5704417    
  -89.70620       35.57970      0.8036712    
  -89.65770       35.57840      0.7535593    
  -89.70070       35.55460       2.352672    
  -89.65230       35.55330       2.681635    
  -90.85200       34.89150       1.541431    
  -94.22420       34.75110       57.47679    
  -90.26350       32.03620       1.208155    
  -89.95860       36.06380      0.5161536    
  -90.82780       34.89080      0.8436565    
  -97.92940       38.52480       7.465384    
  -97.91890       38.49780       7.714093    
  -89.36580       37.01480       4.106161    
  -90.84630       34.86660       1.074723    
  -90.08530       36.82990       1.160719    
  -90.06050       36.82920       1.308550    
  -90.07930       36.80410       1.271592    
  -90.05450       36.80340       1.398125    
  -89.78970       36.71910       1.084768    
  -96.82700       20.12230      0.5710420    
  -91.02970       34.72410       1.770028    
  -90.69710       34.42010      0.7680360    
  -89.27270       15.20840       55.75249    
  -90.70260       34.44470      0.5161536    
  -85.88870       15.40470       5.406954    
  -90.82210       34.86590      0.6029100    
  -91.00550       34.72340       2.434304    
  -91.00790       35.04430      0.3169585    
  -91.03550       34.74880       1.133941    
  -91.01130       34.74810       1.899245    
  -90.98130       34.72270      0.9293689    
  -90.99980       34.69860       1.028549    
  -90.24030       32.03560       4.864831    
  -96.84890       20.12280       47.40320    
  -92.92690       18.30520       50.92443    
  -92.92430       18.28530       7.895854    
  -91.02400       34.69930      0.4892184    
  -89.78370       15.85160      0.5081301    
  -89.36750       36.91220       5.805200    
  -90.77220       35.48480      0.4027183    
  -90.76630       35.45970       1.037319    
  -90.87620       34.89220       1.033978    
  -90.98710       34.74740      0.5618808    
  -91.32600       33.82930      0.3229092    
  -90.16020       36.72970      0.9339625    
  -92.22410       18.29330      0.1785240    
  -89.75740       36.03300      0.2461752    
  -90.87050       34.86730       120.3564    
  -90.95040       34.37830      0.7034472    
  -90.06590       36.95750      0.2273832    
  -90.44600       36.48310      0.2261304    
  -89.96760       35.88780      0.2950344    
  -98.55410       21.42560      0.1847880    
  -89.81840       36.41430       1.518473    
  -89.90650       36.26460      0.6646271    
  -91.37000       33.39620      0.5059747    
  -90.61020       35.83070      0.3395088    
  -90.38670       35.59870      0.3225960    
  -91.47540       32.06820      0.6297987    
  -91.86930       31.63410      0.3920817    
  -112.8681       31.87890       80.18862    
  -89.39210       36.91280       5.032103    
  -89.36180       36.88640       1.340705    
  -87.49680       35.27510       2.098407    
  -89.34280       36.91150       3.242634    
  -90.42500       35.97620      0.8694432    
  -90.40050       35.97550       1.114052    
  -90.27780       35.54560      0.2085912    
  -90.33940       35.49740      0.3501576    
  -89.17760       19.09900       3.737789    
  -84.72710       36.93260       1.622732    
  -90.41710       35.20090      0.3370032    
  -90.72110       34.42080      0.6094873    
  -90.90790       34.40160      0.8901145    
  -90.88380       34.40090      0.5455945    
  -90.90230       34.37700      0.7898905    
  -90.87830       34.37630      0.7025930    
  -90.47110       32.48940       59.83334    
  -96.67650       19.11400       97.53811    
  -89.78810       36.38800      0.8732017    
  -89.76360       36.38730      0.9599640    
  -90.43780       35.92630      0.5906952    
  -101.3221       27.94190       37.53510    
  -89.38640       36.88700       2.663610    
  -89.86900       36.31420      0.3088152    
  -89.97160       36.01380      0.5944536    
  -90.22350       35.51910      0.4929768    
  -91.17510       33.89770      0.4234464    
  -115.6011       32.63830      0.4259520    
  -88.48870       18.65290       9.729663    
  -96.36210       18.76780       1.716605    
  -90.25130       36.17310      0.6370488    
  -91.27090       33.90040      0.4876524    
  -91.29480       33.90110      0.6765121    
  -91.28930       33.87670      0.5643864    
  -89.98150       36.16550      0.5499792    
  -90.07190       36.98340       15.20260    
  -98.77740       21.63670      0.2674728    
  -89.77680       36.76990      0.3426408    
  -89.86320       36.28870      0.8898013    
  -89.72160       36.74280      0.3257280    
  -89.88780       36.28940      0.7291296    
  -89.97580       36.14000      0.5963328    
  -91.45190       32.06760      0.5693976    
  -90.29240       16.59600       8.374194    
  -90.27580       36.17380      0.6621049    
  -90.26990       36.14840      0.6702481    
  -89.52070       35.72490       51.57585    
  -90.08900       35.56530      0.4110228    
  -99.78600       19.64810       58.96711    
  -118.1709       46.11950      0.7811208    
  -90.20510       36.50150      0.3166452    
  -116.0195       31.73130       107.6916    
  -85.60110       14.80690       8.754242    
  -90.42850       36.30480       14.09696    
  -90.38830       34.53400      0.3299249    
  -90.89670       34.35240      0.6715008    
  -90.87270       34.35170      0.7369597    
  -89.58620       32.58520       13.96728    
  -91.28020       17.00020       7.789437    
  -90.46080       16.26760       15.36500    
  -118.1172       46.14620       1.732936    
  -89.95130       36.13940      0.2386584    
  -116.2282       33.59950       164.6693    
  -89.67370       36.63930      0.5046995    
  -77.62740       20.89750      0.1791504    
  -90.44650       36.38140      0.3821040    
  -90.36430       34.53330      0.2493072    
  -91.56280       32.99450       1.877830    
  -116.0537       31.73340       201.0669    
  -90.16560       36.85780      0.3539160    
  -89.79390       36.41360      0.6500466    
  -111.9237       30.62780       116.8529    
  -99.22990       21.95750       36.15290    
  -88.06650       15.36830       12.68579    
  -90.22980       36.50220       3.178016    
  -89.64910       36.63860      0.4870260    
  -89.88200       36.26390      0.3113208    
  -91.92460       36.09720       36.05711    
  -110.6189       34.31200       117.5528    
  -91.34620       33.39560      0.2925288    
  -90.50660       16.32650       7.260255    
  -90.46820       35.95230      0.3528199    
  -90.34810       35.74780      0.2973312    
  -90.80620       34.37420      0.3476520    
  -90.71070       35.53300      0.7519151    
  -92.06420       18.33020      0.1647432    
  -118.2180       46.12360       1.185149    
  -89.32960       36.96240       2.074219    
  -100.3763       29.54540       1.357713    
  -122.7129       44.76500       461.8477    
  -89.35430       36.96310       1.709446    
  -89.30500       36.96170       1.004746    
  -89.34860       36.93730       1.071144    
  -89.32390       36.93660       3.031150    
  -90.06220       36.09200      0.2762424    
  -90.14320       35.59180      0.3106944    
  -118.5900       46.18820       255.6368    
  -89.87630       36.23840      0.5646996    
  -90.07860       36.90660       2.955167    
  -89.72600       36.43710      0.9195553    
  -90.12040       36.34670      0.5189725    
  -118.2857       46.25580      0.8390629    
  -89.75050       36.43780      0.9629856    
  -90.20010       36.37430       1.214590    
  -120.4742       35.22670       638.2180    
  -122.6750       44.70070       69.77696    
  -90.19420       36.34880       1.474546    
  -90.24540       36.14770      0.5885028    
  -120.4337       35.22380       492.9516    
  -89.75630       36.46330       1.081167    
  -89.73170       36.46270      0.9308305    
  -90.21880       36.34950       1.460765    
  -90.16960       36.34810      0.8161992    
  -89.99450       36.11530      0.9853272    
  -91.12540       34.82540      0.4405681    
  -90.07260       36.88080      0.7554384    
  -105.6514       36.74550       186.1639    
  -90.31720       34.75310      0.2489940    
  -90.16270       36.42400       1.020197    
  -90.15680       36.39850       1.304374    
  -90.13220       36.39780      0.7923961    
  -89.93100       36.26530      0.5026077    
  -88.28070       32.62530       42.79408    
  -107.1520       37.81690       1.846979    
  -89.63900       36.91970       1.259719    
  -89.82420       36.43980       1.407208    
  -90.01320       36.09060      0.3285468    
  -84.93690       33.97150       5.873731    
  -89.83000       36.46540      0.9533808    
  -90.18830       36.32320       1.303539    
  -90.01900       36.11600      0.2893968    
  -90.09280       35.69050      0.2856384    
  -90.09730       36.88150      0.2627748    
  -89.84880       36.44050      0.8531569    
  -90.54580       35.55320      0.9811512    
  -89.84300       36.41500      0.8530316    
  -90.55160       35.57840      0.8255953    
  -90.57010       35.55390       1.167610    
  -96.22430       18.84470       11.59429    
  -106.9244       40.91410       76.66485    
  -91.47030       32.04460      0.2276964    
  -83.64880       30.92900      0.2809404    
  -99.94190       25.57780      0.4861679    
  -112.3336       36.40030       61.61512    
