  -122.6979       40.08060       18223.48    
  -122.6507       40.07670       10269.44    
  -122.6036       40.07280       4155.184    
  -122.6166       40.04630       21214.36    
  -112.0198       38.67960       468.8420    
  -112.0977       38.41840       5327.942    
  -109.9894       27.23880       12.52800    
  -122.6849       40.10710       3315.776    
  -109.6423       30.50830       566.4778    
  -98.64710       19.03790       1149.487    
  -93.11510       17.83420       122.7430    
  -87.29560       31.47760       121.4567    
  -93.18470       17.89460       119.0654    
  -102.2042       17.92530       42.61782    
  -98.37410       19.23200       153.0539    
  -70.34600       18.92870       496.4920    
  -89.71060       35.93100       63.04040    
  -101.8065       31.72710       89.41923    
  -101.8153       31.75100       117.5806    
  -92.16520       18.64900       20.24398    
  -101.4631       26.88850       71.71239    
  -80.96290       28.48210       79.80092    
  -83.78760       30.58660       74.31036    
  -95.93220       33.66380       80.91746    
  -84.90780       30.42060       70.63889    
  -80.42710       32.66480       914.9050    
  -83.88730       30.49650       88.91145    
  -80.53430       26.61950       11.52576    
  -80.59890       26.66320       15.12756    
  -80.75710       26.53500       20.85912    
  -98.46270       19.47510       46.01071    
  -91.83140       36.88300       156.3580    
  -70.90700       19.56100       11.99556    
  -102.1174       19.68860       138.8483    
  -97.88580       26.31160       114.1090    
  -83.05520       32.43530       63.73655    
  -97.42580       29.05610       57.21494    
  -68.72000       47.80760       51.40044    
  -97.25720       30.34500       77.92203    
  -81.10920       26.86220       25.43184    
  -97.02530       28.88560       8.284140    
  -95.95720       33.66470       174.9352    
  -82.15340       31.83680       104.0247    
  -105.7293       39.27610       83.02231    
  -93.55350       33.53450       742.7845    
  -100.5649       19.70820       57.28489    
  -92.49330       35.53740       56.76909    
  -91.79540       35.49050       166.5801    
  -91.84950       31.00650       22.91058    
  -75.86410       20.19100       6.232680    
  -92.48670       35.51220       519.2302    
  -93.75540       15.98520       59.11964    
  -70.74900       44.40770       71.86682    
  -80.88270       26.55760       38.86812    
  -94.26650       35.24780       57.69260    
  -93.55980       33.55880       654.0394    
  -80.42870       32.68850       122.2350    
  -86.91910       31.21490       84.59808    
  -78.62560       35.26650       112.4935    
  -106.3554       39.31320       360.0065    
  -77.46730       38.06370       227.8668    
  -97.78150       26.26500       193.6678    
  -97.75820       26.26430       1569.467    
  -97.73490       26.26360       187.3481    
  -97.75280       26.24250       207.3264    
  -101.7973       31.35190       729.4176    
  -91.43200       30.87990       126.6351    
  -69.65070       18.89270       51.68327    
  -93.57780       33.53520       881.1996    
  -91.10700       34.84950       9.709201    
  -93.58420       33.55960       311.9937    
  -92.71940       31.68160       212.2409    
  -92.93230       35.15310       56.93563    
  -93.10460       32.02100       215.5107    
  -99.31060       28.11400       65.77423    
  -96.92350       31.37340       160.9294    
  -94.88230       34.97170       138.4041    
  -102.1831       36.64110       546.2451    
  -102.2113       36.64250       500.6822    
  -102.1996       36.61630       394.8784    
  -102.1714       36.61500       1418.372    
  -80.44930       32.66500       326.2774    
  -107.0953       40.28640       192.0710    
  -92.07490       30.11760       16.97544    
  -71.60960       19.37940       123.4112    
  -102.6434       30.36740       142.0611    
  -89.50560       36.76230       12.10294    
  -93.02040       31.06250       298.4590    
  -70.92520       19.60070       20.04480    
  -106.6079       39.32840       259.5075    
  -111.4481       41.66880       1689.207    
  -112.1176       38.44630       5039.677    
  -97.87710       26.46320       79.74072    
  -93.11760       17.85400       23.09763    
  -71.67130       42.50020       56.12677    
  -80.48310       26.44660       170.8069    
  -97.88260       26.48510       315.9842    
  -97.85370       26.46250       271.6105    
  -106.0856       39.10850       82.56362    
  -89.72190       36.31010       11.87028    
  -93.87320       32.16220       134.6380    
  -97.62370       26.28190       314.3534    
  -91.93630       30.00000       9.114120    
  -77.48120       35.28480       63.41346    
  -92.83240       30.84920       135.3442    
  -99.33490       28.11490       77.88049    
  -76.97150       20.19270       8.613001    
  -97.11270       36.97470       51.60193    
  -91.16270       35.69640       21.96158    
  -92.85570       30.84980       73.48322    
  -91.77580       36.57450       172.0636    
  -93.08940       32.35050       169.4464    
  -92.79190       31.59030       216.8959    
  -97.25850       30.09320       190.1984    
  -84.23140       36.97480       165.0399    
  -97.94380       34.84100       12.21480    
  -97.46580       36.42640       13.53807    
  -97.26490       30.11630       179.6950    
  -120.8953       49.42660       1671.541    
  -112.1523       38.44870       1201.337    
  -92.04230       30.07110       11.05596    
  -93.39910       34.69880       203.0084    
  -87.63680       30.79100       123.6617    
  -91.34130       35.32720       8.988840    
  -92.16040       32.82090       42.59031    
  -97.45670       36.40060       104.3767    
  -84.83090       30.87780       252.7994    
  -91.31680       35.32640       14.18796    
  -94.26350       33.65430       209.1754    
  -123.8044       43.87070       3153.132    
  -91.71160       30.68010       11.80138    
  -111.7668       25.06380       212.2318    
  -121.5515       38.15010       53.55720    
  -81.32800       33.34100       14.21928    
  -97.90050       26.46390       304.3642    
  -97.64170       26.26080       22.58172    
  -105.9100       40.26870       1379.967    
  -112.0545       38.68200       192.2000    
  -121.5954       38.15350       64.89504    
  -112.1324       38.42070       1819.995    
  -89.53020       36.76300       8.362441    
  -121.6881       43.11930       571.0134    
  -91.59180       33.33050       150.3497    
  -121.7546       38.94150       72.50581    
  -97.12200       37.00080       51.19777    
  -109.8012       33.77460       458.6199    
  -122.6637       40.05020       7534.666    
  -121.5426       39.24880       298.3343    
  -121.6817       38.98960       56.04714    
  -92.00360       30.75700       23.52132    
  -97.09540       36.99970       27.16384    
  -91.06810       30.09140       10.55484    
  -97.65700       36.74080       45.10080    
  -91.78360       30.47550       194.1894    
  -109.8141       34.11810       772.6714    
  -93.55800       33.92170       124.6304    
  -91.45230       30.42090       27.09180    
  -119.3777       49.41630       1158.650    
  -121.8154       42.08590       75.49165    
  -91.32400       30.46340       8.268480    
  -119.3224       49.68650       1013.812    
  -97.53060       26.27900       224.2469    
  -115.6324       32.88140       164.8422    
  -98.59930       24.78720       59.60891    
  -123.7924       43.72070       1014.528    
  -122.0000       39.09610       30.89718    
  -91.85350       29.92970       109.6094    
  -121.7485       39.48260       48.92184    
  -97.50730       26.27830       300.6947    
  -91.84940       30.02050       8.143201    
  -117.5241       40.96780       425.7736    
  -97.43250       36.55250       13.62420    
  -92.34780       31.06650       8.785260    
  -117.5529       40.99810       550.2305    
  -116.7318       32.49180       121.8742    
  -92.18880       30.00680       12.24612    
  -117.0105       44.26420       24.58620    
  -94.70400       33.04380       267.2218    
  -91.60980       30.63150       53.88573    
  -98.60450       24.80860       94.94816    
  -94.69740       33.01970       236.5917    
  -91.47520       30.42150       8.816581    
  -72.65700       19.19770       9.730080    
  -121.5738       41.95060       220.6793    
  -121.5172       38.94960       28.26944    
  -120.8398       49.42120       1487.178    
  -108.9046       26.22150       10.42956    
