  -93.47310       39.46700       15.91996    
  -101.7799       31.37450       470.2555    
  -116.4565       31.54420       2525.512    
  -116.1398       31.31240       1923.604    
  -116.1057       31.31030       5037.155    
  -109.8162       27.03160       38.25581    
  -121.2041       46.90480       1241.738    
  -101.8153       31.75100       560.0786    
  -119.1289       37.91180       888.5643    
  -108.9688       48.07160       228.7318    
  -120.9389       46.91200       1461.279    
  -97.58650       38.40360       67.37141    
  -99.54830       38.22860       38.58416    
  -99.53700       38.20170       51.48695    
  -98.64400       36.91160       41.10437    
  -116.2626       31.24890       398.2013    
  -110.6538       30.05140       491.0672    
  -109.7792       27.07420       43.94405    
  -108.5838       25.40300       17.22443    
  -108.9820       48.17260       303.2430    
  -123.9823       46.81820       1381.129    
  -120.3680       39.04750       965.1722    
  -116.1216       31.33490       2380.117    
  -72.88120       19.67400       62.93441    
  -72.84250       19.67410       61.39034    
  -99.41850       42.73300       88.87870    
  -119.3632       39.02320       621.7346    
  -118.0991       38.60490       342.0580    
  -114.6007       27.61980       462.1306    
  -119.6410       50.87800       1697.745    
  -118.8984       37.65760       506.8489    
  -117.2805       35.78640       1020.739    
  -117.5350       34.02800       176.9440    
  -121.7936       50.27890       2198.307    
  -117.2927       48.50840       916.4935    
  -116.9825       33.13580       706.1982    
  -116.8743       33.03190       1077.661    
  -95.08060       29.72650       31.25423    
  -99.28930       21.91790       24.97144    
  -121.2304       49.45960       1539.570    
  -116.8951       48.17180       880.4843    
  -115.5620       33.31350       437.9389    
  -114.0732       50.60020       51.43370    
  -111.8897       47.47810       265.1210    
  -108.7827       47.07170       220.7609    
  -123.0830       46.69950       820.0586    
  -123.6145       46.49610       1381.387    
  -110.6848       44.21640       189.9167    
  -116.1082       37.19500       429.9424    
  -109.3835       35.20840       590.4467    
  -115.5448       33.33670       401.7337    
  -115.5966       33.31560       1088.274    
  -115.5274       33.26270       1031.352    
  -116.0898       31.28580       1841.769    
  -115.5710       30.20250       290.1026    
  -118.0227       49.45910       1399.714    
  -94.43310       37.56720       100.8499    
  -102.4069       19.11140       139.2487    
  -117.8389       48.49160       966.2122    
  -116.1893       34.90690       470.0530    
  -117.4402       34.86550       1255.182    
  -117.4595       34.61740       1452.962    
  -115.1440       31.01840       631.9323    
  -113.4385       50.90160       331.5475    
  -122.8397       49.48300       2486.962    
  -112.3068       48.07290       206.2186    
  -111.6334       47.32670       243.2875    
  -109.5510       44.86180       810.7889    
  -120.3798       38.77930       356.2672    
  -116.3029       35.74490       395.5972    
  -109.2591       35.20120       464.0602    
  -117.4032       34.86300       1280.266    
  -117.4198       34.83910       1289.914    
  -117.6147       34.72750       1320.787    
  -107.3139       24.29910       249.4060    
  -112.1685       48.52970       222.4937    
  -112.2715       48.03680       127.3262    
  -117.9524       39.02320       557.6204    
  -115.2670       38.55780       427.3127    
  -117.3405       35.00880       1330.434    
  -115.5672       30.24870       527.7358    
  -112.5728       49.83250       269.6320    
  -120.0899       48.70330       1328.857    
  -116.3283       47.52800       703.8956    
  -115.3913       39.69990       1187.647    
  -116.4752       39.31780       1071.873    
  -117.3757       34.73630       1552.334    
  -117.2726       33.86310       308.9940    
  -117.0157       32.94390       521.9471    
  -108.5754       25.38100       273.9981    
  -110.2519       48.17220       231.1577    
  -112.4149       40.61360       750.6005    
  -117.9262       38.99430       320.2245    
  -116.0846       31.83030       299.2226    
  -120.1525       51.47010       1506.883    
  -113.1211       49.81030       62.45522    
  -123.0069       49.32880       2797.105    
  -113.2087       48.14850       724.5513    
  -112.8489       40.72800       873.1277    
  -107.3519       24.55700       174.9916    
  -114.0330       50.48980       36.25917    
  -115.0639       39.94930       355.9206    
  -116.6792       38.15430       758.3187    
  -116.4784       33.71340       691.7487    
  -116.8908       32.42960       740.9526    
  -109.5750       49.72130       199.2739    
  -121.0687       50.52280       3979.603    
  -112.3117       49.46270       62.98766    
  -117.7122       49.56760       1026.844    
  -117.4425       48.48860       916.7240    
  -114.4029       47.52410       303.9360    
  -114.4031       39.14000       331.3597    
  -99.47030       37.90930       1179.586    
  -116.5912       33.91700       792.0861    
  -116.9261       32.43180       785.3326    
  -115.0690       32.17440       35.43388    
  -112.1046       49.65290       327.8490    
  -111.8141       49.52420       198.9274    
  -114.5126       48.39400       932.7558    
  -99.49800       37.91060       582.5731    
  -99.45930       37.88260       88.67788    
  -116.9400       34.48340       432.8252    
  -116.6099       33.94290       641.5801    
  -116.5060       32.30970       756.3892    
  -115.1026       32.17640       573.0805    
  -114.9775       51.95710       962.9570    
  -112.8714       50.95920       307.5802    
  -112.2418       49.62990       847.0787    
  -117.6615       49.56290       1427.317    
  -117.1291       48.66140       1059.369    
  -113.1219       48.14120       918.3697    
  -110.0864       47.69490       245.3669    
  -108.5435       33.29200       3156.779    
  -114.9272       51.95240       940.8868    
  -114.5382       50.89320       754.6621    
  -116.9232       49.32210       1587.892    
  -112.7353       50.91100       529.8954    
  -111.5390       48.64610       717.7979    
  -115.4659       48.21050       801.4962    
  -114.4470       47.52790       269.9729    
  -110.4391       44.65250       566.8553    
  -118.0825       42.98780       392.6563    
  -117.7897       39.09180       971.5355    
  -118.1015       38.98060       661.1016    
  -112.8956       49.79060       44.24577    
  -109.9120       48.54780       294.2323    
  -115.3214       48.90360       1728.444    
  -110.0670       44.71640       739.9320    
  -119.5058       43.25410       280.7163    
  -115.3070       38.69420       272.7454    
  -118.0795       38.79080       769.8961    
  -117.0713       34.84070       805.5931    
  -107.5564       25.27440       1836.847    
  -117.8457       48.99820       1162.746    
  -118.4947       42.49810       969.6059    
  -115.7393       39.64370       649.2984    
  -108.6975       25.55940       93.91868    
  -107.9138       25.03010       40.69616    
  -115.4078       52.44690       1438.056    
  -116.4527       49.07370       1492.641    
  -110.3454       44.79810       599.3797    
  -110.8616       33.42080       349.8054    
  -118.9797       42.07700       932.9442    
  -70.34600       18.92870       788.7051    
  -108.5525       33.36510       2991.342    
  -108.8270       25.89080       18.68864    
  -106.4315       29.91420       1026.166    
  -99.39810       37.93220       472.0193    
  -99.40910       37.95890       34.98131    
  -102.9084       48.44100       48.82475    
  -116.7075       52.42190       1857.205    
  -122.1257       50.62980       9795.097    
  -121.4232       49.96230       9537.804    
  -121.7322       49.26980       705.9910    
  -117.6935       51.59070       2011.571    
  -116.1596       52.14410       994.3199    
  -116.1869       51.73890       1160.427    
  -123.3369       47.92180       2331.308    
  -120.0046       53.13360       2621.303    
  -114.8713       32.56980       37.93635    
  -101.8065       31.72710       320.5790    
  -114.8875       32.59480       685.9600    
  -102.2042       17.92530       30.12528    
  -107.4540       33.69480       991.8384    
  -110.8929       33.42260       395.5606    
  -116.4221       31.54210       3157.432    
  -70.36530       18.92860       144.9327    
  -107.4834       33.69640       161.7713    
  -83.81250       41.96930       21.45733    
  -82.31350       37.90170       227.8086    
  -93.18470       17.89460       87.08426    
  -93.11510       17.83420       100.9573    
  -55.20890       47.01880       422.8183    
  -75.69530       41.62800       269.3745    
  -101.4631       26.88850       123.5475    
  -98.83210       35.44970       127.1888    
  -74.39840       42.31470       80.39099    
  -71.35620       17.94010       164.7776    
  -108.5733       33.29360       1759.928    
  -75.19340       42.72040       75.39710    
  -74.78150       42.54590       134.6543    
  -99.07590       23.89100       630.1255    
  -98.21450       21.95100       93.74538    
  -116.4384       31.56680       3971.839    
  -84.78460       31.94450       649.7780    
  -80.98900       23.03600       348.4188    
  -97.10590       31.33330       93.31219    
  -65.82270       18.13150       148.7912    
  -69.78910       18.81290       156.4227    
  -89.23100       36.95970       27.79337    
  -97.49440       38.37310       48.54522    
  -71.46220       19.83770       279.7751    
  -93.02980       17.81310       13.09802    
  -86.01050       15.79130       327.2400    
  -86.02990       15.79150       356.5948    
  -85.77180       31.79790       90.28063    
  -100.6266       49.32080       36.68512    
  -99.48110       47.39600       33.96967    
  -85.76860       31.77450       115.3348    
  -81.07350       28.23980       49.68219    
  -97.59090       25.95660       23.74682    
  -91.62290       34.08070       21.54608    
  -84.08830       30.13470       4390.414    
  -99.82220       36.04630       190.0900    
  -108.5824       33.36670       1215.022    
  -94.88350       31.00340       1223.895    
  -84.04460       30.13400       542.3859    
  -84.78170       31.92110       764.9944    
  -107.4046       24.55910       1596.579    
  -101.7892       31.74980       107.7812    
  -85.60200       15.76830       95.61745    
  -99.30990       36.02350       177.5421    
  -84.75930       31.92070       188.1183    
  -105.6147       37.83320       278.9835    
  -78.09630       35.21360       30.93476    
  -107.4309       24.56010       115.2626    
  -98.07070       31.13540       11.23448    
  -107.2239       24.33830       187.6814    
  -99.84920       36.04750       177.5077    
  -107.2314       24.36000       36.12606    
  -107.1977       24.33730       756.3892    
  -71.79750       19.61730       135.8528    
  -68.80610       18.70000       208.1691    
  -100.0436       25.51660       120.2575    
  -105.5923       38.22670       273.7850    
  -108.5655       33.39010       2507.999    
  -85.80230       34.37700       133.5144    
  -94.90740       31.00410       1326.694    
  -107.2051       24.35900       34.23590    
  -82.45640       31.77050       322.9374    
  -81.33160       28.90800       278.9942    
  -81.33000       28.88570       872.0871    
  -107.4386       24.58180       1160.627    
  -107.4122       24.58080       149.6423    
  -107.2426       24.31770       66.28730    
  -101.1928       49.77590       35.72672    
  -97.61850       38.69710       25.87659    
  -97.74530       38.67610       237.1763    
  -97.73480       38.64900       318.8383    
  -84.09080       30.15740       489.8652    
  -84.06890       30.15710       1472.065    
  -84.06650       30.13430       850.0255    
  -70.49540       19.68230       168.1580    
  -83.49620       14.86750       36.19263    
  -83.47710       14.86740       728.6034    
  -83.32820       31.22450       64.41209    
  -82.58620       42.06170       14.69534    
  -84.06400       30.11160       831.0049    
  -107.6061       24.75990       48.66501    
  -107.5983       24.73810       33.11777    
  -71.80130       19.45820       12.99154    
  -105.8083       38.08070       182.9855    
  -114.3303       37.12440       435.1167    
  -80.52480       27.88250       150.3886    
  -87.40710       15.70850       126.3446    
  -70.68730       43.86470       177.2485    
  -81.10530       29.01740       259.8953    
  -81.10370       28.99510       298.5643    
  -80.52870       27.59750       75.14745    
  -95.83260       43.20200       25.69023    
  -82.77610       30.27630       70.84082    
  -82.05200       29.65570       104.1079    
  -87.52190       21.10280       106.9145    
  -88.27290       20.12510       61.79715    
  -88.49690       19.34820       186.0004    
  -87.59090       15.01710       184.0777    
  -109.6858       33.40310       924.2612    
  -84.80410       31.92140       789.4026    
  -81.88900       29.76680       529.3887    
  -70.49600       19.66240       71.48578    
  -110.8881       30.85220       691.7487    
  -88.23090       18.03750       144.3669    
  -88.63770       17.90500       56.67266    
  -105.7574       38.68750       206.2052    
  -105.0679       34.94680       208.2846    
  -73.80140       42.69280       36.84467    
  -109.0438       40.88360       231.5043    
  -80.98800       23.01530       576.1912    
  -113.5412       39.18700       641.5801    
  -99.32150       28.64990       83.86834    
  -84.32460       32.57240       30.97026    
  -105.3602       33.00710       479.4967    
  -111.3701       35.45220       400.9155    
  -92.19840       17.74030       29.15996    
  -112.7666       38.97160       682.1009    
  -105.4944       35.41810       667.6292    
  -84.30210       32.57200       215.9090    
  -90.53460       18.34570       74.37533    
  -92.19610       17.72050       27.19703    
  -92.17550       17.72020       31.25423    
  -99.45360       37.93480       771.1035    
  -105.4105       38.16360       157.3398    
  -99.71020       21.86760       170.3476    
  -97.52170       38.37430       191.6495    
  -112.2958       38.14010       279.6766    
  -116.2563       38.33590       1217.555    
  -92.38410       36.33970       20.07299    
  -95.09480       32.43800       436.1765    
  -105.3172       28.99910       170.8557    
  -104.6324       28.49680       152.4879    
  -90.15690       19.15340       634.5933    
  -88.59990       17.27680       372.9953    
  -94.94450       32.86080       15.06805    
  -99.50170       27.52290       34.94085    
  -88.53480       18.29770       19.43406    
  -91.41490       17.49210       32.53209    
  -116.9320       39.37900       282.4491    
  -99.42580       37.93350       111.2445    
  -96.26290       31.25750       24.48463    
  -84.11260       30.15770       379.8923    
  -106.5834       24.27120       326.3233    
  -90.55430       16.40490       135.8895    
  -108.6208       37.93130       921.3669    
  -97.29760       25.68950       222.2338    
  -101.0629       25.07820       154.6389    
  -95.16920       32.79690       212.5298    
  -95.51670       32.73730       95.99806    
  -98.42850       26.52400       132.0406    
  -108.3632       25.87120       503.3872    
  -107.4506       24.68940       30.38103    
  -88.51380       18.91100       263.5737    
  -87.70520       15.76960       275.1560    
  -99.46460       37.96150       74.00916    
  -106.5742       36.23420       217.6418    
  -93.88020       29.75870       301.6259    
  -93.85700       29.75800       98.43794    
  -109.1267       26.10000       1148.091    
  -109.0991       26.09880       1187.647    
  -109.1008       25.96800       379.8026    
  -88.60170       17.29640       425.3589    
  -110.0437       30.15860       219.0281    
  -98.53960       26.13700       69.73817    
  -88.74470       17.33730       464.8878    
  -88.61980       17.27700       424.4977    
  -110.4283       39.35330       560.5384    
  -107.8472       30.76660       157.8596    
  -100.6295       25.40690       397.4902    
  -88.74290       17.31770       414.7644    
  -97.75180       38.62310       221.4540    
  -108.1361       37.17130       207.5915    
  -87.68560       15.76940       405.5334    
  -119.4914       39.35770       3024.287    
  -108.6542       37.98600       596.2354    
  -105.2112       28.72370       510.3697    
  -116.2827       52.38060       1036.137    
  -112.7954       40.83570       248.4859    
  -119.5337       39.36100       2451.029    
  -99.47570       37.98830       1138.114    
  -99.44790       37.98700       1191.485    
  -99.43690       37.96020       2146.676    
  -100.7646       34.46800       530.7532    
  -98.52720       26.17990       16.20614    
  -119.8905       47.82010       1911.297    
  -88.56710       33.44340       304.7365    
  -104.6350       29.19590       410.0324    
  -106.5486       37.75550       182.2923    
  -105.6636       36.49000       173.2817    
  -100.7379       34.46690       3904.406    
  -116.4402       31.51950       4913.593    
  -106.1564       28.18090       126.8422    
  -99.16370       25.38120       122.3369    
  -103.4287       22.35110       242.1603    
  -88.47940       18.97010       138.3600    
  -86.70280       15.68210       121.6802    
  -113.5455       44.83080       311.5605    
  -98.45340       37.52360       60.05923    
  -100.7281       34.44180       1265.794    
  -108.1183       25.29720       45.04442    
  -111.3890       40.51390       288.6873    
  -99.78880       34.37630       525.6674    
  -103.1368       26.42540       233.1856    
  -97.81430       21.40670       19.11460    
  -106.4598       43.97890       478.9160    
  -99.79800       34.40120       923.5377    
  -105.9085       29.16090       552.8201    
  -102.0706       21.87380       213.8296    
  -98.49870       38.39140       504.9428    
  -98.48800       38.36450       539.5991    
  -99.81520       34.37740       234.3923    
  -116.1557       31.33690       1242.639    
  -116.1739       31.31440       1573.560    
  -105.9526       29.07220       606.8479    
  -89.06240       19.15710       263.9565    
  -92.17790       17.73990       20.23272    
  -115.9767       39.96220       191.4576    
  -76.17040       36.23180       100.1568    
  -107.2801       24.27650       60.95905    
  -100.7476       34.49190       476.3247    
  -99.77160       34.40010       356.0046    
  -107.7407       24.91560       59.77969    
  -71.80170       19.43830       114.0194    
  -106.8821       39.88870       245.0203    
  -101.6381       35.70150       376.9165    
  -100.7744       34.49310       361.8988    
  -100.7549       34.44300       903.2771    
  -107.4905       29.34650       298.7376    
  -101.6657       35.70280       993.0021    
  -98.52160       26.15810       13.57722    
  -108.7946       26.21670       35.56699    
  -108.7671       26.21560       39.87976    
  -107.4948       24.51980       149.2270    
  -107.4684       24.51880       1903.383    
  -107.4872       24.49810       101.7616    
  -107.4608       24.49710       1329.229    
  -90.44030       16.05380       182.1070    
  -113.5634       42.45490       328.8886    
  -115.3863       41.08320       242.2478    
  -105.4565       38.13980       236.8761    
  -97.40990       36.78170       32.49215    
  -101.6766       35.72850       281.1495    
  -100.7111       34.46570       1650.099    
  -107.9379       25.09570       48.31006    
  -115.8946       41.77280       231.5043    
  -109.1371       40.30670       197.5411    
  -98.02760       36.96190       25.13117    
  -94.91330       31.02750       460.7449    
  -116.4057       31.51740       2078.072    
  -108.7419       25.60470       29.04460    
  -101.6490       35.72710       251.6916    
  -98.40620       29.31510       47.61345    
  -98.39960       29.29220       265.2006    
  -100.3347       24.56420       1724.376    
  -68.94770       18.56100       16.00870    
  -88.62130       17.94410       140.6620    
  -107.7446       40.02460       890.2880    
  -97.40060       36.75560       85.03067    
  -117.7270       36.68760       533.4631    
  -106.6752       34.75840       2039.549    
  -107.9111       25.09460       53.61671    
  -83.96240       15.02410       89.14251    
  -98.37530       29.29140       16.18618    
  -103.1048       26.40240       587.5523    
  -68.92830       18.56110       331.7780    
  -121.2134       44.72000       1361.308    
  -101.7713       31.35080       286.1017    
  -108.8983       26.00290       234.6234    
  -107.6688       24.93420       34.44886    
  -95.35630       33.71590       85.25459    
  -113.1859       33.43540       1687.128    
  -108.2403       25.41040       22.02971    
  -109.6086       26.93380       26.23864    
  -100.3403       24.58560       455.9800    
  -107.4268       24.47440       45.47038    
  -107.4192       24.45270       734.1991    
  -107.7486       24.93740       33.54372    
  -107.6954       24.93530       31.04125    
  -107.7673       24.91660       198.9027    
  -107.7141       24.91450       31.25423    
  -107.6875       24.91340       44.59185    
  -107.6609       24.91240       43.18089    
  -94.52780       17.97760       283.0439    
  -92.48470       17.90260       11.23448    
  -111.4520       40.46280       299.0842    
  -113.2017       33.46070       1667.695    
  -112.9100       33.34600       4627.370    
  -111.4462       40.54560       51.43370    
  -112.9426       33.34790       5330.903    
  -110.8122       32.09640       749.6356    
  -106.4254       43.97660       419.6882    
  -106.4384       43.94750       407.5585    
  -118.8739       38.13070       1026.528    
  -118.3740       37.48790       1070.426    
  -112.9582       33.37320       1677.113    
  -112.9256       33.37120       550.2271    
  -112.9270       33.32270       2411.232    
  -112.8945       33.32080       2591.163    
  -100.3584       24.56490       366.1423    
  -101.8060       31.37560       88.63779    
  -100.3292       24.54280       314.1869    
  -108.8735       42.37700       904.0007    
  -108.4372       30.77260       1116.281    
  -108.4084       30.77120       3378.667    
  -100.3111       24.56340       803.6635    
  -110.7892       32.38110       540.0323    
  -108.3972       30.74740       1183.788    
  -107.2876       24.29810       45.12429    
  -97.77360       37.41600       75.24265    
  -116.4746       31.52160       871.9536    
  -109.3448       39.17470       1020.739    
  -117.4698       39.06770       259.5760    
  -97.74670       37.41480       111.2800    
  -98.36890       37.23460       216.7638    
  -97.68430       39.07430       75.34026    
  -117.5260       37.26960       976.3594    
  -108.8171       25.93400       45.47038    
  -108.2051       25.38730       29.36406    
  -108.1781       25.38620       38.28244    
  -100.3704       18.73850       283.9354    
  -101.1690       35.80520       618.6157    
  -107.2465       24.25390       36.04618    
  -110.1965       42.84670       249.8722    
  -110.4166       38.81420       598.1649    
  -113.5104       32.99410       8432.321    
  -113.4948       32.96900       786.5204    
  -100.4896       19.00190       336.9374    
  -106.6429       40.56240       835.1823    
  -106.1441       38.68340       180.2130    
  -101.1416       35.80390       1373.662    
  -101.1583       35.77950       1660.905    
  -101.1309       35.77820       3687.434    
  -101.1477       35.75390       533.3610    
  -101.1203       35.75260       727.6676    
  -109.8687       32.97800       790.1566    
  -113.5432       32.99610       8844.156    
  -113.4776       32.99210       11645.89    
  -113.4448       32.99020       457.7891    
  -113.5276       32.97100       4659.211    
  -113.5119       32.94590       1709.111    
  -113.4791       32.94390       6967.174    
  -113.4464       32.94200       1956.096    
  -98.88870       31.46870       191.0257    
  -98.02230       25.92660       923.0553    
  -107.3064       24.27750       612.9937    
  -93.31910       18.13390       55.67402    
  -104.3356       41.71370       220.7609    
  -101.0929       35.75130       896.7904    
  -101.1097       35.72690       543.5269    
  -101.0823       35.72570       1866.706    
  -104.4447       42.00560       472.7432    
  -108.3446       25.89210       134.4666    
  -107.2539       24.27550       46.58850    
  -111.1846       42.56850       31.78667    
  -115.4407       30.82450       608.7775    
