  -102.0381       51.01400       45.91825    
  -104.1238       38.88870       205.3082    
  -76.97250       35.90670       175.3482    
  -112.3612       36.63280       3012.061    
  -104.0022       35.76770       2668.341    
  -104.0473       35.74480       3364.306    
  -104.0187       35.74330       2799.504    
  -103.9901       35.74190       2948.858    
  -103.9615       35.74040       9301.917    
  -104.0351       35.71900       6970.544    
  -109.8555       33.38820       2387.878    
  -108.3265       33.20780       2849.081    
  -108.2297       32.96150       6176.053    
  -115.1427       32.53820       113.7386    
  -116.8378       32.45030       7691.729    
  -116.8025       32.44810       10962.42    
  -116.6620       32.43940       5364.801    
  -116.6269       32.43720       13930.24    
  -116.8555       32.42740       16828.36    
  -116.8203       32.42520       9428.821    
  -116.8381       32.40230       6640.931    
  -116.8029       32.40010       20275.78    
  -116.5524       31.78740       5885.945    
  -116.5357       31.76260       7448.243    
  -116.1398       31.31240       2456.653    
  -116.1238       31.28780       5599.137    
  -93.35150       30.17580       76.53867    
  -104.8875       30.51120       1180.730    
  -115.6928       30.34890       1265.862    
  -115.6595       30.34700       8453.076    
  -115.6262       30.34510       17487.12    
  -115.6780       30.32480       11271.63    
  -115.6447       30.32290       13072.89    
  -115.6114       30.32100       2738.965    
  -97.70570       27.44140       944.4116    
  -97.68210       27.44060       1062.896    
  -108.4879       26.66380       598.1649    
  -105.0076       21.65550       443.7482    
  -96.06960       18.40360       114.5936    
  -95.46320       17.30470       121.7309    
  -98.64850       16.60040       136.5052    
  -92.87010       16.30210       754.2871    
  -104.5381       47.58350       239.8932    
  -122.6948       41.39210       2203.765    
  -120.5789       39.77060       1324.340    
  -117.4559       33.40970       7106.574    
  -116.7848       32.47110       4501.978    
  -116.7674       32.44590       3972.012    
  -109.6423       30.50830       3498.639    
  -110.8144       29.32550       413.5615    
  -104.8007       21.52480       455.2620    
  -112.0775       47.75610       339.6117    
  -114.6152       44.03830       541.0670    
  -111.5598       41.59160       278.5146    
  -104.3806       40.62050       258.6994    
  -103.9780       35.71610       6686.023    
  -116.7496       32.46890       1098.716    
  -116.7322       32.44380       3713.345    
  -107.8609       24.81300       28.75176    
  -99.16230       21.74970       262.7759    
  -105.0380       21.67720       259.5318    
  -97.48990       20.52240       56.73304    
  -97.19220       20.45450       199.9319    
  -102.7877       18.29920       534.5342    
  -77.29650       35.23440       103.4911    
  -104.8970       30.53470       5847.185    
  -97.19590       20.47490       21.98664    
  -95.52910       17.62110       107.4563    
  -116.8020       32.54430       2554.685    
  -116.5177       31.78530       4725.886    
  -104.0938       24.01040       370.4355    
  -100.9936       45.84520       199.4484    
  -116.7845       32.51910       5389.267    
  -107.8228       26.19710       523.4362    
  -105.1341       24.08990       495.8472    
  -97.46790       20.52180       53.27095    
  -102.2525       18.38540       615.1385    
  -102.5072       18.17220       1818.265    
  -96.86760       15.86260       1028.342    
  -102.1236       49.10550       60.29414    
  -101.0546       45.78600       256.9435    
  -116.6451       44.02350       391.3516    
  -104.1126       40.24550       117.7658    
  -99.93140       35.64800       751.6348    
  -103.9736       35.76620       3503.302    
  -104.0637       35.72040       5239.737    
  -116.4548       31.59150       4483.642    
  -102.5866       27.56840       737.2120    
  -98.96510       22.19810       191.3489    
  -95.23840       17.04520       228.1716    
  -100.9587       48.72260       36.36252    
  -104.1230       41.92910       651.6227    
  -118.5198       36.58950       380.0997    
  -109.3479       33.43290       8625.079    
  -102.5304       18.17270       1475.546    
  -99.61890       17.05330       291.7346    
  -85.10940       15.93770       849.6887    
  -117.9681       43.30130       1229.386    
  -113.0272       41.38610       686.4536    
  -116.6625       32.39140       3311.944    
  -114.9153       32.23680       1818.893    
  -116.3532       31.53800       6291.598    
  -122.4350       52.48070       2323.647    
  -104.5112       47.25370       395.7550    
  -104.1769       41.70420       190.9972    
  -122.1092       40.39100       2715.094    
  -114.8202       32.59070       68.91967    
  -116.6797       32.41650       3404.818    
  -104.8291       20.35570       599.6871    
  -122.0946       41.88080       471.1631    
  -100.8957       45.33930       211.3629    
  -119.4943       44.32550       709.4967    
  -119.2766       43.79710       1224.315    
  -116.0250       40.68440       475.0161    
  -108.8807       25.95850       33.57191    
  -83.45800       14.86720       19.61885    
  -106.6115       42.60260       290.6240    
  -112.8322       40.83840       1320.160    
  -98.25610       21.49990       21.14100    
  -116.1208       43.89060       545.4703    
  -114.4431       43.48830       1427.121    
  -116.7631       42.96750       501.9868    
  -111.5626       41.90500       831.7155    
  -111.4974       41.64390       1041.917    
  -109.3595       40.34890       925.5815    
  -121.8607       38.01520       578.7769    
  -110.7848       29.32400       511.3441    
  -105.0344       23.03100       430.4297    
  -104.6526       47.88900       279.5450    
  -106.8570       47.74710       375.5515    
  -107.6972       43.85300       200.9048    
  -111.9098       43.67910       435.3855    
  -110.8004       41.62300       410.6164    
  -121.1287       41.97000       557.3044    
  -123.7320       42.13760       1805.797    
  -109.3256       40.34670       368.2338    
  -114.2959       40.22310       419.9737    
  -120.1247       38.51860       443.0308    
  -116.6096       32.41210       8950.660    
  -107.0845       30.35900       3214.349    
  -110.4944       27.61820       79.23647    
  -98.24900       16.39640       505.6863    
  -113.7556       44.00010       581.7983    
  -103.9418       41.23770       231.1781    
  -105.2685       40.89590       287.3214    
  -112.8556       40.86800       323.0990    
  -115.9985       40.65450       655.5552    
  -121.4411       41.00460       715.2762    
  -116.5919       32.43500       13582.35    
  -116.5746       32.40990       13015.61    
  -110.4841       27.59540       153.6528    
  -92.16520       18.64900       161.8122    
  -104.2992       47.63310       331.9058    
  -111.8275       43.49490       433.1838    
  -118.3751       43.30580       514.6466    
  -123.6490       42.36060       1377.687    
  -120.1406       41.82990       652.8031    
  -107.2613       39.39510       41.26723    
  -116.8372       32.54650       2607.262    
  -102.4219       47.70730       227.6012    
  -106.8439       47.54840       306.0358    
  -104.7968       47.17530       774.4662    
  -117.9082       42.97340       1240.405    
  -111.5105       41.61650       1336.426    
  -115.9720       40.62470       558.6805    
  -121.3949       41.00080       894.2163    
  -98.79570       21.61660       20.54905    
  -98.61770       16.40370       303.2683    
  -85.42290       15.68950       194.5569    
  -108.7338       42.83180       709.3184    
  -106.9485       42.62460       233.3799    
  -115.9850       40.59790       346.2169    
  -117.6761       40.64470       2096.725    
  -119.3382       40.00100       881.0517    
  -121.7165       40.10990       1545.907    
  -121.3903       38.35020       967.0945    
  -110.8616       33.42080       325.0015    
  -106.5026       48.79430       276.8633    
  -106.2264       47.56970       559.7813    
  -120.8904       43.58030       624.1810    
  -115.7128       42.91240       493.1801    
  -111.1343       41.39160       930.3038    
  -118.9623       40.13640       539.9365    
  -109.3176       33.43120       9132.022    
  -116.6442       32.46230       19404.37    
  -108.9501       26.26720       31.20412    
  -103.2343       50.19520       313.1914    
  -106.9222       47.78500       421.6249    
  -107.7373       44.09560       179.4383    
  -120.2728       43.52660       466.2092    
  -105.7134       39.24820       195.9510    
  -116.8873       39.62030       429.8813    
  -117.3458       33.35380       13785.04    
  -105.1152       20.05860       31.62694    
  -107.6165       46.50290       1204.200    
  -106.3669       45.46900       307.6871    
  -116.1460       40.86100       431.5326    
  -117.3646       33.37940       6587.309    
  -102.2042       17.92530       108.3746    
  -113.0349       42.76330       1443.466    
  -121.0161       42.13250       415.0199    
  -113.9227       41.05780       437.9268    
  -113.8861       40.97100       1012.158    
  -115.8814       40.81290       391.9020    
  -116.1835       40.69650       426.0283    
  -109.5553       40.11380       810.6708    
  -114.4794       40.40220       1029.473    
  -118.8992       39.91160       689.4394    
  -114.4843       52.17180       78.72909    
  -115.0278       51.96190       1981.842    
  -115.2560       43.11040       434.8351    
  -115.2153       43.10720       1090.864    
  -122.6604       41.84380       2106.170    
  -119.0367       39.81270       507.4493    
  -92.48230       17.88280       159.2892    
  -106.8573       48.65070       195.0867    
  -113.4954       43.29640       1047.008    
  -117.7776       42.84580       377.5910    
  -113.7976       40.99250       485.7493    
  -119.5678       43.34780       1759.864    
  -116.1964       40.66960       1263.230    
  -115.2939       39.58370       782.3367    
  -114.7679       32.65970       1698.474    
  -109.1165       41.50720       336.8596    
  -118.9280       39.94130       936.6002    
  -113.8947       44.07110       1588.330    
  -120.8436       42.20410       1038.933    
  -109.1573       41.28390       451.8983    
  -120.9239       40.68220       488.7767    
  -115.9579       39.30660       1010.584    
  -119.2913       42.56420       373.7380    
  -121.1534       42.02940       518.4995    
  -115.0616       40.66740       358.8766    
  -116.6454       39.93010       1034.983    
  -122.5941       39.79730       3269.991    
  -116.3081       43.25340       1796.069    
  -115.2376       43.05030       597.7607    
  -115.2825       42.93670       2030.612    
  -111.0129       42.03740       370.4355    
  -119.0115       42.33850       1460.782    
  -122.9677       41.58550       2203.765    
  -115.9726       40.70820       369.3346    
  -116.0770       40.57710       307.6871    
  -115.1550       40.39680       394.1037    
  -122.9498       39.77190       1669.036    
  -122.6340       39.71850       1916.010    
  -122.2613       38.04660       522.3935    
  -106.3718       43.70410       705.9245    
  -116.9988       40.73130       1136.513    
  -119.2543       39.47500       687.4282    
  -118.1625       38.71670       1292.351    
  -120.2096       38.52510       1066.941    
  -114.9724       32.57590       1388.766    
  -93.27930       30.26510       530.7020    
  -102.9212       18.38260       769.5731    
  -111.3140       45.39480       1150.962    
  -121.4821       40.20100       965.5814    
  -122.8759       39.43830       1624.417    
  -111.5398       41.47680       36.95447    
  -96.48260       18.85010       536.9583    
  -117.4574       33.45870       3611.845    
  -113.0006       46.02780       424.9275    
  -116.6255       42.03010       226.7748    
  -120.3839       36.57070       1331.704    
  -105.1263       21.99080       490.1932    
  -113.1700       46.96580       1140.293    
  -120.4976       40.89860       375.3893    
  -122.5015       38.11860       813.0849    
  -96.48590       18.87020       361.6036    
  -122.9289       39.06310       2269.878    
  -114.5662       47.17990       1480.723    
  -117.3820       33.35620       5388.206    
  -117.3097       33.35150       5087.550    
  -70.34600       18.92870       1025.932    
  -105.0685       20.15900       29.11820    
  -104.4726       19.41060       412.4951    
  -108.2423       32.98620       1711.995    
  -114.9091       32.42800       810.6708    
  -102.5960       18.59430       331.8665    
  -116.3106       31.32260       4166.187    
  -108.2888       32.96460       7141.999    
  -110.0930       34.13400       573.4806    
  -116.3695       31.56260       1262.684    
  -58.16840       48.92760       517.4662    
  -91.57590       14.73630       447.9905    
  -92.48470       17.90260       108.5520    
  -103.4563       19.52330       591.3814    
  -101.9414       32.15720       619.4155    
  -93.18470       17.89460       74.65124    
  -103.7816       20.67140       363.8561    
  -116.8197       32.52130       4177.342    
  -93.11510       17.83420       102.9179    
  -121.4360       38.59410       206.6806    
  -99.02100       34.61410       595.5590    
  -76.82160       20.59350       58.74027    
  -110.9124       32.38800       13501.32    
  -110.8988       32.36330       9947.933    
  -103.4658       19.56400       910.4050    
  -98.25750       30.70240       106.2667    
  -99.01200       34.58910       527.6995    
  -98.25040       30.67910       136.5052    
  -78.74690       35.39150       203.6118    
  -98.23790       21.52000       129.0665    
  -76.82130       20.57340       71.87941    
  -94.42200       33.61120       278.9922    
  -85.86220       30.32230       461.1889    
  -79.56540       34.90280       238.3414    
  -98.67090       34.20690       232.3891    
  -81.28310       27.60410       314.5393    
  -77.95290       35.61080       470.2824    
  -79.56380       34.87810       388.9731    
  -94.27430       31.77550       458.1721    
  -78.57950       22.01630       24.86182    
  -98.10140       20.72000       96.35379    
  -85.85920       30.29950       128.1595    
  -94.82030       17.66710       24.10074    
  -102.4486       50.78740       50.97095    
  -78.01810       34.99060       343.6817    
  -91.51530       17.29740       251.6371    
  -102.4863       50.78990       46.97530    
  -78.73300       34.25960       145.5220    
  -97.20580       29.81790       142.7464    
  -101.9423       32.22830       149.0916    
  -107.1300       30.33810       1060.956    
  -97.21220       29.84090       145.9185    
  -94.99210       16.60990       209.4580    
  -77.73310       35.28600       662.1846    
  -109.3783       33.43450       2261.692    
  -103.8830       20.69480       476.3870    
  -98.52560       20.95470       23.25510    
  -104.0989       21.07030       519.2618    
  -70.49870       19.58280       380.7047    
  -77.89240       35.26200       1225.304    
  -95.50190       31.27850       26.13967    
  -95.08220       30.20480       558.3538    
  -102.1095       18.02260       840.4065    
  -85.68940       15.92350       329.9950    
  -99.37160       33.65180       489.6058    
  -95.66070       17.80120       89.02476    
  -95.37110       17.69700       115.6246    
  -92.43140       15.82920       371.6285    
  -99.38030       33.67640       1331.704    
  -97.94900       21.63570       21.39470    
  -90.94930       18.05570       264.6165    
  -93.32120       16.48450       139.5742    
  -94.35640       34.60800       559.9882    
  -103.5559       19.44520       933.7184    
  -94.38860       16.44340       357.2046    
  -102.8737       48.03580       54.41693    
  -98.17380       20.86430       137.9881    
  -103.3999       19.27930       776.7714    
  -93.31650       30.93240       996.9417    
  -104.2875       21.05560       1162.400    
  -103.5606       19.46550       1125.754    
  -89.51810       15.30760       409.4448    
  -89.49830       15.30730       312.9090    
  -89.66750       35.95490       154.2025    
  -93.32190       30.95570       3557.151    
  -93.29300       30.93170       866.1414    
  -103.5041       18.59830       778.8927    
  -93.46290       16.46730       957.0707    
  -89.64310       35.95430       157.2890    
  -108.3138       33.18300       3065.062    
  -93.29840       30.95500       2688.848    
  -82.01330       27.54560       163.2008    
  -103.9950       20.75960       656.7596    
  -88.84820       18.83620       203.7305    
  -90.47390       17.00820       121.0858    
  -98.03140       21.26900       48.11692    
  -91.91820       17.44090       169.7117    
  -100.6778       17.27410       28.58263    
  -103.0758       19.08910       255.3490    
  -93.60000       18.05980       19.61885    
  -102.6588       18.23590       1058.038    
  -102.6546       18.21580       736.9802    
  -85.44580       15.74760       174.6808    
  -84.72430       15.62580       458.5413    
  -103.8212       20.73390       301.0820    
  -102.3644       18.14860       192.9237    
  -101.4530       17.92690       957.0707    
  -95.14240       17.41690       19.70341    
  -84.74360       15.62600       454.0936    
  -85.78590       15.61560       413.5768    
  -84.72320       15.60650       464.7960    
  -104.5554       19.55460       440.0016    
  -102.6105       18.11490       2038.298    
  -91.54430       17.37630       111.5154    
  -85.78470       15.59630       295.8488    
  -86.68810       15.18120       155.6223    
  -111.5784       28.81790       850.0238    
  -103.4805       19.22100       610.8962    
  -90.87710       17.58220       32.30345    
  -91.54650       17.39590       297.6258    
  -86.39540       15.73700       162.5767    
  -84.74250       15.60670       236.3462    
  -87.80120       21.24870       31.20412    
  -102.6778       18.21640       325.6466    
  -91.71620       17.45740       21.28899    
  -91.58070       17.33760       347.0681    
  -91.57200       17.25900       130.4543    
  -84.82180       15.64590       163.9444    
  -88.25720       15.04320       39.40682    
  -108.5637       26.38180       39.15313    
  -96.50190       19.49090       460.6942    
  -96.48020       19.49050       263.1459    
  -103.1331       18.28810       293.8392    
  -95.26690       17.85300       368.4901    
  -76.86210       47.62920       318.0734    
  -102.6337       18.11550       638.9236    
  -95.81440       17.54760       109.8354    
  -91.76190       17.32070       96.35379    
  -88.25860       15.06250       479.3820    
  -102.6379       18.13560       1152.218    
  -102.6147       18.13500       1732.569    
  -93.30980       17.73900       114.5936    
  -95.32790       17.08610       571.8350    
  -93.07950       16.87130       62.94381    
  -97.35060       16.41810       899.3749    
  -93.33040       16.21190       36.02427    
  -87.74450       15.77000       401.9186    
  -108.2592       32.96310       6848.792    
  -116.7851       32.42300       13185.13    
  -108.2776       30.67170       1467.078    
  -104.1582       21.11330       452.4742    
  -71.35380       18.03810       543.7541    
  -91.50010       17.16000       233.8496    
  -100.7640       17.25630       148.6942    
  -94.75880       16.89940       245.9036    
  -97.15500       15.94580       386.3978    
  -104.4650       19.67360       1064.339    
  -70.14000       18.73210       184.0282    
  -93.71030       17.47020       212.1396    
  -92.68790       17.37460       112.7638    
  -92.22220       15.76800       293.0819    
  -93.67670       16.70500       824.7098    
  -81.71220       46.21500       270.7483    
  -121.3031       35.97150       3118.760    
  -119.1806       34.31160       2702.876    
  -110.3084       33.55950       2136.442    
  -107.7975       25.78230       253.3998    
  -107.3104       25.02740       1071.614    
  -99.14460       21.66700       402.2742    
  -103.9259       20.67570       979.2596    
  -103.6993       20.62800       1143.733    
  -96.50520       19.51110       797.5589    
  -102.7433       18.19810       174.4845    
  -100.6706       17.23440       602.8813    
  -97.58200       16.24650       724.5908    
  -93.28970       16.03620       537.9280    
  -106.6230       24.91440       889.1934    
  -104.7676       19.54050       440.2010    
  -96.05300       17.72980       245.4738    
  -95.92920       17.60900       139.5742    
  -95.28040       17.04600       408.7625    
  -117.2429       35.96170       606.8601    
  -80.94960       33.09780       259.9835    
  -108.6998       26.51930       390.8205    
  -106.5677       23.99400       402.2965    
  -103.3008       19.25640       1584.967    
  -100.2724       18.69610       731.3785    
  -103.6604       19.28660       357.5704    
  -71.35810       17.86170       56.61560    
  -100.1595       16.98620       589.5989    
  -81.33160       28.90800       345.7635    
  -81.33000       28.88570       1333.790    
  -102.2572       18.18580       824.7098    
  -79.23780       34.38510       322.7654    
  -108.2842       33.18140       5178.614    
  -71.35760       17.88130       57.38514    
  -102.2531       18.16570       522.7006    
  -101.9447       17.99860       850.1638    
  -100.5837       17.37090       656.7134    
  -121.3451       35.97460       2085.220    
  -104.7119       21.37760       1114.885    
  -102.5031       18.15210       916.3442    
  -85.34670       15.70820       287.1154    
  -104.0065       35.71750       4540.206    
  -109.2873       33.42950       3102.435    
  -85.37360       15.51570       430.0892    
  -117.3271       33.32830       2548.497    
  -116.2764       31.32050       9883.212    
  -106.6645       24.35950       894.4866    
  -106.6385       24.35850       1047.008    
  -86.53160       15.73830       272.9148    
  -99.16550       36.88340       1068.850    
  -99.13840       36.88210       1125.189    
  -82.05200       29.65570       417.5898    
  -87.71500       15.11450       41.52093    
  -87.71360       15.09520       41.09811    
  -81.71210       27.14990       162.9256    
  -70.19320       18.29830       111.5154    
  -99.05000       48.98340       89.60966    
  -86.14070       40.47290       67.76705    
  -77.71660       36.03580       181.2086    
  -108.2969       33.20620       5240.803    
  -81.88900       29.76680       1130.158    
  -82.05390       29.67830       393.4778    
  -82.07350       29.65590       460.6214    
  -88.17820       19.38370       300.6904    
  -88.31340       19.32580       338.6590    
  -88.71710       18.93360       645.0018    
  -89.79840       17.07720       236.2204    
  -89.18040       16.21240       171.5324    
  -110.3225       33.58460       1041.542    
  -116.7856       32.37500       10012.28    
  -116.5690       31.81220       2783.041    
  -116.5343       31.81010       4646.403    
  -82.07540       29.67850       349.3321    
  -115.6299       30.29880       2591.442    
  -70.32450       19.56370       479.3838    
  -88.15810       19.38350       352.4194    
  -88.47870       19.36790       220.9310    
  -69.25730       18.55920       101.3077    
  -91.42000       17.35480       106.9383    
  -91.56330       17.18050       337.4590    
  -91.41880       17.15880       1110.198    
  -85.19550       15.76470       166.4410    
  -85.00120       15.74380       565.9606    
  -98.21320       36.25450       63.36514    
  -88.59780       19.34960       293.5554    
  -88.45340       18.91020       271.4222    
  -69.27590       18.57880       2078.744    
  -69.25650       18.57890       136.1481    
  -69.27670       18.55910       516.2661    
  -92.40550       17.58620       33.48735    
  -91.43920       17.15910       1190.503    
  -91.41670       17.13920       84.81770    
  -89.95230       16.80590       25.58061    
  -85.00230       15.76310       434.9819    
  -98.24930       36.28140       384.0935    
  -98.22270       36.28030       535.8929    
  -98.23980       36.25570       512.8119    
  -82.77610       30.27630       173.0800    
  -88.57760       19.34940       225.1114    
  -88.17600       18.94610       32.97996    
  -89.28670       17.99240       389.6234    
  -93.69920       17.70620       144.3324    
  -91.43700       17.13950       881.2396    
  -84.40980       15.50770       242.5909    
  -76.18610       35.80400       1081.944    
  -95.90050       31.94630       911.8002    
  -88.31540       19.34570       384.9093    
  -88.06980       19.30260       93.62305    
  -88.71510       18.91370       333.2980    
  -94.27020       17.77550       80.49309    
  -93.63170       17.66570       122.9205    
  -93.62720       17.46880       215.9620    
  -95.44400       17.16670       819.6878    
  -93.44230       16.11640       319.0785    
  -95.92490       31.94710       867.7045    
  -88.46660       19.64710       320.5029    
  -70.18070       18.67270       229.5269    
  -70.35830       18.55350       291.6878    
  -69.52880       18.53800       35.72829    
  -91.21470       17.33210       225.0082    
  -85.41750       14.95870       321.0762    
  -90.24910       31.73130       468.3538    
  -95.88670       18.18170       52.59882    
  -94.26320       18.03210       29.68196    
  -92.02570       15.82340       280.2075    
  -118.9293       38.10840       662.7380    
  -119.2020       34.33790       2362.976    
  -108.3562       33.20940       823.7135    
  -116.7678       32.39790       20442.00    
  -87.74090       20.86300       190.8440    
  -88.19840       19.38400       358.3440    
  -95.11340       17.81060       182.1904    
  -62.78250       17.31910       118.1731    
  -93.49570       16.74110       958.7676    
  -90.76670       16.11630       38.56118    
  -75.56500       46.16070       247.5413    
  -78.33050       36.74920       1125.119    
  -99.12810       36.85600       765.1800    
  -79.22090       34.48270       119.3518    
  -94.80930       32.80860       652.4711    
  -88.09770       19.38260       337.3848    
  -88.09850       19.18350       252.2742    
  -93.31880       17.14940       137.5916    
  -94.13540       17.06510       215.9620    
  -93.68490       16.43180       268.0610    
  -76.18570       35.77900       778.7158    
  -81.83960       33.03620       578.6544    
  -95.90710       31.97000       787.1066    
  -81.71060       27.12820       1910.748    
  -88.09570       19.36270       150.6291    
  -91.28130       18.81310       196.9619    
  -90.69920       18.54610       262.7892    
  -95.18800       17.89110       32.26117    
  -93.63480       17.52790       225.5178    
  -91.66440       17.35850       390.8976    
  -100.6618       17.43200       1184.460    
  -90.99650       16.80070       257.4343    
  -88.67360       16.53650       298.3970    
  -118.7049       38.27720       5431.885    
  -98.74070       34.40570       615.6495    
  -98.73190       34.38090       894.7452    
  -109.3345       33.40780       7181.516    
  -95.93150       31.97090       608.7692    
  -97.26830       29.52490       25.18598    
  -98.67680       23.75310       433.7343    
  -99.11310       21.62500       311.4381    
  -93.86320       18.00510       36.44708    
  -93.54540       17.96000       18.85777    
  -91.89780       17.44060       370.4608    
  -93.57670       17.23220       126.4951    
  -90.96820       16.72230       166.8571    
  -90.75080       16.56330       321.6708    
  -85.32270       15.63080       383.7625    
  -85.60080       15.44060       144.8036    
  -99.14860       36.90830       354.9400    
  -98.70590       34.37980       360.8031    
  -94.94450       32.86080       34.84037    
  -95.09480       32.43800       429.8882    
  -82.35960       22.79970       70.73779    
  -82.35830       22.77910       62.74649    
  -91.30180       18.81340       220.9310    
  -90.69360       18.13080       345.3368    
  -89.29710       17.89410       260.4285    
  -93.68390       17.58780       31.69942    
  -90.87130       16.95520       456.6810    
  -90.76860       16.13580       18.97053    
  -89.39650       15.96300       214.3784    
  -90.09140       15.95230       478.9387    
  -87.75550       15.13410       39.99878    
  -93.01790       44.73140       115.9373    
  -78.70100       35.39120       229.1872    
  -79.10610       33.65680       174.4678    
  -98.19450       20.74270       45.74912    
  -88.75330       19.29200       279.7950    
  -103.3787       18.87600       675.3796    
  -103.6174       18.58130       896.4338    
  -89.28870       18.01210       390.4663    
  -102.5767       18.17390       593.9268    
  -99.50880       17.94100       52.51424    
  -101.5358       17.76980       888.0620    
  -100.8082       17.37600       274.1490    
  -93.47200       17.05390       46.84846    
  -90.86930       16.93560       575.2615    
  -88.86480       16.22800       217.8732    
  -108.3013       32.98940       2495.456    
  -108.3183       32.96620       3125.358    
  -104.3721       20.54600       327.3189    
  -103.5333       19.04110       629.5624    
  -103.5097       19.04050       584.5937    
  -101.5866       18.92920       760.2263    
  -100.6763       18.80610       301.4124    
  -102.9826       18.34420       684.0168    
  -93.94700       17.37590       138.5168    
  -97.84860       16.31030       510.4771    
  -116.2929       38.55160       1311.240    
  -99.11120       36.88090       372.8258    
  -99.15530       36.85720       680.1241    
  -78.28060       35.23950       309.6803    
  -121.2776       35.94410       2748.738    
  -98.69990       23.35530       253.7014    
  -100.6802       18.82620       172.6835    
  -102.3220       18.60730       1366.880    
  -95.59710       18.37430       22.52785    
  -85.79920       15.51940       224.2437    
  -95.51670       32.73730       197.1619    
  -83.52450       31.62170       29.56921    
  -108.1182       29.21670       400.7088    
  -93.41270       18.05650       137.3138    
  -102.4783       18.03180       249.9148    
  -89.75080       15.92870       23.48061    
  -86.00170       15.65620       23.08597    
  -74.05420       44.44850       240.5159    
  -94.91600       44.41670       161.8555    
  -94.20080       37.97640       45.91825    
  -94.17470       37.97540       306.0358    
  -95.35250       33.01800       31.58465    
  -107.8844       25.09350       609.3708    
  -106.5980       24.31430       838.2854    
  -102.0229       18.16000       4667.940    
  -95.58440       17.26760       317.9264    
  -89.54510       15.84870       505.1206    
  -86.18540       15.79290       141.8909    
  -88.18170       15.08090       142.3070    
  -87.00280       14.95370       282.5335    
  -78.32760       35.26460       630.4631    
  -117.2214       35.93480       665.5969    
  -98.75800       34.38190       543.2687    
  -98.72310       34.35600       722.1566    
  -108.3309       32.99100       1973.840    
  -116.6092       32.46010       14713.96    
  -104.6675       22.78810       430.7797    
  -94.79430       18.37860       114.5936    
  -94.07810       18.20680       497.8168    
  -95.61940       18.09720       25.28464    
  -102.0188       18.13990       6097.420    
  -90.84410       17.46400       293.5554    
  -93.43380       16.74010       532.5709    
  -84.33710       15.58420       497.4389    
  -89.28770       15.15080       81.01231    
  -101.9332       32.20420       487.5473    
  -108.0979       29.42060       356.1244    
  -104.8699       22.21090       669.3757    
  -88.82510       18.40030       362.4252    
  -90.75270       16.58280       133.5689    
  -107.8577       25.09250       656.1365    
  -107.8764       25.07170       744.4432    
  -88.23150       19.10580       98.20017    
  -90.39450       17.98830       346.3036    
  -101.9999       18.15940       885.7995    
  -101.9959       18.13940       1473.363    
  -100.5141       17.96420       954.5253    
  -88.34070       17.03910       1442.427    
  -85.40240       15.67010       243.7122    
  -98.79230       35.19860       7264.292    
  -115.6410       30.36920       15403.30    
  -108.3894       29.64010       434.2847    
  -106.9059       28.59540       237.5081    
  -96.17490       18.80380       46.51020    
  -103.1751       18.58950       1420.758    
  -94.25730       17.83440       169.7117    
  -88.82090       17.29910       136.8977    
  -95.69850       17.32880       91.59559    
  -95.56240       17.11000       283.3222    
  -90.40560       16.92910       636.3502    
  -98.52430       16.49980       142.0094    
  -90.86140       16.05940       241.8264    
  -89.29560       15.94240       103.6095    
  -85.58620       15.82600       110.6284    
  -85.49310       15.57450       266.4334    
  -85.63960       14.80720       486.7108    
  -98.80150       35.22390       112.8084    
  -98.76590       35.19750       163.1804    
  -98.78310       35.17330       1085.269    
  -99.58630       30.08530       26.72223    
  -115.6078       30.36730       13176.73    
  -115.5930       30.34320       12617.05    
  -105.6370       23.05200       1092.260    
  -77.86620       21.07980       119.6162    
  -104.6182       21.20990       580.3437    
  -88.39600       19.34680       332.1610    
  -88.80170       18.97450       128.5757    
  -96.19640       18.80430       985.9185    
  -102.6314       18.21520       335.7588    
  -102.9992       18.20470       660.1073    
  -93.93390       17.43470       136.8977    
  -93.41250       17.40620       103.4911    
  -88.34240       17.05860       1723.836    
  -89.22130       15.99970       143.5553    
  -84.96940       15.85930       174.6808    
  -86.73470       15.29710       612.7205    
  -73.89930       49.08690       472.1213    
  -98.81870       35.19970       2236.822    
  -98.75680       35.17220       87.27006    
  -102.0488       34.62510       558.6806    
  -102.0215       34.62380       1025.440    
  -102.0111       34.59870       445.2932    
  -97.20110       33.58980       231.1781    
  -102.7218       28.35200       772.8920    
  -98.19210       20.84440       129.6613    
  -88.49600       20.12830       176.4550    
  -89.44720       18.38910       285.1463    
  -103.1707       18.56930       1100.174    
  -91.30250       17.02010       258.7721    
  -85.47780       15.32410       512.1931    
  -88.48630       15.21880       289.7331    
  -88.42550       21.17670       28.75176    
  -103.9943       21.31380       411.4499    
  -100.4777       21.10840       404.2183    
  -101.7602       18.99390       2032.927    
  -101.7372       18.99330       1293.806    
  -93.53490       18.03880       20.12623    
  -93.55120       17.68400       140.6426    
  -88.32250       17.05840       7589.286    
  -88.32080       17.03890       983.4870    
  -92.68180       16.26030       390.3344    
  -84.40010       15.68100       166.0249    
  -105.4565       38.13980       370.0685    
  -108.3058       32.94150       2647.217    
  -100.0910       31.70310       488.1133    
  -100.0654       31.70200       293.0266    
  -116.6265       32.48520       5178.902    
  -102.6282       31.50440       209.6618    
  -107.4164       25.96220       365.8054    
  -103.8005       20.65150       54.29008    
  -88.07760       19.38240       251.3186    
  -88.18360       19.02570       718.9343    
  -89.03860       17.06730       243.1006    
  -121.0701       38.43180       873.1873    
  -119.9315       35.33930       3346.354    
  -97.78090       32.50990       208.6108    
  -117.4196       33.40740       8409.560    
  -105.0781       23.01160       794.8160    
  -104.0727       21.79090       606.5816    
  -100.4732       21.08780       421.5996    
  -103.8057       20.67210       804.5930    
  -88.18170       19.00580       485.3231    
  -95.88720       18.04300       20.29536    
  -96.55930       17.83860       475.0873    
  -100.8568       17.39690       626.1686    
  -116.7667       32.54210       3211.726    
  -116.7500       32.42080       3703.900    
  -102.6546       31.50550       597.5352    
  -105.3292       20.22810       265.8549    
  -93.45690       18.07700       40.54844    
  -102.0418       18.14050       902.7688    
  -90.83020       17.52260       299.3435    
  -91.43820       17.33540       500.9808    
  -94.09020       17.35880       139.1777    
  -94.30310       16.42240       221.2705    
  -98.12570       36.30160       176.1374    
  -97.82980       25.12670       35.68601    
  -107.3281       25.22200       859.0589    
  -104.0671       21.77000       780.4715    
  -103.4424       18.63670       539.6249    
  -93.43610       18.07660       42.28200    
  -102.8595       18.20110       1030.613    
  -102.2869       18.10670       43.59274    
  -91.19440       17.33180       216.5991    
  -100.5909       17.41060       865.4446    
  -101.3916       35.23920       245.4892    
  -101.3812       35.21380       42.78939    
  -108.9776       26.26840       46.25651    
  -79.80570       22.49310       48.37061    
  -102.1401       19.26530       310.9897    
  -95.62240       18.11700       248.7179    
  -88.84530       17.98640       485.2455    
  -102.6820       18.23650       1291.367    
  -102.8362       18.20050       1375.365    
  -102.4651       18.19100       899.3749    
  -102.8553       18.18100       1722.388    
  -102.4610       18.17100       1308.336    
  -94.18960       17.95170       23.84705    
  -91.44040       17.35510       292.9361    
  -118.0302       37.85660       1583.563    
  -98.15230       36.30270       113.4849    
  -98.09920       36.30050       636.2903    
  -98.11630       36.27580       610.4205    
  -119.9715       35.34220       5330.456    
  -108.3022       26.19560       305.3792    
  -105.6235       22.92560       697.2063    
  -104.9675       22.38060       998.9800    
  -103.7902       20.61030       97.92513    
  -103.7850       20.58970       1230.760    
  -88.64370       19.99000       93.20694    
  -95.62110       18.53370       23.42423    
  -93.61050       18.13900       22.07120    
  -95.61230       17.46500       171.6922    
  -94.65950       16.93690       138.5621    
  -93.85950       16.51270       301.4124    
  -86.29680       15.71680       395.2295    
  -112.3794       36.65970       1979.756    
  -109.3042       33.40620       4169.737    
  -104.8700       30.53350       1195.543    
  -108.6989       25.90720       482.8201    
  -88.44820       21.19740       162.2375    
  -103.8814       21.06370       349.8866    
  -93.60780       18.11920       109.4389    
  -94.18700       17.93190       16.23629    
  -93.07320       16.11060       163.3653    
  -91.92450       15.82200       21.81751    
  -119.9482       35.31530       2228.068    
  -98.47380       33.85770       211.3629    
  -116.8550       32.52350       3008.140    
  -107.1235       29.05700       263.1028    
  -106.7635       28.83710       769.7438    
  -107.5298       25.27330       362.5567    
  -80.59630       22.37500       45.86188    
  -88.78840       19.63170       223.6067    
  -88.41060       19.08830       136.8977    
  -98.37500       36.33760       1184.513    
  -102.6637       31.52940       174.1311    
  -104.0909       21.13170       321.6229    
  -104.6906       21.02710       405.4397    
  -88.42820       19.66660       84.88489    
  -88.14190       19.42310       262.3651    
  -103.0030       19.49040       1478.029    
  -102.9984       19.47010       1177.672    
  -94.64020       17.88090       27.44102    
  -94.99950       16.98210       103.8876    
  -77.96530       46.17100       204.1026    
  -76.16310       35.80400       225.4600    
  -104.6590       36.48690       328.0528    
  -116.2925       31.34510       5285.228    
  -105.8074       23.03700       719.5135    
  -105.8008       23.01580       1212.459    
  -104.0915       21.77080       2212.802    
  -104.1366       21.03040       478.1732    
  -93.57500       17.54660       101.5085    
  -100.3750       17.32660       331.9576    
  -88.34410       17.07820       77.20693    
  -95.09910       16.94460       218.1075    
  -98.36540       36.31180       1417.636    
  -111.7673       24.99900       982.2497    
  -111.7386       24.99770       864.1909    
  -90.64770       19.34040       27.99068    
  -95.58770       18.45360       128.4717    
  -84.96140       15.72410       161.4477    
  -116.8022       32.49620       3114.983    
  -115.6632       30.30070       2388.796    
  -109.8377       27.20970       115.1762    
  -105.9360       23.20980       1128.219    
  -97.71120       21.67070       32.47258    
  -103.8967       20.65440       697.4916    
  -105.3567       20.14740       1367.729    
  -103.0206       18.30520       553.2004    
  -95.76220       17.62550       221.3891    
  -85.42000       14.67130       114.8443    
  -110.2727       27.56320       55.22030    
  -109.8476       27.23230       103.4218    
  -107.5378       25.29520       618.7426    
  -102.7242       18.21760       398.7794    
  -94.97070       16.92270       19.19603    
  -87.41140       15.76650       157.2867    
  -78.35390       36.74940       954.0014    
  -106.6881       34.78390       1495.084    
  -106.6752       34.75840       7202.378    
  -106.6457       34.75680       1636.411    
  -106.6623       34.73290       2877.488    
  -114.9012       32.16430       1470.226    
  -98.40620       29.31510       139.7420    
  -98.39960       29.29220       505.4279    
  -104.9000       19.68630       450.9365    
  -95.76430       18.49680       28.66720    
  -95.84460       18.04210       33.58399    
  -94.77090       17.76480       21.11684    
  -114.3963       37.75560       1049.937    
  -80.09330       22.70020       135.4043    
  -88.68900       18.85380       219.2110    
  -85.63460       15.67210       220.3794    
  -96.28290       34.72670       694.9731    
  -98.40160       36.33880       1514.302    
  -98.34830       36.33650       106.2124    
  -96.25750       34.72570       282.3676    
  -116.7326       32.39580       3145.200    
  -88.75740       18.93420       265.1172    
  -102.4257       19.09180       256.5026    
  -94.70280       18.17870       17.75844    
  -102.7645       18.07890       468.7796    
  -116.5741       32.45790       3108.096    
  -116.3267       31.34710       2941.633    
  -116.2582       31.34300       833.0120    
  -88.32990       20.66940       421.9279    
  -76.07870       20.31140       31.75378    
  -102.4989       18.13200       643.4225    
  -90.04850       17.37420       367.4184    
  -90.04650       17.35460       350.7743    
  -88.92800       17.16360       28.81326    
  -94.94710       17.05960       81.97218    
  -117.4008       33.38180       4960.046    
  -110.8816       32.38620       3352.269    
  -116.6616       32.48740       3491.619    
  -114.9137       32.28460       2165.462    
  -116.2422       31.31850       2738.179    
  -106.2729       30.62130       1427.725    
  -106.2452       30.62000       972.5995    
  -90.34290       18.99700       439.3138    
  -102.7412       18.29800       899.7144    
  -95.15420       17.94970       19.19603    
  -94.72270       17.56680       20.71818    
  -85.37560       15.86280       221.6955    
  -111.4361       31.49140       2152.177    
  -106.2351       30.59630       408.4147    
  -102.4865       18.07190       274.9590    
  -108.2718       32.98780       2824.255    
  -111.4801       31.51740       2061.846    
  -111.4493       31.51570       2916.766    
  -78.73420       34.28400       169.3131    
  -112.9426       33.34790       8084.896    
  -111.4668       31.49310       1877.923    
  -105.3404       22.81100       784.0021    
  -94.61640       17.86070       31.48600    
  -98.33870       36.31070       572.7699    
  -112.9100       33.34600       10080.13    
  -88.38590       19.84600       84.46879    
  -95.05730       17.10080       23.17054    
  -112.9582       33.37320       3017.060    
  -112.9256       33.37120       974.8011    
  -112.9270       33.32270       5616.454    
  -112.8945       33.32080       6100.888    
  -111.9011       32.32400       1137.300    
  -111.8870       32.29930       1271.888    
  -110.3629       27.70120       433.9430    
  -80.57420       22.74450       38.10455    
  -101.4370       17.72770       282.0924    
  -91.26760       16.88270       409.7545    
  -97.44280       35.91890       372.6371    
  -117.4748       33.43540       2397.382    
  -109.6681       27.20190       76.78413    
  -94.79190       17.76520       95.90064    
  -100.9092       17.43770       155.0384    
  -85.31160       15.76570       97.36796    
  -119.9881       35.31810       3512.645    
  -109.6584       27.17930       98.51707    
  -107.6185       25.51470       853.2183    
  -105.8654       23.14410       1079.735    
  -105.3528       22.68590       588.2318    
  -77.70230       21.64660       22.29107    
  -88.27580       21.11370       147.2983    
  -101.0482       17.46070       228.7012    
  -104.0448       21.95560       400.0427    
  -95.65750       17.48550       103.4911    
  -95.07830       17.10120       39.66052    
  -97.66390       48.12360       57.02432    
  -84.54810       39.10470       55.40535    
  -104.5804       21.78650       694.8944    
  -91.51090       17.25810       281.7013    
  -99.78500       36.22190       195.9510    
  -117.4385       33.43300       3146.662    
  -94.96810       17.06000       87.63042    
  -104.7666       21.39990       648.2288    
  -102.6019       18.29440       1293.063    
  -104.5861       36.97060       636.1634    
  -105.1467       36.20720       264.2036    
  -88.65060       18.04300       191.7907    
  -98.35580       36.28600       1966.074    
  -99.74310       35.63970       1199.167    
  -98.73960       35.19640       337.6852    
  -118.3408       34.92670       3499.264    
  -116.8375       32.49840       2702.761    
  -106.0797       23.02570       666.8950    
  -100.8684       17.33780       635.5017    
  -87.89700       15.71370       81.13996    
  -104.4185       39.71530       314.4757    
  -118.5591       36.59240       1059.382    
  -106.2273       23.49430       280.5934    
  -95.99020       18.44180       124.9031    
  -118.3310       44.73990       1116.286    
  -102.8297       42.34110       246.0396    
  -109.2689       40.45350       846.8755    
  -123.5760       40.01610       2295.952    
  -99.20510       36.09470       685.6451    
  -99.17830       36.09350       570.9855    
  -113.4948       32.96900       188.6200    
  -109.0876       26.33890       296.1282    
  -88.72540       18.81470       165.1249    
  -95.63030       18.45440       29.80277    
  -101.0804       18.33620       844.5074    
  -100.4827       43.31780       36.27796    
  -111.8715       39.94090       506.9407    
  -106.6091       38.44460       255.3968    
  -112.0902       37.94170       1321.912    
  -113.5104       32.99410       2318.528    
  -113.4776       32.99210       1614.258    
  -113.4620       32.96710       1925.933    
  -95.72950       17.54600       21.73295    
  -102.7983       42.33930       202.0057    
  -119.1342       34.20940       247.4120    
  -113.4791       32.94390       839.0050    
  -101.9803       44.32980       189.3459    
  -111.3852       39.03920       311.5401    
  -99.52280       35.13040       178.4301    
  -99.49620       35.12920       148.4098    
  -108.6312       45.38030       303.8342    
  -122.7646       41.22860       3025.455    
  -104.7480       38.68320       329.7041    
  -114.3753       37.72780       447.4949    
  -104.5988       21.49770       346.3131    
  -100.3096       51.45150       250.9957    
  -117.5016       44.88230       589.5043    
  -99.75090       42.75040       123.3170    
  -100.8958       42.49240       172.8332    
  -104.4045       19.22680       27.86384    
  -106.4740       47.98460       357.2253    
  -99.65680       44.47070       225.2221    
  -101.0106       44.42500       203.1065    
  -102.2515       43.71500       203.6570    
  -103.4035       41.57360       610.7578    
  -118.6334       37.40220       1334.852    
  -101.1160       26.28740       506.8661    
  -102.1636       18.06380       595.6237    
  -102.2339       42.19180       318.6956    
  -122.3639       42.76930       2666.018    
  -122.4883       42.28780       2666.018    
  -112.1333       39.38680       949.1932    
  -111.3071       39.11470       1050.402    
  -122.3050       39.41890       2160.197    
  -109.4728       34.14780       856.3203    
  -102.1324       18.02320       34.33298    
