  -102.5280       37.09540       237.3714    
  -104.9561       36.96480       101.7376    
  -120.0675       37.92990       1722.991    
  -119.2183       37.76040       122.1109    
  -98.50940       34.98800       67.42570    
  -93.29570       33.93760       39.90051    
  -108.7172       33.56820       72.40570    
  -85.07010       30.49170       235.2171    
  -94.28590       30.68480       90.11993    
  -107.9217       30.74710       101.8810    
  -82.86110       22.78370       3.972629    
  -80.31460       22.74270       10.15520    
  -102.6075       19.80320       124.8067    
  -97.17200       18.18800       69.46431    
  -93.18470       17.89460       50.17899    
  -93.11510       17.83420       38.27056    
  -80.31560       22.76330       4.156790    
  -93.41530       18.07630       3.683232    
  -108.3013       31.13900       47.94806    
  -112.2665       31.09030       132.1040    
  -78.56650       22.24100       3.380681    
  -77.66560       20.85730       27.68869    
  -101.9359       19.28010       66.21327    
  -95.60180       31.02660       16.48104    
  -94.28020       30.66160       41.70715    
  -81.99430       22.73470       2.453295    
  -103.3143       19.62040       53.40450    
  -95.18710       35.40520       119.8802    
  -81.03070       22.68600       8.618453    
  -103.1206       19.79720       122.7048    
  -100.5556       18.18400       47.16480    
  -81.03180       22.70650       9.319892    
  -80.95500       22.76770       72.25655    
  -106.8276       28.86250       68.00190    
  -103.3522       19.68220       45.96493    
  -71.65460       19.12130       35.53294    
  -86.58610       30.60970       34.35779    
  -101.7940       29.16970       37.33099    
  -92.26360       16.15680       160.2782    
  -86.58290       30.58680       35.53041    
  -110.8616       33.42080       65.69624    
  -94.00150       35.36300       76.98605    
  -83.16390       42.30190       9.199640    
  -95.90270       32.04040       24.23090    
  -102.1575       20.27770       31.89171    
  -92.38990       16.19760       86.18234    
  -71.19270       18.33340       50.98232    
  -101.9194       20.25080       27.99824    
  -92.47780       16.25720       8.760831    
  -92.45740       16.25690       153.1839    
  -92.28400       16.15710       6.853442    
  -93.51940       17.92010       3.459607    
  -92.45320       16.21800       56.75423    
  -92.38780       16.17810       246.6271    
  -81.31640       22.79100       3.172403    
  -78.35200       21.64890       7.623914    
  -94.70310       16.46820       20.89165    
  -101.0324       19.98330       50.72271    
  -92.41240       16.21730       57.01698    
  -92.30640       16.17690       8.129419    
  -92.28610       16.17660       10.18150    
  -77.68520       20.85730       3.375200    
  -96.78780       39.27680       8.484589    
  -78.29340       21.66900       9.040360    
  -93.51690       17.90030       10.27614    
  -78.29290       21.64860       7.853177    
  -92.16520       18.64900       92.61169    
  -84.72040       34.57710       29.76024    
  -90.67600       29.69580       235.1702    
  -102.2042       17.92530       23.61178    
  -77.92550       21.10020       7.468776    
  -109.6423       30.50830       342.7816    
  -98.64710       19.03790       105.9860    
  -70.34600       18.92870       142.3235    
  -92.32890       16.19670       17.08551    
  -80.55250       26.57650       15.71951    
  -80.48550       26.48970       11.04970    
  -80.46480       26.48950       77.39505    
  -81.02060       26.77480       10.76030    
  -80.85810       26.49270       4.998672    
  -81.09670       26.99220       60.01515    
  -80.35860       26.81270       125.2142    
  -81.18410       26.73300       40.27738    
  -80.85940       26.51420       4.367261    
  -80.75460       26.49180       30.40850    
  -80.69630       26.55600       10.58929    
  -80.49180       26.96540       99.06412    
  -80.50270       26.79220       122.7441    
  -80.99840       26.75300       61.92725    
  -80.48800       26.53280       4.485650    
  -82.95450       30.09650       16.85641    
  -81.14940       26.84090       26.70343    
  -81.14800       26.81920       14.69346    
  -97.28320       27.89130       13.36369    
  -80.89320       26.73050       53.17098    
  -80.35190       25.54630       15.58601    
  -80.70330       22.93080       55.17772    
  -98.78400       21.98670       3.183365    
  -78.54000       22.01620       130.1669    
  -96.32100       19.04640       32.59886    
  -80.99980       26.77460       7.366464    
  -96.50670       19.39070       42.44272    
  -80.75150       33.43070       15.67567    
  -80.60140       26.70640       20.98127    
  -80.60020       26.68480       32.19320    
  -80.57940       26.68470       16.29830    
  -99.92170       33.89330       151.6841    
  -108.2550       31.16000       423.1483    
  -79.89480       33.01630       17.21237    
  -98.85190       22.81700       7.225524    
  -96.52840       19.39120       67.52702    
  -79.63160       33.80560       18.68920    
  -103.5465       19.30360       42.14262    
  -84.73810       32.81620       82.65571    
  -81.93780       22.79600       24.83025    
  -96.34200       19.30700       39.51732    
  -82.26980       33.54430       295.5703    
  -84.53810       31.01140       19.25666    
  -99.10550       23.03250       111.9319    
  -93.92850       18.02610       2.828196    
  -82.38290       28.74080       95.50153    
  -82.72860       22.90620       3.985783    
  -78.17470       20.87910       6.727537    
  -86.97940       30.86990       120.2244    
  -86.85420       30.77550       75.25295    
  -78.48410       21.44640       3.367526    
  -71.20930       18.43170       58.00879    
  -93.16400       17.89420       116.1575    
  -90.62560       19.49980       4.301489    
  -79.14440       35.12160       3.841085    
  -86.82190       30.70600       336.2369    
  -101.9239       20.37290       143.4705    
  -102.1201       20.21570       47.11937    
  -80.70430       27.73040       12.72031    
  -98.99490       18.64600       44.87310    
  -83.75240       33.25340       48.78138    
  -85.55200       30.47690       108.1143    
  -82.66040       30.43450       79.28508    
  -107.0022       28.17320       103.8999    
  -80.57700       26.64140       7.932104    
  -72.22310       18.68460       6.735053    
  -99.11320       18.68870       85.13135    
  -85.04780       30.12650       202.4258    
  -80.47330       26.64060       12.25552    
  -101.8153       31.75100       44.95130    
  -86.69360       31.04880       47.51970    
  -78.02200       21.04000       63.32300    
  -94.16040       16.43960       4.702698    
  -86.85090       30.75240       239.2348    
  -84.93800       30.48960       104.5791    
  -85.02580       30.12620       854.9146    
  -82.84590       32.78740       486.5759    
  -83.25700       32.65090       21.85373    
  -85.04500       30.10380       557.0322    
  -80.39290       26.68320       14.25279    
  -80.37220       26.68300       76.97730    
  -79.14300       35.09690       3.994553    
  -85.87420       30.41380       185.5034    
  -80.74020       26.59960       13.87789    
  -80.71950       26.59940       15.23280    
  -81.21510       22.76960       80.53561    
  -82.63860       30.43420       81.61441    
  -85.02860       30.14900       495.9725    
  -81.23520       22.76980       8.739784    
  -81.23400       22.74920       8.576669    
  -81.21400       22.74910       269.3198    
  -103.5370       19.36390       89.86086    
  -80.50880       33.78940       113.1800    
  -84.11660       32.71120       38.49953    
  -82.57480       32.31110       18.79494    
  -86.25970       30.97150       96.54224    
  -80.88800       26.64400       7.445390    
  -80.65360       26.53410       15.75897    
  -80.63290       26.53400       90.67319    
  -80.65230       26.51260       13.07547    
  -80.63160       26.51240       67.29345    
  -101.9147       20.23030       59.36427    
  -101.4552       19.06640       118.5007    
  -78.36580       34.62370       59.64449    
  -82.41720       33.21050       33.95513    
  -86.27700       31.41130       4.538268    
  -86.69700       31.07190       42.80276    
  -85.91950       30.91920       65.59106    
  -85.55500       30.49980       165.0733    
  -108.2776       30.67170       410.1702    
  -106.9930       28.15040       231.7978    
  -80.55040       26.90080       14.23306    
  -102.2370       20.21890       45.67909    
  -82.43780       32.73460       16.83878    
  -82.38470       28.76310       66.31388    
  -107.0294       28.17440       135.1964    
  -107.0202       28.15160       91.88142    
  -75.88500       35.67830       66.23344    
  -84.65440       33.22010       135.3434    
  -81.96380       32.68130       24.56941    
  -82.93520       31.91690       84.60584    
  -91.57590       14.73630       120.0772    
  -81.23570       33.58010       9.064844    
  -81.69970       32.46540       3.433298    
  -81.67750       32.46510       4.558000    
  -84.67480       32.31840       265.4312    
  -108.2666       30.64800       203.0429    
  -78.86810       33.82390       44.14917    
  -85.79430       31.47210       26.64542    
  -83.85760       31.23200       5.582249    
  -85.95880       30.55250       153.5123    
  -108.2379       30.64650       149.3239    
  -82.20360       33.32750       54.92652    
  -82.50490       32.73550       19.52189    
  -81.36520       32.17910       34.61071    
  -82.28850       31.14180       56.82105    
  -86.75840       30.72770       244.3585    
  -104.6178       29.08200       302.5963    
  -98.92370       28.10070       14.57508    
  -106.4834       39.89170       90.99111    
  -83.18380       33.62910       136.3678    
  -82.63220       33.33310       17.02383    
  -98.80800       23.12840       50.64903    
  -101.8078       20.16640       57.44195    
  -82.86560       32.97790       52.95582    
  -82.66620       32.33580       71.99378    
  -86.25640       30.94840       49.06686    
  -85.02310       30.10340       464.1192    
  -80.50390       26.81380       11.36540    
  -80.52340       26.79230       20.71818    
  -82.86810       33.00180       447.9510    
  -82.30230       31.53580       32.17411    
  -85.05050       30.14930       304.7234    
  -107.4213       30.19060       132.0627    
  -82.63690       29.21270       93.26009    
  -99.19780       22.12180       4.156790    
  -102.2372       20.01590       77.05194    
  -97.27480       18.28940       122.8421    
  -106.0573       39.94800       74.92247    
  -82.91090       33.40880       49.58361    
  -81.07240       32.95610       40.38808    
  -86.34500       30.62820       30.65251    
  -85.00670       30.14860       190.6790    
  -85.00390       30.12580       371.5549    
  -69.64460       19.05110       13.41752    
  -72.21850       18.92160       4.737777    
  -83.18650       33.65320       42.15864    
  -82.39470       33.21020       10.26043    
  -81.13450       33.17140       18.88658    
  -81.42200       32.06240       95.52182    
  -81.35670       26.19580       72.64514    
  -103.6993       20.62800       102.2758    
  -69.05560       18.75770       25.68646    
  -99.46210       18.89680       84.47446    
  -81.50790       33.34300       99.02544    
  -81.39980       32.06220       99.41241    
  -81.82260       29.74350       73.32087    
  -98.38960       22.03810       10.89039    
  -102.3868       20.06060       66.92378    
  -104.9478       40.12890       38.95780    
  -106.3560       39.88400       112.4574    
  -84.31460       30.98490       14.37156    
  -81.84410       29.74370       153.1694    
  -112.5024       30.75250       438.4173    
  -90.36440       19.71560       32.45057    
  -96.26020       18.66610       7.892641    
  -82.20130       33.30350       109.8222    
  -87.71360       31.69580       49.12729    
  -87.69090       31.69540       46.38469    
  -108.2323       31.11210       33.73489    
  -80.77800       33.19150       17.21298    
  -81.80120       33.10730       19.58357    
  -82.63490       29.19030       168.0238    
  -82.18110       33.32720       70.34663    
  -82.30550       32.28410       21.64986    
  -81.90250       30.19770       312.1988    
  -81.88090       30.19750       93.20869    
  -85.00120       30.10310       132.1590    
  -112.3514       30.69760       473.3322    
  -107.3932       30.18920       310.0356    
  -107.4108       30.16700       198.3423    
  -78.53030       26.62820       105.1731    
  -101.8403       20.20790       98.26891    
  -99.31800       16.83030       53.22098    
  -81.83530       32.98850       10.25605    
  -83.10510       32.69610       31.29202    
  -82.22750       32.40090       16.59206    
  -85.04050       30.78920       10.11664    
  -112.3383       30.67360       301.9869    
  -104.6442       29.08310       306.1304    
  -104.6091       29.05900       269.3265    
  -83.37840       22.41870       30.73813    
  -101.7640       21.18550       39.30029    
  -120.6737       42.65210       287.6336    
  -106.2944       39.93490       84.21518    
  -81.83310       32.96470       64.66632    
  -82.15200       32.30570       17.51727    
  -83.16690       30.71560       125.0695    
  -81.43500       33.79930       23.46944    
  -85.03560       32.84510       48.25335    
  -97.26010       37.60200       42.29704    
  -80.80590       33.26360       15.91358    
  -81.33080       32.84000       99.18852    
  -81.94150       32.68100       34.12019    
  -81.90070       30.17490       429.5942    
  -83.43740       29.71770       95.59874    
  -80.48430       26.46810       14.78993    
  -78.20670       21.36420       7.699709    
  -82.15420       32.32930       10.42943    
  -78.50970       26.62810       114.3305    
  -79.31870       21.67350       23.22272    
  -88.68280       18.99270       29.61341    
  -69.67890       18.65550       14.37156    
  -104.1262       41.61600       25.08711    
  -76.22730       35.52920       51.50473    
  -81.00730       32.97920       95.37863    
  -84.71980       32.31920       63.57681    
  -107.9437       30.79460       157.7957    
  -81.95120       29.20500       21.07499    
  -98.50120       35.03730       100.9906    
  -81.51000       33.36700       41.02974    
  -81.35500       30.10100       75.50326    
  -107.9392       30.72470       244.4047    
  -83.41570       29.71740       130.3345    
  -107.2674       28.36430       64.25896    
  -78.44230       22.05660       7.362079    
  -94.31040       16.48110       35.19045    
  -98.47500       35.03620       144.0368    
  -83.02610       30.16560       76.36108    
  -112.4845       30.77480       117.6553    
  -96.37020       18.54890       31.76559    
  -96.34870       18.54850       42.21435    
  -97.29210       16.45610       77.78654    
  -92.66230       15.32930       20.23978    
  -98.51020       35.06250       92.21239    
  -98.48390       35.06140       108.8078    
  -85.30120       30.93160       27.12282    
  -99.46010       24.24020       46.70940    
  -83.01650       22.70290       5.880016    
  -104.0444       20.57700       78.34370    
  -80.69380       32.66740       40.51147    
  -108.2664       31.18400       179.1448    
  -102.2348       22.98030       38.87218    
  -69.50790       18.57750       3.791756    
  -79.46050       33.20360       40.16336    
  -84.46110       32.22080       67.00152    
  -78.55090       26.62830       251.1900    
  -99.01160       22.71750       208.3454    
  -99.00690       22.69660       243.9391    
  -92.75780       15.27270       20.97138    
  -79.86790       32.94460       45.69111    
  -82.41910       30.40870       127.6114    
  -83.23300       30.28210       58.41146    
  -84.56730       29.93740       22.89028    
  -112.9724       30.77830       425.0999    
  -106.2653       30.15920       425.6822    
  -106.8973       28.64010       66.99885    
  -99.12720       23.91360       27.57014    
  -96.57120       16.16920       170.2043    
  -106.2752       30.18260       364.2611    
  -106.2378       30.15790       344.3155    
  -102.2885       20.03760       90.78515    
  -98.99390       19.70920       62.67496    
  -80.14310       33.71350       40.44187    
  -83.83180       33.35040       17.53481    
  -83.41520       32.86670       25.34397    
  -82.50720       32.75920       15.72853    
  -83.15990       31.08360       25.35070    
  -112.9409       30.77650       952.1712    
  -111.8980       30.57990       321.2623    
  -81.83380       22.73340       7.471699    
  -100.8411       20.26210       4.327798    
  -101.0437       20.24720       104.8377    
  -79.80410       35.05290       18.16492    
  -81.87480       29.85710       51.72932    
  -101.1621       26.52830       100.9061    
  -77.87420       21.42390       52.65067    
  -102.1064       21.15440       66.18545    
  -102.1715       20.23740       84.77337    
  -72.31330       19.00050       6.938946    
  -98.67650       19.19890       54.46560    
  -94.11580       16.24390       36.86007    
  -75.86300       35.75330       143.8310    
  -78.57760       34.77230       18.13408    
  -83.09060       31.26750       89.49846    
  -81.06480       26.81850       69.11304    
  -98.98870       22.71690       11.43117    
  -78.44290       22.07700       11.99681    
  -98.15330       21.21070       4.604040    
  -97.90740       19.32160       29.79629    
  -82.07990       32.73010       30.39822    
  -112.7572       30.88320       106.7557    
  -78.42320       22.07690       14.11467    
  -101.8914       20.22970       135.5693    
  -83.11990       33.45980       63.09642    
  -81.98970       33.20510       38.87248    
  -83.25470       30.28240       301.6382    
  -112.2799       31.11450       142.3409    
  -112.4401       30.74900       357.1928    
  -111.8187       30.59890       881.6864    
  -101.7256       19.90060       156.2856    
  -101.7025       19.89990       177.3727    
  -81.48540       33.34280       6.031292    
  -108.2202       31.20510       642.8089    
  -108.2088       31.18110       188.7303    
  -113.0448       30.85240       558.7263    
  -82.61540       29.21250       123.6128    
  -102.2698       20.26050       98.20699    
  -75.86270       35.72830       124.6235    
  -87.38620       32.89060       44.65763    
  -81.53600       32.36920       24.09958    
  -84.14210       31.98110       17.76399    
  -82.39930       30.43130       334.8105    
  -82.39730       30.40840       338.2657    
  -92.20440       30.18950       4.222562    
  -102.1114       21.17500       45.38094    
  -96.16180       18.58440       4.327798    
  -82.65280       31.51690       29.42161    
  -112.8267       31.16830       138.4411    
  -112.8129       31.14400       166.6873    
  -112.9407       30.61330       326.2791    
  -106.8879       28.61710       557.4822    
  -79.27700       21.61230       3.038666    
  -85.35720       33.85800       37.09381    
  -80.79460       33.40720       22.61913    
  -82.65060       31.49360       22.88348    
  -86.70250       30.95670       36.11888    
  -82.01540       29.99450       92.22563    
  -103.8297       20.67280       35.17276    
  -100.8917       19.85810       180.8384    
  -96.29600       18.34860       3.775313    
  -81.11810       32.41180       70.74075    
  -113.0764       30.85410       476.5820    
  -91.26520       29.71040       4.446187    
  -112.3396       30.51070       291.7907    
  -106.8228       28.45670       63.35994    
  -96.23780       18.24820       52.12881    
  -87.43210       32.89160       58.99646    
  -82.61350       29.19000       208.9647    
  -107.1394       28.31370       302.0761    
  -101.7914       21.10430       61.87787    
  -86.75000       31.28110       23.32217    
  -107.9327       30.77090       134.9070    
  -112.2777       30.50740       142.1395    
  -112.2468       30.50570       366.2353    
  -81.91110       30.56280       50.34958    
  -102.2418       20.03630       109.3430    
  -99.59830       19.26110       8.466435    
  -85.57450       32.97370       132.2799    
  -86.72490       30.95710       202.9876    
  -81.89130       23.02250       3.314909    
  -96.22620       19.12440       22.94516    
  -97.06430       39.99510       5.046905    
  -82.02660       27.72090       18.56584    
  -112.2338       30.48180       441.8296    
  -110.0976       27.42150       10.65177    
  -71.55750       19.14150       167.5038    
  -83.09840       31.77890       17.08551    
  -112.9588       30.75420       458.8148    
  -106.9886       28.66670       48.34192    
  -80.93970       26.47180       103.3024    
  -109.2719       44.50610       51.03043    
  -82.32220       33.61720       38.93139    
  -82.39940       33.25810       26.21422    
  -83.15970       31.94330       34.92660    
  -82.63650       30.41130       125.4636    
  -107.1540       28.74180       233.0101    
  -96.09720       18.44390       18.87424    
  -109.2352       44.50350       39.55715    
  -82.89400       31.05700       17.28014    
  -112.8422       30.81780       154.3448    
  -112.4712       30.75070       328.5845    
  -111.8366       30.57660       171.9923    
  -104.2028       29.42710       67.33708    
  -82.01440       22.73490       9.668484    
  -98.99460       22.94600       192.4892    
  -98.97170       22.94530       118.7865    
  -82.34120       29.00790       24.27325    
  -101.9100       20.31150       3.827930    
  -102.3307       20.01850       125.0695    
  -92.48230       17.88280       2.867659    
  -100.3280       34.42420       168.3855    
  -99.41230       22.87450       93.84120    
  -103.7524       20.65000       160.5409    
  -122.6780       43.88780       249.5479    
  -95.83570       17.98260       4.472497    
  -92.53690       15.09580       28.80481    
  -109.1202       33.88300       136.6305    
  -96.13390       18.40490       4.972363    
  -100.3015       34.42300       146.3101    
  -81.12000       32.43540       16.60249    
  -101.9390       32.96680       82.13245    
  -83.33750       31.52600       26.09086    
  -86.17440       30.35060       44.72116    
  -111.9366       30.65180       311.8582    
  -98.37720       24.03930       22.94516    
  -101.1584       19.82470       31.10916    
  -120.0526       37.95520       449.4703    
  -103.4420       33.27590       564.0624    
  -114.8659       32.21000       284.9255    
  -111.9803       30.67750       306.6788    
  -99.10740       22.63710       53.70509    
  -96.71490       18.95490       42.91792    
  -78.20980       18.25270       116.9242    
  -83.48500       31.04190       14.24820    
  -96.23300       18.76520       3.959474    
  -92.29500       14.89980       4.097595    
  -103.4146       33.27460       166.9620    
  -111.8494       30.60060       557.4207    
  -94.14840       16.34190       151.9358    
  -82.37760       30.43100       92.12505    
  -108.1696       31.03890       92.86281    
  -103.4250       33.29920       470.6105    
  -108.5439       31.29170       257.6273    
  -82.01560       22.75550       4.859033    
  -102.6263       19.78340       95.33897    
  -107.9502       30.74850       246.1718    
  -112.9273       30.75250       531.0973    
  -112.9811       30.68540       157.5012    
  -99.36850       22.58210       23.93204    
  -72.02280       19.06070       5.260445    
  -98.74150       18.46070       87.23335    
  -94.14600       16.32230       53.55627    
  -85.24700       31.71860       77.51156    
  -80.64630       22.17060       3.084707    
  -112.2143       30.66680       125.5232    
  -97.48990       20.52240       5.833977    
  -70.15330       18.33780       46.73824    
  -106.8700       28.63880       149.4092    
  -97.46790       20.52180       13.27515    
  -72.38820       19.11910       5.590621    
  -98.47180       18.67400       51.12627    
  -70.17260       18.33770       2.578263    
  -81.75680       39.86870       123.8551    
  -106.9152       28.61830       57.06286    
  -99.13500       22.65860       3.946320    
  -99.31320       22.53900       36.42235    
  -69.37020       18.63740       94.69548    
  -96.23790       18.38720       54.06602    
  -106.9698       28.62080       126.2062    
  -99.28360       18.89260       28.34073    
  -108.2899       31.11500       452.6555    
  -98.70880       18.40020       171.3137    
  -108.2611       31.11360       548.6462    
  -106.8607       28.61590       567.4137    
  -99.03800       22.22070       108.2534    
  -96.37650       18.58880       110.3554    
  -96.29290       18.32870       29.05153    
  -101.0715       34.30990       29.53943    
  -105.2016       23.58410       35.70418    
  -72.05630       19.29850       2.907122    
  -98.55290       18.63590       37.52387    
  -95.85590       18.39930       5.064444    
  -94.37350       18.07360       2.920277    
  -112.2354       31.08860       97.98124    
  -101.5803       20.99590       107.8593    
  -98.46450       21.75180       5.130216    
  -93.32850       16.01740       105.2318    
  -98.06080       36.55340       4.748738    
  -99.04260       18.90700       82.89795    
  -95.49000       18.65050       2.999203    
  -92.49440       15.07590       26.90280    
  -98.15010       22.07300       26.17743    
  -98.34010       22.01610       6.550891    
  -98.84380       21.84410       2.828196    
  -99.01650       21.80750       179.1047    
  -107.0528       28.69210       53.11972    
  -96.64450       18.65420       28.14290    
  -96.18290       18.44560       3.959474    
  -92.55320       15.05750       22.54423    
  -96.42210       18.47040       69.62903    
  -96.17350       18.24690       31.89529    
  -106.2906       30.09130       168.1179    
  -96.20430       18.44610       3.288600    
  -96.03350       18.02610       13.56972    
  -96.63700       18.87330       89.94002    
  -96.44420       18.61020       40.45542    
  -95.89280       18.22140       76.19780    
  -101.6730       20.18300       5.898433    
  -72.40750       19.11900       3.933166    
  -70.36530       18.92860       18.74411    
  -96.29910       18.36850       21.09474    
  -81.78340       22.89780       3.012357    
  -98.41940       21.75060       4.130482    
  -72.02320       19.04090       3.683232    
  -72.12090       18.98130       78.82532    
  -95.77980       18.31840       114.5594    
  -101.8896       19.27890       91.96288    
  -96.74830       18.89570       65.68776    
  -96.35110       18.29020       93.01388    
  -96.18630       17.91030       16.09862    
  -96.57220       18.87200       65.16225    
  -96.43150       18.53030       59.10009    
  -96.12460       18.34510       3.814776    
  -96.01780       18.20410       59.11899    
  -98.27680       22.03510       5.445922    
  -96.48380       18.98990       34.94410    
  -96.75490       18.93580       79.35082    
  -96.18950       18.62480       48.19471    
