  -94.14570       37.63460       2158.886    
  -119.6293       38.93600       5905.032    
  -97.51920       37.58700       115.8840    
  -119.6434       38.91020       7273.113    
  -119.6013       38.90700       17394.04    
  -119.5593       38.90370       14996.41    
  -119.6575       38.88440       7320.119    
  -119.6154       38.88120       50661.28    
  -119.5734       38.87790       28674.45    
  -119.6295       38.85540       69796.80    
  -119.5875       38.85210       42701.48    
  -119.5455       38.84890       85380.22    
  -112.7769       35.66570       8414.097    
  -98.20890       37.72130       181.5516    
  -119.5872       38.93280       11953.94    
  -111.9943       46.61320       298.1664    
  -119.8326       47.03410       398.0772    
  -103.4721       41.80500       2712.412    
  -123.8263       41.37630       3710.557    
  -97.70520       37.51690       108.6804    
  -119.5597       38.82310       58614.06    
  -97.73300       36.94930       418.1220    
  -97.40990       36.78170       153.4680    
  -97.40060       36.75560       477.6300    
  -106.5964       36.87540       1009.111    
  -97.96790       36.37110       1536.511    
  -120.0075       46.88950       3843.691    
  -113.1678       44.37540       1851.056    
  -97.72350       36.92320       562.4677    
  -100.8844       50.35920       160.0452    
  -120.7593       50.84680       11962.43    
  -99.40760       44.51800       640.3026    
  -114.0739       44.26570       1494.300    
  -98.01080       37.27070       221.1192    
  -97.98390       37.26960       189.6426    
  -107.3673       33.35040       1335.288    
  -110.0576       27.33080       173.5128    
  -111.5665       45.85100       1457.605    
  -119.0796       45.94890       5004.641    
  -97.61670       36.91860       123.4008    
  -97.55850       36.68550       743.7457    
  -124.1992       51.49040       10088.07    
  -97.92500       37.11200       613.7467    
  -97.58510       36.68660       1110.294    
  -97.57570       36.66060       589.4424    
  -97.54910       36.65950       486.3996    
  -108.8951       46.02520       2650.190    
  -112.3068       48.07290       1119.061    
  -112.4209       46.58360       3375.874    
  -98.10050       37.50810       105.8616    
  -97.90130       36.11470       207.1818    
  -116.4105       44.60740       1808.245    
  -112.4014       40.41850       2875.715    
  -118.2273       44.45780       1830.670    
  -120.7376       43.59660       1902.021    
  -114.3504       50.05900       2850.926    
  -114.2444       48.63950       6656.936    
  -117.5194       43.94660       1853.095    
  -97.08940       38.43500       806.1768    
  -97.07940       38.40810       3051.796    
  -97.74920       37.20770       793.0875    
  -114.6676       37.12140       24118.83    
  -114.6317       37.11890       14801.23    
  -119.9792       46.44030       6465.156    
  -121.8607       38.01520       1996.823    
  -114.6522       37.14630       39133.80    
  -106.3126       44.72550       1612.539    
  -108.5687       42.41400       1168.122    
  -120.9162       40.59800       5138.589    
  -106.1926       38.92680       909.2191    
  -97.93480       37.13820       600.7176    
  -97.89810       37.11090       938.0341    
  -114.2990       48.30860       386.6454    
  -110.2749       45.87690       1649.234    
  -104.7113       39.21720       772.6324    
  -114.6164       37.14390       34713.27    
  -112.6338       35.25400       2575.105    
  -116.3672       44.60370       2228.198    
  -116.0088       44.48300       3266.707    
  -105.9386       42.50130       2125.062    
  -120.0384       43.50630       4353.655    
  -121.4168       43.03700       4574.853    
  -114.6728       37.17370       13198.68    
  -114.6882       37.14880       30052.42    
  -112.4840       48.05440       1235.396    
  -112.3139       48.04030       1535.072    
  -97.81260       37.23630       153.3427    
  -114.6369       37.17120       20274.68    
  -118.5701       47.07960       1877.558    
  -116.0516       44.48650       3619.769    
  -121.4960       42.81020       5398.268    
  -112.4827       40.47960       1904.060    
  -121.3903       38.35020       29586.22    
  -121.3612       38.24150       4782.575    
  -121.3175       38.23810       759.5100    
  -114.8689       32.66580       363.9776    
  -115.0690       32.17440       184.4748    
  -113.2750       44.53530       1755.241    
  -124.3752       42.88980       8316.394    
  -121.6241       41.35780       5641.363    
  -114.7414       39.51630       2684.684    
  -114.1514       39.04130       3401.161    
  -121.4636       38.38260       29459.92    
  -121.4196       38.37920       80147.87    
  -121.3757       38.37570       13157.90    
  -121.4342       38.35370       4930.081    
  -121.4049       38.32470       8337.907    
  -121.3611       38.32130       7013.665    
  -121.3028       38.26350       19913.73    
  -121.2739       38.23470       8285.006    
  -114.6575       37.19860       38759.26    
  -114.6010       37.16880       12369.45    
  -113.1187       35.25930       1871.271    
  -69.20170       18.50040       214.1244    
  -117.8749       47.43800       2074.284    
  -119.0061       47.15160       5365.153    
  -118.5139       43.70230       2010.068    
  -114.5170       39.50010       1824.554    
  -98.32320       36.97470       3180.229    
  -114.6216       37.19620       43163.71    
  -110.2852       45.84630       1712.431    
  -119.9830       45.43800       6414.582    
  -117.0979       44.27150       311.9472    
  -119.5177       38.81990       7579.544    
  -114.8202       32.59070       435.5046    
  -120.2057       48.51320       2794.932    
  -113.4394       45.68710       1612.539    
  -117.3054       44.04840       238.0320    
  -98.33310       37.00080       1640.169    
  -112.3576       48.68050       1408.678    
  -113.0694       47.37910       4068.657    
  -118.9125       47.11080       8762.100    
  -113.6122       39.54420       5563.238    
  -98.29630       36.97350       492.6636    
  -119.0654       45.79120       478.5696    
  -119.1119       44.65550       4737.216    
  -113.6297       39.30130       1496.338    
  -122.1723       39.48970       336.0636    
  -108.5173       30.82320       15617.10    
  -108.4885       30.82170       7058.340    
  -108.5060       30.79930       6566.357    
  -108.4772       30.79790       6432.827    
  -120.1058       48.40340       3814.236    
  -119.9702       48.09150       4523.671    
  -113.1180       46.83270       3234.903    
  -115.8287       44.49840       2893.904    
  -119.6290       44.70080       3167.277    
  -119.8513       43.78710       2562.530    
  -119.8522       43.49030       4676.070    
  -122.6714       42.62190       6523.224    
  -109.8786       39.97050       1494.300    
  -99.13830       37.89390       221.2758    
  -77.05490       17.95530       963.2015    
  -116.9238       44.83320       2409.635    
  -97.94140       36.37000       604.4760    
  -117.8571       43.88530       1950.948    
  -99.12750       37.86730       1251.705    
  -97.89610       35.73620       315.0792    
  -97.99450       36.37230       467.9208    
  -114.6423       37.22360       37193.68    
  -100.1061       22.00250       645.8087    
  -97.64880       37.43650       215.2728    
  -114.6782       37.22600       10839.89    
  -113.7785       44.51440       1873.481    
  -113.0959       47.64310       4579.628    
  -114.9026       32.66790       3552.043    
  -115.7444       47.41150       6528.870    
  -113.6582       49.20020       3885.837    
  -115.0206       47.84010       3801.234    
  -121.2490       40.29250       5429.652    
  -114.9189       32.69290       4591.779    
  -113.5730       49.15860       3472.809    
  -98.01290       37.06420       174.1392    
  -111.4404       31.44450       2322.758    
  -114.5857       37.19370       12831.76    
  -114.6063       37.22110       17831.41    
  -114.6270       37.24860       36824.07    
  -101.9423       32.22830       760.4007    
  -114.5910       37.24610       38564.74    
  -97.81050       22.27050       150.8570    
  -118.4378       35.84160       2630.631    
  -92.48230       17.88280       312.7345    
  -93.18470       17.89460       548.1782    
  -93.11510       17.83420       633.6514    
  -114.6117       37.27350       52427.66    
  -97.39800       36.60210       2739.770    
  -97.40720       36.62800       992.3610    
  -99.22200       29.05060       1344.564    
  -108.5435       33.29200       11734.33    
  -99.21530       29.02790       1060.055    
  -93.11760       17.85400       319.6988    
  -97.42450       36.60320       860.1998    
  -76.74030       37.64290       2715.649    
  -88.62320       17.96380       95.52600    
  -97.85240       38.25670       1599.288    
  -97.82500       38.25550       2169.079    
  -76.73960       37.61690       2704.606    
  -80.98030       28.10650       1339.510    
  -80.93180       26.34260       574.7504    
  -79.79250       22.65730       84.17250    
  -81.01960       28.06280       3643.052    
  -92.48470       17.90260       455.1187    
  -119.6016       38.82640       6116.089    
  -81.00140       28.10670       1904.004    
  -115.0249       32.50700       215.6382    
  -79.81250       22.65740       126.0630    
  -76.71660       37.64280       3270.720    
  -77.58210       21.54470       134.2375    
  -81.09160       28.19580       1974.866    
  -97.71200       36.38580       120.7386    
  -80.99990       28.08470       4171.979    
  -114.5958       37.11650       7006.027    
  -97.72620       38.83520       1472.283    
  -80.99850       28.06260       5488.431    
  -108.5525       33.36510       7506.483    
  -97.53780       38.90700       1467.010    
  -97.73690       38.86240       1575.791    
  -81.02100       28.08480       5234.000    
  -82.34680       27.24350       311.3398    
  -108.5137       33.29040       19089.17    
  -74.99020       20.23070       541.8653    
  -69.63280       18.85320       1499.323    
  -97.52850       38.32170       203.0580    
  -108.5395       33.34020       5692.301    
  -108.5564       33.31690       5192.718    
  -97.42770       37.19410       371.5988    
  -114.9665       32.21600       2790.048    
  -82.87420       22.68090       360.7821    
  -97.41820       37.16780       165.6828    
  -109.6423       30.50830       2607.913    
  -80.86790       27.66610       1360.749    
  -82.11680       27.52480       973.2752    
  -97.52720       38.87980       335.1240    
  -98.90160       35.77870       201.8574    
  -98.87500       35.77760       495.6390    
  -108.5266       33.31530       12445.84    
  -97.44480       38.87610       1464.178    
  -107.9727       25.11870       133.0056    
  -98.13300       37.17260       741.8142    
  -98.15000       37.14750       296.2872    
  -98.12310       37.14640       657.6417    
  -114.6629       37.25100       8903.288    
  -114.7241       37.15120       4685.304    
  -108.4839       33.28880       18719.02    
  -98.15990       37.17380       1260.045    
  -98.10600       37.17150       2646.388    
  -97.81510       36.67070       261.3654    
  -97.80560       36.64470       5992.828    
  -97.77900       36.64360       372.3948    
  -97.79620       36.61880       417.7044    
  -115.0575       32.55700       643.2083    
  -83.85090       41.23250       267.3162    
  -97.46950       36.65620       249.6204    
  -97.83230       36.64580       211.4100    
  -97.46020       36.63020       822.3849    
  -97.43370       36.62910       696.0870    
  -97.76960       36.61760       366.4440    
  -97.45100       36.60430       514.5876    
  -99.78500       36.01930       1072.308    
  -99.75800       36.01810       1044.163    
  -99.77500       35.99360       1473.914    
  -99.74790       35.99240       2264.893    
  -108.2486       25.43240       175.8226    
  -83.82530       41.23200       205.4592    
  -83.84650       41.20430       382.4172    
  -83.82090       41.20380       254.3184    
  -98.11160       37.32690       3437.093    
  -114.7088       37.17610       9468.041    
  -97.97730       36.39700       743.6935    
  -115.0237       32.55500       399.6432    
  -115.0412       32.53200       7560.946    
  -114.6477       37.27600       10170.82    
  -114.7035       37.12380       30257.40    
  -99.24650       29.05150       933.6824    
  -86.00170       15.65620       76.73400    
  -97.63670       37.33230       229.5756    
  -97.60980       37.33110       1634.964    
  -115.0775       32.43820       266.2200    
  -115.0438       32.43620       258.7032    
  -87.05550       15.43500       1128.583    
  -108.4420       26.68380       3463.034    
  -108.4330       26.66140       1640.374    
  -103.1092       41.64170       204.8328    
  -108.5824       33.36670       6092.905    
  -97.97140       37.16560       486.7128    
  -97.44300       36.65510       192.3048    
  -111.0327       28.76790       1814.374    
  -107.5734       24.88740       302.6426    
  -71.39410       17.95960       368.9881    
  -97.40250       38.34270       2945.789    
  -97.39230       38.31580       365.8176    
  -108.5694       33.34180       5252.962    
  -114.7841       32.68480       3654.036    
  -114.7679       32.65970       2621.465    
  -108.4784       26.70730       1902.303    
  -97.98680       36.42280       5908.833    
  -97.96020       36.42170       233.0208    
  -97.95080       36.39580       1156.961    
  -108.2765       25.71530       140.9400    
  -108.2494       25.71420       119.3292    
  -87.23500       37.60590       549.2505    
  -108.7560       26.39020       2334.874    
  -108.2300       25.45320       299.0747    
  -108.1864       25.40810       136.8684    
  -108.1781       25.38620       194.1840    
  -103.1403       41.64350       1537.110    
  -111.0440       28.79110       1626.826    
  -109.2705       33.45280       1255.907    
  -108.3883       26.54960       4058.635    
  -108.4068       26.52850       4348.037    
  -108.2030       25.45210       379.5941    
  -97.41520       36.57730       353.8116    
  -97.38880       36.57620       400.6872    
  -82.45640       31.77050       1544.757    
  -110.4548       28.33310       1518.763    
  -108.5151       37.34960       829.7135    
  -114.6935       37.20110       12024.18    
  -98.36950       35.68060       198.5688    
  -108.2918       25.82460       1463.125    
  -117.2429       35.96170       2073.271    
  -101.7973       31.35190       6638.275    
  -111.4204       28.67400       1272.801    
  -111.4388       28.65230       1500.388    
  -111.4091       28.65080       1373.951    
  -111.4274       28.62910       1306.518    
  -105.9676       40.10710       1051.922    
  -97.60720       36.89260       384.2964    
  -97.58060       36.89140       511.1424    
  -110.7042       28.07550       2060.927    
  -81.34390       26.95100       1274.130    
  -108.0263       25.12080       215.6948    
  -98.00820       37.19300       522.7308    
  -97.98120       37.19190       624.5208    
  -97.99830       37.16680       1047.341    
  -104.5378       37.33010       1490.222    
  -105.2356       35.75630       1090.655    
  -97.70080       37.07660       1293.497    
  -108.2383       25.47520       253.4832    
  -108.2570       25.45430       158.1660    
  -80.04450       22.49450       109.6200    
  -114.5652       37.16630       30304.54    
  -97.91980       36.16610       159.5754    
  -82.77610       30.27630       432.4980    
  -88.41050       17.15710       2421.985    
  -88.35850       16.78580       2584.523    
  -98.06040       35.54240       1658.068    
  -97.71790       37.05160       121.8348    
  -97.72920       36.36110       674.6851    
  -105.0209       35.89640       1351.597    
  -77.84340       21.78940       445.2138    
  -88.74650       17.35690       380.0561    
  -88.35680       16.76630       1450.180    
  -87.43090       15.76670       1393.539    
  -114.5551       37.24370       41899.61    
  -114.5704       37.21870       14540.28    
  -104.9917       35.89480       1280.246    
  -121.1774       35.96230       12591.34    
  -109.6609       29.84000       1900.773    
  -88.93370       19.47410       298.2384    
  -88.80990       18.85550       348.3847    
  -88.60510       15.72160       1154.793    
  -106.0055       38.27690       1480.029    
  -97.49900       36.81100       261.6786    
  -97.47240       36.80990       417.8715    
  -97.46310       36.78390       936.6559    
  -97.43650       36.78280       175.0788    
  -97.48030       36.75900       470.4264    
  -97.45370       36.75790       990.6516    
  -95.61350       36.12450       106.8012    
  -106.3749       39.96720       1100.848    
  -105.9748       38.27510       1818.438    
  -97.48960       36.78500       207.8082    
  -114.5758       37.27110       55317.51    
  -98.03410       35.54130       2656.306    
  -70.70980       19.66140       318.0330    
  -88.16010       19.40340       596.4769    
  -77.84290       21.76900       358.4399    
  -79.71120       22.61570       265.8677    
  -87.48720       20.75840       1243.138    
  -107.9711       38.68620       2191.579    
  -97.77600       37.20890       202.3272    
  -114.8404       32.47190       531.1873    
  -79.71200       22.63630       235.7222    
  -98.43040       21.58650       129.0384    
  -88.72660       17.35670       1244.351    
  -88.37830       16.78600       1902.387    
  -88.33860       16.78550       8605.491    
  -87.79510       15.40400       492.2254    
  -98.14010       37.12130       398.5470    
  -98.11320       37.12010       577.5408    
  -116.3455       32.61210       3836.667    
  -116.3282       32.58690       5626.457    
  -77.86310       21.78950       2679.012    
  -77.86260       21.76910       436.0748    
  -90.39030       17.94890       823.5059    
  -88.40880       17.13760       2479.003    
  -90.51850       16.85260       108.9936    
  -114.6324       37.30100       28609.30    
  -114.5965       37.29850       32889.43    
  -114.8930       32.40310       9329.662    
  -114.8594       32.40110       13501.46    
  -95.75860       29.06990       396.2466    
  -95.73510       29.06920       982.4827    
  -97.99560       28.35860       117.8676    
  -79.69130       22.61560       2771.476    
  -88.41220       17.17670       1516.265    
  -88.43040       17.15740       4806.921    
  -88.39060       17.15690       1200.872    
  -107.0526       39.76270       1325.095    
  -93.08260       44.67290       622.3284    
  -93.59160       44.26820       180.4032    
  -97.77280       38.67730       4191.791    
  -105.9441       38.27330       1568.709    
  -103.7625       36.79830       941.8369    
  -97.75570       36.36220       1786.840    
  -97.70270       36.36000       375.5268    
  -97.71990       36.33530       2975.009    
  -98.36030       35.65520       212.3496    
  -86.15740       15.36860       307.4759    
  -94.03350       44.89720       132.7342    
  -92.99310       44.03230       209.2176    
  -97.91060       36.14040       181.3428    
  -106.6686       36.52010       1249.667    
  -97.16950       34.73610       2539.763    
  -101.8407       31.47060       2640.009    
  -93.21800       44.49540       236.7792    
  -93.94680       43.92160       292.8420    
  -83.43140       22.31670       72.76680    
  -98.61740       21.40680       179.7768    
  -97.78340       38.70440       2603.302    
  -97.74530       38.67610       2596.456    
  -111.0327       36.70270       4623.388    
  -110.9998       36.70060       11223.41    
  -108.8000       36.23430       13230.06    
  -94.94450       32.86080       80.80560    
  -108.9040       32.92540       6721.292    
  -101.8494       31.49440       2306.777    
  -108.2258       31.74600       3973.247    
  -101.5168       27.06590       1612.908    
  -94.91600       44.41670       310.0680    
  -95.51670       32.73730       687.0110    
  -108.9232       26.20040       329.6430    
  -88.45650       19.34770       269.2064    
  -106.1451       38.84370       478.9214    
  -97.23920       37.10870       1606.423    
  -106.2306       37.50220       1286.362    
  -109.8971       36.83820       5289.291    
  -111.2834       28.68980       2185.257    
  -111.2721       28.66660       1441.384    
  -111.2792       28.62170       2306.426    
  -111.2526       28.50740       2515.574    
  -105.3557       43.78680       1753.203    
  -105.3355       43.75570       1752.183    
  -109.8815       36.86300       2697.327    
  -95.24040       32.70400       1258.523    
  -111.2947       28.71300       2015.971    
  -108.9666       25.76620       2621.544    
  -108.9391       25.76510       2029.931    
  -90.21080       18.53870       494.7482    
  -104.7586       38.20620       815.4432    
  -97.31860       36.59880       362.4768    
  -99.29740       35.92190       990.7634    
  -104.4616       35.61510       816.4625    
  -95.11580       32.86660       489.5280    
  -111.3130       28.69130       1555.178    
  -111.2934       28.53200       2322.231    
  -110.0106       27.35080       188.9165    
  -109.9822       27.34950       225.8563    
  -109.7421       27.11670       172.5732    
  -108.5006       25.81170       136.2420    
  -114.2584       39.91800       3278.939    
  -114.2348       39.88890       3700.396    
  -97.70840       36.15720       2566.607    
  -97.69920       36.13150       3780.089    
  -108.1869       36.58160       1007.072    
  -104.5855       35.87350       2410.737    
  -107.4950       30.17100       2263.226    
  -79.20380       21.77460       75.79441    
  -88.61980       17.27700       796.4855    
  -105.7121       39.08660       1153.852    
  -97.68200       36.15610       289.3968    
  -97.67280       36.13040       268.4124    
  -108.3240       25.63050       443.1988    
  -108.2113       25.47410       281.9844    
  -88.66890       18.85360       319.3527    
  -90.48830       18.10800       1046.271    
  -90.46800       18.10770       731.0801    
  -107.7300       40.05110       1510.608    
  -97.80030       38.67850       3685.124    
  -97.76230       38.65020       5487.933    
  -98.21670       37.25380       1127.350    
  -107.2001       37.42780       2996.562    
  -99.28760       35.89630       872.3389    
  -99.26080       35.89510       1092.694    
  -108.4968       33.31370       5293.553    
  -96.26290       31.25750       109.6200    
  -108.9321       26.22270       145.3248    
  -108.9508       26.20160       296.9136    
  -108.2969       25.62940       282.3137    
  -98.42530       22.10090       1048.588    
  -97.57910       20.64630       1096.962    
  -86.18830       37.47800       787.1609    
  -107.9766       30.56410       1361.307    
  -108.5637       26.38180       282.8196    
  -104.6378       37.41350       3864.764    
  -103.4247       36.85790       819.5204    
  -91.03320       36.06970       338.4126    
  -91.00850       36.06900       315.8622    
  -99.77100       32.68320       611.5824    
  -104.4735       27.77580       1963.991    
  -110.4221       28.01710       3350.587    
  -109.0253       26.11750       269.0388    
  -108.3324       25.65260       228.7702    
  -108.3053       25.65140       243.1998    
  -111.3644       38.82300       1769.512    
  -108.8541       35.80620       3274.724    
  -111.3088       28.62320       2096.750    
  -111.2496       28.62030       2908.056    
  -111.1018       28.61290       4627.602    
  -111.0723       28.61150       4421.089    
  -111.2679       28.59860       2419.166    
  -111.0612       28.58830       3978.558    
  -111.2567       28.57540       1997.708    
  -111.1090       28.56810       4341.011    
  -111.0795       28.56660       4286.222    
  -111.0684       28.54350       3658.250    
  -111.2638       28.53060       2450.775    
  -111.2343       28.52910       2608.821    
  -110.0004       27.70650       2646.753    
  -109.9903       27.68370       2676.255    
  -109.1608       26.45170       1867.410    
  -108.9977       26.11630       388.3680    
  -108.0952       25.44770       345.1923    
  -108.0531       25.12190       309.9114    
  -90.16000       19.89270       1548.417    
  -88.80810       17.37730       1105.955    
  -88.78820       17.37700       1074.186    
  -96.66350       38.36390       1734.855    
  -97.78360       36.43970       671.1876    
  -97.75710       36.43860       781.4340    
  -97.77430       36.41390       1016.647    
  -97.74780       36.41270       891.6805    
  -114.8769       32.37810       10047.55    
  -108.0809       25.33890       294.5959    
  -108.0727       25.31700       316.7078    
  -88.55800       18.95130       275.8046    
  -94.47160       35.35450       1336.096    
  -108.8230       35.80440       1610.500    
  -111.3230       28.53350       1824.911    
  -88.31880       16.78530       8404.366    
  -89.81290       34.73940       233.6472    
  -94.57850       34.17480       6108.152    
  -111.2750       28.55370       1390.932    
  -108.1078       25.34000       227.5398    
  -108.0996       25.31810       324.6318    
  -88.34030       16.80500       6069.547    
  -88.32050       16.80480       3772.022    
  -97.73480       38.64900       2234.314    
  -105.8857       36.52770       1643.684    
  -89.81810       34.76420       842.9673    
  -90.18050       19.89300       1526.037    
  -114.5293       37.16390       9425.895    
  -104.4414       35.51360       9389.670    
  -114.4810       32.71460       620.2926    
  -115.0161       32.24290       4037.562    
  -106.1897       30.36300       2486.599    
  -90.63320       18.86240       573.1495    
  -88.36880       18.01960       224.3387    
  -97.50060       36.88810       141.2532    
  -97.07930       36.43600       271.5835    
  -104.4127       35.51210       3996.637    
  -105.8558       29.81910       1816.481    
  -111.2303       28.46120       1690.044    
  -104.3232       26.90840       1538.320    
  -77.88280       21.78950       247.4280    
  -77.88230       21.76920       1238.898    
  -104.5514       37.35680       1897.944    
  -104.4292       35.48790       9529.151    
  -104.4005       35.48640       7616.789    
  -108.7202       25.75580       317.8980    
  -108.6929       25.75460       313.2000    
  -88.72880       18.02430       238.8547    
  -117.2214       35.93480       2134.527    
  -88.36450       19.02810       831.5875    
  -105.0045       35.92080       2001.923    
  -108.3647       25.80600       1902.550    
  -88.33700       16.76600       3254.980    
  -111.3598       38.58230       1586.037    
  -105.2137       35.65440       1822.516    
  -110.3730       33.51450       3171.467    
  -107.9548       25.35540       942.1845    
  -98.75630       22.06850       1655.350    
  -97.78980       38.65140       2564.569    
  -79.18710       33.89880       603.5880    
  -114.1750       41.18890       1734.855    
  -108.4196       30.79500       6102.704    
  -98.40620       29.31510       475.4376    
  -98.39960       29.29220       1796.813    
  -111.2560       28.21470       5323.007    
  -111.2265       28.21320       3346.372    
  -108.4004       25.82920       117.7632    
  -107.7537       25.23920       2019.210    
  -119.4933       38.55020       1981.527    
  -112.7273       35.68780       20257.74    
  -108.7388       26.27990       2881.692    
  -108.7299       26.25770       1647.195    
  -88.68110       17.72870       344.4258    
  -104.7311       48.66680       828.2814    
  -93.96150       37.36820       182.5956    
  -112.7098       35.66150       6494.990    
  -88.31720       16.76580       2650.331    
  -105.6159       37.78080       1248.951    
  -97.31910       37.11210       191.0520    
  -121.1521       35.93490       4739.764    
  -88.29900       16.78510       1459.521    
  -98.25370       37.28130       987.8188    
  -99.51170       36.74500       3316.870    
  -99.48450       36.74380       1655.920    
  -97.72560       36.13260       290.3364    
  -121.1938       35.93800       11261.34    
  -91.28790       16.88300       308.7955    
  -111.5394       28.68000       2996.562    
  -111.5096       28.67850       2419.166    
  -111.2706       28.30540       1195.644    
  -99.52130       25.13540       1274.909    
  -112.9426       33.34790       24758.22    
  -112.9100       33.34600       27047.94    
  -109.5271       27.19550       1230.656    
  -109.3387       27.07630       1146.364    
  -88.51430       18.08060       540.0469    
  -101.8234       31.35300       1970.314    
  -95.69910       35.67440       886.7945    
  -112.9582       33.37320       5204.999    
  -112.9256       33.37120       2485.063    
  -112.9270       33.32270       10077.05    
  -112.8945       33.32080       10463.73    
  -111.1101       28.74910       729.1561    
  -112.9752       33.34990       5622.242    
  -112.8775       33.34410       5894.083    
  -107.3717       30.51150       11695.44    
  -107.3927       30.37380       1538.320    
  -106.6666       36.18850       2414.951    
  -75.92580       20.67260       62.01360    
  -100.8788       47.67680       156.6000    
  -97.97270       47.37700       150.6492    
  -105.1315       38.46540       1871.271    
  -101.8153       31.75100       966.3003    
  -111.1735       28.82030       1019.927    
  -108.7984       25.95500       4499.479    
  -88.27360       18.70950       681.2714    
  -121.5027       43.69350       3337.201    
  -108.8072       25.97720       302.8644    
  -108.8259       25.95620       302.4468    
  -88.59990       17.27680       1192.831    
  -101.1870       48.97640       105.8616    
  -97.87000       37.60210       327.9204    
  -97.84300       37.60090       422.1936    
  -117.2535       33.83730       2063.536    
  -110.0463       27.24150       142.7148    
  -83.88020       22.40340       852.7147    
  -88.27170       18.68970       911.8975    
  -97.32780       36.62470       778.9284    
  -97.34510       36.59990       304.4304    
  -97.73990       36.46330       518.9724    
  -97.73060       36.43750       850.6512    
  -97.70410       36.43640       369.8892    
  -112.7448       35.71420       2362.747    
  -94.57160       34.15020       2897.707    
  -118.8910       38.39770       4109.209    
  -107.4851       28.23950       1955.562    
  -101.5957       24.41360       1529.890    
  -88.46210       18.37570       66.08520    
  -105.3298       38.45010       8525.751    
  -105.2993       38.44840       10655.29    
  -113.4948       32.96900       3314.408    
  -91.37520       16.94290       250.7314    
  -113.5104       32.99410       20543.71    
  -113.4620       32.96710       20939.41    
  -101.7887       31.32820       2389.664    
  -113.5432       32.99610       14015.57    
  -113.5276       32.97100       11765.16    
  -113.4791       32.94390       14460.20    
  -113.4464       32.94200       3871.086    
  -99.13100       38.20910       159.3405    
  -113.4776       32.99210       27500.10    
  -113.5119       32.94590       3860.550    
  -99.18800       50.79360       183.2220    
  -102.2239       49.45840       185.1012    
  -94.52780       17.97760       1085.873    
  -96.53980       38.09500       2470.793    
  -101.5847       48.49030       134.9892    
  -106.3575       34.86540       4995.089    
  -88.66320       17.96440       83.62440    
