  -119.4131       44.43930       48.85117    
  -120.5817       38.90260       406.6668    
  -106.9034       28.32560       27.51170    
  -98.90770       22.96440       133.7455    
  -98.84730       22.79610       17.62139    
  -76.88100       20.65400       3.835134    
  -68.77600       18.50290       30.95719    
  -92.90390       16.41950       75.88952    
  -92.47490       14.88300       35.52110    
  -119.0786       43.54250       493.8059    
  -98.61360       27.14130       24.74157    
  -80.35930       22.84600       3.356956    
  -102.6356       19.82420       447.0786    
  -69.54580       18.59700       2.469373    
  -100.1454       33.58740       33.22258    
  -77.61240       21.11940       182.7838    
  -103.5655       19.28390       32.14482    
  -98.83950       18.76230       22.56128    
  -98.46120       18.61390       4.291466    
  -122.1327       39.02570       295.5162    
  -96.65440       28.35970       20.69516    
  -88.88930       18.44070       26.61849    
  -93.11510       17.83420       34.53499    
  -119.3488       37.19400       270.8087    
  -109.6423       30.50830       280.2357    
  -96.68360       28.38280       128.6688    
  -96.67220       28.33800       1149.098    
  -107.1940       28.31610       80.43237    
  -80.71610       22.78660       18.53435    
  -79.86790       22.55500       5.267241    
  -99.26690       22.43400       85.91960    
  -69.33150       18.63770       14.34569    
  -69.33230       18.61790       62.27200    
  -69.56520       18.59690       11.69142    
  -88.73910       18.33990       3.213745    
  -80.81710       22.80790       13.07222    
  -102.6515       20.49530       17.50553    
  -101.5054       19.08780       149.2426    
  -92.16520       18.64900       43.39525    
  -98.45690       18.71360       36.07492    
  -96.36530       19.44780       9.697060    
  -88.64260       18.37810       13.58158    
  -88.84870       16.94770       80.47496    
  -99.33100       22.41510       127.5599    
  -71.84460       19.25950       17.97822    
  -89.59860       38.56140       4.359431    
  -90.73850       19.24220       2.310789    
  -107.1939       24.40120       3.786588    
  -98.80150       22.79480       34.88466    
  -104.6150       21.10690       34.12326    
  -76.85940       20.51330       1.796202    
  -92.28400       16.15710       6.126505    
  -107.2785       28.52210       29.53399    
  -80.79710       22.80780       15.12451    
  -99.01760       22.94660       28.55332    
  -75.47570       20.19080       23.39688    
  -80.81820       22.82850       14.45700    
  -80.81610       22.78730       11.77726    
  -98.97570       22.86210       4.168484    
  -99.42480       22.72910       72.78204    
  -103.2198       19.71900       47.83757    
  -78.67770       21.99640       2.148970    
  -76.79900       20.37270       3.560849    
  -103.7953       20.63090       3.330256    
  -88.67990       18.55650       27.16317    
  -104.2875       19.72920       52.45137    
  -98.49470       18.55480       3.019561    
  -77.67000       18.11360       26.05304    
  -77.66970       18.09400       25.03084    
  -88.50750       15.23830       13.68145    
  -103.3380       19.52000       42.29827    
  -69.54660       18.57730       23.68694    
  -80.12500       22.51550       4.145828    
  -71.23110       18.33320       8.838017    
  -81.55800       22.81350       3.548712    
  -80.71510       22.76600       4.024787    
  -91.82510       17.87220       2.013041    
  -104.2544       19.78910       41.51078    
  -92.42310       16.31480       3.126363    
  -88.33820       15.33270       46.00563    
  -89.47960       16.87770       40.77789    
  -87.94540       15.05920       3.279768    
  -88.70280       18.37890       27.04826    
  -87.94680       15.07840       19.82312    
  -88.66260       18.37840       3.388511    
  -119.3237       37.16610       106.7419    
  -104.3025       19.79050       44.42059    
  -70.86670       18.96600       198.0392    
  -88.45010       15.25690       2.927324    
  -78.61960       22.03690       2.737994    
  -88.01850       15.25230       13.16526    
  -78.59990       22.03680       2.903051    
  -92.46170       16.29590       92.75111    
  -94.38750       16.59960       212.1293    
  -92.90620       16.43900       58.71870    
  -83.33470       14.67510       39.98715    
  -87.81320       15.38490       23.46709    
  -87.62860       15.26750       17.51535    
  -88.39720       15.33340       38.11017    
  -103.5679       25.59540       38.79940    
  -96.73250       15.95760       41.59586    
  -87.83280       15.38510       2.291371    
  -87.88290       15.27010       30.44109    
  -92.39210       16.21700       3.903099    
  -87.90900       32.19200       29.43278    
  -71.36760       18.25410       28.43605    
  -69.42750       18.65690       53.06109    
  -102.2042       17.92530       8.291203    
  -71.08690       18.68840       1.936986    
  -104.2164       19.82860       57.70881    
  -87.85380       15.40460       48.03912    
  -92.51070       15.03760       2.398172    
  -96.37870       19.52840       62.63974    
  -98.90990       29.46860       26.82802    
  -76.80580       20.85510       4.286612    
  -96.31570       19.14630       9.378378    
  -77.26130       20.09340       4.401908    
  -94.23760       16.22640       15.12511    
  -78.33880       21.16230       4.431171    
  -77.39970       39.42010       5.268794    
  -100.8402       19.93770       85.13227    
  -87.71500       15.11450       2.184570    
  -104.6320       44.76740       38.73967    
  -78.59740       39.45460       56.75423    
  -80.37640       22.78430       2.587502    
  -80.18020       22.41330       77.06112    
  -71.93540       19.51740       24.77317    
  -102.0356       19.10160       39.81401    
  -80.51960       22.43600       7.253039    
  -76.97420       20.37300       397.4440    
  -77.55160       20.03420       2.325353    
  -73.60740       41.17790       21.12240    
  -97.40080       28.87550       3.728737    
  -77.96110       21.76940       35.50186    
  -75.72840       20.23100       17.40645    
  -77.05470       39.31070       10.92626    
  -95.33380       34.81500       70.94278    
  -77.26760       38.48420       20.23558    
  -92.55520       15.07680       6.003522    
  -98.16130       31.51150       39.22742    
  -88.56710       33.44340       78.82532    
  -92.83210       29.91060       16.17839    
  -77.92030       20.87820       4.043882    
  -88.52870       15.25780       4.462995    
  -76.81220       39.33660       19.10690    
  -78.95100       38.49480       1.767075    
  -78.80020       38.38790       20.77601    
  -98.15790       29.87360       36.06800    
  -73.55790       41.14990       20.63868    
  -75.81500       39.36090       16.07071    
  -77.90820       39.34200       10.97179    
  -93.18470       17.89460       9.397292    
  -92.49510       14.88320       9.214030    
  -78.28530       39.10250       2.174861    
  -91.01970       17.95820       2.605949    
  -75.74170       39.33380       24.91153    
  -78.11970       38.22500       18.32709    
  -98.43240       31.19520       26.91777    
  -82.91590       22.70190       4.825207    
  -81.06720       22.23490       165.3460    
  -89.62500       16.93820       3.106944    
  -77.16220       38.90900       4.615301    
  -98.75760       30.97520       21.19541    
  -80.83400       22.74630       11.39995    
  -76.99370       20.37310       11.45039    
  -77.42630       39.47430       2.873923    
  -78.18810       39.10190       13.16791    
  -80.83500       22.76690       4.539744    
  -77.28290       39.55470       8.376803    
  -77.53050       39.04440       16.79580    
  -76.18640       38.42750       20.08778    
  -97.84860       30.96500       20.53897    
  -80.85400       22.74640       10.95939    
  -90.30310       16.90820       2.543810    
  -77.85690       39.28780       2.174861    
  -79.41820       38.28760       19.59062    
  -78.38320       38.22670       10.80666    
  -81.80350       22.89790       2.155443    
  -92.45000       15.03680       2.582647    
  -86.67350       30.91010       83.65600    
  -80.85500       22.76700       6.494648    
  -88.65070       30.42260       57.01698    
  -88.62830       30.42210       68.89147    
  -78.51660       21.89370       5.126458    
  -74.98750       40.86790       16.52707    
  -78.54210       38.07020       16.36583    
  -81.73810       36.29930       59.11899    
  -86.67690       30.93320       64.71225    
  -97.97120       26.83630       42.87906    
  -86.80520       30.59100       46.48128    
  -94.01790       29.85350       354.5327    
  -81.83630       22.77460       4.077864    
  -90.20700       19.59310       62.52951    
  -77.75490       38.09150       64.37400    
  -86.91240       30.86860       60.86746    
  -86.89010       30.86820       140.2161    
  -81.55230       26.95290       158.2637    
  -77.62700       20.87730       3.323783    
  -88.75830       18.12320       2.572938    
  -86.90900       30.84550       360.4507    
  -86.88670       30.84510       596.4176    
  -97.52500       28.63320       12.56521    
  -97.71720       26.93750       22.32839    
  -98.78140       18.56130       5.631336    
  -117.7883       36.71770       83.74151    
  -97.69370       26.93670       98.61868    
  -75.72850       20.25100       99.30424    
  -75.70890       20.23090       102.5222    
  -90.20470       19.57310       60.98614    
  -72.16300       18.80320       5.171363    
  -90.73980       18.72510       10.88524    
  -77.84520       39.55770       10.10680    
  -97.50120       28.63240       24.35647    
  -75.70900       20.25100       5.092475    
  -75.74780       20.23100       7.291609    
  -71.29480       18.84560       4.388558    
  -115.1240       51.82270       909.7202    
  -75.37170       38.47910       11.06284    
  -98.67420       26.83690       52.72987    
  -76.23670       20.57250       3.006615    
  -76.46140       40.92600       10.33442    
  -81.60440       26.80170       12.50031    
  -97.76860       27.04840       140.8486    
  -98.69790       26.83770       57.88831    
  -78.43850       21.22340       4.286612    
  -87.88140       15.25080       2.718576    
  -85.10110       30.74430       73.04479    
  -97.79780       27.07120       25.21869    
  -97.77430       27.07050       45.51141    
  -97.75070       27.06980       16.57846    
  -97.79220       27.04920       85.79762    
  -82.89570       22.70170       11.51983    
  -72.05760       19.23900       51.84286    
  -100.8775       32.06470       26.86877    
  -97.38860       28.83020       4.335833    
  -97.74070       26.93820       106.3603    
  -97.71160       26.91540       130.0410    
  -97.86730       26.70220       29.76571    
  -98.86260       23.06730       4.014754    
  -76.91760       20.49330       2.391700    
  -76.15680       20.35160       28.69137    
  -88.52420       18.81190       12.38321    
  -77.53080       38.45900       19.18752    
  -81.58510       26.82320       38.87930    
  -81.58360       26.80150       85.24201    
  -81.60290       26.78000       54.47032    
  -81.58210       26.77980       77.66207    
  -75.89640       39.93070       9.014168    
  -75.59550       39.30670       10.06127    
  -79.77280       38.21190       18.86504    
  -100.7485       32.70000       116.5350    
  -94.14720       29.81190       19.85849    
  -81.62380       26.78020       104.6593    
  -78.64000       22.05740       2.951597    
  -75.75010       40.01250       29.66731    
  -76.58070       38.85340       10.15232    
  -100.7573       32.72420       535.1801    
  -89.15020       31.10050       82.08342    
  -81.60150       26.75840       11.42773    
  -81.26630       22.60550       9.809066    
  -78.55610       21.89390       5.927467    
  -117.9729       46.60890       54.60208    
  -98.88000       22.94270       70.00546    
  -78.20570       22.07610       5.246335    
  -78.18600       22.07600       25.31567    
  -78.53640       21.89380       5.543953    
  -76.92030       20.67420       4.662032    
  -76.97450       20.39310       99.45126    
  -90.24160       20.23550       32.41998    
  -84.37700       15.25750       73.52650    
  -118.8770       46.21390       291.9164    
  -77.64600       39.47540       10.19785    
  -75.82750       38.47970       32.82563    
  -79.03380       38.28430       22.11492    
  -78.35780       38.20030       55.70322    
  -86.78300       30.59050       67.19403    
  -80.27190       22.68080       13.96615    
  -75.45680       40.25890       9.150746    
  -77.76810       39.47610       1.786493    
  -95.02910       30.18030       48.06204    
  -81.62230       26.75860       43.06769    
  -101.7008       20.20410       38.46196    
  -90.33090       14.85530       154.2349    
  -90.31110       14.85510       158.6141    
  -90.30940       14.83580       134.2658    
  -89.12750       31.10000       89.02882    
  -77.73220       21.22090       317.2297    
  -101.3024       18.54140       4.723526    
  -78.22880       38.01570       13.77256    
  -79.94250       37.92500       23.51793    
  -77.99200       37.54490       20.79992    
  -87.71130       30.83850       54.61965    
  -80.25190       22.68060       11.58469    
  -78.10290       21.14120       13.81107    
  -86.62210       15.06530       31.67717    
  -83.16390       42.30190       7.331385    
  -77.56030       39.17860       2.199134    
  -78.33950       37.39170       21.04178    
  -81.38060       32.36750       37.76845    
  -88.63210       30.44500       178.8094    
  -81.81620       22.77440       4.773043    
  -80.27280       22.70130       9.149951    
  -80.25290       22.70120       5.609490    
  -80.27090       22.66020       6.476037    
  -77.71260       21.22080       4.971110    
  -76.84140       20.61370       4.877902    
  -90.46800       19.37750       5.518062    
  -75.62570       39.87570       17.41389    
  -78.10340       21.16150       11.08669    
  -77.27880       39.44650       7.830490    
  -75.59500       39.25280       2.504974    
  -77.77540       38.01290       32.07275    
  -85.54690       32.28630       19.88732    
  -86.69580       30.91050       48.78065    
  -94.26010       30.38550       15.51482    
  -94.01250       29.83060       120.0275    
  -98.61260       29.02910       5.398315    
  -97.94770       26.83550       60.60578    
  -81.17950       22.85180       13.92192    
  -88.36720       17.78360       8.039099    
  -77.46630       39.25880       2.747704    
  -77.80570       39.23370       23.54615    
  -77.00770       38.61550       16.04335    
  -95.33780       34.49510       106.6769    
  -85.56950       32.28670       18.07430    
  -107.1681       28.44970       27.93301    
  -80.52220       22.90890       30.01850    
  -78.43820       21.91380       4.299018    
  -77.69300       21.22080       263.0954    
  -103.9500       20.67640       99.25568    
  -72.12130       18.96150       7.330446    
  -72.12170       18.94170       5.000238    
  -88.71240       15.58760       15.37914    
  -115.9419       52.64950       445.1035    
  -76.92520       40.59390       20.15496    
  -107.5165       28.96180       36.65417    
  -97.68810       26.91470       84.74697    
  -81.19960       22.85190       68.41849    
  -81.19850       22.83130       6.650800    
  -81.17840       22.83110       9.854025    
  -77.70320       21.68720       21.10775    
  -76.80040       20.47300       3.184618    
  -75.43750       20.37100       14.08091    
  -71.80580       18.41000       5.136167    
  -76.96710       38.85480       5.227952    
  -77.73850       21.50460       37.73303    
  -77.22450       20.21330       55.46496    
  -90.21760       20.03410       32.64143    
  -77.62180       38.91120       17.81699    
  -78.24340       37.83270       20.31620    
  -87.70770       30.81540       184.4512    
  -95.85420       29.90990       9.954358    
  -81.26740       22.62600       280.2428    
  -81.24740       22.62590       40.71141    
  -81.24630       22.60530       210.2534    
  -77.73890       21.52480       62.03164    
  -77.71880       21.50450       167.6352    
  -78.50430       21.46670       5.208043    
  -101.5661       20.93410       23.90421    
  -81.62530       26.80190       149.9196    
  -78.44000       21.97500       6.437200    
  -78.42020       21.97490       10.51506    
  -78.41970       21.95450       9.291703    
  -90.14840       20.31440       305.8198    
  -75.15830       39.44120       25.31463    
  -78.87550       38.44130       5.105421    
  -82.00560       22.92030       7.968561    
  -77.14670       20.21310       4.071391    
  -74.32360       40.01230       6.106083    
  -77.83080       37.10490       19.18752    
  -100.3912       34.10860       110.1015    
  -98.46520       27.11450       116.1769    
  -81.18060       22.87240       6.463091    
  -78.50370       21.44650       4.543259    
  -101.5894       20.93470       49.29354    
  -78.67050       37.80960       16.12397    
  -86.38170       32.89380       48.17366    
  -75.92460       20.51180       3.308118    
  -90.36200       19.69560       16.22799    
  -100.6088       18.34470       89.41069    
  -77.02470       40.59430       26.38397    
  -77.63470       38.64510       23.33516    
  -77.75040       37.98660       17.13172    
  -78.55000       37.78260       25.32861    
  -98.77620       33.62740       26.87973    
  -97.42300       32.07080       32.89001    
  -81.59450       22.75200       33.06248    
  -71.90520       19.14030       3.708915    
  -94.39840       16.52160       114.9536    
  -76.80480       39.90600       10.37995    
  -86.97770       31.00810       58.29319    
  -86.77960       30.56760       11.55395    
  -78.62090       22.07770       4.485650    
  -76.47470       20.93510       2.883632    
  -76.92000       20.65410       6.619247    
  -75.16530       20.39100       23.20922    
  -97.72790       16.07350       57.83536    
  -76.31710       40.06840       4.901204    
  -88.84410       20.89940       64.76566    
  -76.99000       20.13270       16.93571    
  -88.54360       18.17950       4.264630    
  -77.76560       39.42210       18.30070    
  -77.29360       38.53730       30.56699    
  -94.58610       29.80220       3.815716    
  -98.48890       27.11530       122.2543    
  -80.63290       26.53400       79.15405    
  -80.63160       26.51240       49.69629    
  -81.79370       22.73310       14.23429    
  -81.77370       22.73290       70.12551    
  -78.41790       21.89330       3.155490    
  -101.9814       20.82320       92.69724    
  -101.9580       20.82250       56.52958    
  -90.74780       17.69830       23.85138    
  -92.19500       29.59860       119.9867    
  -98.48310       27.09320       111.6688    
  -98.45940       27.09240       137.1371    
  -79.11130       21.95760       3.019561    
  -90.22090       19.71340       72.09307    
  -95.47590       15.99390       112.3104    
  -84.65050       15.68300       62.49722    
  -97.38030       35.43950       43.62149    
  -95.34520       34.51990       45.58490    
  -99.10430       31.29040       22.96152    
  -95.83050       29.90910       13.52006    
  -96.14580       29.48800       3.825425    
  -98.17290       26.71180       66.27625    
  -76.89170       20.05260       14.13084    
  -71.67780       19.75710       21.60279    
  -77.36130       17.97560       35.06136    
  -98.65000       29.07540       3.417638    
  -80.88010       26.51440       11.55395    
  -80.87880       26.49280       101.9008    
  -82.87140       21.73940       32.45554    
  -78.07170       21.46510       20.34939    
  -76.91970       20.63390       6.864404    
  -89.65210       16.80190       2.990433    
  -94.39590       16.50200       34.78059    
  -92.85630       16.36030       113.5085    
  -95.28920       16.16610       335.5806    
  -104.3058       43.89940       29.19695    
  -94.89580       29.92530       34.71907    
  -81.79500       22.75360       7.796488    
  -80.25470       22.74240       3.734806    
  -89.12500       19.93690       39.20799    
  -93.20490       16.71690       7.107135    
  -80.52330       26.42540       16.21922    
  -80.50260       26.42520       10.97625    
  -98.16730       26.68980       57.14575    
  -82.56610       22.88400       4.424159    
  -101.9850       21.23290       19.68582    
  -89.14540       19.93720       45.07298    
  -99.25770       18.63210       109.5672    
  -93.20260       16.69730       48.43909    
  -88.69570       30.42350       147.5084    
  -92.19030       29.57590       181.0479    
  -106.7523       29.90610       617.4891    
  -101.7472       20.71440       58.74146    
  -101.7238       20.71380       48.15599    
  -90.24140       19.71370       36.55043    
  -100.5862       18.34420       203.2817    
  -77.67490       38.45980       15.80149    
  -94.16180       29.67620       721.3008    
  -94.15650       29.65340       483.9407    
  -77.33770       38.43170       13.57101    
  -98.09180       32.00140       20.47578    
  -99.70950       30.31910       22.30849    
  -92.59820       29.99510       28.81802    
  -92.02260       29.86600       3.903099    
  -91.99970       29.86540       25.20904    
  -94.13850       29.67550       448.0431    
  -94.13320       29.65270       299.8826    
  -95.86970       29.14080       9.170340    
  -88.61050       18.87260       26.32825    
  -92.21310       29.57650       116.2955    
  -95.86410       29.11820       49.66138    
  -78.19580       20.93970       32.07976    
  -99.74480       19.32490       109.9918    
  -95.26830       16.16570       113.6234    
  -95.35550       34.47120       90.91186    
  -100.7312       32.72310       33.62072    
  -98.62560       29.07460       3.315692    
  -81.13950       22.85150       2.980725    
  -83.49440       14.82920       17.85943    
  -77.15760       38.77560       3.982229    
  -92.83400       30.02440       476.7820    
  -99.26010       30.14180       114.5923    
  -80.57120       26.90100       8.636333    
  -97.99480       26.83700       107.5610    
  -80.75370       22.33510       16.38488    
  -72.02400       19.00130       2.213697    
  -92.87900       16.38010       171.0509    
  -88.88460       16.22820       26.76371    
  -78.58550       37.99190       16.36583    
  -80.54520       26.44710       8.388748    
  -80.52450       26.44690       13.12684    
  -98.96230       22.90340       4.310885    
  -69.05560       18.75770       13.90331    
  -97.35420       33.91080       6.546428    
  -94.23660       30.38470       77.24881    
  -112.9409       30.77650       149.6529    
  -93.88020       29.75870       20.07434    
  -80.75270       22.31460       12.38616    
  -77.75810       21.50460       42.53148    
  -77.18500       20.17320       90.29877    
  -105.7110       35.90790       47.88326    
  -99.01460       32.91520       38.36751    
  -89.70130       30.76750       13.13219    
  -92.22800       29.75800       87.29903    
  -80.57250       26.92270       86.24627    
  -82.42120       22.82090       7.524630    
  -82.41990       22.80020       178.6707    
  -77.14710       20.23320       19.53070    
  -88.48870       18.65290       99.28899    
  -84.57130       15.64380       21.89434    
  -122.0859       39.56440       12.32421    
  -120.5385       38.89920       514.7667    
  -108.1158       35.28600       20.91816    
  -84.52690       31.10350       11.44981    
  -94.17980       29.65410       325.2424    
  -77.99670       20.79790       4.912855    
  -71.98120       19.19950       2.213697    
  -86.98110       31.03130       36.69749    
  -87.83460       30.91010       8.822167    
  -86.76070       30.59010       162.9057    
  -92.22330       29.73520       52.09940    
  -81.67230       22.71150       30.74527    
  -80.77360       22.33520       8.401693    
  -80.73380       22.33490       62.12250    
  -100.7873       20.74900       32.10400    
  -76.93380       20.27280       74.09580    
  -77.18530       20.19320       39.67585    
  -71.68270       19.55800       2.475846    
  -98.06690       36.78380       35.00957    
  -107.3768       28.88750       36.50250    
  -71.66330       19.55810       2.723431    
  -88.48670       18.63310       120.1742    
  -101.0441       17.79780       81.94716    
  -92.96480       30.09640       14.56835    
  -96.78220       28.67610       18.82856    
  -96.75860       28.67540       15.58003    
  -96.77640       28.65360       101.7053    
  -96.75280       28.65280       75.92741    
  -75.65120       20.33110       34.53863    
  -98.75270       35.44640       20.58351    
  -108.1543       30.52650       277.9791    
  -99.28490       30.14270       29.44973    
  -81.06830       22.25540       68.21107    
  -76.93980       20.67420       42.33161    
  -100.5824       18.32420       79.91840    
  -84.39520       15.23840       16.62077    
  -95.46150       30.49170       37.69976    
  -89.46410       30.32650       20.22214    
  -108.1653       30.55020       80.59706    
  -94.17450       29.63120       396.8501    
  -81.74330       22.89740       4.728380    
  -77.99720       20.81800       7.845034    
  -75.92450       20.49180       29.82934    
  -88.32470       15.66050       29.72249    
  -88.67320       30.42310       28.98874    
  -92.62120       29.99570       7.527867    
  -94.18510       29.67690       230.5323    
  -98.68000       26.85900       176.3419    
  -78.53340       21.79200       2.951597    
  -77.49010       20.87690       3.917662    
  -77.97710       20.79780       7.723668    
  -76.91550       20.35290       2.449146    
  -88.76340       19.97160       34.90557    
  -90.58340       18.05020       24.95221    
  -99.11800       17.33840       71.99378    
  -92.83810       16.37950       171.8392    
  -92.64430       29.99640       9.641235    
  -96.31250       29.22240       4.063300    
  -77.67340       21.22070       2.495265    
  -71.68220       19.57790       2.417591    
  -88.42010       19.58660       21.00756    
  -98.14930       26.71100       86.92376    
  -78.38960       21.58810       1.815621    
  -97.71370       16.26860       48.87444    
  -106.2332       36.85490       68.97684    
  -69.57240       18.91290       26.38397    
  -88.51160       18.47520       3.174908    
  -109.3749       33.97060       84.57585    
  -99.29140       29.84600       18.07430    
  -82.16130       22.83920       2.854505    
  -80.43520       22.33290       3.303961    
  -81.30960       22.29810       29.87538    
  -88.50870       18.65320       145.4475    
  -88.50680       18.63340       61.41671    
  -105.2484       35.78220       17.31594    
  -76.99520       20.47340       40.80721    
  -101.7053       19.59670       39.40005    
  -68.67480       18.60210       47.27125    
  -68.98640       18.56080       47.35340    
  -92.55120       15.03820       11.03936    
  -92.53100       15.03790       8.951882    
  -109.5867       34.03160       113.5085    
  -85.30900       31.51010       2.330208    
  -77.97760       20.81800       7.391129    
  -90.20800       20.63810       2.446718    
  -98.58200       18.67650       53.58877    
  -99.20490       16.80820       92.26315    
  -122.2507       39.52330       17.76784    
  -92.16740       29.57530       218.7372    
  -99.00410       22.98790       6.582838    
  -68.67560       18.58240       35.13744    
  -97.96090       40.83730       6.165342    
  -122.2182       39.49350       10.34515    
  -122.2176       39.22180       27.21489    
  -82.00440       22.89960       4.430632    
  -82.87420       22.68090       26.48102    
  -88.74430       19.79110       17.37644    
  -71.12060       18.86600       88.54710    
  -98.15500       26.73300       85.34734    
  -97.19940       36.11100       40.63557    
  -98.29130       22.73920       77.20535    
  -98.68590       18.51930       30.62339    
  -77.24770       18.05380       9.137608    
  -84.22240       15.23710       18.60906    
  -122.1946       39.35560       251.1613    
  -97.09650       28.70870       14.56266    
  -107.0019       28.10600       46.70247    
  -82.33690       22.75830       3.139308    
  -98.64610       22.49980       2.446718    
  -78.90760       21.77320       3.136071    
  -87.86240       21.24960       23.50179    
  -88.41090       18.25660       22.65881    
  -92.85710       30.02500       412.1251    
  -88.40900       18.23690       3.456475    
  -97.76820       29.51920       2.830232    
  -78.62030       22.05730       2.582647    
  -103.5465       19.30360       39.73808    
  -101.0191       32.73540       123.4109    
  -94.52130       29.82300       3.650659    
  -121.8481       42.00270       20.36666    
  -68.65450       18.62200       19.05385    
  -110.3972       34.34840       34.34054    
  -94.51580       29.80010       5.641045    
  -104.8780       21.36230       97.21789    
  -92.54920       15.01890       15.79756    
  -83.71610       14.67760       9.537067    
  -107.5819       35.33110       45.17289    
  -85.54370       32.26270       82.50382    
  -105.9475       29.38970       106.9994    
  -80.34500       22.53740       2.337490    
  -106.5422       35.95330       43.21540    
  -115.2000       36.10270       23.70957    
  -104.6983       28.88210       88.23186    
  -77.47050       20.87690       1.718529    
  -90.66040       19.62030       33.41969    
  -88.78400       18.18270       3.485602    
  -90.51830       19.45810       32.97352    
  -105.9547       36.65960       24.14120    
  -75.92380       20.39140       15.36506    
  -71.28730       18.39210       1.970968    
  -122.2314       39.19590       438.5602    
  -88.75150       18.26110       56.52471    
  -96.48710       28.62200       34.25269    
  -81.88630       22.93990       2.524392    
  -76.16050       20.75330       81.34695    
  -88.74720       19.03330       63.20615    
  -92.71110       15.21410       4.369140    
  -92.47290       14.86370       2.446718    
  -94.19780       29.63190       719.4124    
  -97.43570       28.11780       5.019657    
  -108.9157       42.99050       31.72482    
  -99.00640       32.89100       28.69137    
  -81.86250       22.87780       2.534101    
  -104.9196       21.42550       12.29205    
  -76.16030       20.73320       6.017763    
  -100.9419       20.30540       127.9465    
  -88.47280       18.27720       3.388511    
  -83.51350       14.82930       21.25219    
  -100.9649       20.30600       164.1411    
  -71.67290       19.16090       2.919233    
  -103.7524       20.65000       89.86086    
  -101.6630       20.44710       19.65422    
  -98.49820       18.57480       58.26488    
  -88.50030       18.35650       2.301081    
  -88.53940       30.69510       20.97156    
  -92.53890       15.11510       10.88074    
  -104.8639       36.49780       19.21184    
  -88.58550       18.19980       2.699158    
  -88.73450       18.08340       2.388463    
  -92.57740       15.09640       2.660321    
  -99.38750       18.73500       28.49468    
